1e+08,268.526903587945,1614.70148044221,1593.71894881437,7362.94145225021,7526.2558523936,1952.52155029063,1924.87739860577,7414.10075935458,581.254116370483,1719.23010268052,2061.36182806092,2214.10307594828,296.712375359529,568.354772703872,1083.73405351915,2499.25039777637,1971.01784329756,7639.57850778249,1927.35174577046,1677.71298822857,325.823801610687,1999.7100263153,545.137084135239,254.62157897887,7276.25978533344,280.133849925959,1701.49499514313,7388.58435775127,341.856748111364,156.393751445037,7532.23969129034,609.679354812547,345.778310154358,2175.82817715508,1824.53838933899,7298.60536492253,2128.64811676067,372.535861678345,457.783191500899,55.655245098149,7623.76042235707,478.496672808378,519.763299989737,2107.39894511039,373.959154023321,558.091865470206,1601.79280013719,471.958942227068,7343.59772397393,2148.2359252589,7300.18971530057,7379.21332687939,86.0539908856676,7475.29358387717,455.615573524281,455.652350979774,160.617798526876,394.152139989369,7517.451319097,7400.84648380773,7081.60361687843,7439.38480072787,2471.83159751486,7544.8277595159,7622.27221445143,7498.25381882637,1589.7188144889,333.902640911118,245.095182688071,164.701978111411,637.75174262417,6.07607443299118,3309.56111732434,118.189659235338,332.415499350011,3646.10407547665,2694.23241531989,154.380682390746,3358.7234746499,3073.16913009271,3143.50469222666,388.029291733243,805.047020021161,7986.38788002129,3005.1936374455,746.631337154321,116.801295797598,8394.70615485659,7784.72409455112,3764.63098699176,302.761302914199,855.306303760852,232.284953907792,3252.03510056303,3109.6395142873,127.116336337956,8089.27276481924,7957.42369096557,7855.90384229805,779.080360561821,7938.58845063196,510.954193495794,8095.92004556328,3218.83359553954,76.7564242936464,8112.44572080618,400.928198574184,173.48185566075,198.204814464078,265.305751091493,791.232153435295,7834.19536682608,442.399044614379,7909.49164048609,540.762114192388,3279.90028032184,8306.78915310776,683.787955811932,8220.73896056418,7883.02675154711,506.551559832284,296.712172051882,7976.74788537766,7743.47434108809,387.850360590015,8351.42831043517,898.190060391997,398.160324154634,8165.45402279338,171.7051476697,3042.26161140518,3037.63939323367,2847.3679191958,189.401950086495,7728.02714577653,1209.27445235314,7674.22414494475,1168.20979095886,1332.38225021208,1200.38442133041,7827.41293542378,3307.25736032937,1244.93751651732,7725.31667349546,1175.15505535148,3384.14351744419,7692.49840413369,1174.71916053841,8065.54757907865,3395.82273243495,7639.07912179275,7916.329154336,1244.2162307836,1289.74901401399,1166.2539523137,1242.39289054979,7744.73224831609,1229.66436438502,7789.294214339,1182.07545754689,1439.18742961309,3515.89785409704,1278.56733252283,1781.52072591031,1167.35919160082,1146.88478443273,1161.59976304931,3180.60292232414,1360.41547681057,1250.43302054438,3269.36306526777,1155.2875810203,1230.12814623902,1171.38263214542,1573.13284953366,1366.44825931221,7982.92106220361,3199.56219453272,7689.84097585595,3358.7934112287,1171.74508177155,8140.60169736484,1148.49783148104,2776.84821243303,7762.06120121381,1170.29548857596,1177.80352405488,3022.87717412154,1239.76304715777,3430.6271103619,1126.92622256331,1167.78843380182,1136.88102618051,3362.13932340925,1091.04905799561,7876.03140440736,1238.17963831564,3275.73020016769,1315.24386418094,1268.78261950978,7790.10858849486,7740.93069775931,3374.53504443701,3425.01702635594,1123.22443269847,3099.62316087907,1183.69266620348,7903.72282815301,1128.47963568309,1162.26640913879,3374.39168249481,7942.99579410208,1116.90897084925,7672.32694728366,3676.37583490733,1246.10330297464,8047.74913162656,7701.85570362684,7819.78981797382,1137.33714493207,1381.53541411319,7747.26737314137,1170.64221196516,7740.41921336349,8031.77360824112,7380.28692772606,3472.62811109841,7994.63017399658,1241.07035216054,3178.30364847242,1696.48596145183,1228.63954945054,3240.48084116133,7983.77882472647,7805.52334695702,7663.80451608857,1174.38011150487,7866.42152400873,8022.02000710479,3392.48961008715,1237.98774792766,1181.49665359617,1150.13400918074,7988.52173303483,1079.31378005503,1260.72589726719,1352.27981391859,1344.31887133251,1157.49876195063,1363.21049788247,1321.24719030379,3169.45436582983,3237.19431623168,3256.40617039555,1244.36687481516,1200.90996430635,1212.41393741347,1186.89388676829,1243.57641764157,3394.82534704815,1342.90511860079,3204.81003044216,3015.31142345241,1212.13802774844,3024.94386221269,7923.72076276924,3318.84189266905,1243.94919349411,1313.05149340057,7410.39762255528,7549.23657526648,3583.10276805057,1363.76623953505,8091.11296566729,2871.05772282098,7948.1124410079,7653.39545025926,1224.48294884755,1140.16748505119,1132.31487395156,1314.22994281773,1284.99850985184,3415.42474642268,3100.43079019886,7582.20748357848,1190.90825073723,1273.39532039125,1295.44837523899,1127.31400479184,1234.5061572301,1247.69621517632,3635.87979696649,1178.59715959112,1135.90480108452,4202.7894915116,8319.39310908447,8183.97244711005,4025.58619210492,8080.30049637091,1064.1353404202,1244.41882212213,8379.767281711,1135.33333465388,1080.5133723687,8322.11866872386,3940.89265946201,8331.09221575366,1224.6345977976,1162.87686771006,1206.28729550252,1086.56799942305,4446.47901878861,1137.2834353842,1333.1109005167,4358.14076682109,8357.33296111682,1116.95786741198,3788.42413318984,4365.33312059377,1088.93524880296,8219.38107739693,1139.25916946978,3955.14630031364,8283.10977990873,3912.39417313966,4134.7103560576,3818.5218792217,1108.13677794944,8177.90531321734,1072.75665562931,8151.86926247286,8261.68420561107,1140.51973579919,8262.95130870003,8442.50507697731,8341.55349132996,8362.83834144458,1179.17733016899,4046.05052851863,3833.62696533527,1110.62428198905,4013.34899312344,8311.47090041151,8165.94072747585,8236.73228147347,8299.4787106062,3970.57718372609,1078.29528823988,3829.32730472302,1067.58071412835,1042.62984273205,8130.13768327231,4399.80465088062,1030.78664392264,1164.31639091415,3694.79392564067,1260.61249640356,1233.52859993605,1066.5537182795,1144.82009364644,1125.84509695047,1213.47098228052,8039.27316600404,4087.64183230318,1136.21397777631,3742.29333674376,8205.03676120969,1130.49409100513,3945.34600010619,8245.69878628381,3638.46945780702,4109.86866788643,8267.76756127558,3955.04253460187,1119.07058066901,4647.46810899803,1172.25580703351,8623.21732332931,1083.83330290672,3707.32286708054,1123.37672294459,1059.38530343639,1099.81675911379,8262.07366322628,8310.99713521705,1242.79422291476,4023.72763360169,996.024671199575,8585.08646849712,8809.44894131371,1199.45787867473,4181.50098688328,1178.24193962403,8142.57348797023,4139.14385892875,1147.21915654756,4208.86260474885,1257.32629393507,4194.12464044037,1090.80206081737,8257.98381824508,1127.62420252982,1155.9446012643,3814.24603104081,985.238765135266,8300.66096094426,8159.29473200957,1120.98115219428,3855.8661643297,1110.74179958254,4116.34261619153,4359.56851508912,4107.70166171932,1243.64671216692,8252.01826240545,8103.86952231213,3837.11267825887,4212.75636091085,4108.09121048489,1093.96160353403,4135.21883628529,8300.9817519127,1156.93197307253,3872.03205772862,1274.58440446345,8461.4021335422,1012.14223740591,1069.0949128723,1144.03301755973,8328.54782639214,1191.80662534699,1095.13650726731,1086.19522072474,1284.29061089573,8051.35828297854,1317.27425490282,1107.03539339057,1233.35517074566,8336.80710459138,1001.2217184131,1118.31867490827,4092.59305674642,3745.99377093243,1209.23540336329,8202.77441286576,1210.83717165781,1049.06736025793,4534.50757131534,1143.2096822022,1225.41514683921
268.526903587945,1e+08,1883.22838403016,1862.24585240232,7631.46835583817,7794.78275598155,2221.04845387857,2193.40430219372,7682.62766294251,312.727212782539,1987.75700626847,2329.88873164887,2482.62997953623,28.1854717715842,299.827869115928,815.207149931206,2767.77730136432,2239.54474688551,7908.10541137042,2195.87864935841,1946.23989181651,57.2968980227419,2268.23692990324,276.610180547294,13.9053246090748,7544.78668892138,11.6069463380144,1970.02189873107,7657.11126133923,73.329844523419,112.133152142908,7800.76659487826,341.152451224602,614.305213742303,2444.35508074303,2093.06529292693,7567.13226851046,2397.17502034862,641.062765266291,189.256287912954,324.182148686094,7892.28732594503,209.969769220433,251.236396401793,2375.92584869834,105.432250435376,289.564961882261,1870.31970372514,740.485845815014,7612.12462756185,2416.76282884684,7568.71661888852,7647.74023046733,182.472912702277,7743.82048746511,187.088669936336,187.12544739183,107.909105061069,125.625236401424,7785.97822268495,7669.37338739568,7350.1305204664,7707.91170431583,2740.3585011028,7813.35466310387,7890.79911803938,7766.78072241433,1858.24571807685,65.3757373231738,23.4317208998739,433.228881699356,906.278646212114,262.450829154954,3578.08802091229,150.337244352607,600.942402937956,3914.63097906459,2962.75931890783,114.146221197199,3627.25037823784,3341.69603368066,3412.03159581461,656.556195321189,1073.57392360911,8254.91478360921,3273.72054103343,1015.15824074227,385.328199385543,8663.23305844452,8053.25099813904,4033.1578905797,571.288206502144,1123.8332073488,500.811857495738,3520.56200415097,3378.16641787525,141.410567249989,8357.79966840718,8225.95059455352,8124.43074588598,1047.60726414977,8207.11535421992,779.48109708374,8364.44694915124,3487.36049912749,345.283327881592,8380.97262439412,669.45510216213,442.008759248696,466.731718052021,533.832654679438,1059.75905702324,8102.72227041405,173.872141026434,8178.01854407404,272.235210604443,3548.42718390977,8575.31605669568,952.314859399874,8489.26586415212,8151.55365513503,775.078463420229,565.239075639826,8245.2747889656,8012.00124467603,119.32345700207,8619.95521402312,1166.71696397994,666.68722774258,8433.98092638131,440.232051257644,3310.78851499312,3306.16629682162,3115.89482278374,457.928853674439,7985.86848340071,1139.678782541,7932.46132256434,1088.11568434622,1200.14711144884,1147.96403182019,8085.18955435567,3480.3184541613,1130.62575854572,7981.47233450777,1121.18319298036,3563.46298714975,7949.80163390303,1167.68519039369,8321.48113340046,3573.39901653907,7894.71445070138,8173.58280517485,1273.19295292182,1347.64473056056,1155.83682522352,1236.95752110155,8002.30982963768,1219.15031950511,8046.8659840969,1099.73404764116,1349.2917190219,3689.51992055478,1212.66451713503,1582.14797130787,1075.7021008365,1090.31502606923,1105.51799812039,3354.40717507261,1280.601159584,1249.00743051367,3432.85061001637,1143.89877900197,1170.42271325215,1118.18888560167,1376.54046698164,1258.30576979768,8238.25673047058,3366.69683574396,7947.50669554401,3539.77939172951,1109.9130337733,8397.31351366523,1146.63445321927,2925.1498781941,8018.42143006806,1157.34816073752,1180.16125198707,3192.91286255517,1138.27036782296,3609.238635631,1049.25693518756,1117.98938721593,1223.3235381799,3535.90532927884,1063.7478674781,8132.65445162019,1255.65748624989,3455.72266317663,1204.25971643991,1370.49072787051,8046.59854587828,7997.94356187543,3547.46860096051,3595.39822272932,1097.65299802392,3270.93840076675,1100.29725886143,8160.11760411416,1050.54050830723,1070.53703521763,3547.8384893124,8200.17854512942,1101.80255042376,7929.38611661433,3862.2930397098,1220.06500471791,8303.62671559664,7957.06836327534,8077.94630269945,1065.01269223994,1250.48804748122,8004.22692429784,1220.33210421319,7997.70615431677,8288.43598081977,7638.76135193626,3650.5489522453,8250.62516773806,1207.63578350801,3350.33525657494,1521.21400828306,1226.75968783895,3414.98416130142,8240.6198711298,8061.24522822303,7919.93514306533,1118.79096658952,8123.1952706602,8277.55295196853,3557.4765738814,1237.33792988738,1092.85483954599,1071.28141743438,8244.7653643463,1028.23384822296,1203.69954583461,1260.25162148341,1235.89591186134,1086.60663813697,1233.75665959722,1193.81653731041,3334.76260320909,3402.83157097837,3427.82161994226,1280.46589586944,1161.59373695025,1211.6446610913,1152.06510840806,1154.48249068074,3566.07385647087,1254.17588482556,3377.61891039153,3181.05617279432,1213.18532072245,3195.09569063351,8179.21546276732,3493.24173332733,1225.94995257007,1193.00960837589,7668.78737819992,7806.55653539699,3766.99959020575,1246.63024514033,8347.16879709051,3022.35159102085,8205.18848100035,7910.40390288195,1167.40325122001,1084.63891799528,1056.65332280162,1229.30870872798,1192.7988384299,3599.32707733633,3273.11423148025,7840.46032672198,1192.74573515865,1249.6278690316,1238.31123326564,1078.45754778941,1198.4974663433,1253.40538542496,3810.9290241628,1144.83408797599,1076.7314137164,4417.02025642002,8580.17785718611,8443.56406621874,4233.47982969564,8339.16155127379,1035.01173206354,1170.87712979473,8639.10481490286,1179.12485203919,1131.47890694518,8580.59811347079,4151.53750623259,8589.94435520125,1154.59918051194,1098.35530781779,1322.94235126579,1135.72625237403,4664.73965443826,1208.9061696254,1511.82547000862,4574.56953282416,8616.43296820847,1195.03474604149,3992.17300218287,4585.69192547915,1014.85142570076,8479.69062728238,1227.16724633866,4169.7858076355,8543.20335751587,4128.06360677428,4348.95699012226,4027.40599577001,1206.37956840668,8437.70791020152,1066.04311988281,8411.7475306606,8520.13017596055,1266.784001403,8522.2079241375,8703.78624169387,8602.01476815806,8623.64010399426,1136.47753906935,4263.25449617527,4041.29296080859,1235.77006034197,4225.38791546864,8569.64430170388,8425.96790952462,8496.41389117232,8559.37055674743,4186.51258779256,1136.3404588114,4035.14798070351,1091.46831557163,1127.20601909754,8390.86196410369,4622.11225449494,1117.72244350702,1276.53672121588,3902.12286668525,1429.06249448289,1169.84484855394,1051.99436742169,1142.84152051235,1218.08731298235,1141.484663421,8298.25373338998,4302.34516289411,1256.2404010933,3949.61983678682,8464.6964944911,1146.32977071712,4158.48712507671,8505.69714273103,3842.07244327787,4320.83131481748,8526.87571371003,4167.50923414347,1216.11991278991,4869.63130419354,1235.83666698871,8880.28162979518,1178.10245793083,3912.72451011523,1082.54089770858,1147.10678530077,1174.21408566848,8521.63565714936,8570.70998703449,1195.69733495777,4233.25217802987,1061.11163393923,8845.21295330413,9069.53313467219,1349.19253056151,4397.30997170466,1133.10796453498,8402.85718799626,4358.54489484897,1261.40919656507,4422.36486065034,1430.48111718351,4421.3284611111,1115.22630387365,8518.36979542416,1222.8332367477,1221.22426451472,4022.54066032976,1065.47297605512,8559.77222248128,8418.36341586024,1161.64522450439,4065.64136253867,1051.37053007486,4326.14670080712,4583.47189019863,4320.24830513042,1395.37386695617,8511.15570730646,8363.03930510656,4048.98012131604,4423.75487207373,4319.74070285934,1166.29001683156,4352.03179867004,8561.64599619904,1145.68579558826,4079.78249768013,1202.1381279195,8721.9966006477,1090.52313433326,1128.90307619042,1102.40868846153,8588.78306164492,1141.90947954173,1182.00732376769,1093.33603363149,1249.20134668303,8310.3385716386,1273.46744613951,1202.45145058469,1172.60203093373,8596.36603069172,1045.17739802962,1177.03545997798,4312.20544460284,3955.59829727726,1178.38316325935,8462.80744458228,1379.62735405091,1094.29910471817,4758.94750889982,1241.84896564071,1160.2273797623
1614.70148044221,1883.22838403016,1e+08,20.9825316278332,5748.23997180802,5911.55437195141,337.82006984842,310.175918163562,5799.39927891236,2195.95559681269,104.52862223831,446.660347618711,599.401595506075,1911.41385580174,2183.05625314608,2698.43553396136,884.548917334165,356.316362855355,6024.87702734028,312.650265328255,63.0115077863637,1940.52528205289,385.008545873089,2159.83856457745,1869.32305942108,5661.55830489124,1894.83533036817,86.7935147009174,5773.88287730907,1956.55822855358,1771.09523188724,5917.53821084812,2224.38083525476,1268.92317028785,561.126696712878,209.836908896783,5683.90388448032,513.946636318467,1242.16561876386,2072.48467194311,1559.04623534406,6009.05894191487,2093.19815325058,2134.46478043194,492.697464668186,1988.66063446553,2172.79334591241,12.9086803050144,1142.74253821514,5728.89624353171,533.53444481669,5685.48823485836,5764.51184643719,1700.75547132788,5860.59210343496,2070.31705396649,2070.35383142198,1775.31927896909,2008.85362043158,5902.74983865481,5786.14500336553,5466.90213643622,5824.68332028567,857.130117072649,5930.1262790737,6007.57073400922,5883.55233838418,24.9826659533055,1948.60412135333,1859.79666313028,1449.9995023308,976.949737818038,1620.7775548752,1694.85963688213,1732.89113967755,1282.2859810922,2031.40259503444,1079.53093487767,1769.08216283296,1744.02199420769,1458.46764965051,1528.80321178446,1226.67218870897,809.654460421045,6371.68639957906,1390.49215700328,868.070143287888,1497.90018464461,6780.00467441436,6170.0226141089,2149.92950654954,1311.94017752801,759.395176681357,1382.41652653441,1637.33362012082,1494.93803384509,1741.81781678016,6474.57128437701,6342.72221052335,6241.20236185583,835.621119880387,6323.88697018975,1103.74728694641,6481.21856512107,1604.13211509733,1537.94505614856,6497.74424036397,1213.77328186802,1441.21962478146,1416.49666597813,1349.39572935071,823.469327006913,6219.49388638387,2057.10052505658,6294.7901600439,2155.4635946346,1665.19879987963,6692.08767266553,930.913524630277,6606.03748012196,6268.32527110488,1108.14992060992,1317.98930839033,6362.04640493545,6128.77286064587,2002.55184103223,6736.72682999297,716.511420050211,1216.54115628758,6550.75254235116,1442.99633277251,1427.56013096297,1422.93791279147,1232.66643875359,1425.29953035571,6196.74830249888,2342.26671454241,6140.03891985317,2343.55679918503,2613.3972683216,2285.17074611164,6296.33126157486,2629.70059594531,2494.72041344165,6207.09517842931,2273.12579436231,2646.09298386381,6165.50381354901,2126.00385514644,6547.87568152033,2670.34407890934,6125.20304834076,6389.00770050037,2037.2251767534,1945.79761882991,2132.24199518357,2159.9598438559,6215.44421439622,2169.73436675481,6259.9117687999,2359.65156022023,2572.82931454231,2807.09453477084,2379.66923245314,3201.13294404242,2374.83564798534,2262.12553347177,2270.39768163069,2515.40009174139,2481.75471750896,2150.78135504006,2672.22201445692,2129.08340075752,2327.21120423537,2268.33415816361,3000.42383711257,2571.93684776906,6470.10090399708,2584.35405042312,6160.04360022601,2610.48178969715,2293.94325332218,6616.75214272916,2094.18612045106,2380.52405885467,6242.12978177916,2142.81615718465,2096.34035236973,2413.14478990907,2455.43555972608,2692.40978255343,2308.06806860549,2255.89438298187,1762.53464781044,2671.5457007838,2141.25813167135,6353.68998636403,2076.49811531032,2546.68850586089,2540.10909118608,1742.55821816899,6269.07932969598,6216.02552440374,2688.91747746612,2752.9881377613,2154.98946849821,2466.95801336112,2363.75478419185,6383.04628809913,2309.87931368866,2371.34918320687,2684.7179074994,6416.13780972202,2118.93367133984,6147.29206721439,2851.08825461579,2231.53772487949,6530.56325104388,6191.01074214624,6285.79644719388,2300.47599400997,2650.19949942773,6222.75363440367,1922.71813972657,6213.39477569587,6508.63387056234,5845.17491033341,2734.79794062706,6476.72091273494,2252.42429644143,2527.62056177084,3051.25984179721,2139.66411340594,2560.83038452783,6459.41877551319,6290.36375142663,6145.99810061375,2277.40057156089,6342.95118265085,6507.55561609879,2766.7305377306,2140.82638175667,2376.77504914647,2327.43535202,6468.72742166608,2202.97740633491,2339.94814769543,2513.01437194839,2555.4373598681,2310.25729024389,2630.73198254362,2591.0901682488,2573.11370431763,2628.07255022724,2599.08603687405,2010.28233245611,2245.34392046598,2126.50239228433,2222.48086908963,2423.23451464827,2719.87391315839,2495.97791902268,2543.94378336225,2440.76276373245,2120.1076924569,2413.93411242124,6409.88880387877,2629.01945977026,2203.53924252336,2563.9648252461,5875.85202386667,6022.59249966934,2784.18659988248,2596.02954649378,6572.42446745586,2433.56719258824,6422.05871131516,6128.81817748427,2315.42196662172,2254.7070954903,2306.27327718427,2463.10824749597,2462.88391539951,2636.05686695375,2456.70084726338,6048.18376852765,2105.41606750013,2241.1989720243,2364.22871375623,2227.03981382884,2256.47241062145,2124.08426608806,2902.0578288264,2213.96796588002,2262.39530780688,3098.41507552852,6764.03360628686,6638.00708977188,2986.89076348821,6540.17726040206,2130.92704254731,2378.55444554489,6835.30331933075,1928.82748166606,1878.95246730079,6784.31160805269,2884.65626771553,6790.42905744207,2354.26465695589,2295.74542279884,1649.78982308648,1888.00870398677,3294.5543792303,1823.13106046338,1326.9303210701,3226.29550270307,6814.72449679757,1789.68929871961,2803.63739066187,3199.43099303996,2272.40526573732,6667.84847300345,1757.22868660133,2863.11974498412,6733.09497796826,2814.30864315595,3034.32636654017,2786.93681721252,1703.38305825143,6630.33943077259,2068.33296438372,6603.78165954232,6724.280291902,1585.52551576124,6719.36495965343,6883.1435268057,6788.6173976404,6807.26762273466,2241.84795301862,2925.52543909064,2811.38214696054,1583.8619664107,2939.9309793293,6776.01760782746,6616.68187190132,6689.96137962341,6750.96819937813,2866.12751471022,1852.18364019626,2823.33671162013,1967.34676778205,1739.08331643453,6575.61023800766,3215.40781037205,1726.33027917732,1658.12942600121,2687.23372662302,1380.42313438182,2341.53737187369,2088.9861742938,2092.53009842801,1734.43690523911,2352.17896824482,6498.33617783333,2986.26367461552,1614.03275577115,2730.59748491582,6658.503269491,2025.35500737349,2867.10222259415,6696.48939173983,2668.49560097975,3039.25125244359,6725.30218869797,2881.98390388388,1711.84428431859,3453.38126900398,1869.32215655433,7095.36900821998,1712.70271062107,2715.40769548472,2201.02187037306,1731.83620417816,1798.08990432075,6716.15982745756,6763.82632988396,2296.94914139522,2971.22677853149,1796.60656200261,7034.22293180504,7258.49129264583,1478.10424548306,3064.81451048967,2248.64480624,6591.39935124127,2993.72249322805,1644.1074490165,3110.36379678187,1350.23871545669,2976.73382134726,1976.53915630096,6705.78826468138,1722.4195462113,1855.78260974217,2788.12502327958,1738.43450185,6758.09598287975,6617.3870146161,1933.72733795843,2813.58020659311,2246.44061299478,3055.1865157638,3163.2309221519,3023.64914449833,1476.40224165276,6709.36606694912,6561.32145806862,2778.02462102097,3135.34655442824,3031.71096758506,1804.04156422307,3012.59882036947,6746.57677648632,2129.56768561343,2846.00552278353,2396.73913464954,6907.22466870311,1753.3562288429,1842.1002168213,2216.28872217178,6777.35995507917,2271.8856623696,1746.61492299305,2031.52277577863,2285.78568876734,6510.39306436611,2336.34588098709,1715.02220358887,2332.58662256647,6790.75286564398,1871.47149598382,1865.75899887769,2948.05847160458,2714.09433640356,2223.97242146337,6653.3914729376,1370.30804011484,1886.37924810906,3325.68455711321,1712.63413553798,2340.43423068253
1593.71894881437,1862.24585240232,20.9825316278332,1e+08,5769.22250343584,5932.53690357922,358.802601476252,331.158449791396,5820.38181054021,2174.97306518486,125.511153866143,467.642879246544,620.384127133907,1890.4313241739,2162.07372151825,2677.45300233353,905.531448961998,377.298894483188,6045.85955896811,333.632796956088,83.994039414197,1919.54275042506,405.991077500923,2138.85603294961,1848.34052779324,5682.54083651907,1873.85279874033,107.776046328751,5794.8654089369,1935.57569692574,1750.11270025941,5938.52074247596,2203.39830362692,1247.94063866002,582.10922834071,230.819440524617,5704.88641610816,534.9291679463,1221.18308713603,2051.50214031527,1538.06370371623,6030.04147354271,2072.21562162275,2113.48224880412,513.679996296019,1967.67810283769,2151.81081428458,8.07385132281878,1121.76000658731,5749.87877515954,554.516976444523,5706.4707664862,5785.49437806503,1679.77293970004,5881.57463506279,2049.33452233865,2049.37129979415,1754.33674734125,1987.87108880375,5923.73237028265,5807.12753499337,5487.88466806407,5845.66585191349,878.112648700484,5951.10881070154,6028.55326563706,5904.53487001199,4.00013432547238,1927.6215897255,1838.81413150245,1429.01697070296,955.967206190207,1599.79502324737,1715.84216850996,1711.90860804971,1261.30344946437,2052.38512666228,1100.51346650551,1748.09963120512,1765.00452583552,1479.45018127834,1549.78574341229,1205.68965708113,788.671928793212,6392.6689312069,1411.47468863112,847.087611660053,1476.91765301678,6800.9872060422,6191.00514573673,2170.91203817737,1290.95764590018,738.412645053522,1361.43399490658,1658.31615174865,1515.92056547292,1720.83528515233,6495.55381600485,6363.70474215118,6262.18489348366,814.638588252553,6344.86950181759,1082.76475531858,6502.20109674892,1625.11464672517,1516.96252452073,6518.7267719918,1192.79075024019,1420.23709315362,1395.5141343503,1328.41319772288,802.486795379081,6240.47641801172,2036.11799342876,6315.77269167173,2134.48106300677,1686.18133150746,6713.07020429337,909.930993002445,6627.02001174981,6289.30780273272,1087.16738898209,1297.00677676249,6383.02893656328,6149.75539227371,1981.56930940439,6757.70936162079,695.528888422378,1195.55862465974,6571.735073979,1422.01380114467,1448.5426625908,1443.9204444193,1253.64897038143,1404.31699872788,6216.3760460759,2323.89419116465,6159.71121569165,2324.90474816564,2594.36351915269,2267.03134437558,6315.96009850056,2633.2788896086,2475.77374836941,6226.51267818128,2254.87500887062,2650.69843651357,6185.06092945781,2108.47095747123,6567.30056359232,2674.78694568909,6144.54617773845,6408.58002684743,2020.6511923249,1930.05300919806,2114.61831412466,2142.75951721552,6235.04063190839,2152.3894196499,6279.51166395323,2341.00809872516,2554.78142698542,2811.50822283186,2361.57609121365,3181.49254566613,2356.0187445642,2243.73964998084,2252.06916456239,2518.53810317967,2463.6721053258,2133.68855629361,2674.59060483694,2111.39643162124,2309.05985834452,2250.08178265814,2980.65031668139,2553.37508461615,6489.4446497854,2586.82908907936,6179.64577762243,2615.19035130153,2275.56512035686,6636.27854238317,2076.61411219344,2379.07871903986,6261.5765649366,2125.17083014243,2078.97141078576,2415.13946452939,2436.66769438787,2697.10360465272,2289.3264790018,2237.67954282002,1746.28616935665,2675.41823450043,2123.07192614751,6373.18079141247,2059.68325726891,2550.9491822009,2521.37845449952,1727.57905049353,6288.54508795521,6235.55124443318,2692.74182888901,2756.71085186386,2136.95737801619,2469.45459887648,2345.10084577848,6402.51171985531,2291.13875600179,2352.51732709305,2688.60043086369,6435.7038608085,2101.02493186305,6166.81665265427,2857.49309405235,2213.99813732781,6549.97958863856,6210.3085022184,6305.47175271204,2281.83879907223,2631.28303436527,6242.27335385443,1906.08851194911,6232.95456838324,6528.14435789867,5864.84908990423,2739.56118754663,6496.14633996279,2234.73995556194,2530.54765398506,3032.02291983573,2122.46241053289,2564.30268495688,6478.94665824185,6309.73612927309,6165.40581055672,2259.12313806599,6362.45963205686,6526.92742669302,2769.73673019541,2123.68941969778,2358.03972973244,2308.74704587675,6488.18263667776,2184.4318080462,2321.94329914613,2494.69422771016,2536.81790669877,2291.70295617785,2611.80514718734,2572.10997436457,2575.26202803887,2630.54189710805,2602.27278098167,1993.84097554741,2227.41020163404,2109.24430897178,2204.56358025771,2404.66539838767,2723.58302994242,2477.68932776878,2547.07254606189,2442.2567596446,2102.87896613173,2415.95150279387,6429.24580405578,2632.79695891171,2186.12814045867,2545.08420525636,5895.51837769694,6042.13716718127,2790.04620139573,2577.30895616476,6591.86666873468,2432.89253384596,6441.61211929797,6148.33448095606,2297.29308074877,2236.31293942199,2287.57508444239,2444.80447811765,2444.37945352219,2641.33351914676,2459.35450182822,6067.84944606037,2088.10054949205,2223.81023935548,2346.33967555461,2208.69427262313,2238.71991239166,2107.10573568822,2907.03349429804,2196.03489483291,2243.93552572457,3109.90598962259,6784.06718439664,6657.88716246445,2997.11981698114,6559.96066839221,2112.60925669673,2360.23019757729,6855.16556316198,1911.89435093495,1861.8045792448,6804.06645053823,2895.07949691334,6810.22949993495,2335.93375330198,2277.29916539612,1634.59662679373,1870.87091425664,3307.04142811463,1806.64946559684,1314.35058452362,3238.37830785655,6834.55662861542,1773.17168357782,2812.70348714273,3212.09099861945,2253.59534877278,6687.81836197642,1741.0205865393,2874.15540205033,6753.04252556164,2825.39873854248,3045.68667089113,2796.80595101022,1687.10591785172,6650.24483573933,2050.347311466,6623.69458714942,6744.02668284221,1569.93215714602,6739.20964893087,6903.24375966221,6808.61303067834,6827.30568886456,2223.78074929271,2937.13653502057,2821.11678787085,1567.9950670909,2950.71911529696,6795.73475773664,6636.61392201543,6709.85592177702,6770.89229714853,2877.38889713595,1835.12228871623,2832.80021567792,1949.75079128488,1722.14850911644,6595.62540753902,3228.40700599859,1709.34377377833,1642.51071860456,2696.54301767575,1366.75379656519,2323.33433128654,2070.86887411621,2074.93936601021,1718.19984385451,2333.78323572841,6518.13115096116,2997.59447314487,1598.30688965648,2740.04001735035,6678.39305446146,2007.96540528525,2877.89629229006,6716.42303016206,2677.11125363508,3050.09325270345,6745.12920990205,2892.70234182657,1695.63095209359,3466.71328705843,1852.93658317648,7114.97690673817,1696.18900557679,2724.47889743178,2182.77421707202,1715.05856746676,1781.4016707348,6736.04150677864,6783.729473368,2279.04503087424,2981.68034800171,1779.12964141585,7054.19219987945,7278.46770148486,1463.44000964516,3076.49132982755,2230.53732828894,6611.36128542591,3005.84471387719,1628.38131729472,3121.7626476951,1336.62112868705,2990.14115738007,1959.07173803167,6725.76981245619,1706.24158455361,1839.32043722897,2797.89879503994,1721.062521012,6777.92563827484,6637.2016017512,1916.66356686466,2823.67233649838,2227.89356166018,3065.87921628148,3176.40350791754,3034.71129431832,1462.22306929173,6729.19555172847,6581.14439986625,2788.37254394998,3146.40041772337,3042.64639847478,1787.28427223508,3024.33205835199,6766.59467853148,2111.89012492973,2855.84978965204,2378.52534609391,6927.24315926274,1736.13967431217,1825.00688171964,2198.10691063852,6797.32744492219,2253.75471213473,1730.07683666654,2013.78890737556,2268.24041764524,6530.18891262593,2318.76879213198,1698.69507751042,2314.42943307235,6810.639045206,1853.77428766391,1848.95451163968,2960.12214882986,2723.87452938348,2206.20537609198,6673.32660562952,1356.08076035564,1868.96949814755,3339.19264746073,1696.62713573228,2322.18117389721
7362.94145225021,7631.46835583817,5748.23997180802,5769.22250343584,1e+08,163.314400143381,5410.4199019596,5438.06405364445,51.1593071043491,7944.1955686207,5643.71134956971,5301.57962418931,5148.83837630195,7659.65382760976,7931.29622495409,8446.67550576938,4863.69105447385,5391.92360895266,276.637055532255,5435.58970647977,5685.22846402164,7688.76525386092,5363.23142593493,7908.07853638547,7617.5630312291,86.6816669167811,7643.07530217617,5661.44645710711,25.6429055010579,7704.79820036158,7519.33520369526,169.298239040108,7972.62080706278,7017.16314209586,5187.11327509514,5538.40306291123,64.3360873276988,5234.29333548956,6990.40559057189,7820.72464375113,7307.28620715207,260.81897010685,7841.43812505862,7882.70475223997,5255.54250713983,7736.90060627355,7921.03331772043,5761.14865211303,6890.98251002317,19.3437282763076,5214.70552699133,62.751736949652,16.2718746291671,7448.99544313591,112.352131626933,7818.5570257745,7818.59380322999,7523.55925077711,7757.09359223958,154.509866846787,37.9050315575129,281.337835371782,76.4433484776477,4891.10985473537,181.886307265682,259.330762201206,135.312366576152,5773.22263776132,7696.84409316133,7608.03663493829,7198.23947413881,6725.18970962605,7369.01752668322,4053.38033492589,7481.13111148557,7030.52595290021,3716.83737677357,4668.70903693033,7517.32213464098,4004.21797760033,4289.77232215751,4219.43676002356,6974.91216051699,6557.89443222906,623.446427771048,4357.74781480474,6616.3101150959,7246.14015645263,1031.76470260636,421.782642300882,3598.31046525848,7060.18014933602,6507.63514848937,7130.65649834242,4110.9063516872,4253.30193796293,7490.05778858817,726.331312568995,594.482238715337,492.962390047813,6583.8610916884,575.646998381741,6851.98725875443,732.978593313066,4144.10785671068,7286.18502795657,749.504268555948,6962.01325367604,7189.45959658948,7164.73663778614,7097.63570115873,6571.70929881493,471.253914575864,7805.34049686459,546.550188235878,7903.70356644262,4083.04117192839,943.847700857526,6679.15349643829,857.797508313953,520.085299296868,6856.38989241794,7066.22928019834,613.806433127442,380.532888837862,7750.79181284023,988.486858184945,6464.75139185823,6964.78112809559,802.512570543149,7191.23630458053,4320.67984084504,4325.30205901654,4515.57353305442,7173.53950216374,2194.55388766131,7882.56923159666,2139.14868047799,7906.3279735007,8194.38106950325,7810.65847730353,2232.81162426121,5909.22781274872,8073.77793424681,2355.9298090072,7808.28943771365,5786.34824723602,2237.22386444735,7617.20412556428,2498.98529152043,5812.73117606422,2379.52017485832,2315.77025344214,7465.7859665123,7325.75462819963,7629.77545586352,7622.53950298437,2225.776695493,7642.51948615713,2240.40541019641,7920.80700223421,8070.6064320687,5852.25987959676,7894.71608631981,8817.72150402267,7949.21864446781,7808.68647770865,7811.88996801487,5929.80520902808,7988.78091648673,7606.00676324998,6069.11736078626,7631.69245565663,7850.68350883566,7803.95207867521,8635.10618529115,8114.20126630735,2519.66422424797,6027.89039150905,2200.86515793378,5765.13252296588,7837.81914198594,2459.56995635924,7591.20333121463,6380.78080292598,2348.05494497182,7641.07249687652,7577.91774715987,6028.90832044858,8021.52768247254,5786.33109101363,7880.01112115136,7789.41351287499,7203.35477021835,5884.5107717071,7680.72303168758,2361.38871217213,7518.51057754288,5805.03181209836,8098.59052410591,7102.07215230965,2344.78267526478,2279.60664513074,5895.32153645141,5926.44476478492,7681.72400194035,5989.36598127793,7925.52462148344,2392.81611125164,7881.63962329872,7947.12891497686,5886.88002527123,2332.67788965844,7639.14670857,2255.21538475715,5592.41794368641,7713.85654691854,2496.68359242132,2435.06667374805,2192.18093908082,7864.54776306881,8219.26450953165,2286.66565504668,7369.04283017501,2252.92958431366,2417.44201629277,2052.83088770985,5787.7851355053,2464.4527756434,7744.36600532395,5957.82339184716,8633.1980018226,7604.35232177962,5903.00338818917,2381.20915489436,2420.98146505026,2340.67279060439,7814.38211868518,2343.71125087596,2517.42959654258,6021.46789454563,7600.44560175719,7944.42469625031,7894.03740675817,2439.1048621357,7765.74544448283,7850.667462397,8038.1062424238,8103.58241332779,7867.15006376927,8201.62009680779,8168.45615376395,6062.48788036615,6042.53748705002,5947.87637129641,7432.31847136908,7757.51995783199,7596.78443895605,7735.14508434954,7974.63701012365,5918.55996355522,8019.47471808552,5938.92524557804,6092.75380537091,7588.78689006149,6026.65860323068,2482.87110368381,5884.67315748333,7678.31005768782,8134.05841743142,2065.97987993957,2199.0744776301,5653.89101498179,8150.71095558935,2498.63746123156,6323.33527613829,2344.89833560536,2254.93590870648,7837.919439357,7802.40228765163,7874.863250178,7989.98960287899,8006.58329941696,5699.37699842202,5968.61703794162,2113.87762663934,7582.09869632341,7710.76122258322,7863.70445482058,7772.76100990494,7753.46921512699,7573.32608538698,5802.27836925355,7728.52642786196,7814.75400941348,4818.65106186383,2135.27066683245,2194.01073911899,5031.44938284937,2222.05046320903,7681.06360698101,7912.58903660236,2321.60404654072,7395.94110211643,7366.57232639341,2377.11562548149,4998.01869592188,2344.64436846628,7890.42174904861,7844.92388152432,7039.53522030501,7373.95676437246,4629.65983075688,7271.57746686442,6635.22199413388,4708.81735307686,2333.59317194756,7244.86183979778,5203.2691547032,4600.26597287116,7851.71211243964,2134.61729912666,7196.10240638348,4900.51706552432,2190.82535600269,4893.75217020144,4842.29473728927,5082.63833305525,7154.24305596226,2168.67747279388,7598.32739992991,2148.0315877029,2349.62500221771,7011.16462566886,2268.23222101518,2150.66746143935,2182.71972327189,2157.49258181029,7764.77454090254,4803.43880902849,5103.50587635206,7026.51889051966,4939.28697296643,2401.73441964904,2138.76259968279,2210.66152815895,2220.89407729477,4863.97591201163,7336.75650651969,5144.92233341283,7477.67498214109,7228.08112220309,2044.66181929431,4533.66978334055,7220.18349464399,7073.54586325258,5162.72995995492,6734.68435430175,7868.18916923125,7627.1452839938,7591.09859863769,7178.382142797,7893.72465354933,2191.84740977863,4848.30633515898,7043.24090567834,5144.65810430271,2197.13880632491,7515.28116027182,4939.10555461667,2181.60048482888,5259.90180688201,4930.85412429858,2285.92252047277,4950.97768724984,7157.39276741175,4451.30100715285,7305.20626673358,2678.4456635252,7177.60504189086,5197.85680530757,7740.9310892081,7211.45432119757,7263.65802895311,2236.10031219904,2245.8101286189,7802.79589120247,4994.31382536247,7315.10858149991,2360.1568311906,2508.68060498365,6867.66281191604,4786.49134321992,7774.23620984259,2099.57803184382,4711.80766609307,7068.56421288928,4834.85542063535,6708.91824319869,4484.14540488721,7476.79823292534,2146.13523786254,7164.1794717871,7298.71521783289,5097.01904162793,7255.97544353398,2302.51601336483,2236.76166459226,7409.55651171982,5049.09621260345,7806.63840705872,4956.46842632227,4504.57665914779,4893.40096993397,6837.94842786258,2274.94660804372,2200.63268404833,5010.02907843794,4895.97802904104,4914.93472164698,7273.52831054518,4778.46643334665,2138.51877551346,7631.42179228561,5087.7742866686,7920.51311115044,2236.62800506194,7259.16455454236,7329.9704361605,7750.01902836873,2199.93067278589,7797.65170377105,7208.69446566202,7546.06679009953,7763.82820588134,2197.07578276128,7812.63030389403,7167.51748177652,7856.15364236255,2275.58953022684,7397.7070183667,7331.10985783617,4725.2566518119,5095.01030603391,7724.77421690823,2156.21686134247,6757.73866581709,7391.36666535681,4422.56439448188,7144.66226369547,7871.20524104534
7526.2558523936,7794.78275598155,5911.55437195141,5932.53690357922,163.314400143381,1e+08,5573.73430210298,5601.37845378784,112.155093039032,8107.50996876409,5807.02574971308,5464.8940243327,5312.15277644532,7822.96822775315,8094.61062509747,8609.98990591276,5027.00545461723,5555.23800909604,113.322655388874,5598.90410662315,5848.54286416503,7852.07965400428,5526.5458260783,8071.39293652885,7780.87743137249,249.996067060162,7806.38970231956,5824.76085725049,137.671494642324,7868.11260050496,7682.64960383865,5.98383889672632,8135.93520720616,7180.47754223926,5350.42767523851,5701.71746305461,227.650487471081,5397.60773563292,7153.71999071526,7984.03904389451,7470.60060729546,97.5045699634681,8004.75252520199,8046.01915238334,5418.85690728322,7900.21500641693,8084.34771786381,5924.46305225642,7054.29691016653,182.658128419689,5378.0199271347,226.066137093033,147.042525514215,7612.30984327929,50.9622685164487,7981.8714259179,7981.90820337339,7686.87365092048,7920.40799238297,8.8045332965948,125.409368585869,444.652235515164,86.8710516657338,5054.42425487874,18.5719071223009,96.0163620578249,28.0020335672303,5936.53703790471,7860.15849330474,7771.35103508168,7361.55387428219,6888.50410976944,7532.33192682659,4216.69473506926,7644.44551162894,7193.84035304359,3880.15177691695,4832.02343707372,7680.63653478436,4167.53237774371,4453.08672230089,4382.75116016694,7138.22656066037,6721.20883237244,460.132027627666,4521.06221494812,6779.62451523929,7409.45455659602,868.450302462973,258.468242157501,3761.62486540185,7223.49454947941,6670.94954863276,7293.97089848581,4274.22075183058,4416.6163381063,7653.37218873157,563.016912425614,431.167838571955,329.647989904431,6747.17549183178,412.332598238359,7015.30165889781,569.664193169685,4307.42225685407,7449.49942809997,586.189868412566,7125.32765381943,7352.77399673286,7328.05103792953,7260.9501013021,6735.02369895831,307.939514432483,7968.654897008,383.235788092497,8067.01796658599,4246.35557207178,780.533300714146,6842.46789658168,694.483108170573,356.770899153487,7019.70429256132,7229.54368034172,450.492032984062,217.218488694482,7914.10621298361,825.172458041565,6628.06579200162,7128.09552823897,639.198170399766,7354.55070472392,4483.99424098843,4488.61645915992,4678.88793319781,7336.85390230711,2197.12486488457,8044.23997610569,2144.8316912867,8068.17247651472,8356.25699083279,7972.24742729318,2228.49829690666,6056.40426071824,8235.6858064269,2361.97232981495,7969.95832919667,5932.92483536994,2243.3920931236,7778.64345822898,2483.88290876891,5959.08097606875,2392.17288587898,2306.70077341786,7626.86500536767,7486.60732390366,7791.2553466328,7783.75096874,2227.71204479733,7803.79636300055,2239.22545024714,8082.63130201909,8231.8052880621,5996.96317515034,8056.1695777732,8979.73003292356,8111.13988485612,7970.44728378246,7973.60813775672,6078.42732578429,8150.11014297261,7767.17326928518,6216.3697664096,7793.21048868528,8012.2328390586,7965.62704620021,8797.34110879926,8275.76999228317,2511.00948597982,6176.04108507873,2206.52950644507,5912.09604348016,7999.54287593669,2437.80988617037,7752.70557178709,6532.65231638958,2351.26050329037,7802.55037207714,7739.3107473536,6179.03020511099,8183.3470285369,5932.31555948661,8041.94299550669,7951.07961818047,7364.76144744065,6031.08130545738,7842.49702775903,2356.49770884281,7679.64627958152,5952.89709514218,8260.3091466954,7263.03274698168,2345.85890236688,2282.96093093418,6041.71028549588,6072.12829647498,7843.39835808734,6138.74747337575,8087.35179248775,2386.65365733116,8043.56927255984,8109.06267724753,6033.29254849696,2322.03046765989,7800.79621100309,2263.25012116031,5735.6951107719,7875.15790599249,2482.79720127904,2444.27808151538,2187.4807499922,8026.4226375333,8381.02375594361,2289.69038161459,7530.3392962647,2255.76806060277,2402.48609100186,2080.52531811246,5933.22335154857,2453.51483518944,7905.72403705819,6106.39504863734,8794.9180094474,7765.59438443135,6050.99789692843,2368.81055386877,2422.585798762,2350.88585585522,7976.06239599305,2339.10622338676,2505.9494916889,6167.34716298791,7761.65100068909,8106.29202337009,8055.91917739634,2427.93094930435,7927.65730011444,8012.11127260924,8199.56405834128,8265.20813115123,8028.96511166481,8363.40310039813,8330.31043826896,6210.90263735441,6190.22042195256,6095.56070027093,7593.37869226188,7919.03288036154,7758.07595843115,7896.67581007145,8136.35364319943,6064.63865473917,8180.92892252994,6087.24029449668,6242.79639384043,7750.07201846288,6176.76402749527,2477.48142127907,6031.77514636394,7839.57637247319,8295.86300969193,2091.42697024363,2215.45588092565,5798.26670536645,8312.37208657847,2481.68001585431,6474.39281914782,2334.19192927567,2264.386920412,7999.46812779761,7964.17551460198,8036.77012947911,8151.48925122951,8168.21842381467,5845.83566618917,6118.04630703075,2126.40041491327,7743.45087577206,7871.96186911236,8025.04645549385,7934.53403019482,7914.86211332006,7734.47207044559,5945.51113335336,7890.07637965498,7976.55841861637,4956.99288535318,2086.74069350153,2159.6298136106,5171.72090522005,2197.26474627386,7842.91999732338,8074.19153672304,2276.18299280848,7557.36577939993,7528.16699886782,2338.58593521858,5139.93517363534,2304.11529687594,8052.05392996959,8006.68712110836,7200.76988485903,7535.53397086584,4764.42787694946,7432.97474395542,6796.50089360139,4844.85619679255,2290.49933149213,7406.32918985743,5346.5254208074,4736.90956925265,8013.71621453487,2094.83255401387,7357.50261233236,5042.80743636586,2147.90918565616,5036.82842103231,4981.75221683355,5226.08234645426,7315.76217231818,2133.82994305699,7760.07646905501,2114.60670698103,2314.81988228305,7172.65933143554,2230.18600472172,2091.9293649545,2134.41476545489,2106.16246824226,7926.36956909818,4944.7786359852,5246.58435798961,7188.10501410431,5080.31196664332,2364.98872223017,2103.7711245863,2172.49918670283,2177.86370325749,5006.24351505408,7498.35241763521,5287.83948816897,7639.35408696646,7389.7915506386,2009.07914268923,4670.0998926098,7381.9323928097,7234.91087418131,5307.66660908789,6896.07812449455,8029.75478529393,7788.93953862739,7752.61281171074,7339.83304604168,8055.39980912354,2169.41724600472,4988.58572125912,7204.72564849298,5288.95869612765,2161.10715962044,7676.78300871027,5081.31304657512,2141.49473993114,5405.15836334599,5070.21689926614,2248.1803774206,5092.94255288955,7318.87377899961,4582.97250041702,7466.48476057038,2629.25772531358,7339.1964632586,5342.40346722983,7902.67514677762,7373.11531745782,7425.18070660013,2196.84051351688,2202.86353238629,7964.22913659022,5134.82799444198,7476.95502520806,2299.61904682871,2437.38830051679,7029.09455594204,4925.44284551807,7935.84712131536,2065.07733276831,4852.08227726158,7229.99296402035,4972.98139343313,6870.37150031254,4625.20613890758,7638.40408874234,2103.47665961691,7325.62893464144,7460.04957302544,5240.44829267722,7417.85582022369,2262.75358326395,2206.02986066598,7571.03361116233,5192.12886450936,7968.50984368353,5095.56595558817,4642.0757401607,5033.0292777078,6999.24915822847,2238.06072124502,2173.17431424865,5153.61081093192,5033.66496297999,5054.42457225018,7435.06974838337,4918.33960008881,2091.7609093372,7792.93414500257,5230.31569177062,8082.02505866731,2180.50053798789,7420.96423678632,7491.59463222566,7911.70898308093,2153.51756859452,7959.25043334084,7370.2402081263,7707.73203042637,7925.05961001755,2173.82472065807,7973.81284362263,7329.03542405908,8017.70060287781,2231.75004724331,7559.5526903155,7492.57482923209,4866.30619409172,5239.54352714595,7886.21660890538,2118.75158965394,6919.29043177571,7553.06647944289,4556.97066905959,7306.06537653912,8032.80327832847
1952.52155029063,2221.04845387857,337.82006984842,358.802601476252,5410.4199019596,5573.73430210298,1e+08,27.6441516848571,5461.57920906395,2533.77566666111,233.29144761011,108.840277770291,261.581525657655,2249.23392565016,2520.8763229945,3036.25560380978,546.728847485744,18.4962930069353,5687.05695749185,25.1698045201649,274.808562062055,2278.34535190132,47.1884760246696,2497.65863442587,2207.1431292695,5323.73823504282,2232.65540021659,251.026555147502,5436.06280746067,2294.37829840199,2108.91530173567,5579.71814099971,2562.20090510317,1606.74324013627,223.306626864458,127.983160951636,5346.0838146319,176.126566470047,1579.98568861228,2410.30474179152,1896.86630519248,5671.23887206646,2431.018223099,2472.28485028037,154.877394819767,2326.48070431395,2510.61341576084,350.728750153434,1480.56260806356,5391.07617368328,195.71437496827,5347.66816500993,5426.69177658876,2038.57554117629,5522.77203358653,2408.13712381491,2408.1739012704,2113.1393488175,2346.67369028,5564.92976880639,5448.3249335171,5129.08206658782,5486.86325043724,519.31004722423,5592.30620922529,5669.75066416081,5545.73226853576,362.802735801725,2286.42419120175,2197.6167329787,1787.81957217922,1314.76980766646,1958.59762472362,1357.03956703371,2070.71120952597,1620.10605094062,1693.58252518602,741.710865029257,2106.90223268137,1406.20192435927,1120.64757980209,1190.98314193604,1564.49225855739,1147.47453026947,6033.86632973065,1052.67208715486,1205.89021313631,1835.72025449303,6442.18460456595,5832.20254426048,1812.10943670112,1649.76024737643,1097.21524652977,1720.23659638283,1299.5135502724,1157.11796399667,2079.63788662858,6136.75121452859,6004.90214067494,5903.38229200741,1173.4411897288,5986.06690034135,1441.56735679483,6143.39849527267,1266.31204524891,1875.76512599698,6159.92417051554,1551.59335171644,1779.03969462988,1754.31673582655,1687.21579919913,1161.28939685533,5881.67381653547,2394.92059490501,5956.97009019548,2493.28366448301,1327.37873003121,6354.26760281712,1268.7335944787,6268.21741027355,5930.50520125647,1445.96999045834,1655.80937823875,6024.22633508704,5790.95279079747,2340.37191088065,6398.90676014454,1054.33148989863,1554.36122613599,6212.93247250275,1780.81640262093,1089.74006111455,1085.11784294304,894.846368905175,1763.11960020413,5882.02812950642,2643.4198979929,5824.57276857764,2648.66086838126,2923.51601941226,2583.15044063316,5981.57106325345,2594.86642063929,2803.75686935083,5895.94860867722,2572.70555210445,2594.2767604639,5851.99247651339,2415.86709658506,6236.52328156379,2620.99383532057,5815.34256880109,6075.18802997725,2313.9381443149,2211.29495153303,2423.36147482306,2445.03037667168,5901.25286559344,2456.81327353266,5945.65147228103,2664.60511408418,2868.90259680787,2757.12329493141,2676.78248592267,3519.4777060202,2682.21608406451,2563.63438338325,2571.07998977531,2488.7994714301,2778.50412492935,2434.36570805744,2656.70537311628,2421.10128462043,2625.26501076967,2567.94705902735,3320.82192693972,2875.36893504932,6160.14234235062,2567.88509085833,5845.76665685448,2557.27930233936,2595.27532987555,6303.6641325303,2384.69895721859,2428.75724663465,5930.4767263383,2434.20786486654,2383.99709209469,2406.12159143777,2761.99041234875,2638.74802937963,2614.5000036558,2555.00605983201,2036.08741387261,2631.53842041786,2440.24360964933,6041.26267076772,2356.43868138814,2501.42951571319,2846.0023672292,1998.64888744884,5957.09726506288,5903.03652560688,2649.55218791375,2714.76066640734,2451.778705944,2451.25938091782,2668.84919082753,6071.04315086437,2616.29345199557,2678.94679556894,2644.43584008911,6102.41892828073,2414.09175169718,5834.33859059739,2767.89733657244,2521.17816545347,6219.35960021896,5881.90403514334,5970.24838151408,2605.45003940185,2958.59370688641,5909.86511327287,2200.72101276043,5899.82687411257,6195.83827733868,5529.74372921579,2679.6473101295,6165.37530012728,2544.05322612918,2504.33690426078,3363.84975696145,2424.82220919549,2528.34851995154,6146.33857193594,5979.96320021861,5835.0335332957,2577.34689747153,6030.22659869752,6197.11225520063,2740.08105740402,2425.06793594952,2682.99813601488,2633.08070994958,6156.87826302472,2506.85779994677,2635.89706797672,2813.09491130159,2859.71998258747,2614.04367898589,2939.2999743387,2900.47264967372,2562.04060920439,2611.30450403576,2570.91306321777,2285.24938177413,2540.51494784332,2412.49905880538,2517.47871818949,2727.02111701798,2682.13680491624,2795.63949528207,2517.22258207939,2441.53235337992,2405.71288040142,2406.53555927266,6099.71990069962,2590.93439427248,2491.4467145197,2871.96287993505,5560.54712292871,5709.32729974992,2710.54107089573,2901.69574258802,6260.77304061134,2469.07264359482,6108.55323110365,5816.01008849739,2613.18413430919,2556.34841004659,2612.09662417688,2763.04808913483,2765.68155911038,2573.26035100785,2438.55617183788,5732.8505736346,2392.29178071126,2528.67675111102,2658.47714945029,2528.05751692969,2549.05430187532,2406.15114334854,2842.14577826253,2509.21035728668,2564.94467700861,2927.93780179987,6442.32347316036,6318.91814243848,2838.52603013608,6222.74462096294,2431.779982183,2678.9504472161,6516.48662709029,2211.0316368247,2164.35418511382,6467.32201377724,2733.59254817735,6472.6660546377,2654.80412187926,2598.03531779222,1909.55900106493,2173.23162943817,3106.13900051684,2099.57065395127,1554.63996510799,3045.09360572162,6496.42092728272,2066.80590346858,2676.15502476458,3008.44293141012,2579.86321939825,6347.23146411736,2030.25528054531,2701.72100017544,6412.84760823208,2652.27584872753,2866.40943469542,2645.94145038845,1977.68708296826,6310.82190411782,2364.71114021992,6284.14053515566,6407.44389199667,1851.29476372967,6400.86335390721,6560.28915113436,6467.54727125615,6485.47587975395,2538.91097181414,2753.89678096651,2672.50971239806,1853.374426202,2782.31196195937,6459.66783853156,6296.71430053137,6370.61906910005,6431.11580555056,2700.84184289806,2136.50571921303,2688.9877054238,2258.61978892793,2022.2095333798,6254.23772922262,3018.51716637142,2010.23086764861,1923.69177075424,2556.46522790817,1622.1497269334,2640.29209669728,2387.1448803615,2383.31068876735,2007.99961770711,2653.64079903586,6180.71449815372,2819.10744250139,1881.39216146629,2597.24810093713,6339.24641730061,2313.54645159092,2709.81367990939,6376.48312439528,2549.62286546128,2880.16004914841,6407.09912910492,2725.89777058886,1985.21891141518,3249.87385211874,2144.18760568066,6780.81343545202,1990.19824933107,2588.46885274115,2500.72314499284,2012.84525418712,2077.51812476245,6397.03165203336,6444.32723030842,2591.57284146495,2819.13221370346,2086.89836131706,6713.56734166574,6937.68758479855,1732.19141656545,2891.32295527076,2546.25941092671,6270.92833470432,2812.94480856244,1911.2475056066,2941.40103342815,1591.67622392566,2773.83337814286,2265.99115900192,6384.96818817604,1995.24187146135,2131.78266657761,2648.74393879254,2027.5482432,6439.84312670058,6299.41224073385,2217.7289024332,2668.61038690323,2550.25120169451,2898.55388804526,2963.5678464648,2860.88499947623,1723.89675613773,6391.12377211535,6243.21424563085,2628.92705687835,2972.1472852411,2871.06669155525,2084.39268484978,2838.40637089124,6425.13470752848,2421.45201047565,2705.04200069146,2695.53013687387,6585.75196243742,2040.27296982729,2126.9098713811,2515.02782393061,6456.76835436736,2569.77670056611,2024.25122914631,2324.49957895938,2575.35396631463,6192.75442729376,2626.23001101006,1989.94172239466,2630.71131728826,6471.53728147795,2164.49445692233,2146.46111985643,2768.52622121488,2575.12074812051,2516.84699650239,6333.3661615429,1619.71038039546,2175.37453390092,3119.59992281901,1983.16406971726,2639.89978265392
1924.87739860577,2193.40430219372,310.175918163562,331.158449791396,5438.06405364445,5601.37845378784,27.6441516848571,1e+08,5489.2233607488,2506.13151497625,205.647295925252,136.484429455148,289.225677342512,2221.5897739653,2493.23217130965,3008.61145212492,574.3729991706,46.1404446917924,5714.70110917671,2.47434716469228,247.164410377198,2250.70120021645,74.8326277095268,2470.01448274101,2179.49897758464,5351.38238672768,2205.01124853173,223.382403462645,5463.70695914552,2266.73414671713,2081.2711500508,5607.36229268456,2534.55675341832,1579.09908845141,250.950778549316,100.339009266779,5373.72796631675,203.770718154904,1552.34153692742,2382.66059010667,1869.22215350762,5698.8830237513,2403.37407141414,2444.64069859551,182.521546504624,2298.8365526291,2482.96926407597,323.084598468577,1452.9184563787,5418.72032536814,223.358526653127,5375.3123166948,5454.33592827363,2010.93138949144,5550.41618527138,2380.49297213005,2380.52974958555,2085.49519713264,2319.02953859514,5592.57392049125,5475.96908520196,5156.72621827268,5514.50740212211,546.954198909087,5619.95036091013,5697.39481584567,5573.3764202206,335.158584116867,2258.78003951689,2169.97258129384,1760.17542049436,1287.1256559816,1930.95347303876,1384.68371871857,2043.06705784111,1592.46189925576,1721.22667687088,769.355016714113,2079.25808099652,1433.84607604413,1148.29173148694,1218.62729362089,1536.84810687253,1119.83037858461,6061.5104814155,1080.31623883972,1178.24606145145,1808.07610280818,6469.8287562508,5859.84669594535,1839.75358838598,1622.11609569157,1069.57109484492,1692.59244469798,1327.15770195726,1184.76211568153,2051.99373494373,6164.39536621344,6032.5462923598,5931.02644369228,1145.79703804395,6013.71105202621,1413.92320510997,6171.04264695752,1293.95619693377,1848.12097431212,6187.56832220041,1523.94920003159,1751.39554294502,1726.67258414169,1659.57164751427,1133.64524517047,5909.31796822032,2367.27644322015,5984.61424188033,2465.63951279816,1355.02288171606,6381.91175450197,1241.08944279384,6295.86156195841,5958.14935294132,1418.32583877348,1628.16522655389,6051.87048677189,5818.59694248233,2312.72775919578,6426.5509118294,1026.68733821377,1526.71707445114,6240.57662418761,1753.17225093607,1117.3842127994,1112.7619946279,922.490520590032,1735.47544851927,5907.68614044614,2618.44011224905,5850.29390204815,2623.39270839326,2897.90602265354,2558.39454160178,6007.23409545795,2596.08356919545,2778.21635443133,5921.30021876832,2547.83127253278,2596.90535716227,5877.54622174394,2391.67452261634,6261.8984770117,2623.43335437012,5840.58228206318,6100.771900285,2290.67866852534,2188.82027408063,2399.07898711234,2421.19301196591,5926.86580446469,2432.83174018923,5971.2710519828,2639.34978484034,2844.32512892039,2759.69336911401,2652.10332559748,3493.28981348274,2656.78514450184,2538.61809735582,2546.12501020576,2489.26518798608,2753.86531731394,2410.63455909637,2656.36504517212,2396.75304345682,2600.50970757735,2543.0696878652,3294.47267065103,2850.2481556254,6185.39694408896,2567.56748978448,5871.38602149189,2560.00025558414,2570.27618255658,6329.18888337878,2360.45297310333,2423.07761445028,5955.87240976595,2409.90763806786,2359.95844495516,2404.91502319555,2736.62817497919,2641.55763962691,2589.13097892783,2530.16341440824,2012.96917346047,2633.20742306748,2415.39272724899,6066.72666346719,2332.95516791156,2503.45186128161,2820.69711302522,1976.77047581183,5982.5216375535,5928.54632431015,2651.17880621898,2716.33118257546,2427.08914764631,2450.79907683666,2643.58403795319,6096.47129933093,2590.92592870491,2653.499631137,2646.13547775691,6127.99459099228,2389.5141588916,5859.8441393794,2773.25312515794,2497.02182373713,6244.72178276271,5907.08041052017,5995.97882039349,2580.18632157832,2933.11396333145,5935.36640942399,2177.33627932287,5925.38628999633,6221.33633782606,5555.45687515709,2682.60521042028,6190.74872983668,2519.7554963668,2504.53913790712,3338.08553888826,2400.97416838704,2529.32774545572,6171.86021850575,6005.25239749351,5860.36838230396,2552.44650508913,6055.7158841065,6222.40899639026,2740.70769132628,2401.28680060197,2657.65195671402,2607.7712136617,6182.29466264404,2481.66129587402,2611.29753354252,2788.2146769014,2834.53484183167,2588.86768869859,2913.80577841019,2874.91508229202,2561.27519241049,2611.03922839804,2571.56342722501,2262.10900984789,2515.95774081653,2388.58726703609,2492.93042002812,2701.85836001486,2683.64771357009,2770.78809894469,2517.71758493438,2439.7127317908,2381.82815264134,2405.36012053105,6124.99143389913,2592.41869179883,2467.41149097492,2846.5049221555,5586.24994476777,5734.85737488024,2715.06394959214,2876.41255806299,6286.17421710753,2464.44736450732,6134.11070722971,5841.50282925112,2588.44847290953,2531.32147981625,2586.77172249042,2738.17228307124,2740.59579818668,2576.79324137383,2438.28835764974,5758.55878619332,2368.31169044652,2504.6800556039,2634.00574593976,2503.07210350723,2524.68771969444,2382.52444474608,2845.58956401176,2484.64286823224,2539.85270671826,2940.80172734707,6468.58762672385,6344.95665462373,2849.45273491496,6248.64013456936,2406.79239137716,2654.03068278138,6542.50406288137,2187.34642686851,2140.42618437529,6493.18267107658,2744.70485531154,6498.59290433836,2629.87074379228,2572.96658808633,1887.37366368587,2149.31884803131,3120.61087337197,2076.26724317276,1534.48249803925,3058.92337975067,6522.39426986096,2043.44302687791,2685.21813039843,3023.10694247007,2554.41550987258,6373.40110600301,2007.1726000163,2713.70945366604,6438.98630015103,2664.29648041602,2879.02924301764,2656.14664916339,1954.49334790179,6336.89701724901,2340.03631615905,6310.22593126242,6433.29071157281,1828.65339250854,6426.85254271759,6586.65225181345,6493.7569117055,6511.7474234869,2514.21540184914,2766.79197309543,2682.54598082212,1830.4687321293,2794.00992902196,6485.473697256,6322.82779250328,6396.67985329374,6457.22089583669,2713.16569748252,2112.64759568919,2698.64453798296,2234.29232862289,1998.40269605739,6280.47110769698,3033.69590055789,1986.36509723994,1901.0991813665,2565.74595269671,1601.06280709658,2615.48753568545,2362.34516868163,2359.04498993793,1984.87029138256,2628.6397182491,6206.62566407775,2831.64286975016,1858.65220267437,2606.77217991176,6365.29953470207,2289.45372419395,2721.4511840224,6402.60079751429,2557.88219381644,2892.02519938599,6433.06284909766,2737.43891289889,1962.09438115793,3265.69077627984,2121.01202717801,6806.47006241829,1966.78164172932,2597.43924593072,2475.82957677433,1989.18616087532,2053.99313212743,6423.07440675527,6470.40223877959,2567.06372256141,2830.37082045663,2062.5998353518,6739.74390768324,6963.87881161479,1710.31091516156,2904.43334971391,2521.52471090932,6297.08466237802,2826.65583997521,1888.53679432865,2954.13939313288,1570.58429552024,2789.45458093364,2241.79664453795,6411.15560370634,1972.16063958113,2108.52132915227,2658.81198259237,2003.31723883189,6465.81148637202,6325.35513767135,2193.91580330656,2679.16819311212,2525.06544486075,2910.21504092048,2978.97017684471,2873.05855009647,1702.47781493648,6417.09066190002,6269.16779220844,2639.82046083136,2984.40095137206,2883.06181461764,2060.80376264801,2851.55718858675,6451.37575657175,2397.11354461107,2715.27347338049,2670.7302989412,6611.9971578353,2016.2018323185,2103.01409471873,2490.2064343932,6482.93695074163,2545.02532322597,2000.83663015451,2300.0630261927,2551.21257269046,6218.66720109449,2602.07412386794,1966.70871453166,2605.95158506458,6497.58833516897,2140.02006069924,2122.8658832503,2782.11196057061,2585.11568502324,2492.45355938201,6359.48499890348,1598.08146081657,2151.19137387092,3135.60570163889,1960.24197054783,2615.04310124233
7414.10075935458,7682.62766294251,5799.39927891236,5820.38181054021,51.1593071043491,112.155093039032,5461.57920906395,5489.2233607488,1e+08,7995.35487572507,5694.87065667406,5352.73893129367,5199.9976834063,7710.81313471409,7982.45553205844,8497.83481287374,4914.85036157821,5443.08291605702,225.477748427906,5486.74901358412,5736.38777112601,7739.92456096526,5414.39073303929,7959.2378434898,7668.72233833344,137.84097402113,7694.23460928055,5712.60576421146,25.5164016032911,7755.95750746595,7570.49451079962,118.138931935759,8023.78011416711,7068.32244920022,5238.2725821995,5589.56237001557,115.495394432048,5285.4526425939,7041.56489767622,7871.88395085547,7358.44551425642,209.6596630025,7892.59743216296,7933.86405934432,5306.70181424417,7788.05991337788,7972.19262482477,5812.30795921738,6942.1418171275,70.5030353806567,5265.86483409569,113.911044054001,34.8874324751819,7500.15475024023,61.1928245225838,7869.71633287885,7869.75311033436,7574.71855788144,7808.25289934393,103.350559742438,13.2542755468362,332.497142476132,25.2840413732985,4942.26916183971,130.727000161334,208.171455096857,84.1530594718021,5824.38194486568,7748.00340026568,7659.19594204263,7249.39878124316,6776.34901673041,7420.17683378756,4104.53964203023,7532.2904185899,7081.68526000457,3767.99668387792,4719.8683440347,7568.48144174532,4055.37728470467,4340.93162926186,4270.59606712791,7026.07146762133,6609.05373933341,572.287120666699,4408.90712190909,6667.46942220026,7297.29946355698,980.605395502007,370.623335196533,3649.46977236282,7111.33945644038,6558.79445559372,7181.81580544679,4162.06565879155,4304.46124506728,7541.21709569253,675.172005464647,543.322931610988,441.803082943464,6635.02039879274,524.487691277391,6903.14656585878,681.819286208717,4195.26716381503,7337.34433506093,698.344961451597,7013.1725607804,7240.61890369381,7215.8959448905,7148.79500826309,6622.86860591929,420.094607471515,7856.49980396896,495.390881131529,7954.86287354695,4134.20047903274,892.688393753178,6730.31280354264,806.638201209605,468.92599219252,6907.54919952229,7117.3885873027,562.647126023094,329.373581733515,7801.9511199446,937.327551080598,6515.91069896257,7015.94043519994,751.353263438798,7242.39561168487,4371.83914794939,4376.46136612089,4566.73284015877,7224.69880926808,2194.05240123894,7933.20641026559,2139.59010451326,7957.02036473357,8245.08366114463,7861.26960524564,2230.17531785796,5955.24129825158,8124.49058108464,2356.60726744212,7858.92595925516,5832.1686631048,2237.87632804836,7667.76751334365,2493.11374735787,5858.47975898933,2382.28699038514,2311.69230373039,7516.23465474269,7376.13115325342,7680.35174615481,7673.03048516873,2225.09417717213,7693.03127860534,2238.75474725684,7971.49298816709,8121.09393814844,5897.48458182036,7945.28426968893,8868.4665857394,7999.93544289909,7859.35219935269,7862.54214767193,5976.27957483534,8039.30973206602,7656.48343720961,6115.15740056252,7682.28086885279,7901.28209018233,7854.59052644139,8685.92298736118,8164.8062580081,2515.81618909317,6074.21593341462,2201.33825720753,5811.07590306099,7888.4731125396,2451.60430708223,7641.78668222244,6428.2952018343,2347.83796769648,7691.64815893017,7628.46636607429,6075.86178217152,8072.21217682618,5831.96282315414,7930.73124428956,7840.04913164574,7253.90728477829,5930.33084223274,7731.39283015901,2358.64164635717,7568.97734766049,5851.26320749121,8149.24309726344,7152.48263574044,2343.89620029483,2279.39965930072,5941.08386788081,5971.98296346403,7732.36214010281,6036.08307620487,7976.2115232438,2389.68716317233,7932.35904089139,7997.84968892067,5932.64979540957,2328.11579677157,7689.77690767993,2256.46434355256,5637.18323764819,7764.37620296206,2491.19056414079,2436.77890738513,2189.3996967121,7915.24976787032,8269.93007919523,2286.35916013141,7419.56050986028,2252.54587958789,2411.57760835366,2060.15427852421,5833.24283680487,2459.86562088747,7794.90370223506,6004.28206678511,8683.85143587372,7654.85300455911,5949.27741156435,2376.12509271565,2420.29909297721,2342.65257450406,7865.02226293434,2341.04451656865,2512.69752052524,6067.06995864511,7650.93462834026,7995.12436747746,7944.74162567389,2434.43189655105,7816.4591182526,7901.23252488102,8088.67594407308,8154.20549135911,7917.83306650509,8252.29319469844,8219.15185660713,6108.89799555699,6088.71425506139,5994.05222714379,7482.76113118719,7808.10687904867,7647.30082944249,7785.73763882776,8025.28884568639,5964.22390013064,8070.04325436025,5985.3019061171,6139.68277097959,7639.30123980259,6073.60679392846,2480.02748226176,5930.662545718,7728.81853690764,8184.73831636168,2072.60119727855,2202.91722631636,5699.00766412655,8201.34531878357,2492.1869482465,6370.58998359451,2340.3242192441,2256.62979770173,7888.51780420292,7853.07194973147,7925.57542963,8040.57254157469,8057.20927757634,5745.15837925057,6015.34908700183,2116.45335396008,7632.63434701034,7761.24887597274,7914.23719174756,7823.43058032748,7804.01799952499,7623.79619571742,5847.03372655471,7779.1250841171,7865.43358830736,4861.82088453889,2118.83426047482,2181.98451373614,5075.24209872768,2213.02002845229,7731.75958729319,7963.2045665544,2306.22813727431,7446.49957682922,7417.18481450554,2363.90015010955,5042.33563911677,2330.79359800979,7941.04668569303,7895.59040793043,7090.03279648389,7424.56370742976,4671.68088943283,7322.12707777937,6685.73303747446,4751.24756886771,2318.94301581318,7295.43370163746,5248.01908647868,4642.88513767925,7902.455158037,2120.88243717741,7246.65285357194,4944.95070082988,2176.15463749171,4938.43668775572,4885.8216881892,5127.44524341302,7204.83127232528,2156.49184983135,7648.98920141038,2136.27472520026,2337.55080120825,7061.74489874353,2255.11118636484,2131.0956272229,2166.37979219944,2140.20537440222,7815.38755488643,4847.56589059187,5148.19660870713,7077.12826929416,4983.31755862729,2389.08382070673,2126.51450910493,2197.47301816301,2206.2047647039,4908.40123254054,7387.36935576927,5189.56260531658,7528.31442883718,7278.73027054565,2032.17103783802,4576.21800175923,7270.84486961152,7124.08495512374,5208.01531637509,6785.23212511197,7918.79294096353,7677.82147181485,7641.68575443621,7228.94869219405,7944.36324349604,2183.53230309666,4892.096012701,7093.81804970538,5189.7399866652,2184.6027059521,7565.8643034994,4983.51380008583,2167.7938502881,5305.29140375657,4974.35366748981,2272.90506018703,4995.30877246537,7207.96886732813,4492.3244749305,7355.71814929555,2662.05746437224,7228.21628409838,5243.01846071722,7791.59142936387,7262.08773016835,7314.24750807292,2222.58606056865,2231.16023681598,7853.35754705018,5038.18291595113,7365.80107125052,2340.13571458563,2485.41367226319,6918.22285892592,4829.85481370871,7824.85427923702,2087.45786289357,4755.59140416236,7119.12357600518,4877.95686209014,6759.48491663039,4528.17270929474,7527.41439460038,2131.51842143398,7214.74554531068,7349.24485458265,5141.82159649817,7306.67866832557,2288.88137262291,2225.89184005094,7460.13166827936,5093.77092753832,7857.33927281277,4999.88409105926,4547.46546843588,4936.98412046834,6888.46673268387,2262.18868338827,2190.75901667539,5054.87813572099,4938.94136879913,4958.47433878176,7324.12376696868,4822.12409048451,2122.63114758945,7682.00840010467,5132.293159984,7971.09988752335,2217.90527057367,7309.84211990022,7380.59227162858,7800.66218735408,2184.18439993251,7848.26592583924,7259.29121560184,7596.70189853253,7814.32569537331,2188.50829469674,7863.11232851101,7218.1053407124,7906.75147636664,2260.67923720493,7448.39934004822,7381.68106669189,4769.28851309723,5140.16529792966,7775.33869488839,2143.2128479313,6808.33676950394,7442.01260810146,4464.46068661847,7195.21356955784,7921.81931414858
581.254116370483,312.727212782539,2195.95559681269,2174.97306518486,7944.1955686207,8107.50996876409,2533.77566666111,2506.13151497625,7995.35487572507,1e+08,2300.48421905101,2642.6159444314,2795.35719231876,284.541741010955,12.8993436666114,502.479937148669,3080.50451414686,2552.27195966805,8220.83262415296,2508.60586214095,2258.96710459906,255.430314759797,2580.96414268578,36.1170322352447,326.632537391614,7857.51390170392,301.120266444525,2282.74911151361,7969.83847412176,239.397368259119,424.860364925447,8113.49380766082,28.4252384420629,927.032426524844,2757.08229352557,2405.79250570947,7879.85948129302,2709.90223313116,953.789978048829,123.470924869585,636.909361468634,8205.01453872756,102.757443562106,61.4908163807459,2688.65306148088,207.294962347163,23.1622509002779,2183.04691650768,1053.21305859755,7924.8518403444,2729.49004162938,7881.44383167104,7960.46744324988,495.200125484817,8056.54770024764,125.638542846203,125.601765390709,420.636317843608,187.101976381115,8098.7054354675,7982.10060017822,7662.85773324893,8020.63891709836,3053.08571388534,8126.08187588638,8203.52633082193,8079.50793519686,2170.97293085939,247.351475459365,336.158933682412,745.956094481896,1219.00585899465,575.178041937493,3890.81523369483,463.064457135145,913.669615720496,4227.35819184714,3275.48653169037,426.873433979739,3939.97759102039,3654.4232464632,3724.75880859715,969.283408103727,1386.30113639164,8567.64199639175,3586.44775381598,1327.88545352481,698.055412168082,8975.96027122706,8365.9782109216,4345.88510336224,884.015419284683,1436.56042013134,813.539070278275,3833.28921693351,3690.89363065779,454.137780032528,8670.5268811897,8538.67780733606,8437.15795866853,1360.33447693231,8519.84256700244,1092.20830986628,8677.17416193379,3800.08771191003,658.010540664131,8693.69983717667,982.182314944669,754.735972031233,779.458930834562,846.559867461978,1372.48626980578,8415.44948319656,138.855071756105,8490.74575685658,40.4920021780957,3861.15439669232,8888.04326947825,1265.04207218241,8801.99307693467,8464.28086791759,1087.80567620277,877.966288422366,8558.00200174813,8324.72845745857,193.403755780468,8932.68242680567,1479.44417676248,979.414440525118,8746.70813916386,752.959264040184,3623.51572777566,3618.89350960416,3428.62203556629,770.65606645698,8287.00679050509,1135.89433844175,8234.03485583857,1074.85095680023,1110.00627605733,1164.57340637023,8386.24738070933,3696.26962496611,1069.50224842935,8280.78003907457,1137.75550191982,3785.62446960582,8250.35941399695,1235.34376494879,8620.50786028192,3793.70931760954,8193.46767740165,8474.06283461855,1373.95331401873,1475.04167527939,1220.47595923074,1302.36073495159,8303.15993995322,1279.88925746084,8347.70511128047,1082.76254512678,1307.83348187013,3905.28772296498,1208.77030309025,1379.83899280229,1048.55872424097,1105.97070148124,1120.65685743931,3571.63716951573,1255.47822299288,1318.19719862396,3639.00066489604,1208.21492066174,1176.75210403152,1135.90595668884,1183.76680712065,1197.72193840544,8536.64178612852,3576.94202700214,8248.4583119199,3763.75759265022,1117.7563315456,8697.18026397288,1221.2959887928,3118.18575886664,8317.94707006669,1219.06988325134,1257.38979625756,3406.95501722633,1093.77923930867,3830.50265035958,1042.05080972635,1139.78419777773,1384.16006535762,3752.37880649813,1115.71575153126,8432.45287273636,1345.06919525521,3678.9724846491,1142.96255650975,1540.33748845918,8346.26193582899,8298.18067083264,3763.02956836681,3808.10954965427,1149.12013918127,3485.9474557146,1081.94322802223,8459.66462404323,1042.89201074091,1043.69389051727,3763.93401508882,8500.57866272278,1164.77855829602,8229.68115814094,4090.39753059065,1263.14996039131,8602.59446822565,8255.35452530663,8379.41773156075,1063.26088043861,1159.22379214226,8304.40541523304,1345.11995758355,8298.24103432804,8588.26028262549,7940.6223859956,3870.95010314266,8549.72680592831,1242.90404131635,3565.74303547386,1356.1201853821,1296.66407553979,3632.69341959681,8540.6438143396,8360.07186039889,8219.22306085108,1133.58235808227,8423.15864919813,8576.14824156187,3764.6792593345,1308.01599973148,1068.32516434025,1060.8585804416,8544.13840969286,1055.30345221932,1211.19633197754,1220.65829572978,1176.18440469355,1084.9940047694,1145.60232640385,1110.72997739655,3543.24673069731,3611.35826073687,3642.26765281539,1388.34918071122,1192.8537880672,1283.62184730882,1189.18284915159,1125.07044020968,3779.80345884058,1219.1650916878,3593.71977505113,3390.71636511402,1287.07059697727,3409.24760379098,8477.78073295397,3710.53778711991,1277.87061875659,1120.13201704101,7970.55356986025,8107.1483909158,3993.27028910431,1174.63130394139,8646.32591669406,3217.88529997445,8505.47194704014,8210.64602293742,1177.11650255811,1101.97103232986,1051.38377460048,1200.59116234166,1156.93001824502,3826.13397047886,3489.52995921077,8142.06022560628,1268.66750737407,1293.6411440998,1243.6185312626,1104.23722632206,1231.31642548072,1330.19872766339,4027.78867307009,1183.66398293429,1090.24951888694,4673.58863951909,8884.46994270192,8746.56527759223,4483.72134700006,8641.37547614368,1087.1180122205,1160.11408811558,8941.81385414987,1300.05620476644,1262.26401166826,8882.37545458131,4404.79888311158,8892.12758101774,1149.26704057575,1103.74130222127,1508.49711110239,1264.46593471243,4925.19269671844,1356.07100794867,1749.14582769315,4833.21651836826,8918.88454627383,1349.11385094392,4238.56698876748,4848.44825615834,1014.98098167692,8783.47151848636,1389.2384382961,4427.17463736609,8846.74428060873,4386.59308211597,4605.64651654316,4279.06867901027,1379.10780741071,8740.93946190153,1140.83280383147,8715.06349500376,8821.8761588674,1463.04621870506,8824.83778506354,9008.61217963356,8905.95260007926,8927.94792002325,1165.41906388206,4523.16311166244,4291.66165185371,1432.08840074839,4479.97323051347,8871.08864806181,8729.44503062221,8799.50911972174,8862.69031944551,4445.22197444625,1273.8728555486,4283.60862836165,1197.13862165973,1290.77153138433,8695.10086408288,4886.86716579659,1283.98002894851,1459.56166553571,4152.42786016625,1658.80888754712,1171.35036448075,1119.17126441907,1217.61626624716,1384.66924468414,1134.60671088632,8600.60129760134,4559.58493965126,1447.18301071323,4199.82222139368,8767.77030203318,1240.09505403416,4414.3358837711,8809.13696947066,4088.64959582164,4574.13124219994,8829.34330472105,4422.64016326663,1387.31901131873,5133.95171990345,1373.81838565331,9180.48666972284,1348.34289381081,4161.00815883241,1117.47966503839,1312.64797916657,1325.73841041447,8824.59854990149,8873.83368913904,1215.61377585283,4485.19871575641,1209.81972629172,9148.7688709509,9373.02811806143,1564.13929008415,4655.55976448924,1159.40320309516,8706.61542811936,4620.60334151494,1446.80375929996,4678.16197858924,1664.35102638844,4691.43767368381,1219.9398184106,8822.23126795853,1392.01850324933,1361.57507143975,4273.60026447448,1228.26185673784,8862.24057132533,8720.79682941028,1280.34881138523,4318.15655423865,1066.61004011963,4578.22498197027,4849.94459185208,4575.2060509571,1610.95068856965,8813.65650408623,8665.58743295796,4303.70072125534,4676.9249041876,4573.76102366504,1316.20520735857,4611.39827860294,8865.80790060341,1210.0461870761,4330.16339501962,1190.7754381389,9026.0718175008,1250.18058351272,1268.57903324834,1134.98053033072,8892.47524441302,1161.94584797667,1345.09997662273,1181.22102292439,1280.13541690251,8612.68479682126,1292.79544238219,1372.69728882244,1177.51438683404,8899.31989788737,1174.27714394373,1313.06769068079,4574.55039770582,4208.15125887409,1218.43024877061,8766.28821415993,1610.70245256953,1221.5443794162,5025.78454529464,1413.48783781441,1160.51224454504
1719.23010268052,1987.75700626847,104.52862223831,125.511153866143,5643.71134956971,5807.02574971308,233.29144761011,205.647295925252,5694.87065667406,2300.48421905101,1e+08,342.131725380401,494.872973267763,2015.94247804005,2287.58487538439,2802.96415619967,780.020295095853,251.787740617045,5920.34840510195,208.121643089944,41.5171144519465,2045.0539042912,280.479923634779,2264.36718681576,1973.85168165939,5557.02968265293,1999.36395260648,17.7351075373926,5669.35425507076,2061.08685079188,1875.62385412555,5813.00958860981,2328.90945749306,1373.45179252616,456.598074474567,105.308286658473,5579.375262242,409.418014080157,1346.69424100217,2177.01329418142,1663.57485758237,5904.53031967655,2197.7267754889,2238.99340267026,388.168842429876,2093.18925670384,2277.32196815073,117.437302543324,1247.27116045345,5624.36762129341,429.005822578379,5580.95961262007,5659.98322419888,1805.28409356619,5756.06348119663,2174.8456762048,2174.88245366029,1879.8479012074,2113.38224266989,5798.2212164165,5681.61638112721,5362.37351419793,5720.15469804734,752.601494834338,5825.59765683538,5903.04211177092,5779.02371614585,129.511288191616,2053.13274359163,1964.32528536859,1554.52812456911,1081.47836005635,1725.30617711351,1590.33101464382,1837.41976191586,1386.81460333051,1926.87397279614,975.002312639366,1873.61078507127,1639.49337196938,1353.93902741219,1424.27458954614,1331.20081094728,914.183082659357,6267.15777734076,1285.96353476497,972.598765526198,1602.42880688292,6675.47605217606,6065.49399187058,2045.40088431123,1416.46879976632,863.923798919666,1486.94514877273,1532.80499788251,1390.40941160678,1846.34643901847,6370.0426621387,6238.19358828505,6136.67373961752,940.149742118696,6219.35834795146,1208.27590918473,6376.68994288276,1499.60349285902,1642.47367838687,6393.21561812565,1318.30190410633,1545.74824701977,1521.02528821644,1453.92435158902,927.997949245222,6114.96526414556,2161.6291472949,6190.26153780558,2259.99221687291,1560.67017764131,6587.55905042724,1035.44214686859,6501.50885788366,6163.79664886658,1212.67854284824,1422.51793062864,6257.51778269715,6024.24423840757,2107.08046327054,6632.19820775465,821.040042288521,1321.06977852589,6446.22392011285,1547.52495501082,1323.03150872466,1318.40929055316,1128.13781651528,1529.82815259402,6099.10323006215,2434.42181044311,6042.16885035753,2437.04045214322,2708.64664279885,2376.23328661561,6198.67848010241,2614.31195268708,2589.57472396066,6110.51724286922,2364.72106574712,2625.5291759707,6068.21806625358,2214.241660618,6451.25216415795,2650.57599935196,6029.00481191015,6291.63973133153,2120.95518096029,2025.64798539673,2220.90795048987,2246.60463402998,6117.95777720995,2257.06217852811,6162.40668940183,2453.09067282818,2663.37926826655,2787.35704899121,2470.48480981896,3299.22169597832,2469.09593001771,2354.36546192191,2362.362924296,2502.33160675211,2572.49303701755,2236.91919530352,2662.85556313023,2218.05074191381,2418.31843318571,2359.93835310935,3099.16643193821,2664.94119418933,6373.89070057229,2574.53786696798,6062.52916659177,2589.43198989688,2386.13773305891,6519.6123342946,2182.62234634541,2390.45698798141,6145.40233062617,2231.58068408021,2183.81290173498,2405.91131900523,2549.44592527945,2671.36030323581,2401.98524661878,2347.32391509473,1844.90362920746,2654.64186451897,2232.58737836184,6256.73647072287,2161.35085247747,2527.95222555564,2633.9253869845,1818.9491813395,6172.25491296843,6118.8979945913,2672.24000041447,2736.76513976698,2245.58377576812,2457.15405125796,2457.24276811836,6286.22084300696,2403.79117580944,2465.68127305614,2667.75212704435,6318.80109894965,2208.95606582827,6050.17193105235,2821.29052036445,2319.766657004,6433.98345841487,6095.04103743495,6187.90800547276,2393.89926768078,2744.88309979949,6125.65640900529,2006.77785034024,6116.09432772384,6411.57704752247,5747.30200384153,2713.3628429668,6380.09625138617,2341.33403609463,2515.59686202698,3147.42473563053,2226.32417284797,2546.03956597187,6362.27477697315,6194.01273158727,6049.47142688684,2369.12121698024,6245.90837589292,6411.20217806182,2754.08851873458,2227.17843003957,2470.64705740081,2421.09500442315,6371.9518462081,2295.99115219208,2430.35467085983,2604.87837341823,2648.72031077985,2403.2846270034,2725.46828707117,2686.08764451349,2564.9433110662,2618.24288168698,2585.69025812311,2093.39813316737,2335.441348197,2213.4358676428,2312.50775439317,2516.30549923037,2703.74759584348,2587.69536129223,2530.89274884572,2436.00078868297,2206.90459755672,2406.58615472122,6313.61283548531,2612.63163984911,2291.16795180032,2658.49199529291,5778.01816364308,5925.37341105676,2757.19031472291,2689.78736965699,6475.7125731191,2439.61568604049,6324.78602164951,6031.74054273242,2406.42572820761,2346.98833759713,2399.98481476317,2554.90588335524,2555.63808728487,2612.12369903013,2446.12137163653,5950.34934832385,2192.63126839806,2328.70684386854,2454.07666733383,2319.09813449114,2345.70482988834,2209.69128312701,2879.42141683779,2304.07262732763,2354.98597461827,3042.68052314903,6664.31940310369,6539.07323157285,2937.63551831306,6441.73537576145,2222.8827700999,2470.47055809026,6736.45683862667,2014.31920648104,1965.4867729263,6686.01041405857,2834.47461688586,6691.89658392754,2446.21868975982,2388.26305337414,1727.28524001004,1974.49025843074,3233.6580812826,1906.55560735227,1392.61930890814,3167.48715135048,6716.03098460327,1873.3072402135,2760.40624265717,3137.69251050852,2366.65491914937,6568.45859914623,1839.41139406341,2809.83273557488,6633.81747831281,2760.77397119786,2979.28954490862,2739.63709410714,1785.93409726985,6531.27719816406,2158.73822429645,6504.68167608504,6626.02296069156,1664.9717768466,6620.60927005804,6783.08987000478,6689.09528631822,6707.53010150366,2332.58058517876,2869.26904392785,2764.74969068672,1664.59421741676,2887.85926213176,6677.90764166006,6517.48468719975,6590.95332992357,6651.80935660481,2811.68820795761,1938.32516105755,2778.0739739845,2055.95162460373,1824.70105623129,6475.9919676514,3151.93241657173,1812.19978912973,1737.62131413022,2642.85190640702,1451.12393777619,2432.88652632437,2180.00689724643,2181.05574800922,1816.7741195833,2444.44190430582,6399.83635376242,2931.40269171519,1694.07224430602,2685.5063258658,6559.51983032971,2112.95714368674,2815.04352953946,6597.28296307194,2627.65137828083,2986.84995658226,6626.63599701156,2830.3013096003,1794.08802577852,3388.11985475006,1952.26157274201,6997.80719415683,1796.35935316393,2672.21445239396,2292.62352680919,1816.71996508527,1882.50642860873,6617.21660948934,6664.77355208988,2386.88937187009,2920.83915927019,1884.73742206828,6934.83123454272,7159.06063620938,1553.31892026664,3008.14982962228,2339.5666188525,6492.05094191488,2934.82275503428,1724.11856868926,3055.09202129329,1420.75232349591,2911.27608990021,2064.53218373898,6606.33872029294,1804.48804864729,1939.09318551613,2741.30941433731,1826.10669097137,6659.41591281453,6518.78564651954,2019.83398985989,2765.12837572253,2339.44963733544,3003.5359931349,3098.89188684906,2970.13599330172,1549.34077581538,6610.68763807505,6462.67865160732,2728.29457777929,3081.81773542955,2978.83837923448,1888.77962769135,2955.67316425963,6646.94230159124,2218.49022249245,2798.79283895222,2488.1246734056,6807.58511837,1840.28896799903,1928.3985331554,2307.57334732942,6677.98070393972,2362.9119671434,1830.36061390305,2120.75137805691,2374.02220404917,6411.88858822048,2424.71664747061,1797.79907361107,2423.72013592142,6691.78570161597,1960.59957487407,1950.6801139331,2889.48106933015,2667.29808333425,2313.28512427797,6554.17810229464,1443.64094240319,1974.14487001024,3259.56994822196,1793.90540435805,2432.02161414564
2061.36182806092,2329.88873164887,446.660347618711,467.642879246544,5301.57962418931,5464.8940243327,108.840277770291,136.484429455148,5352.73893129367,2642.6159444314,342.131725380401,1e+08,152.741247887364,2358.07420342045,2629.71660076479,3145.09588158007,437.888569715452,90.3439847633559,5578.21667972155,134.010082290456,383.648839832346,2387.1856296716,61.6518017456218,2606.49891219616,2315.98340703979,5214.89795727252,2341.49567798688,359.866832917794,5327.22252969036,2403.21857617228,2217.75557950595,5470.87786322942,2671.04118287347,1715.58351790656,114.466349094167,236.823438721927,5237.2435368616,67.286288699756,1688.82596638258,2519.14501956182,2005.70658296277,5562.39859429617,2539.8585008693,2581.12512805066,46.0371170494752,2435.32098208424,2619.45369353112,459.569027923725,1589.40288583385,5282.23589591299,86.8740971979787,5238.82788723965,5317.85149881847,2147.41581894659,5413.93175581623,2516.9774015852,2517.01417904069,2221.9796265878,2455.51396805029,5456.08949103609,5339.48465574682,5020.24178881752,5378.02297266696,410.469769453938,5483.46593145498,5560.91038639052,5436.89199076545,471.643013572017,2395.26446897204,2306.45701074899,1896.65984994951,1423.61008543675,2067.43790249391,1248.19928926342,2179.55148729626,1728.94632871091,1584.74224741573,632.870587258964,2215.74251045167,1297.36164658898,1011.80730203179,1082.14286416574,1673.33253632768,1256.31480803975,5925.02605196035,943.831809384572,1314.7304909066,1944.56053226332,6333.34432679566,5723.36226649019,1703.26915893083,1758.60052514672,1206.05552430007,1829.07687415312,1190.67327250211,1048.27768622638,2188.47816439888,6027.9109367583,5896.06186290465,5794.54201423712,1282.2814674991,5877.22662257105,1550.40763456512,6034.55821750238,1157.47176747862,1984.60540376727,6051.08389274526,1660.43362948674,1887.87997240017,1863.15701359684,1796.05607696942,1270.12967462562,5772.83353876518,2503.7608726753,5848.12981242519,2602.12394225331,1218.53845226091,6245.42732504682,1377.57387224899,6159.37713250326,5821.66492348618,1554.81026822864,1764.64965600904,5915.38605731674,5682.11251302716,2449.21218865094,6290.06648237425,1163.17176766892,1663.20150390629,6104.09219473245,1889.65668039122,980.899783344258,976.277565172755,786.006091134884,1871.95987797443,5781.18564918037,2742.26704553348,5723.47804987199,2748.59100864953,3024.695553148,2681.16780450555,5880.70537520426,2592.93481569579,2904.68911731882,5796.33822971655,2671.16967477886,2586.77441839675,5751.57045006994,2511.81026887601,6136.80684457881,2614.20958444075,5716.18523156841,5974.63787274301,2406.41675955739,2300.87672289893,2519.63968500511,2539.63274565351,5800.59111930028,2551.95337531288,5844.96163797515,2764.48446031461,2966.19355857628,2749.68360250432,2774.49254724688,3622.79473679548,2782.75283073692,2662.63344348806,2669.84746414511,2489.9497907211,2876.04284195607,2528.57259434776,2660.83776580197,2517.62656947795,2723.27164922754,2666.42373549884,3424.76237930567,2974.70927776728,6060.91288293215,2572.02459152289,5745.08080557934,2549.45317243128,2694.2040836507,6203.34489650098,2480.85092019617,2454.0196584003,5830.68789366218,2530.54970208625,2479.37239800921,2413.94508838795,2862.25711812694,2630.48200641817,2714.81451151826,2653.35494990322,2128.15783147341,2627.78497328834,2538.64770776962,5941.19551001054,2449.7418607431,2496.4282413489,2946.04256237334,2086.11909303569,5857.19215905698,5802.78962499793,2645.94676815255,2711.30923246796,2549.57570709751,2456.09681791729,2768.76478511924,5971.11913576048,2716.60203680822,2779.54500928489,2640.54776310576,6001.90095550719,2511.47822091629,5734.11106627292,2749.41189603745,2616.9573645309,6119.69597888172,5782.99894014117,5869.1119083412,2705.37060049598,3059.27761765474,5809.65218998535,2293.71234504714,5799.38048616286,6095.62941781549,5428.69065802538,2670.75212375753,6065.6681933894,2640.35792308587,2506.5055564285,3465.5699778488,2519.47065226519,2527.42989859505,6046.03640668558,5880.60085709697,5735.492746946,2675.90817181911,5930.05809918321,6097.71226588295,2740.32427450083,2519.46525796356,2783.21612905404,2733.16867233301,6056.99874956443,2606.54353648959,2733.31577225768,2911.53778020429,2959.30535762937,2713.63331342599,3040.04074323208,3001.45714260769,2567.94600150008,2615.19036473057,2571.24116376382,2377.29271554825,2637.79515777555,2507.39033038405,2614.73071801065,2826.5422836043,2678.95375403597,2893.97658215572,2518.22394434491,2451.71479418453,2500.50468025081,2414.23642106213,6000.42443665697,2587.95377148427,2586.77881644266,2972.57530157078,5459.53460251138,5609.00533895992,2695.41681440654,3001.64509087371,6160.95148337069,2490.18414878626,6008.10818259414,5715.83471861944,2711.11934727987,2655.38880689294,2712.24583703559,2861.48275079209,2864.90666997925,2562.20380522446,2442.65296832511,5631.81071050833,2487.44515539249,2623.85411173733,2755.40902436315,2626.94760232522,2645.61649923464,2499.97486931379,2831.17087814313,2606.53628865763,2664.22758049488,2879.31181068958,6339.03057495385,6216.53433670922,2797.74646158759,6120.93772526846,2530.69791857178,2777.56544463544,6414.18331290272,2305.1417761516,2259.38785145165,6365.64939344956,2692.15541590324,6370.72747624827,2753.47470822006,2697.22491173419,1998.23037543591,2268.20528881309,3050.92830855185,2192.30127438731,1636.13106242594,2992.50457154182,6394.2951124554,2159.77293476181,2642.98125906407,2952.51627531569,2680.47855606138,6244.32012003136,2122.19616984453,2656.791036533,6310.05932697929,2607.25948953287,2818.80947095338,2608.22243826712,2070.06777957718,6208.29118626156,2462.47385877641,6181.56905836696,6305.82823852661,1941.69779425456,6298.67594606148,6456.59676345288,6364.47291397704,6382.15252306751,2636.71106132698,2705.2749545364,2635.44299305476,1944.75595781937,2738.48234170528,6358.21546898352,6194.02963875427,6268.1446653276,6328.46215377314,2654.56336715598,2231.28920412568,2653.42568726136,2355.11310026299,2116.84826912399,6151.07203682539,2960.50860312348,2105.09372202834,2013.86822438441,2522.53919424798,1706.99331899555,2738.48100517969,2485.36948593551,2479.53688864341,2100.12532466463,2752.56617045004,6078.8457091681,2771.88250411481,1972.14182920262,2562.30595042079,6236.80348441888,2409.14548046321,2666.28762622041,6273.78002097676,2519.79029402288,2835.58234800122,6305.01389890481,2682.7451317569,2077.33841987824,3189.16654475382,2236.42140385632,6679.95255964225,2083.40114775443,2555.75221099101,2599.27426543228,2106.93892426805,2171.08427044495,6294.62912945366,6341.79415496092,2688.66101390907,2777.1170727779,2183.34001216569,6610.62135919692,6834.67898102305,1819.86420801841,2841.73141328849,2644.20483904577,6168.07203582312,2760.99099946191,2001.87037759132,2893.27046509831,1676.57137730258,2714.19309066893,2361.98551904716,6281.98468555514,2087.19515324071,2224.34206818396,2611.57213066109,2123.76076467844,6337.73854262803,6197.41310111068,2312.31436424397,2629.45611558406,2649.88871990609,2854.78132822782,2904.68975620056,2815.08303016753,1809.86814672839,6289.02616047727,6141.1736109974,2588.46268034827,2925.94271101918,2825.97386240803,2178.19400600813,2788.69054599177,6321.93494972744,2517.94056317114,2667.16315481348,2793.69081584799,6482.53267362681,2135.88661428304,2221.83735050949,2613.30520959544,6353.85908106797,2667.77983149904,2117.43045583123,2421.38157123129,2671.06334233899,6090.87888164699,2721.98159928129,2082.46220202496,2728.73353070384,6369.0998723082,2261.56489519701,2240.26030892583,2717.11074820685,2538.31369683007,2613.51775039118,6230.65925932238,1706.55640213039,2271.35591598408,3058.1970884882,2074.53171602296,2738.2847479955
2214.10307594828,2482.62997953623,599.401595506075,620.384127133907,5148.83837630195,5312.15277644532,261.581525657655,289.225677342512,5199.9976834063,2795.35719231876,494.872973267763,152.741247887364,1e+08,2510.81545130782,2782.45784865215,3297.83712946743,285.147321828089,243.08523265072,5425.47543183419,286.75133017782,536.390087719711,2539.92687755897,214.393049632986,2759.24016008352,2468.72465492715,5062.15670938516,2494.23692587424,512.608080805156,5174.48128180299,2555.95982405965,2370.49682739332,5318.13661534206,2823.78243076083,1868.32476579393,38.2748987931966,389.564686609291,5084.50228897424,85.4549591876077,1841.56721426993,2671.88626744918,2158.44783085013,5409.6573464088,2692.59974875666,2733.86637593802,106.704130837888,2588.0622299716,2772.19494141849,612.310275811088,1742.14413372121,5129.49464802563,65.8671506893851,5086.0866393523,5165.11025093112,2300.15706683395,5261.19050792888,2669.71864947257,2669.75542692806,2374.72087447516,2608.25521593765,5303.34824314873,5186.74340785945,4867.50054093016,5225.28172477958,257.728521566574,5330.72468356763,5408.16913850315,5284.1507428781,624.384261459379,2548.0057168594,2459.19825863635,2049.40109783687,1576.35133332411,2220.17915038128,1095.45804137606,2332.29273518362,1881.68757659827,1432.00099952837,480.129339371601,2368.48375833903,1144.62039870162,859.066054144429,929.401616278379,1826.07378421504,1409.05605592712,5772.284804073,791.090561497208,1467.47173879396,2097.30178015068,6180.60307890829,5570.62101860282,1550.52791104347,1911.34177303408,1358.79677218743,1981.81812204049,1037.93202461475,895.536438339017,2341.21941228624,5875.16968887093,5743.32061501729,5641.80076634976,1435.02271538646,5724.48537468369,1703.14888245249,5881.81696961501,1004.73051959126,2137.34665165464,5898.34264485788,1813.1748773741,2040.62122028753,2015.8982614842,1948.79732485679,1422.87092251299,5620.0922908778,2656.50212056266,5695.38856453782,2754.86519014067,1065.79720437355,6092.68607715947,1530.31512013635,6006.63588461589,5668.92367559882,1707.551516116,1917.3909038964,5762.64480942937,5529.37126513981,2601.95343653829,6137.32523448689,1315.91301555628,1815.94275179365,5951.35094684509,2042.39792827858,828.158535456892,823.536317285392,633.26484324752,2024.70112586178,5640.16956297906,2882.19901212454,5582.09781193154,2889.91388093815,3167.54276455076,2820.05979712681,5739.64665348377,2597.92273932225,3047.25079477051,5657.12334345795,2810.64042498528,2583.95198351302,5611.17243495592,2648.13477310076,5997.40463086829,2612.31760547812,5577.64152573057,5834.03237369532,2538.38608352517,2429.24569585239,2656.38822475968,2674.22042360357,5659.83777602542,2687.22276228573,5704.16323751913,2905.73602910973,3104.02070781329,2746.49236941915,2912.94540311984,3768.30935692478,2924.84387658622,2802.79493049088,2809.70842571797,2499.56825464228,3014.22921543746,2662.66053431559,2674.10721816879,2654.69260833502,2862.13013704687,2805.91279253698,3571.11981731125,3115.18956276406,5922.22845317115,2585.56056512689,5604.29723407509,2546.28738736516,2834.26151739268,6063.05740771479,2617.46230233561,2497.0525190773,5691.20859362769,2667.37303708326,2614.99143265091,2433.1060968402,3003.97323437446,2626.45503651512,2856.64398250533,2792.68599274107,2259.88066611087,2630.11504501735,2678.10558328877,5801.29882628375,2582.73061326451,2497.40476101143,3087.43837337813,2212.07110943045,5717.54026014778,5662.64302674111,2648.43257242028,2713.82948106997,2688.25122781767,2470.9674388051,2910.06141003977,5831.42886228685,2858.4232413665,2921.71625035272,2642.6520963326,5861.34014659271,2649.64951935025,5593.99939788347,2730.58461129599,2753.00689646265,5980.37237784105,5644.8168982612,5727.65810202415,2846.69765268391,3201.47292835331,5669.55464758011,2426.43614011991,5658.94235502366,5955.51204688771,5287.39893528952,2665.7234913657,5926.28602455102,2777.06938539983,2517.49365545053,3609.0198734851,2654.13128423127,2534.0360154407,5905.78705473875,5741.74009544555,5596.385925874,2815.50156005816,5790.01432937055,5958.7754426456,2747.9450478411,2653.80389351288,2924.89674078127,2874.70024736716,5917.36564320504,2747.60963300084,2871.41242082473,3050.87932567361,3100.10819617835,2854.53194966635,3182.3151967119,3144.05819886327,2583.95335229482,2628.24584427453,2579.45790189625,2508.73112642166,2775.76155267542,2642.37051745311,2752.6730396755,2967.30926869625,2681.9395642941,3033.18820814075,2527.54470863656,2474.02142796315,2635.36218375747,2433.2262477324,5861.6494947161,2591.48537113616,2722.27237689062,3114.70317005713,5318.29935591023,5468.76773444314,2681.50824685377,3142.90543565894,6021.39374201675,2527.42926315271,5867.65338493944,5575.80117465561,2849.89155934057,2795.60653007997,2853.86395439502,3000.83356636986,3005.27726470923,2554.4391935968,2456.53640250483,5490.51905496229,2622.77468082054,2759.12570314391,2892.86739345925,2766.98524599563,2782.65607326563,2633.59206059562,2822.78309270824,2744.57783760227,2804.75268620199,2816.75479930038,6194.39463282107,6073.23248563307,2746.77745585409,5978.48471457819,2670.81655841796,2917.18356147171,6270.98690793469,2439.27908448868,2394.73657091349,6223.37577601445,2640.4815821044,6228.06565434675,2893.17462351889,2837.61622212269,2125.82999814997,2403.47059187208,2978.43380983762,2324.79169903534,1755.49935788756,2923.94553373838,6251.35875628347,2292.5959315467,2603.39674439189,2879.14257444023,2822.70673384546,6100.24632881656,2253.76192224163,2600.12018389527,6166.1614493741,2550.58649245379,2757.87440825762,2562.15916805898,2202.24807844421,6064.77532245936,2601.1535901815,6037.99530536556,6163.6416972449,2071.55770400003,6155.65564694101,6311.37216344854,6220.15456269876,6237.46992281494,2775.34559157442,2643.09822089993,2590.2522578801,2075.83816264765,2683.21907844306,6216.26354646833,6050.2898193795,6124.7073798346,6184.75969731125,2595.93030588243,2366.34451550617,2610.36462606643,2492.24326920535,2251.82487865644,6006.63199829456,2884.06557336856,2240.36393609274,2143.34203683413,2482.20587052842,1830.34597237734,2877.56722730594,2624.62593120152,2616.24402091715,2231.949562872,2892.59452274412,5936.30522870945,2711.59620531785,2102.39379911503,2520.38914260092,6093.41405088152,2545.09889560885,2611.63912214591,6130.00855934794,2485.36986389817,2779.01329404583,6162.1422984658,2628.59986063305,2209.18103456438,3108.40338946267,2368.23683681144,6538.8407810767,2216.60261672131,2517.0691631447,2738.89037940591,2241.23833180957,2304.6538330814,6151.29515510922,6198.2668638145,2826.35426208209,2724.40217988487,2320.53201251026,6466.47744078188,6690.43303366416,1946.50714354449,2777.84146875001,2783.02225654187,6024.0830516998,2693.81379192603,2131.92242734054,2831.40784742796,1800.06047497411,2635.80552038141,2498.47606958507,6137.80342439763,2218.81661731523,2356.58311298794,2566.29268722631,2260.71317427369,6194.83664794749,6054.67413167224,2447.05028394668,2581.25544069841,2790.87478424444,2799.34153043638,2827.06598931131,2756.77647847794,1934.40408738174,6146.13750629706,5998.37779978594,2538.46800730041,2866.81971112894,2768.67611615554,2312.05418037915,2724.72996272375,6177.4358465945,2654.95939831294,2620.71389545553,2932.71629305524,6337.99681697444,2272.07425795355,2357.0832005725,2752.56367106762,6209.78218918035,2806.65992379751,2250.56568271611,2558.96286030919,2806.99141274045,5948.32768539399,2857.93534856888,2214.80456069862,2867.60955470976,6225.71054723897,2399.4927900111,2374.05963877672,2650.8176758601,2493.76525833378,2750.71456257386,6086.88478102244,1832.39724595869,2407.89688360722,2976.60614716049,2205.42918853363,2877.62348620108
296.712375359529,28.1854717715842,1911.41385580174,1890.4313241739,7659.65382760976,7822.96822775315,2249.23392565016,2221.5897739653,7710.81313471409,284.541741010955,2015.94247804005,2358.07420342045,2510.81545130782,1e+08,271.642397344343,787.021678159623,2795.9627731359,2267.73021865709,7936.290883142,2224.06412112999,1974.4253635881,29.1114262511578,2296.42240167483,248.42470877571,42.090796380659,7572.97216069297,16.5785254335698,1998.20737050266,7685.29673311082,45.144372751835,140.318623914492,7828.95206664987,312.966979453018,642.490685513887,2472.54055251462,2121.25076469852,7595.31774028205,2425.3604921202,669.248237037876,161.07081614137,352.367620457679,7920.47279771662,181.784297448849,223.050924630209,2404.11132046993,77.2467786637916,261.379490110676,1898.50517549672,768.671317586597,7640.31009933343,2444.94830061842,7596.90209066009,7675.92570223891,210.658384473861,7772.00595923668,158.903198164751,158.939975620246,136.094576832653,97.4397646298398,7814.16369445653,7697.55885916728,7378.31599223796,7736.09717608741,2768.54397287438,7841.54013487543,7918.98458981097,7794.96619418591,1886.43118984843,37.1902655515897,51.6171926714581,461.414353470941,934.4641179837,290.636300926538,3606.27349268387,178.522716124191,629.127874709541,3942.81645083618,2990.94479067941,142.331692968783,3655.43585000943,3369.88150545224,3440.21706758619,684.741667092772,1101.75939538069,8283.1002553808,3301.90601280502,1043.34371251385,413.513671157127,8691.4185302161,8081.43646991063,4061.34336235128,599.473678273729,1152.01867912038,528.997329267321,3548.74747592256,3406.35188964683,169.596039021573,8385.98514017874,8254.1360663251,8152.61621765755,1075.79273592135,8235.30082599151,807.666568855325,8392.63242092283,3515.54597089907,373.468799653175,8409.1580961657,697.640573933714,470.19423102028,494.917189823607,562.018126451023,1087.94452879482,8130.90774218562,145.68666925485,8206.20401584563,244.049738832859,3576.61265568137,8603.50152846728,980.50033117146,8517.4513359237,8179.73912690663,803.263935191814,593.42454741141,8273.46026073721,8040.18671644762,91.1379852304861,8648.14068579471,1194.90243575153,694.872699514164,8462.1663981529,468.417523029228,3338.97398676471,3334.3517685932,3144.08029455534,486.114325446023,8012.97306804282,1135.81319850622,7959.60624046174,1083.23124158621,1188.93438487579,1145.97699490304,8112.28708612302,3499.18222938178,1121.68368664727,8008.40628219924,1119.10938907626,3582.93162678012,7976.85193651911,1170.52221870316,8348.39064393948,3592.69297213066,7921.59624718036,8200.62691345262,1279.46862212173,1356.66375507568,1158.3534578723,1239.76303473625,8029.38762816626,1221.46960464857,8073.94296453927,1094.55775076918,1342.62419397179,3708.40010901753,1209.0018273036,1562.42256764057,1069.54117370746,1088.0560204463,1103.26224054054,3373.3705867114,1275.21644991632,1252.2014761518,3450.77347435582,1146.35026626907,1167.56513418759,1116.21045861509,1357.33568664831,1249.76110643905,8265.10609196874,3384.99667276551,7974.59370099344,3559.41744227982,1107.00575431935,8424.30155332793,1150.08028026585,2941.70416942697,8045.37587818094,1159.59238048859,1183.94556298709,3211.5404231305,1130.79140488151,3628.62887201482,1044.77840895266,1116.3849343193,1235.43445084054,3554.82816587298,1064.77587674763,8159.63488326943,1260.79884471992,3475.27794243521,1195.51414993601,1383.75709254432,8073.56597212268,8024.9642086932,3566.30655357111,3613.97328110275,1098.74660812637,3289.67403454006,1094.99964697556,8187.07475624472,1046.0269222215,1064.38461225361,3566.72734237004,8227.2153331582,1103.99900606305,7956.41182703359,3882.36831594001,1220.72986100071,8330.53064907527,7983.90697724235,8105.08234014529,1061.08249638977,1239.30602286166,8031.24213888548,1228.83840488987,8024.75455166238,8315.41956708306,7665.93175750011,3669.86336274834,8277.54129949716,1207.54033783748,3369.12406786129,1504.41304587162,1229.96659272717,3434.00411508744,8267.62181926793,8088.13477363693,7946.86692066869,1116.54644491213,8150.19102120445,8304.42208694865,3575.52221761186,1240.64470996125,1086.98380789033,1066.59318522344,8271.70673351194,1026.80483500604,1201.0430161246,1253.53945388602,1227.37024707986,1082.76424721263,1222.79644082207,1183.18238690465,3352.88848800499,3420.97472462166,3446.53287882645,1287.44812069986,1160.99676972414,1215.01030057882,1151.98366202163,1148.37586538906,3584.740795032,1247.85123233411,3396.47883427386,3199.26245948543,1216.73670530054,3213.73419593331,8206.08129141688,3512.23574873153,1227.45671337201,1183.2406987136,7695.94907011762,7833.60931489599,3786.88838535342,1237.07524846411,8374.09056790091,3039.1711458391,8232.21442933251,7937.42458547401,1164.84457507386,1082.51436992076,1052.375942073,1223.47487062309,1186.23478250726,3619.24358393151,3291.98465413609,7867.60729105833,1196.43850600335,1250.45534803495,1235.549255873,1077.08967395054,1198.14998888124,1257.33322238038,3829.93064915872,1144.89043024768,1074.23030858737,4439.84900092174,8607.57829557264,8470.84396595048,4255.69467989626,8366.36779733781,1035.95142724384,1166.47851632323,8666.35819841459,1187.15492155032,1140.36861245275,8607.76464360007,4174.03283533801,8617.148668226,1150.63988455345,1095.1864681872,1337.72515731031,1144.42287678519,4687.95170548732,1219.61272268155,1532.10505182883,4597.60529778581,8643.66233158789,1206.40717895142,4014.00116023453,4609.11780526077,1010.90413720396,8507.04320155944,1239.41023679056,4192.6752162605,8570.5338036577,4151.05853889679,4371.7926403262,4049.73891958538,1219.66457481243,8465.00922644079,1069.25383010066,8439.05661647917,8547.29356228899,1282.57902579212,8549.45354272664,8731.23667330702,8629.3823172369,8651.04213007457,1135.59042591194,4286.39022082231,4063.50388717217,1251.52394585346,4248.01481494439,8596.77982068679,8453.29204183316,8523.70271835488,8586.68048019479,4209.52888865972,1145.91689718818,4057.17676843108,1097.76112726303,1139.39408376792,8418.25689378232,4645.72958258042,1130.16447151795,1290.99180055502,3924.3151537499,1448.4953987049,1166.54819924853,1054.42760170772,1146.28732142578,1230.76957489415,1137.34618905582,8325.47226636223,4325.22986525699,1271.47314159755,3971.80673602229,8491.98322176847,1151.615985973,4181.22913513241,8533.0180633275,3863.90335301765,4343.34318936129,8554.10625279886,4190.18363635169,1229.26738995359,4893.21991151103,1245.68295713633,8907.30317250427,1191.07925290551,3934.72508768426,1082.03633481216,1159.54012966526,1185.28459875939,8548.91225664355,8598.00170936433,1194.15264767926,4255.62894216811,1071.62246345678,8872.54571484695,9096.86088168444,1367.01854211844,4420.29698133163,1131.96591047397,8430.2074115539,4381.89118395247,1276.08204711156,4445.12079785063,1450.34128516351,4445.44375953617,1121.49372278401,8545.72998761,1235.78853125866,1231.2757492388,4044.8157320889,1077.43492314826,8587.00294796222,8445.59038551094,1169.41241349014,4088.05870223428,1048.93713245539,4348.5430295359,4607.25011809117,4342.91751897194,1413.31513765298,8538.38927994205,8390.27675020155,4071.60611518383,4446.26178233681,4342.32088096431,1177.18088093012,4375.12189077565,8589.03426996846,1148.14669255948,4101.99790978473,1197.77525501735,8749.37727661029,1102.22618423082,1138.67617147114,1101.75003049658,8616.12772092916,1140.21827049624,1194.26456628429,1097.8981146964,1248.81380360997,8337.55702551804,1272.0730347693,1215.47620586748,1169.62219197257,8623.64204059309,1053.66043475193,1186.55887657942,4335.57606584521,3978.00979547196,1178.65088369741,8490.13203638147,1399.15306285436,1102.73728193679,4782.76898830545,1255.08786515795,1156.79177593755
568.354772703872,299.827869115928,2183.05625314608,2162.07372151825,7931.29622495409,8094.61062509747,2520.8763229945,2493.23217130965,7982.45553205844,12.8993436666114,2287.58487538439,2629.71660076479,2782.45784865215,271.642397344343,1e+08,515.379280815279,3067.60517048024,2539.37261600144,8207.93328048636,2495.70651847434,2246.06776093245,242.530971093186,2568.06479901917,23.2176885686333,313.733193725003,7844.61455803732,288.220922777913,2269.849767847,7956.93913045517,226.498024592509,411.961021258835,8100.5944639942,41.3245821086742,914.133082858232,2744.18294985896,2392.89316204286,7866.96013762641,2697.00288946454,940.890634382217,110.571581202974,624.010017802022,8192.11519506094,89.8580998954946,48.5914727141345,2675.75371781427,194.395618680552,10.2629072336665,2170.14757284107,1040.31371493094,7911.9524966778,2716.59069796277,7868.54448800445,7947.56809958327,482.300781818205,8043.64835658104,112.739199179592,112.702421724098,407.736974176996,174.202632714503,8085.80609180089,7969.20125651162,7649.95838958233,8007.73957343175,3040.18637021872,8113.18253221979,8190.62698715531,8066.60859153025,2158.07358719278,234.452131792754,323.259590015802,733.056750815284,1206.10651532804,562.278698270882,3877.91589002821,450.165113468535,900.770272053884,4214.45884818052,3262.58718802376,413.974090313126,3927.07824735377,3641.52390279659,3711.85946493054,956.384064437115,1373.40179272504,8554.74265272515,3573.54841014936,1314.98610985819,685.156068501471,8963.06092756046,8353.07886725497,4332.98575969562,871.11607561807,1423.66107646472,800.639726611665,3820.38987326691,3677.99428699117,441.238436365917,8657.6275375231,8525.77846366944,8424.25861500191,1347.43513326569,8506.94322333584,1079.30896619967,8664.27481826717,3787.18836824342,645.111196997519,8680.80049351005,969.282971278057,741.836628364624,766.55958716795,833.660523795365,1359.58692613917,8402.55013952995,125.955728089493,8477.84641318999,27.5926585114844,3848.25505302571,8875.14392581163,1252.1427285158,8789.09373326805,8451.38152425096,1074.90633253616,865.066944755755,8545.10265808153,8311.82911379194,180.504412113857,8919.78308313905,1466.54483309587,966.515096858506,8733.80879549724,740.059920373572,3610.61638410904,3605.99416593755,3415.72269189967,757.756722790366,8274.56846499795,1134.34720578338,8221.57909947483,1073.60162402204,1112.13118828814,1162.23031802619,8373.81246190154,3687.08771978794,1070.28710016951,8268.41458085077,1135.37476179096,3776.20712276967,8237.94412002349,1231.05658780217,8608.15438080818,3784.36459538415,8181.12407918215,8461.65111209926,1368.53139468729,1468.68905693602,1216.28869515927,1298.23937160983,8290.7331213337,1275.92631031337,8335.27882290126,1081.6815516243,1308.09200440088,3896.12769949918,1207.33053203914,1387.37353240125,1047.84834488468,1103.57841942619,1118.30858118978,3562.3959872531,1254.98448003653,1313.94430667092,3630.19620340832,1204.02482298764,1174.84686022507,1133.4758422329,1190.71179588634,1198.66916416072,8524.31369568727,3567.97284652904,8236.02733759926,3754.26809637451,1115.7019939069,8684.79345058447,1216.71851904677,3109.83855413001,8305.57302103509,1214.99534724622,1252.75562628711,3397.82372265062,1093.88373387173,3821.12324437543,1040.49215404992,1137.19423058551,1376.4930123685,3743.18066152665,1111.88229150204,8420.06821763011,1340.05669937184,3669.50548295114,1143.86646596957,1532.44224888561,8333.88246609793,8285.77824753202,3753.86775202054,3799.06213968268,1145.35575694855,3476.7855072719,1080.91889829853,8447.29004594102,1041.35325846853,1042.96226237739,3754.75142802019,8488.17017937235,1160.58337533789,8217.27627665193,4080.76694207281,1259.86791316881,8590.2432999981,8243.02967871335,8366.96632761509,1061.5130254312,1161.46609106229,8292.00533959694,1338.75880020284,8285.82675560833,8575.87493364715,7928.15459363213,3861.60698655726,8537.37018067363,1239.91046864223,3556.57217321813,1361.90615424348,1292.35988686423,3623.43833795196,8528.25040646301,8347.72575043257,8206.85824293311,1131.2679503078,8410.76740196883,8563.81186296312,3755.84374516196,1303.69388469086,1067.53817320192,1059.4668447374,8531.77095323714,1052.36466570204,1209.2899658304,1220.73370157291,1177.06544601925,1083.27690719399,1147.68849854081,1112.54281686227,3534.34323946106,3602.45885807261,3633.14023228312,1382.66761902337,1189.95660621745,1279.22212550021,1186.04542366955,1124.58055890533,3770.71426796174,1219.04378273333,3584.52420212621,3381.75352504072,1282.60022065785,3400.11225878784,8465.44531893972,3701.30457463958,1274.25409791069,1121.50861265157,7958.08960995373,8094.73142450551,3983.70580248824,1176.0449795964,8633.96729498145,3209.4529884175,8493.06812234035,8198.24320512004,1175.07290963666,1099.50413207298,1049.76114291319,1200.17909784817,1156.76096958197,3816.53849533745,3480.31373338211,8129.60323396226,1264.09709456037,1290.35756094271,1241.84384568091,1101.43147025764,1228.40680769801,1325.66109503656,4018.59386187895,1180.45050646998,1087.91917717507,4662.87015675279,8871.90693057478,8734.05355346105,4473.24391384495,8628.89496885522,1083.23448483153,1158.89255981023,8929.31408608928,1293.7975063853,1255.59927439754,8869.91277017749,4394.20093195939,8879.64871703976,1147.80392894389,1101.76588234621,1500.00827776475,1257.87953088837,4914.3289977729,1348.88508182891,1738.8852746266,4822.42117393641,8906.39501690886,1341.66740065326,4228.23031257299,4837.49256231839,1013.06858760561,8770.92875774193,1381.52992288163,4416.41663546564,8834.21118091818,4375.78937869003,4594.92129965365,4268.52847271463,1371.00328040008,8728.41854429879,1136.14430074433,8702.53917248652,8809.41462243298,1454.14496220082,8812.34099416985,8996.02802199892,8893.40374914885,8915.38433684685,1162.57733490047,4512.30988732807,4281.17229122664,1423.16760473042,4469.3261898673,8858.63923154831,8716.91430427143,8786.9937274903,8850.1660651395,4434.41311447433,1266.96942065923,4273.19326370805,1191.3429369078,1282.93028212259,8682.53971904802,4875.83423434594,1276.03557558493,1451.13637601656,4141.9355231531,1648.79257317117,1169.6361429366,1114.74689473279,1213.02985314516,1376.79242702129,1133.18601095763,8588.11539364132,4548.83686424568,1438.46409959042,4189.33577265853,8755.25571566229,1234.80296866598,4403.63744764231,8796.60784769238,4078.29942629196,4563.53740507147,8816.85299405172,4411.9699665154,1379.27589679095,5122.94124210751,1366.98816142598,9168.0872859486,1340.30598020606,4150.59474706826,1114.32609993355,1304.75337432607,1318.3663728521,8812.08847429029,8861.31727290299,1213.20581493934,4474.65478665252,1202.44190143687,9136.23559135238,9360.49756680941,1554.61706923306,4644.77508386196,1156.65971352011,8694.07346046943,4609.66905364565,1438.28490111199,4667.47376856712,1654.18923040837,4680.19129136774,1214.20735325346,8809.68534800485,1384.05205361351,1354.64637786544,4263.08332384598,1220.39250345962,8849.75028303956,8708.30770511203,1274.15415955299,4307.58460411554,1064.17011645957,4567.67899475918,4838.84367521195,4564.54751449258,1601.42499676785,8801.16484364898,8653.09364377525,4293.04242571747,4666.33935693922,4563.13904271725,1308.88410060804,4600.56874886697,8853.2500568208,1205.85668967742,4319.67500435789,1189.62182616988,9013.51764356463,1242.4448157398,1261.59124459738,1131.94842793453,8879.93617534955,1159.45958555536,1337.32042906318,1176.08251795944,1277.36124721342,8600.19896688443,1290.50631426137,1364.67829028722,1175.66847262486,8886.81029581731,1167.5788721468,1306.25690295361,4563.60368204432,4197.57374642078,1215.21417522918,8753.75739673763,1600.622655127,1214.96837345619,5014.67320518069,1405.44696751814,1158.8329552381
1083.73405351915,815.207149931206,2698.43553396136,2677.45300233353,8446.67550576938,8609.98990591276,3036.25560380978,3008.61145212492,8497.83481287374,502.479937148669,2802.96415619967,3145.09588158007,3297.83712946743,787.021678159623,515.379280815279,1e+08,3582.98445129553,3054.75189681671,8723.31256130163,3011.08579928961,2761.44704174773,757.910251908466,3083.44407983444,538.596969383912,829.112474540282,8359.99383885259,803.600203593192,2785.22904866228,8472.31841127043,741.877305407788,927.340302074116,8615.97374480948,474.054698706605,1429.51236367351,3259.56223067423,2908.27244285814,8382.33941844167,3212.38217027982,1456.2699151975,625.950862018253,1139.3892986173,8707.49447587622,605.237380710774,563.970753529414,3191.13299862955,709.774899495831,525.642188048947,2685.52685365634,1555.69299574622,8427.33177749306,3231.96997877805,8383.92376881973,8462.94738039856,997.680062633486,8559.02763739632,628.118479994871,628.081702539378,923.116254992275,689.581913529784,8601.18537261617,8484.5805373269,8165.3376703976,8523.11885424703,3555.56565103401,8628.56181303505,8706.00626797059,8581.98787234552,2673.45286800805,749.831412608034,838.638870831082,1248.43603163056,1721.48579614332,1077.65797908616,4393.29517084349,965.544394283813,1416.14955286916,4729.83812899581,3777.96646883904,929.353371128405,4442.45752816905,4156.90318361187,4227.23874574582,1471.76334525239,1888.78107354031,9070.12193354041,4088.92769096464,1830.36539067347,1200.53534931675,9478.44020837572,8868.45814807027,4848.36504051091,1386.49535643335,1939.04035728,1316.01900742694,4335.76915408218,4193.37356780645,956.617717181195,9173.00681833835,9041.15774448473,8939.63789581718,1862.81441408098,9022.32250415112,1594.68824701495,9179.65409908244,4302.56764905869,1160.4904778128,9196.17977432531,1484.66225209333,1257.2159091799,1281.93886798323,1349.03980461065,1874.96620695445,8917.92942034524,641.335008904772,8993.22569400526,542.971939326764,4363.63433384098,9390.5232066269,1767.52200933108,9304.47301408334,8966.76080506625,1590.28561335144,1380.44622557103,9060.48193889681,8827.20839460724,695.883692929137,9435.16236395434,1981.92411391115,1481.89437767379,9249.18807631254,1255.43920118885,4125.99566492432,4121.37344675283,3931.10197271495,1273.13600360565,8772.56451470013,1298.47759245022,8720.2390714961,1232.40812511457,1143.30540613973,1351.87724192779,8871.66825700983,4069.66716476584,1156.4527338227,8763.66085975331,1328.25580981283,4167.00393505476,8735.07541875118,1482.20665982909,9102.90273274861,4172.4955915352,8675.55758762078,8958.62017580355,1651.04267035871,1778.53012379393,1464.92006601325,1540.33113093868,8788.29290927928,1513.81353015141,8832.813244769,1233.89014934606,1393.93420923436,4277.1405691305,1362.20399762155,1162.21642973329,1190.14916834135,1299.24749990641,1311.35346285621,3947.61582556454,1372.39848493261,1559.70190798603,3999.29959842532,1453.43679732623,1348.42174055675,1328.18499545284,1008.90694082876,1266.91877727274,9018.11281884332,3943.32422078972,8733.75057558822,4147.7584250486,1298.87579749294,9180.79371233086,1478.26076990716,3465.13081176437,8801.13864077109,1459.94241085494,1514.30708534025,3779.78409579678,1202.67034193658,4210.38613586555,1212.963634014,1337.08588614318,1731.86843067228,4126.13639853071,1355.1504576244,8916.01954218965,1610.11389034588,4062.48130239931,1218.52781944311,1891.20127048353,8829.64904566592,8782.41773322443,4135.46301621107,4176.32339773572,1384.16071375472,3859.5016994082,1231.20699778369,8942.85705899312,1213.06308265777,1186.47963651011,4137.09845570509,8985.01363966543,1412.68704828817,8714.01727652667,4478.36185719294,1475.49308548067,9084.906534845,8736.74637876146,8865.44547809567,1238.61146855107,1183.24292688121,8788.55540516888,1653.28735899731,8782.91377780159,9071.83299509028,8427.30264198643,4249.4110297663,9032.24674093671,1446.8250135686,3939.27329253881,1218.77981701278,1540.90693292764,4008.91779971328,9024.51907701673,8842.23043014992,8702.08883168279,1322.18184940574,8906.9689907802,9057.91909963987,4125.55150867708,1552.28531665984,1210.68751384064,1224.47501160416,9027.05785327994,1270.39881709751,1380.474789412,1319.77391773432,1249.64552836437,1257.46186219182,1176.86411329336,1155.71949189735,3907.46161050663,3975.13087970868,4013.95611380669,1673.24835595422,1396.70459645327,1531.62964546127,1401.21808942024,1252.07063388592,4149.60419674747,1325.46328684417,3968.00480886904,3757.71870291127,1537.20444355102,3782.20814208777,8959.52949004003,4085.69138440491,1500.48605079562,1180.44831370659,8457.0897686632,8591.94397040866,4379.17695782284,1228.52714009388,9128.90690833253,3567.20497153349,8989.73489336379,8694.90879171897,1353.44718044373,1298.0214142559,1223.59489102462,1318.68226355553,1269.91760325664,4213.66314942692,3864.97312691532,8628.32047866743,1522.95992570045,1504.32388406683,1406.19244010538,1311.25000102567,1433.14178949911,1580.45637407264,4400.46060175982,1398.55714540555,1282.70692590493,5098.98234058764,9374.55935573899,9234.77596233817,4900.85647238469,9128.44632697728,1330.08315512881,1309.64821912874,9429.5663355956,1606.70392632664,1583.02237216715,9368.76571543049,4826.35751905269,9379.1135995465,1307.937908493,1283.32658902401,1878.66007181324,1582.71617086576,5355.40989252794,1689.69450359656,2170.85364200729,5261.11655464723,9406.26143485461,1691.03120079587,4651.19422512669,5282.05071573805,1200.09756828598,9272.82253205865,1738.08768335713,4854.36855012868,9335.73402232735,4815.47349735481,5031.38602529986,4698.81778857385,1740.43803950088,9229.48933822347,1405.81798351235,9203.74106460661,9308.23007726959,1846.88259659819,9312.49104431759,9499.47238108939,9395.51824898558,9418.0551085566,1369.25904231391,4953.57947426266,4709.58614794908,1817.15332278216,4903.14137954148,9356.99072197661,9218.35723062241,9287.85025542295,9351.35264755483,4874.18849991437,1601.5593885445,4698.92856960637,1493.76813426552,1646.56895171252,9185.13618311972,5323.17686859101,1643.11114943023,1828.81746356181,4570.74142949646,2073.92308114408,1336.91820922003,1377.14200076604,1475.06383210591,1738.84557105908,1292.98256886844,9087.87487771037,4986.21029587097,1825.75333982556,4617.82922652716,9256.08454844012,1518.88030886047,4839.44045420772,9297.98325318151,4502.08515084135,4995.24765846963,9316.75726838735,4846.72916235522,1746.54683632094,5569.16707237476,1695.75192401763,9664.50970308788,1708.42898405067,4576.51630493856,1334.87521671174,1669.41032176932,1666.09031101703,9312.74151574398,9362.20608894326,1401.60860285437,4904.69488050329,1554.31780575199,9637.74092425338,9861.88220096192,1965.28187448969,5083.33813512335,1360.40449570826,9195.94359693135,5053.75341300439,1819.23197832604,5102.47003855498,2083.90230764314,5135.57961180393,1513.52923497419,9311.69554201389,1748.76118955233,1686.99789236507,4692.5367823995,1586.88708908445,9349.65065746707,9208.17731377725,1585.77349295132,4738.95416228797,1264.57258751903,4997.6311977047,5288.72351849183,4998.62262981164,2011.49784822787,9301.12168343176,9153.14501630409,4727.58115448566,5097.57544197719,4995.87951931301,1655.29514374185,5040.83861085324,9355.70821890611,1455.14549516774,4747.9779172151,1335.62100802886,9515.82454919566,1604.07078729584,1599.05510453177,1347.18248702911,9381.68129834014,1354.22052039496,1697.39584703592,1458.11530671257,1474.47947558532,9099.95445839314,1469.91228301053,1731.57252326856,1347.11353291557,9387.4388221618,1499.64688804138,1636.47158748037,5008.20799122844,4629.35870840289,1431.23153999442,9255.2006193304,2028.36119794928,1541.19382138314,5464.73159151985,1771.96836856957,1325.69835799398
2499.25039777637,2767.77730136432,884.548917334165,905.531448961998,4863.69105447385,5027.00545461723,546.728847485744,574.3729991706,4914.85036157821,3080.50451414686,780.020295095853,437.888569715452,285.147321828089,2795.9627731359,3067.60517048024,3582.98445129553,1e+08,528.232554478808,5140.3281100061,571.898652005909,821.5374095478,2825.07419938705,499.540371461075,3044.38748191162,2753.87197675524,4777.00938755707,2779.38424770234,797.755402633246,4889.33395997491,2841.10714588774,2655.64414922141,5032.98929351396,3108.92975258891,2153.47208762202,323.422220621286,674.712008437381,4799.35496714615,370.602281015696,2126.71453609803,2957.03358927727,2443.59515267822,5124.51002458071,2977.74707058475,3019.01369776611,391.851452665977,2873.2095517997,3057.34226324658,897.457597639176,2027.2914555493,4844.34732619755,351.014472517474,4800.93931752421,4879.96292910302,2585.30438866204,4976.04318610079,2954.86597130065,2954.90274875615,2659.86819630325,2893.40253776574,5018.20092132064,4901.59608603136,4582.35321910207,4940.13440295151,27.4188002615145,5045.57736173953,5123.02181667507,4999.00342105001,909.531583287471,2833.1530386875,2744.34558046445,2334.54841966497,1861.4986551522,2505.32647220937,810.310719547969,2617.44005701171,2166.83489842636,1146.85367770028,194.982017543512,2653.63108016712,859.473076873529,573.918732316341,644.254294450291,2111.22110604313,1694.20337775521,5487.1374822449,505.943239669119,1752.61906062205,2382.44910197877,5895.4557570802,5285.47369677474,1265.38058921538,2196.48909486217,1643.94409401552,2266.96544386858,752.784702786657,610.389116510926,2626.36673411433,5590.02236704284,5458.1732931892,5356.65344452168,1720.17003721455,5439.3380528556,1988.29620428057,5596.66964778692,719.583197763168,2422.49397348272,5613.19532302979,2098.32219920219,2325.76854211562,2301.0455833123,2233.94464668488,1708.01824434108,5334.94496904971,2941.64944239075,5410.24124270973,3040.01251196875,780.649882545462,5807.53875533137,1815.46244196444,5721.48856278781,5383.77635377073,1992.69883794409,2202.53822572449,5477.49748760129,5244.22394331171,2887.10075836639,5852.17791265879,1601.06033738437,2101.09007362174,5666.20362501699,2327.54525010667,543.011213628804,538.388995457303,348.117521419432,2309.84844768988,5378.6254779076,3146.62300579948,5319.84110439086,3156.59246446658,3436.49738743022,3082.86032440038,5477.98599953417,2631.0456935631,3315.82114984861,5399.18558485405,3074.39070281349,2602.77265682797,5350.87811065701,2907.00599063926,5738.97686515739,2632.60433154359,5321.07930856125,5573.25046564159,2790.43231337039,2675.75405177551,2915.93123508674,2930.24487245064,5398.81449279097,2944.32956222422,5443.03542443459,3172.28441082569,3364.7736964615,2763.2117289662,3174.92705417414,4041.39298761944,3192.74163165808,3067.67344985759,3074.09251651729,2542.10500824788,3275.66564419085,2917.89559233905,2721.74041978022,2914.75014095268,3124.82892754143,3069.69795840604,3845.67830966925,3380.29465782397,5665.25866610797,2634.44824039033,5343.23140561775,2564.8247320718,3098.93850910508,5802.84272658312,2876.84204579756,2599.59344819608,5432.72880758205,2927.02081315113,2872.77679263556,2493.64231529328,3271.19496772308,2642.65172843569,3124.17491577337,3056.22968947044,2512.16650720573,2658.05180520755,2941.98726429787,5541.94587726138,2836.33258966693,2524.08343830696,3354.06884907514,2455.35703717751,5458.70553995247,5402.83560029968,2676.49533270225,2741.39714195974,2950.8592989263,2523.35595167995,3176.67922427664,5572.4790260688,3125.93919542288,3189.74705218912,2670.0614112992,5600.63931159287,2911.49510158534,5334.28558497939,2718.15086765126,3011.27982904373,5722.10698152076,5388.95336598823,5465.20913089963,3113.42254678968,3469.33239101857,5409.84323657903,2679.92562997099,5398.55156546838,5695.66905247114,5025.41932800286,2679.71021424525,5667.92111001664,3036.38322149121,2562.3613835917,3878.72064217108,2910.30655200314,2570.72421148854,5645.69550712709,5484.48104792966,5338.68718474732,3079.44546413061,5530.37066080938,5701.28933613156,2784.62674490716,2909.45923192666,3192.12649941719,3141.73160629218,5658.5022081283,3014.0081480471,3132.86049004474,3314.17292926118,3365.7555686048,3120.55423007139,3450.31816993522,3412.62436642866,2637.35375057701,2675.88047205197,2618.67813755329,2759.98485172067,3037.11307970382,2899.08123191867,3014.01458791129,3233.01262073306,2710.63549066826,3296.2858511656,2569.26924679293,2539.83652420241,2891.88631319737,2493.4518824863,5604.51971998816,2621.98537949914,2979.68868597156,3382.5135532001,5056.42263181728,5208.84537824252,2678.75626150776,3409.26993222882,5762.64800596677,2619.47402416928,5607.16269390033,5316.2505280242,3112.46369776764,3060.58369144694,3121.05448656105,3264.19081627601,3270.29866875826,2564.34282682043,2507.27212140206,5228.46992745349,2880.08087592159,3016.12696962287,3153.24975318994,3031.70142789073,3042.49511143117,2888.11598883023,2829.21060376834,3006.0903079666,3070.21831355571,2719.14551255499,5925.46746504561,5806.99515712529,2672.46611645277,5713.9666553352,2935.77069870288,3181.06095363207,6004.91744014304,2695.00007432684,2652.4743145851,5959.15701916808,2565.65322520242,5963.07161059554,3157.20975688935,3102.8316486305,2372.00626100494,2661.05899759723,2860.05807154441,2578.13594347413,1990.58960980387,2813.72900852987,5985.81205584963,2546.54274656584,2552.41758310655,2759.62153749646,3090.91352557091,5832.46046394801,2505.81499787209,2515.81460195792,5898.71371618412,2466.70827964715,2663.8964163603,2498.97999004796,2455.40383268851,5798.11209823023,2863.88154389548,5771.22218120338,5899.61073963812,2321.45458876137,5889.96242640006,6041.24958857416,5951.8567347559,5968.44175714007,3037.78060622785,2547.55086995531,2528.51807851661,2327.62920304993,2600.9951013608,5952.687972007,5783.18198313978,5858.1882129597,5917.69839059243,2507.7874215374,2623.67124368466,2552.58973538233,2752.64957160435,2509.26483242178,5738.13251983306,2758.37354711781,2498.29085615822,2392.40836415438,2430.91897309083,2071.13916657674,3140.61971465788,2888.24945882429,2875.77973510371,2484.46713288106,3157.16489880948,5671.62273341722,2619.25007950745,2352.80645646068,2465.66175503711,5826.99726198685,2803.53554677532,2531.21714369933,5862.82071815915,2445.46580689866,2693.4806791766,5896.7444721824,2549.02314915707,2461.7869276041,2972.79751217698,2620.40652323072,6276.86120702434,2471.32926972036,2468.63542726525,3002.95626613259,2497.63532072671,2559.75503673486,5884.9765992101,5931.552439472,3087.19969490604,2646.85033215171,2581.32885340915,6198.4822096827,6422.19667030343,2191.8526988545,2677.8718269638,3045.74457681877,5756.48245336788,2587.93433286931,2381.93158712238,2735.06760644126,2041.21887191424,2507.87158728636,2757.85007160337,5869.79529171652,2471.04858957153,2609.4574435187,2504.60232334389,2521.24426944585,5929.3710702965,5789.56594240312,2703.7120641055,2513.73444993212,3057.10067445486,2715.87587872114,2699.36257488056,2667.9917096799,2176.53269532133,5880.70923644639,5733.16935973058,2467.82680430151,2775.63393821323,2681.78789593703,2567.59914704037,2625.01081974898,5908.78513480474,2914.94042956994,2556.26063358143,3195.6110166958,6069.24346480453,2531.37940183289,2614.73062837122,3016.03561206461,5941.96837322946,3069.45645601182,2505.10569262148,2819.98826866017,3064.99124854188,5683.62074518663,3115.90773326954,2468.18307491241,3130.33081135274,5959.26573723678,2661.31868481832,2629.37469345259,2547.02984765514,2434.17961343893,3010.85091184449,5819.69990686278,2077.00297186322,2667.50603667095,2840.04048653284,2456.55569394686,3141.08691957807
1971.01784329756,2239.54474688551,356.316362855355,377.298894483188,5391.92360895266,5555.23800909604,18.4962930069353,46.1404446917924,5443.08291605702,2552.27195966805,251.787740617045,90.3439847633559,243.08523265072,2267.73021865709,2539.37261600144,3054.75189681671,528.232554478808,1e+08,5668.56066448492,43.6660975271003,293.304855068991,2296.84164490825,28.6921830177343,2516.1549274328,2225.63942227643,5305.24194203588,2251.15169322352,269.522848154437,5417.56651445372,2312.87459140893,2127.4115947426,5561.22184799277,2580.69719811011,1625.2395331432,204.810333857523,146.479453958571,5327.58752162497,157.630273463112,1598.48198161922,2428.80103479846,1915.36259819942,5652.74257905952,2449.51451610594,2490.7811432873,136.381101812831,2344.97699732088,2529.10970876777,369.225043160369,1499.05890107049,5372.57988067635,177.218081961335,5329.171872003,5408.19548358182,2057.07183418323,5504.2757405796,2426.63341682184,2426.67019427734,2131.63564182444,2365.16998328693,5546.43347579944,5429.82864051018,5110.58577358087,5468.36695743032,500.813754217294,5573.80991621834,5651.25437115388,5527.23597552881,381.29902880866,2304.92048420868,2216.11302598563,1806.31586518615,1333.26610067339,1977.09391773056,1338.54327402678,2089.2075025329,1638.60234394755,1675.08623217909,723.21457202232,2125.39852568831,1387.70563135233,1102.15128679515,1172.4868489291,1582.98855156432,1165.9708232764,6015.37003672371,1034.17579414793,1224.38650614324,1854.21654749996,6423.68831155901,5813.70625125355,1793.61314369419,1668.25654038337,1115.71153953671,1738.73288938977,1281.01725726546,1138.62167098973,2098.13417963552,6118.25492152165,5986.40584766799,5884.88599900047,1191.93748273574,5967.57060733439,1460.06364980177,6124.90220226574,1247.81575224198,1894.26141900392,6141.42787750861,1570.08964472338,1797.53598763682,1772.81302883348,1705.71209220607,1179.78568986227,5863.17752352853,2413.41688791194,5938.47379718853,2511.77995748995,1308.88243702427,6335.77130981019,1287.22988748563,6249.72111726661,5912.00890824953,1464.46628346528,1674.30567124568,6005.73004208011,5772.45649779053,2358.86820388758,6380.41046713762,1072.82778290557,1572.85751914293,6194.4361794958,1799.31269562786,1071.24376810761,1066.62154993611,876.350075898241,1781.61589321107,5864.87081311014,2660.16293390677,5807.37300578931,2665.59375587873,2940.67185888056,2599.74675288189,5964.41019486675,2594.21621738789,2820.86779666436,5878.99776080031,2589.37993419745,2592.68110624377,5834.90548550802,2432.09506789893,6219.55591380584,2619.523223046,5798.46729484469,6058.08034869407,2329.55421486325,2226.39740596899,2439.6484813129,2461.02407080146,5884.12589256289,2472.90165850095,5928.51994705394,2681.52939520304,2885.37800899464,2755.55721775237,2693.32711047646,3537.01201338323,2699.25584931667,2580.40235592262,2587.80751842134,2488.6592878537,2795.02097741997,2450.28968101392,2657.09365613251,2437.43158956746,2641.86041239913,2584.62353415712,3338.46351849312,2892.20258272505,6143.25635116082,2568.26372514782,5828.63545063217,2555.62411090854,2612.03165578881,6286.5959081562,2400.96259544207,2432.72541170976,5913.49611113346,2450.50636690898,2400.12434764448,2407.10582966819,2778.98421399058,2637.02831016279,2631.49963569093,2571.65983363334,2051.6180165528,2630.58334165318,2456.90429291674,6024.23582181682,2372.20122536829,2500.24615520815,2862.95789252801,2013.36659970089,5940.097266948,5885.97905911696,2648.62439635565,2713.86658885616,2468.33310330622,2451.74136659799,2685.77989996577,6054.04040017534,2633.29207817376,2695.99727503919,2643.45945476842,6085.31673186728,2430.5730452993,5817.28411557003,2764.46242461165,2537.38057530651,6202.40102851365,5865.07130458728,5953.04210625896,2622.38043648596,2975.66340271797,5892.81336433089,2216.42215022288,5882.73597491907,6178.78820879428,5512.54988009837,2677.82575382019,6148.40924691212,2560.34838586402,2504.37197686135,3381.10479571004,2440.82329809816,2527.86193261793,6129.27269592835,5963.05424513321,5818.09410234141,2594.03841514191,6013.18272682329,6180.19780798695,2739.81745557441,2441.02498465754,2699.9820729824,2650.0409689884,6139.88327598291,2523.74502381633,2652.38973850531,2829.77055432955,2876.59620444982,2630.91623101812,2956.37934163721,2917.59408554967,2562.71912414907,2611.6453749015,2570.64382259121,2300.78777183873,2556.98100158041,2428.54232860016,2533.93922753393,2743.88381124194,2681.28455278386,2812.29630593965,2517.06086285573,2442.92375797591,2421.73846463523,2407.49895751855,6082.8226165375,2590.10555057317,2507.569858432,2889.01886080997,5543.36017697834,5692.25653136079,2707.66825992857,2918.63625420501,6243.78812942459,2472.33511879736,6091.46327811676,5798.96428049535,2629.76674744945,2573.12347358276,2629.0672328821,2779.72132927273,2782.49314279628,2571.05980879952,2438.91031295977,5715.65967928444,2408.38036003692,2544.77391535798,2674.88512038634,2544.80559066792,2565.39472586599,2422.00690551322,2839.98951605815,2525.68361497166,2581.76245276711,2919.44525407949,6424.75698206692,6301.50379686857,2831.3423012085,6205.42674013678,2448.53069520969,2695.65355667548,6499.08624548645,2226.93001389492,2180.41313649843,6450.02729149555,2726.28869808539,6455.32674070338,2671.5164661907,2614.83742435297,1924.48180628947,2189.28038470837,3096.55612273969,2115.22100187474,1568.25445568462,3035.94568647536,6479.05026855642,2082.49621242082,2670.2336659831,2998.73371785105,2596.91497935217,6329.72874361923,2045.76271804433,2693.82831940216,6395.36566540842,2644.36388081667,2858.08389630138,2639.25295229071,1993.26904904129,6293.38291001716,2381.25712878753,6266.69464492516,6390.15856825013,1866.51902971418,6383.48213626219,6542.65589506281,6450.01747639513,6467.90436735769,2555.46813390724,2745.39040983905,2665.93356164823,1868.77185859118,2774.61128127578,6442.41003632543,6279.24946643781,6353.18965753847,6413.65647775564,2692.72311198279,2152.51941903579,2682.66611815731,2274.93924204976,2038.1924254379,6236.69216890184,3008.46037745451,2026.25273545215,1938.88122412924,2550.40409116782,1636.36771414543,2656.91976160685,2403.77265285926,2399.58731876316,2023.53836405291,2670.39774779082,6163.38612859168,2810.84077045549,1896.67987691933,2591.02082588257,6321.82220784935,2329.71057787385,2702.1571311837,6359.01538179723,2544.24942118777,2872.34244680112,6389.73506029999,2718.30538303122,2000.75523103466,3239.37958695502,2159.75275529944,6763.65571154172,2005.92604439386,2582.61472722852,2517.41111672382,2028.73147539447,2093.31457289074,6379.61435498993,6426.88815135968,2608.00653683772,2811.73930942326,2103.2022832774,6696.05957515971,6920.16973371083,1746.92257671657,2882.66571988441,2562.84223590853,6253.43467015645,2803.88571134396,1926.51491066848,2932.99258304754,1605.89955777551,2763.48656952291,2282.22310330607,6367.45345251899,2010.74945805928,2147.40449830089,2642.14764372043,2043.80922350675,6422.47589247539,6282.06233532648,2233.71117503228,2661.6832515317,2567.13086889749,2890.87292746684,2953.36200827104,2852.86042756967,1738.32596439366,6373.75758776248,6225.85723829189,2621.77592920475,2964.06421687713,2863.16191010485,2100.23092134652,2829.72402611338,6407.58379837112,2437.77587838465,2698.33275421528,2712.15405242952,6568.19809940052,2056.42878549752,2142.94852174804,2531.66811291589,6439.26621907752,2586.37020387098,2039.97670300538,2340.88956325763,2591.5456991758,6175.42495799905,2642.43054071424,2005.54906956262,2647.30957020288,6454.11430745362,2180.91221086912,2162.30191859945,2759.55349067295,2568.57769921497,2533.20557158411,6315.89768378693,1634.28323993853,2191.60083027202,3108.98193477262,1998.5676201442,2656.56178071788
7639.57850778249,7908.10541137042,6024.87702734028,6045.85955896811,276.637055532255,113.322655388874,5687.05695749185,5714.70110917671,225.477748427906,8220.83262415296,5920.34840510195,5578.21667972155,5425.47543183419,7936.290883142,8207.93328048636,8723.31256130163,5140.3281100061,5668.56066448492,1e+08,5712.22676201202,5961.8655195539,7965.40230939318,5639.86848146717,8184.71559191771,7894.20008676134,363.318722449036,7919.71235770845,5938.08351263935,250.994150031197,7981.43525589385,7795.97225922752,107.338816492147,8249.25786259502,7293.80019762813,5463.7503306274,5815.0401184435,340.973142859953,5510.93039102181,7267.04264610413,8097.36169928339,7583.92326268434,15.8180854254055,8118.07518059084,8159.3418077722,5532.17956267209,8013.53766180581,8197.67037325269,6037.78570764529,7167.61956555542,295.980783808562,5491.34258252359,339.388792481907,260.365180903088,7725.63249866816,164.284923905322,8095.19408130676,8095.23085876226,7800.19630630935,8033.73064777185,122.127188685468,238.732023974743,557.974890904037,200.193707054607,5167.74691026763,94.7507482665726,17.3062933310486,141.324688956104,6049.85969329357,7973.4811486936,7884.67369047056,7474.87652967108,7001.8267651583,7645.65458221548,4330.01739045814,7757.76816701782,7307.16300843247,3993.47443230583,4945.34609246259,7793.95919017322,4280.85503313258,4566.40937768977,4496.07381555582,7251.54921604923,6834.53148776131,346.809372238793,4634.38487033698,6892.94717062815,7522.77721198487,755.127647074099,145.145586768627,3874.94752079073,7336.81720486827,6784.27220402162,7407.2935538747,4387.54340721945,4529.93899349518,7766.69484412044,449.69425703674,317.845183183082,216.325334515558,6860.49814722066,299.009942849485,7128.62431428668,456.34153778081,4420.74491224294,7562.82208348882,472.867213023692,7238.65030920829,7466.09665212174,7441.37369331839,7374.27275669098,6848.34635434719,194.616859043609,8081.97755239687,269.913132703623,8180.34062197488,4359.67822746064,667.210645325272,6955.79055197056,581.160452781697,243.448243764613,7133.0269479502,7342.86633573061,337.169377595187,103.895833305608,8027.4288683725,711.849802652692,6741.38844739048,7241.41818362784,525.875515010893,7467.87336011277,4597.31689637731,4601.93911454881,4792.21058858668,7450.176557696,2206.02393320473,8156.46059867905,2156.04862525072,8180.50951727346,8468.61395858559,8084.41355835872,2232.53247837455,6159.0070464397,8348.06468512173,2372.77138346908,8082.17806327478,6035.13835756763,2254.62519304665,7890.71037097526,2479.6785926363,6061.14140631416,2407.43307824804,2307.19036066611,7738.69162841098,7598.28354266811,7903.34935592739,7895.66521023886,2236.07488688203,7915.75429773778,2245.39798156008,8194.9547323304,8343.70833838096,6097.92422428563,8168.24444529586,9092.17401362649,8223.5282179566,8082.72863256076,8085.86088969468,6181.99081735871,8262.10114310097,7879.05750173733,6319.0110706775,7905.33003763473,8124.37220392893,8077.8508742938,8909.93790282854,8387.92107336143,2511.23602635252,6279.28380314802,2217.53122886744,6014.56868384675,8111.79923787234,2429.05743132324,7864.81476712648,6638.35413848273,2360.13303641176,7914.64296789631,7851.34685733873,6283.5854219821,8295.66671326552,6034.1351713562,8154.33873399004,8063.29757566129,7476.80904015261,6133.28271323134,7954.78780430811,2359.74977232545,7791.51047034382,6055.96627033055,8372.56091131115,7374.78293951245,2353.27561945933,2292.13422346774,6143.78979845025,6173.73564058666,7955.62237210146,6242.81234000519,8199.67712850316,2388.93857701905,8155.96351253643,8221.4594174559,6135.38857802545,2321.37566406558,7913.00378808139,2275.7069023305,5835.73276910356,7987.13180887192,2479.44562021366,2457.03724613661,2191.37795295898,8138.78021892135,8493.30228227387,2298.61617228349,7642.312094779,2264.66754945485,2398.59717004726,2106.98015851247,6034.67937998967,2452.29649874824,8017.73574080116,6209.92298580483,8907.16852038885,7877.52923779065,6154.14564599886,2366.80097442516,2430.15703775786,2364.58485836468,8088.2897337248,2342.60618128392,2504.21965173183,6269.07708911007,7873.56132107126,8218.64421395995,8168.28126126852,2426.615214624,8040.04008234112,8124.17988437183,8311.64107764757,8377.39751620341,8141.28256736301,8475.69765134944,8442.65297979199,6314.31884499933,6293.15051514281,6198.498654843,7705.19295943777,8031.14832437889,7870.04398606619,8008.80330503643,8248.60462027011,6166.50981616207,8293.0036143199,6190.59876464291,6347.29490944424,7862.0358154321,6281.30842522235,2480.06298520299,6134.33028841746,7951.52700916287,8408.17232981602,2116.32361141183,2233.78013338709,5899.02849776872,8424.58503030706,2476.18321493222,6579.55471216184,2333.46090529611,2277.81365177753,8111.60712763739,8076.46521819647,8149.14912845858,8263.59458482224,8280.41457105841,5947.97818120018,6222.14433974823,2142.37572337661,7855.4596217372,7983.86829881153,8137.04672636653,8046.82372956667,8026.89713359541,7846.34277569562,6045.4977482925,8002.21679425915,8088.86897036621,5053.86332258426,2060.01491903923,2142.77549243333,5269.83447030835,2187.07920804635,7955.26597453564,8186.36624820273,2251.09934806206,7669.42419404085,7640.33932712627,2318.24436525402,5239.14265556431,2282.44612214735,8164.24865431208,8118.9699375782,7312.70367215983,7647.69457203034,4858.97171606937,7545.0156101625,6908.46733563718,4940.22395339634,2267.03871141552,7518.41708226101,5446.59343079897,4832.69851933748,8126.16049158353,2074.34641314912,7469.54592637972,5142.27601769256,2125.00800315674,5136.81743807676,5079.35653657174,5326.28968223953,7427.88523362357,2116.72930123279,7872.35093842736,2098.58195386782,2297.19160113774,7284.76699701142,2210.50235754375,2057.81394800436,2107.69351807046,2077.3561288011,8038.54000673659,5043.63342543909,5346.54701895888,7300.27363486209,5178.93800035085,2345.84335688655,2086.67009575482,2152.91276696782,2154.78523959808,5105.70230491072,7610.52574283291,5387.69003368702,7751.58231603516,7502.04206166194,1991.89837282675,4765.76156456549,7494.20866457686,7346.93149152068,5408.85263069569,7008.12036695883,8141.90498163598,7901.24413559158,7864.7300261681,7451.9103634697,8167.62333727297,2160.98152819662,5086.73257617021,7316.82645038071,5389.72560936941,2143.07445705082,7788.89237024594,5180.72134374378,2120.62283397345,5506.5455354784,5167.74420991194,2228.6589377563,5192.18868260109,7430.97135391663,4675.51179012699,7578.44596235846,2600.61289470815,7451.36770845549,5443.3271707337,8014.94558173399,7485.33287404579,7537.30547953066,2176.39494127259,2179.76720402595,8076.29092629584,5233.10775412221,7589.29603878518,2263.59340431826,2393.22645926693,7141.1611649738,5022.72198253232,8048.02815722249,2048.46105705385,4950.24825987514,7342.05619691604,5069.70623418734,6982.45359610777,4723.92988092723,7750.58329163311,2080.90672170022,7437.70538049943,7572.04818117513,5340.64404305082,7530.21981230411,2241.75005885589,2191.61501311173,7683.12702249813,5292.06819808011,8080.86536278228,5192.91357749197,4738.44856838661,5130.73830057016,7111.22856398267,2219.17897383646,2161.18046487408,5253.91855278841,5130.08866982173,5152.03853087723,7547.20700739075,5016.22927619972,2066.29179601231,7905.04989037785,5329.92472154167,8194.13899696427,2147.99916988569,7533.27425846401,7603.78691575178,8023.94311614057,2128.09334201835,8071.42318584272,7482.38073341401,7819.95062365764,8036.98632329296,2164.7965698465,8085.70649747443,7441.15761833982,8129.8383508842,2207.92770039767,7671.89278956727,7604.6605986684,4964.98162184877,5340.47034835509,7998.28496193306,2099.83849932153,7031.43786826902,7665.30901856744,4651.32174532459,7418.11097240581,8144.97520007376
1927.35174577046,2195.87864935841,312.650265328255,333.632796956088,5435.58970647977,5598.90410662315,25.1698045201649,2.47434716469228,5486.74901358412,2508.60586214095,208.121643089944,134.010082290456,286.75133017782,2224.06412112999,2495.70651847434,3011.08579928961,571.898652005909,43.6660975271003,5712.22676201202,1e+08,249.638757541891,2253.17554738115,72.3582805448345,2472.4888299057,2181.97332474933,5348.90803956299,2207.48559569643,225.856750627337,5461.23261198083,2269.20849388183,2083.7454972155,5604.88794551987,2537.03110058301,1581.5734356161,248.476431384623,102.813356431471,5371.25361915206,201.296370990212,1554.81588409212,2385.13493727136,1871.69650067231,5696.40867658661,2405.84841857884,2447.1150457602,180.047199339932,2301.31089979379,2485.44361124066,325.55894563327,1455.3928035434,5416.24597820346,220.884179488435,5372.8379695301,5451.86158110894,2013.40573665613,5547.9418381067,2382.96731929474,2383.00409675023,2087.96954429734,2321.50388575983,5590.09957332654,5473.49473803728,5154.25187110797,5512.0330549574,544.479851744394,5617.47601374544,5694.92046868098,5570.9020730559,337.63293128156,2261.25438668158,2172.44692845853,1762.64976765905,1289.60000314629,1933.42782020346,1382.20937155388,2045.5414050058,1594.93624642045,1718.75232970619,766.880669549421,2081.73242816121,1431.37172887944,1145.81738432225,1216.1529464562,1539.32245403722,1122.3047257493,6059.03613425081,1077.84189167503,1180.72040861614,1810.55044997286,6467.35440908612,5857.37234878065,1837.27924122129,1624.59044285626,1072.04544200961,1695.06679186267,1324.68335479257,1182.28776851684,2054.46808210842,6161.92101904876,6030.07194519511,5928.55209652757,1148.27138520864,6011.2367048615,1416.39755227467,6168.56829979283,1291.48184976908,1850.59532147682,6185.0939750357,1526.42354719628,1753.86989010971,1729.14693130638,1662.04599467897,1136.11959233517,5906.84362105562,2369.75079038484,5982.13989471564,2468.11385996285,1352.54853455137,6379.43740733729,1243.56378995853,6293.38721479372,5955.67500577664,1420.80018593818,1630.63957371858,6049.39613960721,5816.12259531763,2315.20210636048,6424.07656466471,1029.16168537846,1529.19142161583,6238.10227702291,1755.64659810076,1114.90986563471,1110.28764746321,920.016173425341,1737.94979568397,5905.38883644729,2620.67379975319,5847.99096356443,2625.65243644127,2900.19677656308,2560.6079613249,6004.93635587869,2595.96265374382,2780.50077162149,5919.03023390098,2550.05537206699,2596.65819550142,5875.25820948462,2393.83688361454,6259.62643438582,2623.20322186531,5838.3222616813,6098.4812301419,2292.75658945202,2190.82709788461,2401.24947939043,2423.32332940716,5924.57252120642,2434.97509287875,5968.97718218069,2641.6083662312,2846.52269369239,2759.4521422136,2654.30990344672,3495.63290133678,2659.05959345208,2540.85501267448,2548.35639570961,2489.21099688715,2756.06834181963,2412.7552697137,2656.38378624926,2398.92947258387,2602.72311247744,2545.29406223276,3296.83025137882,2852.49474114059,6183.13564552869,2567.58379105023,5869.09215833458,2559.74466385288,2572.51157757155,6326.90351184012,2362.62011906703,2423.57367555338,5953.59850018732,2412.07974597879,2362.10685943289,2405.01009656198,2738.89647515147,2641.29449198484,2591.39978960669,2532.38464093579,2015.03377365107,2633.04625227184,2417.61458562326,6064.4466779883,2335.05339639321,2503.2584740966,2822.96032471315,1978.72286845944,5980.24517367198,5926.26223678404,2651.02150687104,2716.17918287375,2429.29644420171,2450.82757518993,2645.84350939189,6094.19451376489,2593.19460511013,2655.77554276749,2645.97162405967,6125.70465595037,2391.71129900539,5857.56042159403,2772.76293528138,2499.18104150429,6242.45089841947,5904.82604728654,5993.67506964514,2582.44561583639,2935.39298453076,5933.08308085446,2179.4253146593,5923.09777839673,6219.05333375503,5553.15461063439,2682.32898125441,6188.47683566351,2521.92750662471,2504.50860391711,3340.39039391264,2403.10542232279,2529.22780149523,6169.57510526843,6002.9879892585,5858.09988306337,2554.67296683764,6053.4336420108,6220.14394496207,2740.64024692252,2403.41201242154,2659.91875367065,2610.03466256625,6180.01893566486,2483.91443955855,2613.49688594138,2790.43951400486,2836.78722411731,2591.11906778703,2916.08609292569,2877.20109324405,2561.33155446698,2611.05104756135,2571.49311230636,2264.17612060766,2518.15317704597,2390.72426186368,2495.12502764101,2704.10863025768,2683.50090721738,2773.01032043906,2517.66091428063,2439.86289335386,2383.96269363629,2405.4524087071,6122.72861732804,2592.27385893226,2469.55973616768,2848.78192897417,5583.94860462101,5732.5714534704,2714.64795614326,2878.67381315185,6283.89986057343,2464.84908000698,6131.82239456676,5839.22025083326,2590.66009340546,2533.55935004278,2589.03654691018,2740.39668181903,2742.83914714016,2576.46513401346,2438.29955919015,5756.25698812323,2370.45482665528,2506.82486793059,2636.19355387992,2505.30619891178,2526.86595225175,2384.63568175757,2845.27054641409,2486.83920021828,2542.09645818693,2939.64201588387,6466.236330356,6342.62546980042,2848.46549348107,6246.32169214641,2409.02659255547,2656.25898121462,6540.17477443521,2189.46263882965,2142.56426489887,6490.86736022433,2743.70070969547,6496.27169079793,2632.10025108718,2575.20826865197,1889.35354190561,2151.45556758997,3119.30829144019,2078.34872748355,1536.27724179857,3057.67788196616,6520.0689120654,2045.52981951477,2684.39656502699,3021.78700442083,2556.69140137817,6371.05823040068,2009.23397061674,2712.62708177988,6436.64618971212,2663.21106723261,2877.89111561724,2655.22308233374,1956.56463937711,6334.56256794685,2342.24218484617,6307.89056273344,6430.97662918218,1830.67435596004,6424.52576346851,6584.29213961036,6491.41047850914,6509.39547118522,2516.4233310975,2765.62895274083,2681.63758227113,1832.5136276676,2792.95372540284,6483.16327275716,6320.48991972896,6394.34668684151,6454.88378334809,2712.05342537053,2114.77930948097,2697.77004905044,2236.46666784391,2000.52955501479,6278.12254138449,3032.33012330839,1988.49726436349,1903.11594439481,2564.90448995962,1602.94211270942,2617.70540107319,2364.56234768224,2361.21391520148,1986.93582865601,2630.87533674855,6204.30582185136,2830.51212112513,1860.6821786934,2605.90917631284,6362.967049251,2291.6069266286,2720.40012702521,6400.26255850002,2557.13183506468,2890.95439748511,6430.73834164762,2736.39650276091,1964.15943003371,3264.2686331168,2123.08204691763,6804.17297836132,1968.87312632294,2596.6256027823,2478.05535102607,1991.29963355657,2056.09460829146,6420.74285033436,6468.06781000201,2569.25486900565,2829.35569885424,2064.77129582367,6737.40044210909,6961.53405366966,1712.26258200072,2903.25156336809,2523.73618104472,6294.74296782933,2825.42029570173,1890.56420936547,2952.99091385681,1572.46389746863,2788.04877029823,2243.95897751261,6408.8111461433,1974.22179591504,2110.59907602895,2657.90065967936,2005.48248767675,6463.48656804902,6323.03247734356,2196.04358629968,2678.21326376187,2527.31765429855,2909.16248600125,2977.58434784309,2871.96019124922,1704.38765968832,6414.76587035552,6266.84417698859,2638.8354560778,2983.29577452015,2881.9793957121,2062.91103425696,2850.37164502241,6449.02651930594,2399.28909113319,2714.34778354959,2672.94778592156,6609.64756239202,2018.35263899336,2105.14919635004,2492.42570317794,6480.5941769537,2547.23832200386,2002.92800900777,2302.24731385058,2553.37050349258,6216.34721667869,2604.23341943169,1968.78358818062,2608.16539476561,6495.25604490305,2142.20754993287,2124.97384561399,2780.88744763494,2584.21059280077,2494.63418151756,6357.14665252756,1600.00985396791,2153.3525435149,3134.16646642665,1962.28870231119,2617.26567168288
1677.71298822857,1946.23989181651,63.0115077863637,83.994039414197,5685.22846402164,5848.54286416503,274.808562062055,247.164410377198,5736.38777112601,2258.96710459906,41.5171144519465,383.648839832346,536.390087719711,1974.4253635881,2246.06776093245,2761.44704174773,821.5374095478,293.304855068991,5961.8655195539,249.638757541891,1e+08,2003.53678983926,321.997038086725,2222.85007236381,1932.33456720745,5598.54679710486,1957.84683815453,23.7820069145538,5710.87136952271,2019.56973633993,1834.10673967361,5854.52670306175,2287.39234304112,1331.93467807422,498.115188926514,146.82540111042,5620.89237669395,450.935128532104,1305.17712655023,2135.49617972947,1622.05774313042,5946.0474341285,2156.20966103695,2197.47628821831,429.685956881823,2051.67214225189,2235.80485369878,75.9201880913781,1205.75404600151,5665.88473574535,470.522937030325,5622.47672707201,5701.50033865083,1763.76697911424,5797.58059564859,2133.32856175285,2133.36533920835,1838.33078675545,2071.86512821794,5839.73833086844,5723.13349557916,5403.89062864986,5761.67181249929,794.118609286284,5867.11477128733,5944.55922622285,5820.54083059781,87.9941737396693,2011.61562913969,1922.80817091664,1513.01101011716,1039.9612456044,1683.78906266156,1631.84812909577,1795.90264746391,1345.29748887856,1968.39108724808,1016.51942709131,1832.09367061932,1681.01048642133,1395.45614186414,1465.79170399809,1289.68369649533,872.66596820741,6308.6748917927,1327.48064921692,931.08165107425,1560.91169243097,6716.99316662801,6107.01110632254,2086.91799876318,1374.95168531437,822.406684467721,1445.42803432078,1574.32211233446,1431.92652605873,1804.82932456653,6411.55977659065,6279.710702737,6178.19085406946,898.632627666752,6260.8754624034,1166.75879473278,6418.20705733472,1541.12060731097,1600.95656393492,6434.7327325776,1276.78478965439,1504.23113256782,1479.50817376449,1412.40723713708,886.480834793276,6156.48237859752,2120.11203284296,6231.77865225753,2218.47510242096,1602.18729209326,6629.07616487918,993.925032416641,6543.02597233562,6205.31376331852,1171.16142839629,1381.00081617669,6299.03489714909,6065.76135285952,2065.56334881859,6673.71532220659,779.522927836573,1279.55266407394,6487.74103456479,1506.00784055888,1364.54862317661,1359.9264050051,1169.65493096723,1488.31103814208,6137.85916397616,2397.69775733785,6081.01476182616,2399.80112636235,2670.73200464837,2339.92993890476,6237.437938155,2619.93568491695,2551.80960341389,6148.84534013965,2328.21045069715,2633.21932232198,6106.8297709068,2179.02247977284,6489.60016282708,2657.95309213897,6067.18023540354,6330.28540736682,2087.47440960678,1993.65947658675,2185.52337692572,2212.00566970349,6156.65018465468,2222.19917843109,6201.10676972984,2415.86935081913,2627.29000763294,2794.74515856488,2434.28256564722,3260.21448334925,2431.55674252277,2317.60432372213,2325.70871776419,2507.00866159312,2536.32611619389,2202.51602580439,2666.08913634907,2182.54917020623,2382.00012479539,2323.42400932357,3059.90142176261,2627.89763873865,6412.07269480306,2577.93382945524,6101.23254964307,2597.30949631186,2349.39590928031,6558.16752840815,2147.32376372373,2385.96858115507,6183.79054856889,2196.15872557296,2148.88775903903,2408.24385482637,2512.00697675586,2679.2524556427,2364.57621939641,2310.87657943789,1811.91435670619,2660.87712166268,2196.17193084423,6295.21584852036,2127.43901659756,2534.89459874174,2596.56508012252,1788.26714151965,6210.68213746807,6157.44649528302,2678.38814056008,2742.74327975029,2209.45383768216,2460.52115670079,2420.00267288511,6324.64901853223,2366.38429091873,2428.11408981356,2674.01443265974,6357.43436179337,2173.04512413315,6088.71713932348,2832.70150494508,2284.55888757535,6472.3138557164,6133.12518928445,6226.76190424637,2356.68135429545,2707.18954536113,6164.19279071177,1973.1564733623,6154.71214981803,6450.09852631574,5786.14770156252,2721.416132746,6418.44438336106,2305.86364236432,2519.86031807941,3109.16493211842,2191.71757576164,2551.41189097433,6400.83098195444,6232.25027719931,6087.77865684345,2332.56222815705,6284.4234988402,6449.44175542105,2758.64254737282,2192.69134376113,2433.25856269179,2383.78669558821,6410.36042654845,2258.92701853156,2394.30899108974,2568.27551144394,2611.56782865853,2366.22068891581,2687.75361689449,2648.27018531849,2567.68220450104,2621.65259661792,2590.51425989009,2060.15238194484,2299.50985784072,2178.72216895131,2276.60214306828,2479.22985668202,2709.68152038145,2551.14866953187,2535.56863433948,2437.35668399573,2172.24328291486,2408.96440745751,6351.8208933787,2618.65344136279,2256.19091122466,2620.85636381214,5816.84834263885,5963.95769324086,2767.47172960278,2652.45185610121,6514.09609803767,2436.67836846577,6363.39364753275,6070.26861807429,2370.14690385042,2310.21078557962,2362.65542305477,2518.32650199379,2518.68719216452,2621.15675117906,2449.79496471803,5989.18055419402,2157.80660050194,2293.77951694128,2418.24922102528,2282.40544653712,2310.10953986634,2175.4915646555,2887.98059299911,2268.13631025082,2318.0889025309,3064.51193820621,6703.90674713861,6578.34747880324,2956.8547956869,6480.81211341034,2186.22414036747,2433.84106608003,6775.69667892405,1980.14455989694,1930.90357190377,6725.0316076122,2854.05331767876,6731.01046767643,2409.57325550555,2351.39602313414,1696.15802099789,1939.92843765697,3257.57988456461,1873.1672100788,1365.94938790259,3190.56470738454,6755.2094708026,1839.83954024765,2777.18657047137,3161.94470441395,2329.11543031473,6607.91569973133,1806.49325470346,2830.6555080977,6673.2297309516,2781.69023068516,3000.83426800626,2758.04667209857,1752.86534873095,6570.60287236179,2122.67542120575,6544.02239881349,6665.02637535316,1633.07874202934,6659.81237179871,6822.81353550374,6728.60571803906,6747.12690209758,2296.40259147955,2891.29184736066,2782.89491179432,1632.20533196759,2908.20318767656,6716.85218574973,6556.86440824527,6630.25747218955,6691.17411082898,2832.9741795286,1903.89067988767,2795.6714955117,2020.57697500584,1790.45463422382,6515.54034968999,3176.88394548752,1777.85457126961,1705.72506847144,2660.07661456601,1422.54394427829,2396.47513086832,2143.70740039661,2145.72240134587,1783.79280045043,2407.67651116993,6438.93616776923,2952.87167468801,1661.95627855224,2703.02198530487,6598.81401260729,2077.97561304207,2835.37354049418,6636.666627211,2643.4548230207,3007.33730118535,6665.80325323594,2850.48213999828,1761.13920807244,3413.8068607675,1919.06688970036,7036.53324928524,1762.86554595606,2688.9667727742,2256.10626976872,1782.75562731426,1848.73146345793,6656.4948507803,6704.09584129015,2351.02208027198,2940.51087834834,1849.52876600366,6974.29006286228,7198.53562744367,1523.03074118558,3030.35136354656,2303.31569315457,6531.49120027113,2957.91500807002,1692.01933249537,3076.73884386456,1392.23355436221,2937.00416417652,2029.394961531,6645.81984307161,1771.60855926857,1905.75319595119,2759.52493550359,1791.06814947163,6698.58883496721,6557.92657048472,1985.42204705136,2784.00381143704,2302.38960876688,3023.72381439822,3124.18628656455,2991.06789105523,1519.92924615964,6649.85974689923,6501.83599511886,2747.67829041511,3102.76753614657,2999.51404454697,1854.88127782821,2977.97418500982,6686.49764853501,2183.00604384781,2817.17541106296,2451.70205604042,6847.14291859999,1805.53729979482,1893.90232176203,2271.17984690227,6717.43385723172,2326.62190151105,1796.83747298897,2085.14099574651,2338.81531015427,6450.99030948864,2389.46102579572,1764.64503511156,2387.39192597072,6731.07376464951,1925.01384818288,1916.71879619811,2912.43902750508,2685.49539252419,2277.65651206185,6593.56442082644,1414.04460900463,1939.08675765107,3285.59079056541,1761.33206225758,2395.5177241648
325.823801610687,57.2968980227419,1940.52528205289,1919.54275042506,7688.76525386092,7852.07965400428,2278.34535190132,2250.70120021645,7739.92456096526,255.430314759797,2045.0539042912,2387.1856296716,2539.92687755897,29.1114262511578,242.530971093186,757.910251908466,2825.07419938705,2296.84164490825,7965.40230939318,2253.17554738115,2003.53678983926,1e+08,2325.53382792598,219.313282524552,71.2022226318169,7602.08358694414,45.6899516847276,2027.31879675381,7714.40815936196,16.0329465006772,169.43005016565,7858.06349290103,283.85555320186,671.602111765045,2501.65197876578,2150.36219094968,7624.42916653322,2454.47191837136,698.359663289033,131.959389890212,381.479046708836,7949.58422396775,152.672871197691,193.939498379051,2433.22274672108,48.1353524126341,232.268063859519,1927.61660174788,797.782743837754,7669.42152558459,2474.05972686958,7626.01351691125,7705.03712849007,239.769810725019,7801.11738548785,129.791771913594,129.828549369088,165.206003083811,68.3283383786821,7843.27512070769,7726.67028541843,7407.42741848914,7765.20860233855,2797.65539912554,7870.65156112661,7948.09601606213,7824.07762043707,1915.54261609959,8.07883930043186,80.7286189226157,490.525779722098,963.575544234857,319.747727177696,3635.38491893502,207.634142375349,658.239300960699,3971.92787708734,3020.05621693057,171.443119219941,3684.54727626059,3398.9929317034,3469.32849383735,713.853093343929,1130.87082163185,8312.21168163196,3331.01743905618,1072.45513876501,442.625097408285,8720.52995646727,8110.54789616178,4090.45478860243,628.585104524887,1181.13010537154,558.10875551848,3577.85890217372,3435.46331589798,198.707465272731,8415.09656642989,8283.24749257624,8181.72764390874,1104.90416217251,8264.41225224265,836.777995106482,8421.74384717397,3544.65739715022,402.580225904333,8438.26952241686,726.752000184872,499.305657271438,524.028616074764,591.12955270218,1117.05595504598,8160.01916843679,116.575243003693,8235.31544209678,214.938312581701,3605.72408193252,8632.61295471845,1009.61175742262,8546.56276217487,8208.85055315778,832.375361442973,622.535973662568,8302.57168698835,8069.29814269876,62.0265589793284,8677.25211204585,1224.01386200268,723.98412576532,8491.27782440406,497.528949280386,3368.08541301586,3363.46319484436,3173.19172080649,515.225751697182,8040.97590013756,1132.54339409971,7987.65049535965,1078.93636188116,1177.94940470645,1144.64989263059,8140.28258775598,3518.79657147825,1113.12188053334,8036.23408073755,1117.70982940246,3603.16088487876,8004.7991240964,1174.1557590486,8376.19300167184,3612.74345409353,7949.37065033878,8228.56752231946,1286.56670637186,1366.52699775048,1161.66519474143,1243.32502692356,8057.36296739527,1224.54172760367,8101.91742068636,1089.95101412687,1336.32692821591,3728.02388515335,1205.89892087855,1542.32506233951,1063.92454246389,1086.48574843028,1101.68480424992,3393.09152019793,1270.28757763535,1256.15602615107,3469.42833058172,1149.60249344246,1165.32221590063,1114.91163780911,1337.83400129053,1241.54588667748,8292.84682252991,3404.03942524962,8002.57853879057,3579.8205230228,1104.75010434807,8452.18441511285,1154.35121264861,2958.98693525199,8073.22466567733,1162.62333941216,1188.54344413216,3230.92532721082,1123.75684989113,3648.77651462218,1040.93401897267,1115.47326020789,1248.48802399544,3574.50081494377,1066.61881172522,8187.51020501732,1266.74573893524,3495.59939534233,1187.11634379798,1397.92379013387,8101.42804269839,8052.88092615857,3585.89206133241,3633.28842124812,1100.63300841253,3309.16584355435,1090.26617158244,8214.92616570736,1042.14509418825,1058.78049881651,3586.36484366157,8255.14840573932,1107.01667202476,7984.33381043918,3903.20838353282,1222.09880024756,8358.32730305716,8011.63700954085,8133.11734972932,1057.79656652249,1228.32888035743,8059.15327737262,1238.23649707946,8052.69973589903,8343.2979665018,7694.00243729872,3689.93218057214,8305.35052607654,1208.13226543988,3388.66688282109,1487.42165190372,1233.94616038736,3453.78043136633,8295.51910639469,8115.91693184715,7974.69256275912,1114.97168874519,8178.08206879005,8332.18306281456,3594.29762224544,1244.72110529128,1081.65773340402,1062.51441964428,8299.54186085968,1026.13985883384,1198.98881657796,1247.23768997296,1219.18612527352,1079.5540730773,1212.06033122053,1172.80892487045,3371.75490357547,3439.85591332081,3465.9934235034,1295.26423658642,1161.09837370274,1219.16101586567,1152.62332555531,1142.7643848498,3604.15088689686,1241.95667094729,3416.09317727704,3218.21788610747,1221.07710358909,3233.13017270147,8233.83898404371,3531.98265557261,1229.689440148,1173.77619703732,7724.01078456816,7861.55919266281,3807.54054562241,1227.80769077026,8401.9054792521,3056.7189455879,8260.13637571842,7965.34143176621,1162.91331029583,1081.08735789749,1048.73525408192,1218.10489059619,1180.12364628226,3639.92911214567,3311.61396919079,7895.65373301996,1200.93532228889,1251.97575924033,1233.36642595392,1076.45008164294,1198.48706735747,1262.03826376922,3849.67469929355,1145.67680354426,1072.41886933755,4463.49199335047,8635.88420306441,8499.02627439561,4278.71317075332,8394.47461158548,1037.72508928213,1162.63547253211,8694.51315462675,1196.08964152376,1150.2035066664,8635.83051008969,4197.33931433148,8645.25330193067,1147.26333883223,1092.66740475957,1353.44038262603,1154.05925398918,4711.98327541938,1231.25076491106,1553.30984550551,4621.45775788191,8671.7926533321,1218.72626710517,4036.6291127253,4633.36893540641,1007.6389399758,8535.30005735347,1252.59574238695,4216.38394212414,8598.76791009628,4174.87570700488,4395.44368507692,4072.88173865341,1233.9118720317,8493.21351473005,1073.33722381904,8467.2688955692,8575.35625095879,1299.33331767079,8577.60061575731,8759.59381285203,8657.65446001774,8679.34964032956,1135.40821390138,4310.34912529552,4086.52184259385,1268.24761959105,4271.45447600135,8624.81387097763,8481.51974984199,8551.89414937931,8614.89351552651,4233.36696069731,1156.44603881689,4080.00879840891,1104.97804538404,1152.57099492057,8446.55726801314,4670.17598727968,1143.60256123135,1306.39233102533,3947.31680556493,1468.86462723063,1163.85024409615,1057.72366950567,1150.56057387054,1244.40310079726,1133.79170924435,8353.59172032947,4348.93172950934,1287.66489801044,3994.80193132628,8520.17252075592,1157.77108245159,4204.78748513269,8561.24242052388,3886.53730863107,4366.66378134828,8582.23784797575,4213.67277649923,1243.37170797468,4917.63426447432,1256.43562865404,8935.21998177391,1205.02787803295,3957.53077215056,1082.28581201682,1172.95473959079,1197.30804851869,8577.09112200034,8626.19605882184,1193.25424504866,4278.81289299244,1083.14170090328,8900.7820011834,9125.09188302915,1385.79131761783,4444.1020057603,1131.52242435747,8458.4619070471,4406.06386711446,1291.7076973749,4468.68929605566,1471.13937046235,4470.40128922435,1128.66964308313,8573.99463486728,1249.69591142193,1242.24356693932,4067.89955788818,1090.41710857646,8615.13470969956,8473.71840096831,1178.08911653553,4111.28703387076,1047.21455054658,4371.74544547086,4631.86142009714,4366.39891419849,1432.19223289556,8566.52399995094,8418.41555732271,4095.04784184726,4469.57570717625,4365.71129487829,1189.02637120128,4399.03289447004,8617.32770582725,1151.40746668094,4125.01972567736,1193.95102892412,8777.66281623778,1114.93293898978,1149.40886203919,1101.82650315351,8644.37638249086,1139.20118893142,1207.48468321747,1103.34639270554,1249.08126965928,8365.67638860883,1271.28740250363,1229.46245519536,1167.25118339162,8651.82024759921,1063.13580600869,1197.01250691783,4359.77423765612,4001.23421246423,1179.63454376421,8518.36019028673,1419.62580557028,1112.13557444964,4807.42261753716,1269.27389650532,1153.95551567986
1999.7100263153,2268.23692990324,385.008545873089,405.991077500923,5363.23142593493,5526.5458260783,47.1884760246696,74.8326277095268,5414.39073303929,2580.96414268578,280.479923634779,61.6518017456218,214.393049632986,2296.42240167483,2568.06479901917,3083.44407983444,499.540371461075,28.6921830177343,5639.86848146717,72.3582805448345,321.997038086725,2325.53382792598,1e+08,2544.84711045054,2254.33160529417,5276.54975901816,2279.84387624125,298.215031172172,5388.87433143598,2341.56677442666,2156.10377776034,5532.52966497503,2609.38938112785,1653.93171616094,176.118150839789,175.171636976305,5298.89533860723,128.938090445378,1627.17416463695,2457.49321781619,1944.05478121715,5624.05039604177,2478.20669912368,2519.47332630504,107.688918795097,2373.66918033861,2557.80189178551,397.917226178104,1527.75108408823,5343.88769765861,148.525898943601,5300.47968898527,5379.50330056409,2085.76401720097,5475.58355756186,2455.32559983958,2455.36237729508,2160.32782484218,2393.86216630467,5517.74129278172,5401.13645749244,5081.89359056314,5439.67477441258,472.12157119956,5545.1177332006,5622.56218813614,5498.54379251109,409.991211826395,2333.61266722642,2244.80520900337,1835.00804820389,1361.95828369113,2005.78610074829,1309.85109100904,2117.89968555064,1667.29452696529,1646.39404916135,694.522389004587,2154.09070870604,1359.0134483346,1073.45910377741,1143.79466591137,1611.68073458206,1194.66300629413,5986.67785370597,1005.48361113019,1253.07868916097,1882.9087305177,6394.99612854128,5785.0140682358,1764.92096067645,1696.9487234011,1144.40372255445,1767.4250724075,1252.32507424773,1109.929487972,2126.82636265325,6089.56273850392,5957.71366465026,5856.19381598275,1220.62966575348,5938.87842431668,1488.7558328195,6096.210019248,1219.12356922424,1922.95360202165,6112.73569449088,1598.78182774111,1826.22817065455,1801.50521185122,1734.4042752238,1208.47787288,5834.4853405108,2442.10907092968,5909.78161417081,2540.47214050768,1280.19025400654,6307.07912679246,1315.92207050337,6221.02893424888,5883.3167252318,1493.15846648301,1702.99785426342,5977.03785906238,5743.76431477278,2387.56038690531,6351.71828411987,1101.5199659233,1601.54970216066,6165.74399647808,1828.00487864559,1042.55158508988,1037.92936691838,847.657892880505,1810.3080762288,5838.27188423316,2686.18090867715,5780.70789430835,2691.90143940526,2967.31654677214,2625.5418620536,5937.80544414847,2593.46831577132,2847.44522621075,5852.72145510873,2615.2943799924,2590.46526374028,5808.41655176895,2457.33196817359,6193.25278439375,2617.49896108861,5772.30935678051,6031.55845522233,2353.86107971214,2249.92522167069,2464.97522164917,2485.90283106119,5857.57433163094,2497.92456967001,5901.961148356,2707.82370168976,2910.98336361367,2753.37197443522,2719.04155826074,3564.2311692541,2725.72618459657,2606.45977105247,2613.80309097324,2488.71384485723,2820.69119461373,2475.06236715463,2657.95057240112,2462.82441531858,2667.65333811738,2610.54126211779,3365.84801339883,2918.3554341266,6117.08056320045,2569.11448406974,5802.0774311646,2553.31953604686,2638.07074262357,6260.13505580979,2426.25469091854,2439.14577059648,5887.17318129616,2475.85036922962,2425.20851271385,2408.91286684408,2805.38328514463,2634.61535678979,2657.90969056732,2597.54316559984,2075.80590239007,2629.35857757518,2482.80043985397,5997.84032014996,2396.73003340134,2498.68031616291,2889.29738547924,2036.31925839943,5913.74396797728,5859.53611637192,2647.44024565513,2712.72864186686,2494.06694397651,2452.76487287572,2712.08395514874,6027.68246463806,2659.70057153578,2722.48400990852,2642.20036009598,6058.80333508753,2456.19626285486,5790.8460530903,2759.37093714642,2562.57585874905,6176.11168757904,5838.97962309035,5926.36642818779,2648.68498414851,3002.17603444109,5866.37933650357,2240.862786876,5856.24079399382,6152.35600096462,5485.89486688245,2675.25069018726,6122.10837241155,2585.68469053859,2504.69667679277,3407.89726317371,2465.71390213135,2527.37480294107,6102.81592629517,5936.84313555132,5791.83583393141,2619.97892380472,5986.7606586934,6153.97745813534,2739.65560738992,2465.84839750208,2726.36717504116,2676.39066239901,6113.53722472401,2549.98533664543,2678.02562371481,2855.68284566284,2902.81433352013,2657.13237156173,2982.90697306341,2944.18644819295,2564.03534698788,2612.43320610945,2570.48948590708,2324.97722162631,2582.57818444592,2453.49761910665,2559.52844065281,2770.08315358691,2680.21456168782,2838.18009506211,2517.07894211295,2445.35744777352,2446.66697009244,2409.27365825226,6056.62936978479,2589.0807747221,2532.64490981886,2915.51152912085,5516.71586368339,5665.7933863732,2703.45622105735,2944.95209229478,6217.45752893558,2477.66074273431,6064.96899393294,5772.53981950718,2655.54037703484,2599.19183685187,2655.43303721997,2805.63074128327,2808.61384698532,2567.90614947426,2439.73706145944,5689.00868632094,2433.4053168053,2569.80838230221,2700.39122924451,2570.83329257646,2590.80000223673,2446.67635489975,2836.88003523413,2551.29245578908,2607.89582994514,2906.45509920703,6397.51751607208,6274.50222684029,2820.40244285311,6178.57607331776,2474.56426565328,2721.60997438519,6472.10611144133,2251.67073372913,2205.39998876587,6423.21228127614,2715.16913505961,6428.4420719741,2697.48739339788,2640.94632669546,1947.75198306528,2214.25141082984,3081.85148736423,2139.58832008202,1589.56894771843,3021.92429821447,6452.11659604311,2106.92573686301,2661.27653656108,2983.83676818079,2623.4050784434,6302.58905946052,2069.91563027848,2681.79135543036,6368.25832246877,2632.30065102033,2845.35871373333,2629.1013189611,2017.53782282012,6266.34284888287,2406.98010815848,6239.64386128626,6363.35836309341,1890.25102096989,6356.53215629665,6515.31195931229,6422.83529095466,6440.65698844286,2581.2043700568,2732.39035240011,2655.95505308282,1892.76677492387,2762.86824038574,6415.65270706371,6252.16906302788,6326.16445227739,6386.58442843769,2680.33293016267,2177.43836473657,2673.08350229311,2300.31982063401,2063.06884286822,6209.4857198131,2993.01920844647,2051.18889161162,1962.55602452738,2541.23961400418,1658.59021022998,2682.76166611003,2429.61976543702,2424.89925798197,2047.73995670758,2696.43678955747,6136.51916668456,2798.21079136541,1920.50647888286,2581.5933459239,6294.80518903062,2354.8529374072,2690.48849774978,6331.93028696751,2536.15833224461,2860.40986920847,6362.81185530685,2706.73574259005,2024.95422756752,3223.24288755422,2183.98849296891,6737.05398777508,2030.4159660286,2573.77026477165,2543.34766208293,2053.46129099694,2117.90515495662,6352.60802384127,6399.84770740639,2633.55327129821,2800.47426589873,2128.5645012204,6668.91139416224,6893.00546438411,1769.91401215162,2869.42051980889,2588.61748198873,6226.30927224828,2790.01732144245,1950.30892918882,2920.13298543463,1628.13328709996,2747.60547976109,2307.47017556577,6340.29493187314,2034.90426884917,2171.72706348815,2632.13970191504,2069.10820425087,6395.54767850984,6255.16147400278,2258.57945332857,2651.15714696666,2593.35891528124,2879.15250402872,2937.6905944996,2840.60586174131,1760.85961497971,6346.83110993376,6198.9453993792,2610.90335383111,2951.71099452615,2851.09378070743,2124.88481190605,2816.44303535924,6380.36870127578,2463.1588793834,2688.14381391682,2737.98925437239,6540.9781292443,2081.56742682623,2167.90578410687,2557.53164596108,6412.1272572003,2612.16128373702,2064.46157096838,2366.37580342306,2616.72340972862,6148.55625146322,2667.62053246648,2029.85585260572,2673.10674793722,6427.09896915204,2206.44516532626,2186.95729799908,2745.82316735833,2558.65934370986,2558.63926665675,6288.81151973021,1657.04418176315,2216.84206188426,3092.6576540542,2022.56479530335,2682.4561065485
545.137084135239,276.610180547294,2159.83856457745,2138.85603294961,7908.07853638547,8071.39293652885,2497.65863442587,2470.01448274101,7959.2378434898,36.1170322352447,2264.36718681576,2606.49891219616,2759.24016008352,248.42470877571,23.2176885686333,538.596969383912,3044.38748191162,2516.1549274328,8184.71559191771,2472.4888299057,2222.85007236381,219.313282524552,2544.84711045054,1e+08,290.515505156369,7821.39686946867,265.00323420928,2246.63207927836,7933.72144188651,203.280336023875,388.743332690202,8077.37677542558,64.5422706773075,890.915394289596,2720.96526129033,2369.67547347423,7843.74244905777,2673.78520089592,917.672945813585,87.3538926343404,600.792329233389,8168.89750649232,66.6404113268613,25.3737841455013,2652.53602924563,171.177930111919,12.9547813349668,2146.92988427243,1017.09602636231,7888.73480810917,2693.37300939414,7845.32679943582,7924.35041101464,459.083093249571,8020.4306680124,89.5215106109585,89.4847331554642,384.519285608363,150.98494414587,8062.58840323225,7945.98356794297,7626.74070101369,7984.52188486311,3016.9686816501,8089.96484365115,8167.40929858667,8043.3909029616,2134.85589862414,211.23444322412,300.041901447168,709.839062246651,1182.88882675941,539.061009702248,3854.69820145958,426.947424899902,877.552583485251,4191.2411596119,3239.36949945512,390.756401744493,3903.86055878513,3618.30621422795,3688.64177636191,933.166375868481,1350.1841041564,8531.5249641565,3550.33072158072,1291.76842128956,661.938379932838,8939.84323899182,8329.86117868635,4309.76807112699,847.898387049439,1400.44338789609,777.422038043031,3797.17218469826,3654.77659842254,418.020747797283,8634.40984895447,8502.56077510081,8401.04092643328,1324.21744469706,8483.72553476721,1056.09127763103,8641.05712969853,3763.97067967478,621.893508428887,8657.58280494141,946.065282709424,718.618939795989,743.341898599317,810.442835226733,1336.36923757054,8379.33245096132,102.73803952086,8454.62872462134,4.37496994285113,3825.03736445707,8851.92623724299,1228.92503994717,8765.87604469943,8428.16383568234,1051.68864396752,841.849256187122,8521.88496951291,8288.61142522332,157.286723545224,8896.56539457041,1443.32714452724,943.297408289873,8710.59110692861,716.842231804938,3587.39869554041,3582.77647736892,3392.50500333104,734.539034221733,8252.18413555356,1131.927642682,8199.16328572524,1071.74054613628,1116.32130009947,1158.36303105695,8351.43424739513,3670.61744529457,1072.08947153738,8246.16196102459,1131.44763883268,3759.3088092172,8215.60143677002,1223.64487956378,8585.92324547863,3767.59779649689,8158.91101634309,8439.31478399886,1359.02644541352,1457.47282035387,1209.06226434986,1291.11290236015,8268.3695834925,1269.09258095376,8312.91622389724,1080.12137655572,1308.87756606882,3879.69403407958,1205.08270864349,1401.1322050876,1046.96905331521,1099.64075425129,1114.44570101503,3545.82022644189,1254.42957786704,1306.57552078933,3614.4109037346,1196.79642278177,1171.76765044657,1129.45994994346,1203.45959600618,1200.7214424387,8502.12848398297,3551.89008076546,8213.65631246296,3737.23930798084,1112.37178841443,8662.50204147435,1208.782692828,3094.89306304765,8283.30485537259,1207.97403991409,1244.70793332282,3381.45005242533,1094.45494891529,3804.29307750665,1038.08478442924,1132.88774807605,1362.89195799121,3726.68010727575,1105.32827600685,8397.78082811729,1331.3020551796,3652.51867096191,1145.85759166971,1518.40420426945,8311.60448922128,8263.45880599815,3737.43287670342,3782.83390631003,1138.91703337257,3460.35484383486,1079.46122749013,8425.0208561492,1038.98151909805,1042.04653784906,3738.27889780522,8465.83969387558,1153.35753604862,8194.95242389363,4063.47839447802,1254.27319321136,8568.01634995654,8220.8504762999,8344.55832034568,1058.75584930116,1165.85084963122,8269.69013850688,1327.54831906222,8263.4858856314,8553.58621903654,7905.7171488249,3844.84203490426,8515.13339384335,1234.84359380426,3540.12399645862,1372.56442386399,1284.90273627709,3606.83640615409,8505.94714882805,8325.50806120255,8184.60681147524,1127.46218194195,8388.46810248579,8541.61165325307,3740.00010367422,1296.20163895754,1066.51339540048,1057.35383336865,8509.51459457492,1047.4546817286,1206.19873157353,1221.21279039914,1179.00525666845,1080.56748929457,1151.79797861129,1116.17404837816,3518.3801301471,3586.5019738238,3616.76955938193,1372.68751459162,1185.077930099,1271.59441145512,1180.7324721419,1124.07133780765,3754.41075035246,1219.16935915959,3568.03076968992,3365.68562993971,1274.84335286651,3383.73120134596,8443.24690132581,3684.74108937316,1268.04937072048,1124.35508212479,7935.65908040795,8072.38578472567,3966.53815469591,1178.94089157494,8611.72685476828,3194.35073413755,8470.7460542502,8175.92309152239,1171.74351559282,1095.43274136065,1047.23465282186,1199.78657171009,1156.81913087401,3799.31677176848,3463.78459027551,8107.18522646666,1256.16266022402,1284.75263691511,1238.98161077365,1096.74562084541,1223.49504622829,1317.77258262193,4002.09554101043,1175.00126403028,1084.09896018561,4643.60577661536,8849.2970478162,8711.53639514685,4454.417479244,8606.43426133724,1076.598680779,1157.05308835797,8906.81846978955,1282.78232653353,1243.85045195584,8847.48418410925,4375.15669287409,8857.19089089391,1145.53181512868,1098.5830648032,1484.88920904601,1246.27332039801,4894.80019347256,1336.16747246839,1720.50668606111,4803.01665435618,8883.91790933599,1328.47489226531,4209.66084397873,4817.79752343185,1010.0325158202,8748.35550027715,1367.85234356284,4397.0822049965,8811.65536300953,4356.3723907901,4575.64513429384,4249.58981335227,1356.60291616589,8705.88477378071,1128.0280385757,8679.99925696811,8786.98813252908,1438.27619021069,8789.8507960507,8973.37989614022,8870.8194504014,8892.77341026218,1157.80707826166,4492.80229214443,4262.32568377066,1407.26640512842,4450.19247833275,8836.23462479223,8694.36281133988,8764.46992331676,8827.62622659569,4414.98640018606,1254.78230499049,4254.4808201348,1181.19454999888,1269.0250444052,8659.93326386313,4855.99910246679,1261.94249536161,1436.13900145101,4123.08464565202,1630.8661651872,1166.90370952849,1107.11762498733,1205.07869048258,1362.80779734272,1130.99515310997,8565.64494777197,4529.51957053822,1422.93087065609,4170.49517699998,8732.73337798286,1225.5622399158,4384.41104877802,8774.05922972181,4059.70681418402,4544.49945865434,8794.37450465573,4392.79468523615,1364.98675135752,5103.14564670571,1354.91706224101,9145.77296619961,1326.03370163748,4131.88686103932,1109.00548554165,1290.74695548684,1305.31366463358,8789.57426969774,8838.79159471353,1209.20639719075,4455.70786538226,1189.39968076976,9113.67936010795,9337.94620298168,1537.60200028091,4625.3908879695,1152.06919648482,8671.50165944553,4590.01400431619,1423.11783552354,4648.26420000679,1635.99612650362,4659.97037017319,1204.16887443866,8787.10636998777,1369.90248237424,1342.39757627084,4244.18687325109,1206.44656631892,8827.27182300219,8685.83139686223,1263.25971235549,4288.58811670531,1060.1598712297,4548.72770643741,4818.88556760857,4545.39234677647,1584.39990963445,8778.68392042865,8630.60892444847,4273.88955372426,4647.31576234392,4544.05011175368,1295.92608591443,4581.10355907732,8830.64951882647,1198.62890122385,4300.82985634403,1187.89561211235,8990.92369257891,1228.73963684479,1249.25099160952,1126.84248693081,8857.36955676771,1155.33400737165,1323.51950544602,1167.13592845674,1272.68222975169,8577.72865044398,1286.70171506389,1350.43529782534,1172.69625199488,8864.29692302239,1155.78754634573,1294.23174837815,4543.92637375832,4178.56802146194,1209.75060584634,8731.20572776277,1582.58306635373,1203.39003064118,4994.69542498455,1391.15839419602,1156.1669345248
254.62157897887,13.9053246090748,1869.32305942108,1848.34052779324,7617.5630312291,7780.87743137249,2207.1431292695,2179.49897758464,7668.72233833344,326.632537391614,1973.85168165939,2315.98340703979,2468.72465492715,42.090796380659,313.733193725003,829.112474540282,2753.87197675524,2225.63942227643,7894.20008676134,2181.97332474933,1932.33456720745,71.2022226318169,2254.33160529417,290.515505156369,1e+08,7530.88136431232,25.5122709470892,1956.11657412199,7643.20593673015,87.2351691324941,98.227827533833,7786.86127026922,355.057775833677,600.399889133229,2430.44975613396,2079.15996831786,7553.2269439014,2383.26969573954,627.157440657217,203.161612522029,310.276824077019,7878.38200133596,223.875093829508,265.141721010868,2362.02052408926,119.337575044451,303.470286491335,1856.41437911606,726.580521205939,7598.21930295279,2402.85750423777,7554.81129427945,7633.83490585825,168.567588093202,7729.91516285603,200.99399454541,201.030772000905,94.0037804519938,139.530561010499,7772.07289807587,7655.46806278661,7336.22519585731,7694.00637970674,2726.45317649372,7799.44933849479,7876.89379343032,7752.87539780526,1844.34039346777,79.2810619322487,9.52639629079909,419.323557090282,892.373321603039,248.545504545879,3564.1826963032,136.431919743532,587.037078328882,3900.72565445552,2948.85399429875,100.240896588124,3613.34505362877,3327.79070907158,3398.12627120553,642.650870712112,1059.66859900003,8241.00945900013,3259.81521642436,1001.25291613319,371.422874776468,8649.32773383545,8039.34567352999,4019.25256597061,557.382881893069,1109.92788273972,486.906532886662,3506.6566795419,3364.26109326617,127.505242640914,8343.89434379809,8212.04526994442,8110.52542127692,1033.70193954069,8193.21002961082,765.575772474666,8350.54162454216,3473.45517451841,331.378003272517,8367.06729978505,655.549777553053,428.10343463962,452.826393442947,519.927330070364,1045.85373241416,8088.81694580496,187.777465635509,8164.11321946496,286.140535213518,3534.52185930071,8561.41073208662,938.4095347908,8475.36053954304,8137.64833052595,761.173138811153,551.333751030752,8231.36946435654,7998.09592006695,133.228781611145,8606.04988941403,1152.81163937087,652.781903133505,8420.07560177224,426.326726648569,3296.88319038405,3292.26097221254,3101.98949817467,444.023529065365,7972.49917664964,1141.83736981075,7919.07203421759,1090.7856884885,1205.88320915739,1149.19775025911,8071.82371061339,3471.05854120542,1135.26918891073,7968.18763941406,1122.46563884447,3553.90117553913,7936.45925621562,1166.53389051464,8308.20842221679,3563.92396423698,7881.45565072049,8160.24341878334,1270.31581502947,1343.3907360072,1154.84665394554,1235.80789787433,7988.95379907078,1218.24471220366,8033.51034351001,1102.5442806486,1352.78538383125,3680.24920236652,1214.70837914133,1591.97330815882,1078.99988835555,1091.69588164796,1106.89359795886,3345.09944403652,1283.4774151784,1247.66320791518,3424.05925892247,1142.94347048833,1172.07964027032,1119.42510895334,1386.12827036008,1262.7317583197,8225.01387021132,3357.71901261582,7934.14611907972,3530.13359966108,1111.60783300957,8384.00184593165,1145.18620191566,2917.04852091022,8005.12655552269,1156.49243991073,1178.53811838022,3183.77471098794,1142.19831561592,3599.71526810464,1051.73767676035,1119.04164051035,1217.54460396913,3526.61531196461,1063.51553355365,8119.34665055331,1253.34673355138,3446.11909310326,1208.793155247,1364.11276956883,8033.29722551788,7984.61587132549,3538.22064544018,3586.28036331274,1097.37976986369,3261.74523760008,1103.1667735581,8146.82133462066,1053.03810130297,1073.83190648765,3538.56521764882,8186.84277875605,1100.98314644612,7916.05594089212,3852.42631307026,1219.97676339455,8290.35677590738,7943.8309486473,8064.56136923288,1067.2205701793,1256.20101575142,7990.90192494079,1216.35421075427,7984.36470388976,8275.12655906597,7625.35952551003,3641.06280412624,8237.34920084509,1207.92516245144,3341.11444862991,1529.62611962722,1225.41330166436,3405.64745153784,8227.30136330499,8047.98251679799,7906.65154885283,1120.15792809868,8109.87987796708,8264.30027344433,3548.62240404712,1235.94006802244,1096.00677066826,1073.85936868264,8231.47688796277,1029.22249535108,1205.25082073195,1263.78152265823,1240.31642811784,1088.7661056088,1239.36432703426,1199.27220360431,3325.87178413925,3393.93112955616,3418.63828228864,1277.23628939959,1162.13997948108,1210.22260507493,1152.3592671789,1157.73613061786,3556.91069465983,1257.51717367697,3368.36233250176,3172.127849116,1211.67095153203,3185.95205693655,8165.96446233826,3483.91687313841,1225.44473724058,1198.04405112063,7655.38986279082,7793.21298289761,3757.22654315537,1251.55117966277,8333.88999851463,3014.11616739226,8191.8580870048,7897.07622747924,1168.91389401115,1085.95504733351,1059.03357263238,1232.41414067027,1196.26860492612,3589.54207244918,3263.8539656539,7827.07005501428,1191.16538905034,1249.45366850327,1239.90763268261,1079.40290048457,1198.91297272381,1251.6968616647,3801.59655008347,1145.06188865142,1078.23464183007,4405.78052585854,8566.66170582857,8430.10770110904,4222.54636822733,8325.74172833176,1034.83065016085,1173.29056071793,8625.66154358638,1175.3919991626,1127.32695491198,8567.19790963096,4140.46507500894,8576.5254202685,1156.80051325612,1100.18132181727,1315.81047758274,1131.669765222,4653.30820682103,1203.83211730509,1501.914502422,4563.22611371731,8603.00160909242,1189.63011205033,3981.43348119502,4574.15453233824,1017.08094786744,8466.19822601667,1221.32157488869,4158.51726126422,8529.72191045138,4116.74281018907,4337.71418438103,4016.41514749987,1200.01510305516,8424.24092965448,1064.73043329828,8398.27670500672,8506.73154775155,1259.15094902629,8508.76853228973,8690.24528321574,8588.51491525116,8610.12315615255,1137.17231396738,4251.86292135315,4030.36270292347,1228.16171663432,4214.24960574288,8556.25947283772,8412.48962107289,8482.95308686992,8545.89927902658,4175.18082945649,1131.84464509178,4024.30836004795,1088.61920251173,1121.40521180072,8377.34858614834,4610.47953471503,1111.79610450538,1269.57518501282,3891.20286706318,1419.58341261894,1171.71761789714,1051.07031458683,1141.39411874062,1212.02309012629,1143.77675119347,8284.82783081048,4291.0782166316,1248.89120851975,3938.70217291923,8451.2367392801,1143.96865445719,4147.29196018497,8492.22042673624,3831.33270571118,4309.74964943875,8513.44379565173,4156.34764212453,1209.82286652649,4858.01189322565,1231.18769401694,8866.95320002772,1171.89714606452,3901.89981201792,1083.059971578,1141.1793419274,1168.96418160147,8508.18090786967,8557.24772885326,1196.70323906739,4222.23820819001,1056.1646830777,8831.73028855484,9056.05290608317,1340.52904313425,4385.99165500161,1133.92908219716,8389.36597053919,4347.04811683782,1254.34042332834,4411.16129891745,1420.78679964993,4409.44894354182,1112.38436527736,8504.87360865169,1216.63146370267,1216.47534656394,4011.57862308812,1059.79795956951,8546.34020321503,8404.93329686811,1158.04681266795,4054.60826897941,1052.84696711471,4315.12245240761,4571.75933604166,4309.08841234534,1386.64806404288,8497.72228971956,8349.60400830001,4037.84334073189,4412.67510102275,4308.62508295546,1161.13142327058,4340.66245637604,8548.13587905295,1144.72543421904,4068.84974839618,1204.52770935035,8708.49021433256,1084.97267088235,1124.3105276767,1102.99884074629,8575.29455823857,1142.9989764594,1176.16197772846,1091.34648218718,1249.62670343846,8296.91270480124,1274.38447348703,1196.21809147745,1174.31857975605,8582.91155466591,1041.24790824003,1172.55817933888,4300.69679270071,3944.5688498609,1178.4994053351,8449.32891921731,1370.10542093118,1090.38048188244,4747.21277479922,1235.50216221702,1162.17043015428
7276.25978533344,7544.78668892138,5661.55830489124,5682.54083651907,86.6816669167811,249.996067060162,5323.73823504282,5351.38238672768,137.84097402113,7857.51390170392,5557.02968265293,5214.89795727252,5062.15670938516,7572.97216069297,7844.61455803732,8359.99383885259,4777.00938755707,5305.24194203588,363.318722449036,5348.90803956299,5598.54679710486,7602.08358694414,5276.54975901816,7821.39686946867,7530.88136431232,1e+08,7556.39363525941,5574.76479019031,112.324572417839,7618.1165334448,7432.65353677849,255.979905956889,7885.93914014598,6930.48147517909,5100.43160817836,5451.72139599446,22.3455795890821,5147.61166857278,6903.72392365509,7734.04297683436,7220.60454023529,347.500637023631,7754.75645814183,7796.02308532319,5168.86084022304,7650.21893935678,7834.35165080364,5674.46698519625,6804.30084310638,67.3379386404733,5128.02386007454,23.9299299671289,102.953541545948,7362.31377621912,199.033798543714,7731.87535885773,7731.91213631323,7436.87758386033,7670.4119253228,241.191533763568,124.586698474294,194.656168455001,163.125015394429,4804.42818781859,268.567974182463,346.012429117988,221.994033492932,5686.54097084455,7610.16242624457,7521.35496802152,7111.55780722202,6638.50804270927,7282.33585976644,3966.6986680091,7394.44944456879,6943.84428598343,3630.1557098568,4582.02737001355,7430.64046772419,3917.53631068354,4203.09065524073,4132.75509310678,6888.2304936002,6471.21276531228,710.128094687829,4271.06614788795,6529.62844817912,7159.45848953583,1118.44636952313,508.464309217663,3511.62879834169,6973.49848241924,6420.95348157258,7043.97483142566,4024.22468477042,4166.62027104615,7403.37612167141,813.012979485777,681.163905632117,579.644056964594,6497.17942477161,662.328665298521,6765.30559183764,819.660260229847,4057.42618979391,7199.5033610398,836.185935472729,6875.33158675927,7102.77792967269,7078.05497086937,7010.95403424194,6485.02763189816,557.935581492645,7718.65882994781,633.231855152659,7817.02189952584,3996.35950501161,1030.52936777431,6592.47182952151,944.479175230735,606.766966213648,6769.70822550116,6979.54761328157,700.488100044222,467.214555754644,7664.11014592346,1075.16852510173,6378.06972494145,6878.09946117882,889.194237459929,7104.55463766374,4233.99817392827,4238.62039209977,4428.89186613764,7086.85783524696,2198.12283939071,7796.78779233559,2141.19246752821,7820.45130492484,8108.48633366385,7724.92210116288,2239.94004287664,5831.46068729764,7987.8660677639,2357.31717493271,7722.50928119281,5708.91953969249,2238.78799357292,7531.55052496422,2511.28241429884,5735.4258396152,2377.33915178332,2325.23406263266,7380.33066661436,7240.42432310411,7544.09956852387,7537.01078527318,2229.6137054067,7556.95481943939,2245.86108001909,7834.941349975,7985.082549929,5775.85955370721,7809.05356570378,8731.75271359331,7863.29982748405,7722.85597106369,7726.08280535931,5851.23990136569,7903.18603873731,7520.50277229083,5991.29908993284,7545.99565241209,7764.96867925743,7718.16860961306,8549.01416665645,8028.47484040291,2528.53454984827,5949.5795925946,2202.77709846323,5687.49172254414,7752.00884049083,2475.42253348602,7505.51535560082,6300.40518049921,2350.96505388725,7555.39766635229,7492.28972137527,5949.51113676789,7935.66442270685,5709.2289672491,7794.08668839946,7703.63495159012,7117.72101336351,5807.07916226138,7594.88574361232,2368.55953005026,7433.02392197182,5726.8910334876,8012.78213757803,7016.6839954998,2348.82874246583,2282.57609136249,5817.98945011026,5849.49931725842,7595.94131920103,5910.3788843471,7839.65738201436,2400.59821642697,7795.71640420284,7861.20324848899,5809.53536629664,2342.93860315555,7553.37781014196,2255.74759941782,5516.82373588902,7628.27813288413,2508.34604780459,2434.61787238864,2199.60298278923,7778.65459430946,8133.43351484347,2289.79538746357,7283.46874869216,2256.22896421131,2429.80596032605,2043.28840064238,5710.9841509537,2474.62092746929,7658.75640296654,5879.28438494088,8547.3872141251,7518.80692028297,5824.78562255909,2392.29718308216,2424.60242319263,2339.86910982141,7728.59570328947,2350.76544979541,2527.79163066218,5944.40861498078,7514.92031797588,7858.53541116585,7808.14036926473,2449.4423187711,7679.83232858727,7765.01042212382,7952.44078831319,8017.82484296814,7781.28965162419,8115.77616281279,8082.57332919815,5984.02975229847,5964.48357790408,5869.82703355173,7346.87367635976,7671.82543924409,7511.21196149418,7649.44090168327,7888.8301258793,5841.39728526343,7933.81131285996,5860.52873532516,6013.39731759309,7503.21795421906,5947.27060011735,2490.08210020307,5806.94855891334,7592.75101160385,8048.2028815303,2057.61783926203,2195.27120897547,5577.68579560555,8064.93385006089,2511.90848387896,6243.40984876557,2355.16616023075,2254.71414501529,7752.20501067314,7716.56499853188,7788.95252155934,7904.30143879392,7920.82092090157,5622.01908168569,5889.60465419806,2112.33638115597,7496.49303176582,7625.23800757678,7778.10311442773,7686.92393571457,7667.84047074666,7487.83350935463,5726.69205155324,7642.81173718316,7728.89959739642,4745.8688478832,2165.59498461051,2216.93467621581,4957.57134866777,2239.93665607545,7595.18115958346,7826.84485730676,2349.96990780324,7310.29653712725,7280.83460794843,2401.82971407283,4923.23326829933,2370.44906981925,7804.66139889325,7759.09191796857,6953.99683641437,7288.22859926194,4558.8878949194,7185.94853512361,6549.66168123679,4637.32794067457,2360.73987980036,7159.19456346995,5127.72084605307,4528.45798298465,7765.74820526609,2160.45637222877,7110.47223965096,4825.53515451244,2218.15584787333,4818.33503950701,4768.89085310244,5006.99775468338,7068.54777947895,2191.89659336599,7512.50407203448,2170.56036396581,2372.46194899836,6925.48346036559,2292.89922294862,2186.16296038656,2212.83094587106,2189.20178115713,7679.03501090792,4728.99562061869,5028.06569984663,6940.7873986474,4865.00223096378,2425.4825045247,2162.12141704623,2235.50363915282,2248.22240779654,4789.01076094226,7251.01823641646,5069.56737977719,7391.89048146019,7142.28044062814,2068.54326281491,4461.99110684929,7134.36171902756,6987.93565993725,5086.25505143643,6649.0601947261,7782.46535356116,7541.2970805973,7505.40405958091,7092.72421907385,7807.94075908201,2208.57118857236,4774.44592992439,6957.56505638373,5068.53712148689,2220.90919895447,7429.59372528082,4864.16530593222,2207.50433722157,5183.24135863336,4857.4914892654,2310.3982436727,4876.17063481719,7071.71840763647,4382.27967705453,7219.6423735163,2708.19328560125,7091.86993990965,5121.59472161637,7655.10999473027,7125.68085691241,7177.96028627438,2261.45687529561,2273.04615894245,7717.14483506928,4920.30571911835,7229.23287801041,2396.19184224048,2549.96181236131,6782.01701584157,4713.37540594368,7688.48794196995,2122.77183401433,4637.9674255601,6982.9190079253,4762.19065360909,6623.26148047031,4409.8992325208,7391.0539151646,2173.42701721746,7078.52240881194,7213.12069397854,5021.38522404746,7170.08132848056,2328.00299367965,2257.70700075927,7323.88312067093,4973.68690974936,7720.74730490985,4883.24952115014,4432.30868096988,4819.8958846307,6752.37487392054,2299.00124407707,2219.95449658893,4934.31943412936,4823.54824777035,4841.50366807739,7187.8202228762,4704.84026783807,2167.92930159075,7545.72810385551,5012.63314763365,7834.81848177164,2270.63064052089,7173.31473660194,7244.21667007021,7664.22754511563,2229.03790282302,7711.91002021543,7122.98431022626,7460.289624544,7678.28788860852,2214.21605996293,7727.11652442202,7081.82278738152,7770.44008944843,2303.22746837859,7311.83143537524,7245.44348188082,4650.98434527656,5018.76506206001,7639.11847749059,2180.81410574518,6672.02740964909,7305.57114562291,4352.02961603352,7059.0307588687,7785.4636591833
280.133849925959,11.6069463380144,1894.83533036817,1873.85279874033,7643.07530217617,7806.38970231956,2232.65540021659,2205.01124853173,7694.23460928055,301.120266444525,1999.36395260648,2341.49567798688,2494.23692587424,16.5785254335698,288.220922777913,803.600203593192,2779.38424770234,2251.15169322352,7919.71235770845,2207.48559569643,1957.84683815453,45.6899516847276,2279.84387624125,265.00323420928,25.5122709470892,7556.39363525941,1e+08,1981.62884506908,7668.71820767725,61.7228981854048,123.740098480922,7812.37354121628,329.545504886587,625.912160080317,2455.96202708105,2104.67223926495,7578.73921484848,2408.78196668663,652.669711604306,177.64934157494,335.789095024108,7903.89427228304,198.362822882418,239.629450063778,2387.53279503635,93.8253040973616,277.958015544246,1881.92665006315,752.092792153027,7623.73157389988,2428.36977518486,7580.32356522653,7659.34717680536,194.079859040292,7755.42743380312,175.481723598321,175.518501053815,119.516051399083,114.01829006341,7797.58516902297,7680.9803337337,7361.73746680441,7719.51865065383,2751.96544744082,7824.96160944187,7902.4060643774,7778.38766875233,1869.85266441486,53.7687909851594,35.0386672378883,444.83582803737,917.88559255013,274.057775492968,3589.6949672503,161.944190690622,612.54934927597,3926.23792540261,2974.36626524584,125.753167535214,3638.85732457586,3353.30298001867,3423.63854215263,668.163141659202,1085.18086994712,8266.52172994724,3285.32748737145,1026.76518708028,396.935145723557,8674.84000478253,8064.85794447707,4044.76483691772,582.895152840158,1135.44015368681,512.418803833751,3532.16895048899,3389.77336421325,153.017513588003,8369.40661474519,8237.55754089152,8136.03769222399,1059.21421048778,8218.72230055793,791.088043421754,8376.05389548925,3498.9674454655,356.890274219606,8392.57957073214,681.062048500144,453.61570558671,478.338664390038,545.439601017453,1071.36600336126,8114.32921675206,162.26519468842,8189.62549041205,260.628264266428,3560.0341302478,8586.92300303372,963.921805737891,8500.87281049015,8163.16060147306,786.685409758244,576.846021977842,8256.88173530363,8023.60819101406,107.716510664056,8631.56216036113,1178.32391031796,678.294174080594,8445.58787271933,451.838997595659,3322.39546133113,3317.77324315963,3127.50176912177,469.535800012455,7997.02940886592,1138.0039597138,7943.63888478264,1086.0183130441,1195.46190050709,1147.06230024256,8096.34758078884,3488.07144188593,1126.8665751251,7992.56285042252,1120.24377050425,3571.46620349185,7960.94015688029,1168.77201278078,8332.56160947686,3581.33010676016,7905.78343596565,8184.71879840862,1275.70563267446,1351.29491026613,1156.79068329512,1238.03590656061,8013.45970434171,1220.02709014317,8058.01552635775,1097.51771331472,1346.47853725058,3697.28054931388,1211.07809946034,1573.99374401906,1073.07962076665,1089.29699911657,1104.50251513622,3362.20075934428,1278.31118724854,1250.24679300206,3440.21469463556,1144.82491328001,1169.16450163892,1117.28847210353,1368.59416141768,1254.71739444476,8249.31237902706,3374.21632426016,7958.66036293199,3547.85250490638,1108.62993981705,8408.42639868798,1147.97090973078,2931.94553933293,8029.52040965346,1158.18980159831,1181.63970115759,3200.56687263999,1135.11169589278,3617.20964117301,1047.32310877458,1117.24282975439,1228.24701546776,3543.68295407897,1064.0809130734,8143.76416658569,1257.70077697438,3463.76123844775,1200.58581901255,1375.89946187486,8057.7028840354,8009.06985390145,3555.2112091937,3603.03243766477,1098.01586418389,3278.63746836128,1098.03114602755,8171.21771714513,1048.59238882497,1067.91763270382,3555.6021257106,8211.31152102256,1102.62033882364,7940.51448964048,3870.54791171404,1220.25999660509,8314.70488844024,7968.11953906648,8089.12021646434,1063.30549223141,1245.8181509876,8015.35097562565,1223.76359223418,8008.84389683911,8299.54701591489,7649.9493983459,3658.4887931579,8261.70836693424,1207.51680353354,3358.05668231751,1514.25430981751,1228.0029780373,3422.80138326101,8251.73847669816,8072.31743348509,7931.02475542911,1117.78113320784,8134.31130520064,8288.6167640033,3564.89195242489,1238.62307590912,1090.35270512713,1069.26328772454,8255.85897567081,1027.55198369322,1202.52627524647,1257.41533557572,1232.31406254027,1084.93728936347,1229.17673926126,1189.367953392,3342.21006959493,3410.2865080142,3435.51136552564,1283.27084602792,1161.26509047791,1212.95246382102,1151.94805000309,1151.88814295131,3573.745900392,1251.49834988078,3385.36984494453,3188.53604649564,1214.56984661275,3202.75423480801,8190.27789789398,3501.04858174805,1226.49222669685,1188.91551118204,7679.97183228947,7817.69606296726,3775.17711970432,1242.62691319135,8358.25433472426,3029.25753374458,8216.3169849732,7921.53019892365,1166.26775924255,1083.67574043526,1054.80276200775,1226.83123723989,1190.01925835224,3607.51546092323,3280.86900419839,7851.63872310451,1194.18725815713,1249.89172147228,1237.09681039259,1077.80519551787,1198.27409492797,1254.94771643052,3818.74026340362,1144.77324799308,1075.61270212874,4426.41379343633,8591.46090693429,8454.79737306859,4242.61944809076,8350.36445989853,1035.30587965161,1168.98545691391,8650.32719823214,1182.356916272,1135.06341125201,8591.78465850053,4160.79282360507,8601.1464892453,1152.88691435546,1096.96376422815,1328.97751917999,1139.23116299396,4674.29189314226,1213.24733504497,1520.14619722498,4584.04883007622,8627.64543963053,1199.65083990066,4001.15234450856,4595.33236916305,1013.1328096183,8490.95392164141,1232.14563228338,4179.20396459889,8554.45752714283,4137.52528171208,4358.3532629511,4036.59395696578,1211.78865701542,8448.95005275576,1067.27633492181,8422.99287670788,8531.31541829443,1273.23665346536,8533.42709390818,8715.0899257858,8613.28425012289,8634.92381188083,1136.02761509098,4272.77458055435,4050.43055053783,1242.20434979664,4234.69773059264,8580.81805137368,8437.21946478569,8507.65088580474,8570.61626042674,4195.98319922083,1140.20945520049,4044.21030949972,1093.97617229564,1132.15604804385,8402.14272712168,4631.83182424879,1122.7771536765,1282.43411984609,3911.25243465035,1437.02995553084,1168.40605238824,1052.90569424424,1144.17769257118,1223.24721670611,1139.69781808839,8309.4617077113,4311.76161672962,1262.45938519933,3958.74729085988,8475.93262008266,1148.42583746209,4167.84436561363,8516.94737931884,3851.05254743285,4330.09379472568,8538.0886624033,4176.8385616781,1221.47249519309,4879.33932678072,1239.82329840277,8891.40838791107,1183.38231253194,3921.77489440943,1082.24424642091,1152.15965611506,1178.70395782654,8532.86760896893,8581.94818226611,1194.9809537163,4242.45867934167,1065.36230841044,8856.46810107443,9080.786229765,1356.49083283427,4406.76884919698,1132.55285012211,8414.11950643904,4368.15212269341,1267.39622481478,4431.72833345035,1438.62598028608,4431.25346760222,1117.72544450042,8529.63623579395,1228.10651538433,1225.2949920576,4031.70470942217,1070.32527967441,8570.98525095642,8429.57488218176,1164.7674721913,4074.86428228931,1050.27752185074,4335.36146307446,4593.2578685685,4329.57577619509,1402.72139207636,8522.36990619592,8374.25508848922,4058.28921115153,4433.01548833818,4329.0313947752,1170.70502869579,4361.53318221036,8572.92402573934,1146.6159399877,4088.92202531729,1200.26323396603,8733.27150708633,1095.26982344387,1132.85297920147,1102.05019662026,8600.043098835,1141.12902227317,1186.98920450492,1095.12917558005,1248.96473683677,8321.54651446029,1272.81781584571,1207.75247326392,1171.29369378938,8607.59774547245,1048.58732338957,1180.88508858763,4321.82265030477,3964.81856267928,1178.41177597948,8474.05919240692,1387.6320977459,1097.6942054504,4768.75157300926,1247.24070372201,1158.73078096305
1701.49499514313,1970.02189873107,86.7935147009174,107.776046328751,5661.44645710711,5824.76085725049,251.026555147502,223.382403462645,5712.60576421146,2282.74911151361,17.7351075373926,359.866832917794,512.608080805156,1998.20737050266,2269.849767847,2785.22904866228,797.755402633246,269.522848154437,5938.08351263935,225.856750627337,23.7820069145538,2027.31879675381,298.215031172172,2246.63207927836,1956.11657412199,5574.76479019031,1981.62884506908,1e+08,5687.08936260816,2043.35174325449,1857.88874658816,5830.74469614722,2311.17434995567,1355.71668498877,474.333182011961,123.043394195866,5597.1103697794,427.15312161755,1328.95913346478,2159.27818664402,1645.83975004498,5922.26542721395,2179.99166795151,2221.25829513286,405.903949967269,2075.45414916645,2259.58686061333,99.7021950059318,1229.53605291606,5642.10272883079,446.740930115771,5598.69472015744,5677.71833173627,1787.54898602879,5773.79858873402,2157.1105686674,2157.1473461229,1862.11279367,2095.6471351325,5815.95632395388,5699.35148866461,5380.10862173531,5737.88980558475,770.33660237173,5843.33276437277,5920.77721930831,5796.75882368325,111.776180654223,2035.39763605425,1946.5901778312,1536.79301703171,1063.74325251896,1707.57106957612,1608.06612218121,1819.68465437846,1369.07949579312,1944.60908033353,992.737420176758,1855.87567753387,1657.22847950677,1371.67413494959,1442.00969708354,1313.46570340988,896.447975121964,6284.89288487816,1303.69864230237,954.863657988805,1584.69369934553,6693.21115971346,6083.22909940798,2063.13599184862,1398.73369222893,846.188691382273,1469.21004123533,1550.5401054199,1408.14451914417,1828.61133148108,6387.7777696761,6255.92869582244,6154.4088471549,922.414634581306,6237.09345548885,1190.54080164733,6394.42505042016,1517.33860039642,1624.73857084948,6410.95072566305,1300.56679656894,1528.01313948238,1503.29018067905,1436.18924405163,910.262841707829,6132.70037168295,2143.8940397575,6207.99664534298,2242.25710933552,1578.40528517871,6605.29415796463,1017.70703933119,6519.24396542105,6181.53175640397,1194.94343531084,1404.78282309124,6275.25289023454,6041.97934594496,2089.34535573314,6649.93331529204,803.30493475113,1303.33467098849,6463.95902765025,1529.78984747343,1340.76661626205,1336.14439809055,1145.87292405268,1512.09304505663,6115.65439378775,2418.71521315696,6058.75854967894,2421.11568753274,2692.43742294909,2360.70434608465,6215.23122567513,2616.63515991239,2573.42823511937,6126.88499468486,2349.10426780931,2628.73674999328,6084.70737180024,2199.16999147911,6467.62871412029,2653.65035429895,6045.30704017676,6308.14376534329,2106.61800102733,2011.94067580487,2205.76635768903,2231.79592560383,6134.48171944628,2242.14181438654,6178.93395357527,2437.17364386894,2647.94334549542,2790.43988974876,2454.99950061977,3282.55122478551,2453.04441170279,2338.64251585386,2346.68531431138,2504.24638935749,2557.02351613991,2222.19325712139,2664.15819122623,2202.85959644185,2402.78352539116,2344.31993503433,3082.38614761807,2649.10085147966,6390.19603619479,2575.9072195906,6079.05777324,2592.71866105404,2370.42322549406,6536.0777415499,2167.5166821066,2388.45238773698,6161.79588492801,2216.42339322971,2168.86529944143,2406.82037898304,2533.43736139678,2674.65564333365,2385.98838858957,2331.7337547736,1830.76894839216,2657.22784285845,2217.00963844877,6273.16919111138,2146.83184344338,2530.83684333096,2617.95064400573,1805.78955418265,6188.66521071794,6135.36024232961,2674.78922442488,2739.2434661548,2230.12699133217,2458.50718400807,2441.31781857067,6302.63163673568,2387.79523730082,2449.61787871307,2670.35005650943,6335.29983095711,2193.59156920134,6066.63271353341,2826.09603330963,2304.70105099095,6450.35245107517,6111.30419552033,6204.50123084137,2377.98325909999,2728.76774521524,6142.11346640879,1992.37917944342,6132.58629246619,6428.0279283216,5763.89138974035,2716.72830965497,6396.472805227,2326.15745664553,2517.33521779595,3131.07091848803,2211.51196834683,2548.25312240209,6378.74050803716,6210.34173366541,6065.83018125593,2353.48397654937,6262.35641133145,6427.53222513201,2755.95829056727,2212.41683293219,2454.65935893993,2405.14092043775,6388.35430483781,2280.13947432559,2414.93532760055,2589.22437534819,2632.83371251021,2387.43387575237,2709.34388690522,2669.9194902489,2566.03147451891,2619.61947030319,2587.67055925549,2079.15996309105,2320.06947134624,2198.5781538698,2297.14660577986,2500.45060111597,2706.20609030908,2572.0650413105,2532.80796893991,2436.49353424586,2192.0689724502,2407.51477999555,6329.92929490382,2615.12506384041,2276.19971538306,2642.40073812552,5794.60091901661,5941.85084625201,2761.51060389171,2673.82345323223,6492.10436846014,2438.27487868515,6341.27376816624,6048.19396509912,2390.90743801126,2331.25838159992,2384.02165593769,2539.26147591028,2539.83629827177,2615.90560029168,2447.60515681791,5966.93267563722,2177.72630844892,2313.7600966769,2438.74997119294,2303.40386368977,2330.47540909906,2195.05110867429,2883.00765109,2288.6983944701,2339.2054892581,3051.95638349891,6681.22729327022,6555.84685873929,2945.78928135503,6458.42428743868,2207.20203615458,2454.80428818689,6753.21581787512,1999.68662024397,1950.68056975334,6702.67565523374,2842.78047897152,6708.60155543696,2430.54547851949,2372.49555276032,1713.93456680727,1959.69324829445,3243.83346931065,1892.25352266729,1381.13688391345,3177.29946007638,6732.76365731225,1858.97092343952,2767.51064060945,3148.0083300779,2350.60258972228,6585.31061944353,1825.3066583051,2818.67172329936,6650.65030602864,2769.65207559478,2988.44136577667,2747.43955570843,1771.7644147046,6548.07286519891,2143.30891209395,6521.48378020145,6642.6805484637,1651.29549767225,6637.35244419951,6800.05623801763,6705.9702209855,6724.4420633269,2317.10431742968,2878.62400732203,2772.43935501233,1650.70846662821,2896.49436985812,6694.54002636129,6534.3035144136,6607.73979758005,6668.62183394157,2820.72594989299,1923.58136832445,2785.529103625,2040.81211468221,1810.03457846693,6492.88307295602,3162.54850922981,1797.49130958816,1723.94588378329,2650.14400718803,1438.83814527043,2417.31232048384,2164.47767956667,2165.93535242763,1802.64213813361,2428.71787872694,6416.53513317668,2940.52118238653,1680.30267702982,2692.92421974095,6576.3020129244,2097.98472334948,2823.67124194027,6614.10351948627,2634.33377423375,2995.54839805316,6643.36381019424,2838.86533909476,1779.96923112512,3399.05442987786,1938.04235397218,7014.34612213037,1782.01028846619,2679.30474460872,2277.00327339183,1802.17251821038,1868.04040163469,6633.9919884431,6681.56783439732,2371.54517654139,2929.18661060776,1869.66546201723,6951.68415861849,7175.92057810758,1540.31649908609,3017.58388713396,2324.05953995148,6508.89570625761,2944.63774630949,1710.35695668595,3064.28890895146,1408.49071957978,2922.22204847498,2049.4932175926,6623.20105504936,1790.39881298758,1924.81224003329,2749.02869888801,1811.10556838012,6676.14617162493,6535.50211496795,2005.10112131362,2773.13117807411,2323.60004822737,3012.10628337278,3109.65439888445,2979.02479794827,1536.70852107635,6627.41752278747,6479.40212729962,2736.51456594811,3090.71612536385,2987.61744283237,1874.2615655248,2965.14902039892,6663.83646940048,2203.306443576,2806.58502047005,2472.5461641371,6824.48040638013,1825.40931139768,1913.62846485908,2292.00561530701,6694.83108305486,2347.388530858,1815.99992435651,2105.51301125044,2358.95755990136,6428.58819217614,2409.63189038667,1783.59363324956,2408.18108114564,6708.56532733842,1945.36945076391,1936.13662204218,2899.23765760235,2675.00784376322,2298.04125705483,6570.99977555112,1430.92562295343,1959.13800447141,3270.64627249652,1779.94531218985,2416.4082308207
7388.58435775127,7657.11126133923,5773.88287730907,5794.8654089369,25.6429055010579,137.671494642324,5436.06280746067,5463.70695914552,25.5164016032911,7969.83847412176,5669.35425507076,5327.22252969036,5174.48128180299,7685.29673311082,7956.93913045517,8472.31841127043,4889.33395997491,5417.56651445372,250.994150031197,5461.23261198083,5710.87136952271,7714.40815936196,5388.87433143598,7933.72144188651,7643.20593673015,112.324572417839,7668.71820767725,5687.08936260816,1e+08,7730.44110586263,7544.97810919632,143.65533353905,7998.26371256382,7042.80604759692,5212.7561805962,5564.04596841229,89.9789928287568,5259.93624099062,7016.04849607294,7846.36754925217,7332.92911265314,235.176064605791,7867.08103055967,7908.34765774102,5281.18541264088,7762.5435117746,7946.67622322149,5786.79155761409,6916.62541552421,44.9866337773655,5240.34843249239,88.3946424507099,9.37103087189084,7474.63834863694,86.709226125875,7844.19993127556,7844.23670873105,7549.20215627817,7782.73649774065,128.866961345729,12.2621260564549,306.980740872841,50.8004429765896,4916.75276023642,156.243401764625,233.687856700149,109.669461075093,5798.86554326238,7722.48699866239,7633.67954043934,7223.88237963986,6750.83261512711,7394.66043218426,4079.02324042694,7506.77401698661,7056.16885840128,3742.48028227464,4694.35194243139,7542.96504014202,4029.86088310139,4315.41522765857,4245.07966552462,7000.55506601805,6583.53733773013,597.803522269989,4383.39072030579,6641.95302059697,7271.78306195368,1006.1217971053,396.139736799825,3623.95337075954,7085.82305483709,6533.27805399043,7156.29940384349,4136.54925718825,4278.94484346399,7515.70069408923,700.688407067938,568.839333214279,467.319484546755,6609.50399718946,550.004092880682,6877.63016425549,707.335687812008,4169.75076221174,7311.82793345763,723.86136305489,6987.65615917711,7215.10250209054,7190.3795432872,7123.2786066598,6597.35220431599,445.611009074806,7830.98340236566,520.907282734821,7929.34647194366,4108.68407742945,918.204795356468,6704.79640193935,832.154602812896,494.442393795809,6882.03279791901,7091.87218569941,588.163527626384,354.889983336805,7776.43471834131,962.843952683886,6490.39429735928,6990.42403359665,776.869665042088,7216.87921008157,4346.3227463461,4350.94496451761,4541.21643855548,7199.1824076648,2194.15343968921,7907.94958719119,2139.21702189594,7931.73609432843,8219.79434513926,7836.02572554039,2231.34398677662,5932.28090908168,8099.19625511714,2356.13055059936,7833.66945490372,5809.30396550131,2237.4047096983,7642.54734316627,2495.91291271538,5835.65079845072,2380.76999269976,2313.58573241087,7491.07147915072,7351.00382335042,7655.1251636112,7647.8463093654,2225.28760550511,7667.83676055866,2239.43210531248,7946.21190364307,8095.91155213266,5874.91597495517,7920.06175004027,8843.15618802939,7974.63904189956,7834.08117829472,7837.27785930841,5953.09024719147,8014.10679669913,7631.30637175841,6092.18409378763,7657.04826010923,7876.04445263098,7829.33306400335,8660.57691070062,8139.56546248598,2517.60623979059,6051.10070398869,2200.95366678129,5788.15007833629,7863.20793654168,2455.44727940775,7616.55658486795,6404.5897284034,2347.80684877709,7666.42189011967,7603.25353239534,6052.43458098863,8046.93184339027,5809.19186262143,7905.43318419368,7814.79307405,7228.69246199273,5907.46650132643,7706.11976911289,2359.87355321952,7543.80519213863,5828.19437574029,8123.97864231093,7127.33838624667,2344.19882741648,2279.35937278326,5918.24823341038,5949.25874589069,7707.10481815007,6012.7732496889,7950.92998384789,2391.11146207062,7907.06133171021,7972.55131121773,5909.81044940916,2330.25192767072,7664.52352754556,2255.69646336699,5614.84228283018,7739.17778556489,2493.80061438407,2435.79074909076,2190.63798228157,7889.96071404161,8244.65917364159,2286.36894790803,7394.36302583712,2252.59203445297,2414.36884168557,2056.34580713462,5810.55833821073,2462.02171710435,7769.6963201666,5981.10057967969,8658.58660181019,7629.66400385604,5926.18757190672,2378.52465396031,2420.50430234966,2341.52562396558,7839.76395821811,2342.23529290864,2514.9287380811,6044.31418729952,7625.75142146557,7969.83648123571,7919.45147381753,2436.62945932771,7791.16425399533,7876.01155149901,8063.45268641895,8128.95570205544,7892.55345994648,8227.01854429588,8193.86596358911,6085.74080055064,6065.67296842744,5971.0112352556,7457.60094674609,7782.8750273564,7622.10401924047,7760.50298395366,8000.02474515236,5941.43719529424,8044.82057396773,5962.16113472064,6116.26782951088,7614.10544293918,6050.1822083425,2481.31433962579,5907.71408466592,7703.62567093367,8159.46027817917,2069.14326693379,2200.85279643353,5676.49230983403,8176.08992315948,2495.27520649834,6347.01348645057,2342.46707910455,2255.64007144749,7863.28027281602,7827.79896906022,7900.28131834589,8015.34269706345,8031.95803622877,5722.31290343531,5992.03179977244,2115.01438931424,7607.4279604325,7736.06636768217,7889.03229097999,7798.15764219627,7778.80510662254,7598.62238817803,5824.69820064044,7753.88739505986,7840.15567876899,4840.26988454487,2126.89420457562,2187.84149103692,5053.38258293127,2217.38114034204,7706.47351078134,7937.95850973134,2313.76846154927,7421.28181918233,7391.94020526089,2370.36274207001,5020.21569357072,2337.57216473938,7915.79594975245,7870.31899047396,7064.84525198949,7399.32185531391,4650.6994274772,7296.91370817534,6660.53872933083,4730.06333135788,2326.12087284678,7270.2092688654,5225.68474402383,4621.60658727319,7877.14569941855,2127.59020584328,7221.43905722614,4922.77249449704,2183.33434186831,4916.13389692153,4864.09345661684,5105.08225968759,7179.59869834829,2162.4268917505,7623.72010694694,2141.99395678481,2343.44114793407,7036.51625174279,2261.52033842745,2140.72689195508,2174.39444926344,2148.69273545518,7790.14273231392,4825.53954992301,5125.89137738464,7051.88515991525,4961.33960737704,2395.26524946639,2132.47879309506,2203.91239288371,2213.3956415278,4886.2270323146,7362.12456321188,5167.28255389969,7503.05643304274,7253.46742251975,2038.25005014246,4554.97435414936,7245.57594378451,7098.87678367777,5185.41497146444,6760.0195854767,7893.55272496332,7652.54522891007,7616.45376569493,7203.72689026937,7919.10571996723,2187.53397622735,4870.23735484884,7068.5909625111,5167.24063437887,2190.71489016988,7540.63429974684,4961.3483273815,2174.54061054981,5282.63954249048,4952.6393777185,2279.26345662838,4973.18165106653,7182.74231570538,4471.83734394119,7330.52353707536,2670.12135202553,7202.97226938847,5220.47963720261,7766.32307662361,7236.83270277649,7289.01432165589,2229.18996232667,2238.33289822851,7828.13826140634,5016.28534610699,7340.5166915158,2350.00362800348,2496.91445033802,6893.0042410657,4808.20753507785,7799.60694449383,2093.35545548283,4733.73517709169,7093.90532933291,4856.43988112256,6734.26298013374,4506.19465977488,7502.16797313905,2138.66827730804,7189.52397783066,7324.04141684256,5119.4608175247,7281.38894645421,2295.54944419676,2231.17330679487,7434.9056205846,5071.47348760703,7832.05077979948,4978.21154775877,4526.05260863468,4915.22817626699,6863.26885267595,2268.41662244177,2195.5401879511,5032.49400920061,4917.4932085287,4936.74009096536,7298.88761099287,4800.33071744514,2130.41656828674,7656.77668880194,5110.07322387013,7945.86812703013,2227.11627036391,7284.56515173067,7355.34301166171,7775.40237693064,2191.90295479529,7823.02050642149,7234.05440792275,7571.44606721607,7789.13830464924,2192.63642817105,7837.93263292056,7192.87294624562,7881.5142109916,2267.98395552037,7423.11505286242,7356.45697052875,4747.3091577788,5117.6295052411,7750.11799649801,2149.55641756262,6783.0992233902,7416.75137314382,4443.54009218627,7169.99933875991,7896.57397704693
341.856748111364,73.329844523419,1956.55822855358,1935.57569692574,7704.79820036158,7868.11260050496,2294.37829840199,2266.73414671713,7755.95750746595,239.397368259119,2061.08685079188,2403.21857617228,2555.95982405965,45.144372751835,226.498024592509,741.877305407788,2841.10714588774,2312.87459140893,7981.43525589385,2269.20849388183,2019.56973633993,16.0329465006772,2341.56677442666,203.280336023875,87.2351691324941,7618.1165334448,61.7228981854048,2043.35174325449,7730.44110586263,1e+08,185.462996666327,7874.09643940169,267.822606701182,687.635058265721,2517.68492526645,2166.39513745035,7640.46211303388,2470.50486487204,714.392609789709,115.926443389535,397.511993209513,7965.61717046843,136.639924697014,177.906551878374,2449.25569322176,32.1024059119568,216.235117358842,1943.64954824856,813.815690338432,7685.45447208528,2490.09267337026,7642.04646341194,7721.07007499075,255.802757225697,7817.15033198854,113.758825412916,113.795602868411,181.238949584488,52.295391878005,7859.30806720837,7742.70323191912,7423.46036498981,7781.24154883925,2813.68834562622,7886.68450762726,7964.12896256279,7840.11056693774,1931.57556260027,7.95410720024529,96.761565423293,506.558726222775,979.608490735532,335.780673678374,3651.4178654357,223.667088876026,674.272247461374,3987.96082358802,3036.08916343125,187.476065720618,3700.58022276127,3415.02587820408,3485.36144033803,729.886039844607,1146.90376813253,8328.24462813263,3347.05038555686,1088.48808526569,458.658043908962,8736.56290296794,8126.58084266247,4106.48773510312,644.618051025562,1197.16305187222,574.141702019156,3593.89184867439,3451.49626239866,214.740411773408,8431.12951293058,8299.28043907693,8197.76059040939,1120.93710867319,8280.44519874334,852.810941607158,8437.77679367465,3560.69034365091,418.613172405011,8454.30246891752,742.784946685548,515.338603772115,540.061562575442,607.162499202857,1133.08890154666,8176.05211493746,100.542296503015,8251.34838859746,198.905366081024,3621.7570284332,8648.6459012191,1025.6447039233,8562.59570867553,8224.88349965846,848.408307943648,638.568920163246,8318.60463348902,8085.33108919946,45.9936124786513,8693.28505854653,1240.04680850336,740.017072265998,8507.31077090473,513.561895781064,3384.11835951654,3379.49614134504,3189.22466730716,531.258698197859,8056.40165104718,1131.05854066319,8003.09895810855,1076.8997738679,1172.16430422098,1144.23466523184,8155.70428208687,3529.65504092577,1108.70473792596,8051.56395325481,1117.26224383144,3614.35380894992,8020.19441003399,1176.45977336924,8391.50877780051,3623.83863131655,7964.67131713577,8243.95910811097,1290.73967345317,1372.19260290132,1163.79609442969,1245.57300407753,8072.77365137441,1226.52549002456,8117.32760208225,1087.73830542543,1333.11753656091,3738.8843750151,1204.48709534406,1531.38017471449,1061.15961249444,1085.95326596386,1101.14378133781,3404.01023475869,1267.85032079601,1258.61623393143,3479.76367770565,1151.70398733617,1164.39594168827,1114.52043312225,1327.24387681049,1237.2906318635,8308.12887184527,3414.58774517167,8017.99444917942,3591.10867418488,1103.83375432188,8467.54426824967,1157.00949958243,2968.58426006532,8088.56601831117,1164.60004351269,1191.37192568635,3241.66358770305,1120.18685700048,3659.92422922147,1039.15898788889,1115.29537677644,1255.90744302784,3585.39025345692,1067.97135809741,8202.8660413519,1270.29399010423,3506.84422733296,1182.7718479539,1405.9224804789,8116.77665878034,8068.25949988225,3596.733740489,3643.98171544587,1101.99900383172,3319.96098122009,1087.98312447161,8230.26888942223,1040.34893396215,1056.02411727754,3597.23490817903,8270.53585158878,1109.00150267698,7999.71529954997,3914.73099781162,1223.14799164147,8373.63996214185,8026.91333874738,8148.56068974861,1056.32515080057,1222.5372430084,8074.52879217916,1243.67313282709,8068.09390343604,8358.65542073121,7709.46549522977,3701.03627636183,8320.67009785638,1208.75757657361,3399.48845469828,1478.22516811733,1236.42514508233,3464.72836991115,8310.88692942235,8131.22176353963,7990.02128389751,1114.42823718185,8193.44652454627,8347.4761857496,3604.69670173081,1247.25065626947,1079.04863853449,1060.60263783453,8314.87562596793,1026.12618802785,1198.15805788007,1244.04433483233,1214.95312778006,1078.11773417961,1206.40669060165,1167.36648194971,3382.20753152849,3450.31538339222,3476.76877970364,1299.82729219932,1161.46595733442,1221.73722694834,1153.28930457598,1139.97960109456,3614.89648813401,1238.99042369327,3426.95332508397,3228.72204137357,1223.75674024029,3243.87443253067,8249.13035503205,3542.91329582705,1231.21134400672,1168.84060666058,7739.46891987451,7876.95601637332,3818.96167312102,1222.96959494407,8417.2281222058,3066.45843095275,8275.51772386021,7980.72011560989,1162.15975028176,1080.63558065184,1047.07044593524,1215.43506063535,1177.05192361107,3651.37061606484,3322.48410041385,7911.10343150598,1203.70543317475,1253.10116452324,1232.45626906452,1076.43392159129,1198.9745490167,1264.90820138056,3860.59924059004,1146.42538279212,1071.7576436036,4476.54075164402,8651.47579776271,8514.55018452336,4291.42207530509,8409.95719270899,1039.04898623478,1160.82530597483,8710.02201630667,1201.28329930161,1155.89740503084,8651.29057159206,4210.20608319016,8660.73460366172,1145.71539049112,1091.60914031886,1362.283702733,1159.64434753405,4725.24291786881,1237.90599676504,1565.09681159551,4634.62002392954,8687.28802290901,1225.75333162923,4049.12670194166,4646.7489372474,1006.19585995935,8550.86480253834,1260.08588543712,4229.47019605446,8614.32017187962,4188.02144451213,4408.49726600591,4085.66010814596,1241.98010250664,8508.74946974691,1075.9159247611,8482.80923675767,8590.81459193489,1308.74558971957,8593.10519441543,8775.21344984284,8673.22754733189,8694.94210187153,1135.62657146522,4323.57135865415,4099.23193668164,1277.64787370443,4284.39343914696,8640.25650187972,8497.0685402987,8567.4230416043,8630.43422671669,4246.52371711182,1162.51551585657,4092.61743812436,1109.25896467755,1160.07617404973,8462.14588218391,4683.66248055943,1151.25090602577,1315.07227422537,3960.01916474659,1480.20765901694,1162.6729930578,1059.87608957863,1153.22113702383,1252.13733939672,1132.14903510708,8369.08124069718,4362.01336078913,1296.77516838304,4007.50035946146,8535.70025455359,1161.45866431957,4217.79171986057,8576.78935128826,3899.03953609213,4379.53706539706,8597.73394408419,4226.63916130406,1251.36091544878,4931.10209798413,1262.60514757864,8950.59825033385,1212.93988891414,3970.12608161849,1082.75747513389,1180.58423294891,1204.17918827405,8592.6131212569,8641.72652763165,1193.06254056042,4291.61216156897,1089.76598096778,8916.33537315989,9140.64229928568,1396.28172732909,4457.2393848202,1131.59795999877,8474.02538123237,4419.40225793524,1300.51154950637,4481.69733054302,1482.7132965286,4484.16789028882,1132.92180744402,8589.56363823026,1257.5774357843,1248.53276842646,4080.64576262681,1097.83109409369,8630.63088645801,8489.21257131012,1183.1464980147,4124.11178437817,1046.61047636431,4384.55414634818,4645.43817341035,4379.3600270241,1442.73405779255,8582.02181339375,8433.91565892997,4107.98920826588,4482.44466927061,4378.6227210442,1195.80276467362,4412.22842599807,8632.91247167313,1153.51316025975,4137.73161965702,1192.14322740881,8793.24321262574,1122.19219072971,1155.59046487663,1102.19700965872,8659.93660674589,1138.95843889792,1215.00204002688,1106.66260862165,1249.51821468799,8381.1658550105,1271.13924883445,1237.39028126438,1166.25365541586,8667.34186320844,1068.6571250303,1203.03184319289,4373.12681488191,4014.05770051796,1180.48254686902,8533.90921406511,1431.02887471696,1117.60173375488,4821.02168821413,1277.30283801055,1152.7044800348
156.393751445037,112.133152142908,1771.09523188724,1750.11270025941,7519.33520369526,7682.64960383865,2108.91530173567,2081.2711500508,7570.49451079962,424.860364925447,1875.62385412555,2217.75557950595,2370.49682739332,140.318623914492,411.961021258835,927.340302074116,2655.64414922141,2127.4115947426,7795.97225922752,2083.7454972155,1834.10673967361,169.43005016565,2156.10377776034,388.743332690202,98.227827533833,7432.65353677849,123.740098480922,1857.88874658816,7544.97810919632,185.462996666327,1e+08,7688.63344273536,453.28560336751,502.172061599396,2332.22192860012,1980.93214078403,7454.99911636755,2285.04186820571,528.929613123382,301.389440055862,212.048996543186,7780.15417380211,322.102921363341,363.369548544701,2263.79269655543,217.565402578284,401.698114025169,1758.18655158223,628.352693672105,7499.99147541896,2304.62967670393,7456.5834667456,7535.60707832444,70.3397605593693,7631.6873353222,299.221822079244,299.258599534738,4.22404708183938,237.758388544332,7673.84507054205,7557.24023525277,7237.99736832348,7595.77855217292,2628.2253489599,7701.22151096095,7778.66596589647,7654.64757027142,1746.11256593394,177.508889466082,88.7014312430342,321.095729556448,794.145494069206,150.317677012046,3465.95486876938,38.2040922096992,488.809250795047,3802.49782692168,2850.62616676492,2.01306905429106,3515.11722609493,3229.56288153775,3299.8984436717,544.42304317828,961.4407714662,8142.7816314663,3161.58738889053,903.025088599358,273.195047242635,8551.09990630161,7941.11784599616,3921.02473843678,459.155054359235,1011.70005520589,388.678705352829,3408.42885200806,3266.03326573234,29.2774151070812,8245.66651626424,8113.81744241061,8012.29759374307,935.474112006857,8094.98220207701,667.347944940831,8252.31379700833,3375.22734698457,233.150175738684,8268.83947225121,557.321950019221,329.875607105788,354.598565909115,421.699502536531,947.625904880333,7990.58911827114,286.005293169343,8065.88539193115,384.368362747351,3436.29403176687,8463.18290455279,840.181707256967,8377.13271200922,8039.42050299213,662.945311277322,453.105923496918,8133.1416368227,7899.86809253311,231.456609144978,8507.8220618802,1054.58381183703,554.554075599671,8321.8477742384,328.098899114737,3198.65536285021,3194.03314467871,3003.76167064084,345.795701531532,7878.1106588968,1161.7213715979,7824.54078114666,1114.41658831593,1250.06454769901,1162.62200459103,7977.45932801307,3406.54597814297,1172.25221161084,7874.40500447014,1136.34039422495,3487.18874936185,7842.26382068826,1163.11310677747,8214.50901849149,3497.83532687852,7787.85913215682,8066.06784997275,1254.20174239638,1317.13574034512,1152.61574335098,1232.13410589814,7894.66023416216,1216.36431605886,7939.2192675894,1127.0923908629,1381.20546600529,3615.60668826578,1233.52230866269,1663.03897108063,1107.00075982867,1106.38996529896,1121.48414880335,3280.27602951526,1307.83248584429,1242.56612345697,3362.9399652607,1141.00919368582,1188.36162232461,1132.99058408892,1455.84272780754,1297.81635139695,8131.52871555823,3295.27401947591,7839.82037842315,3462.82052160945,1128.39838791,8290.02315017874,1139.74538212985,2861.09198011658,7911.27075394296,1155.20670910292,1171.71758999914,3120.22533089588,1174.26922017913,3533.26946691031,1074.23680317665,1131.32533212967,1180.58746432129,3461.87110992046,1067.04666484144,8025.39746488926,1241.34503836601,3379.13156824967,1244.77792702808,1322.351287578,7939.39506363174,7890.52525959235,3473.77694479716,3522.76269114867,1100.46368941163,3197.77393901592,1128.12081641812,8052.95449609739,1075.64748028151,1101.8348314221,3473.93879612897,8092.69294264663,1100.19456789396,7821.94803039262,3783.45013491045,1223.86147992069,8196.67733545523,7850.38704140402,7970.0603597803,1087.7636776181,1300.08353076581,7896.83053728339,1192.5020920333,7890.17556959734,8181.16467583821,7530.74043271774,3574.8759255414,8143.62701522561,1214.5104565305,3276.92001477832,1591.2455311126,1220.38104977634,3340.59798194551,8133.27478083734,7954.35665170452,7812.87727790121,1134.63134516351,8015.87641510214,8170.74455295296,3487.01530547909,1230.50392956037,1122.93422532658,1096.92897990918,8137.66521547496,1041.48091734051,1220.6727964546,1292.70880448701,1275.4306851409,1108.8780872529,1282.5777965697,1241.56990278004,3264.06428448098,3332.0338366817,3354.69255773275,1258.56883220408,1170.70511908615,1204.70932725366,1159.19582318792,1185.12077215384,3493.07382707662,1285.16440959105,3303.901825547,3110.09869729321,1205.49617123497,3122.36234965588,8072.42150548225,3418.93220088649,1226.36891151857,1237.48068405462,7560.80145168678,7699.01016905509,3688.94485122332,1290.05270504919,8240.14684901708,2957.15014185612,8097.7466714272,7802.98636125651,1184.18989435097,1100.22424890173,1080.80537809231,1258.51571261073,1225.00228938001,3521.21001634981,3199.3971318811,7732.53236851484,1184.59970747153,1252.62675818198,1255.52080705658,1091.11660151136,1206.41770725236,1243.99571205206,3736.48164804434,1151.46264017764,1093.84086721626,4326.82381345995,8471.2188963911,8335.09332086202,4145.81908108568,8230.98941300855,1038.86543353642,1194.81800811687,8530.73987173303,1153.46200806834,1102.55650584857,8472.58464436199,4062.74502888775,8481.77810053358,1176.92183652806,1117.93226834949,1268.63382505977,1107.57318352875,4572.94637215179,1172.06902032141,1433.79401352604,4483.50664257216,8508.16526920367,1155.50478026817,3906.13797553751,4493.03581063213,1038.01254990845,8370.92580076056,1183.86354298245,4079.37923120388,8434.5275736841,4037.23219352658,4258.74234087693,3939.29997124988,1158.81925748929,8329.15061410166,1060.61637385426,8303.15900057918,8412.12988900027,1208.41910854147,8413.87520423018,8594.62449560371,8493.18862261448,8514.67446516713,1146.88027295576,4171.8265056007,3953.68320060037,1177.69695539027,4136.04532053509,8461.75626259387,8317.31844092977,8387.9066779124,8450.77762737027,4095.58449694862,1104.55984552375,3948.2840872118,1073.41946813502,1084.63014195736,8281.92644605961,4528.67052324547,1074.13629789298,1223.77555995582,3814.61691261079,1354.80052800875,1189.50160312398,1049.7788062933,1135.97532539694,1172.99345588988,1164.57780137545,8190.03223063038,4211.93714549237,1200.28741818366,3862.12628595762,8356.19799416269,1132.02425905154,4068.68505941189,8397.06011798338,3756.05837152072,4231.94315898786,8418.60391801194,4077.98205874288,1169.0909675015,4776.27981595776,1202.42226180066,8772.85159146211,1131.96564908882,3826.00085426154,1091.77572707788,1103.39947704928,1136.04304005683,8413.17769952624,8462.19055526982,1208.35137327383,4144.93017184329,1025.91870905131,8736.52588788306,8960.86497852648,1281.96089908321,4306.47016636803,1144.53462465316,8294.10237400031,4266.24285403545,1207.79250440835,4332.46484726825,1354.39720850188,4325.87544601042,1097.12943457778,8409.57391947619,1176.57755564749,1187.03429318148,3934.67216544566,1024.20078316161,8451.49943105068,8310.10686521129,1137.15521154104,3977.18300810289,1068.38547051636,4237.7294413523,4489.37774084164,4230.7177428118,1327.52594218878,8402.87176476789,8254.7408189835,3959.67136202405,4334.87099112737,4230.57381511676,1128.90579789548,4260.77741025373,8452.73632353391,1142.74786605899,3992.14712849985,1225.7758276961,8613.11666706293,1050.18183595106,1096.35308191799,1112.12188084828,8480.04952551916,1155.44212006167,1138.85845447708,1082.28813252343,1257.01623687459,8202.11729329595,1285.13624470415,1155.99842730371,1191.00669940836,8487.90993381321,1018.47760010167,1145.2488889475,4219.81030344826,3867.18453181666,1183.98090055425,8354.15586715613,1305.0851331991,1067.45930404975,4664.65793042995,1194.32423609358,1180.47933408264
7532.23969129034,7800.76659487826,5917.53821084812,5938.52074247596,169.298239040108,5.98383889672632,5579.71814099971,5607.36229268456,118.138931935759,8113.49380766082,5813.00958860981,5470.87786322942,5318.13661534206,7828.95206664987,8100.5944639942,8615.97374480948,5032.98929351396,5561.22184799277,107.338816492147,5604.88794551987,5854.52670306175,7858.06349290103,5532.52966497503,8077.37677542558,7786.86127026922,255.979905956889,7812.37354121628,5830.74469614722,143.65533353905,7874.09643940169,7688.63344273536,1e+08,8141.91904610289,7186.46138113599,5356.41151413525,5707.70130195135,233.634326367807,5403.59157452965,7159.703829612,7990.02288279123,7476.58444619218,91.5207310667416,8010.73636409871,8052.00299128007,5424.84074617995,7906.19884531366,8090.33155676055,5930.44689115314,7060.28074906327,188.641967316416,5384.00376603143,232.04997598976,153.026364410941,7618.29368217601,56.9461074131751,7987.85526481462,7987.8920422701,7692.8574898172,7926.39183127971,14.7883721933211,131.393207482595,450.63607441189,92.8548905624604,5060.40809377547,12.5880682255746,90.0325231610988,33.9858724639565,5942.52087680143,7866.14233220145,7777.33487397842,7367.53771317892,6894.48794866616,7538.31576572331,4222.67857396599,7650.42935052568,7199.82419194031,3886.13561581369,4838.00727597045,7686.62037368109,4173.51621664044,4459.07056119762,4388.73499906367,7144.21039955709,6727.19267126917,454.148188730939,4527.04605384484,6785.60835413601,7415.43839549274,862.466463566246,252.484403260774,3767.60870429858,7229.47838837614,6676.93338752947,7299.95473738253,4280.2045907273,4422.60017700303,7659.3560276283,557.033073528887,425.183999675229,323.664151007706,6753.15933072852,406.348759341633,7021.28549779454,563.680354272958,4313.4060957508,7455.4832669967,580.20602951584,7131.31149271615,7358.7578356296,7334.03487682626,7266.93394019883,6741.00753785502,301.955675535756,7974.63873590471,377.251949195771,8073.00180548271,4252.3394109685,774.54946181742,6848.4517354784,688.499269273846,350.78706025676,7025.68813145804,7235.52751923845,444.508194087334,211.234649797755,7920.09005188036,819.188619144838,6634.04963089832,7134.0793671357,633.214331503039,7360.53454362063,4489.97807988516,4494.60029805666,4684.87177209453,7342.83774120384,2197.44952707209,8050.1648516194,2145.27575645912,8074.10358258223,8362.18918623897,7978.16938016764,2228.56739767214,6061.81250327591,8241.61916421544,2362.40785513282,7975.88314997832,5938.3119890838,2243.84352694874,7784.56008022228,2483.53177583451,5964.45995906969,2392.84690351939,2306.58740089506,7632.76874486345,7492.50298866007,7797.17342037192,7789.65941996409,2228.01028052137,7809.70715531942,2239.40840386102,8088.56168118428,8237.71319614034,6002.28324108907,8062.08665663663,8985.66692258339,8117.07373850057,7976.37540145546,7979.5347255834,6083.88714581338,8156.02274576865,7773.08011214603,6221.78032017601,7799.12992959309,8018.15336393394,7971.55208561929,8803.28615379803,8281.69117022915,2510.89354957208,6181.48383611755,2206.96629661645,5917.49706822607,8005.46965936622,2437.21674621522,7758.62445396416,6538.22736398392,2351.59327904286,7808.46837144978,7745.22571594584,6184.5433679407,8189.27721592578,5937.68157376874,8047.8772397679,7957.00434204779,7370.6769835211,6036.46797318967,7848.42563799054,2356.53326520335,7685.55203770951,5958.33020147336,8266.23570795069,7268.93233664779,2346.11423615005,2283.30558834222,6047.09043121465,6077.48316434703,7849.32339534962,6144.23427693771,8093.28227401033,2386.63980651528,8049.50343677941,8114.99698047458,6038.6735663554,2321.85758485454,7806.7203642114,2263.76773711618,5740.96510757322,7881.06956174678,2482.49097674789,2444.82212052355,2187.53990636567,8032.3548390079,8386.95175874791,2290.02233092476,7536.25084876647,2256.09652034387,2402.14721080254,2081.77637311026,5938.56985766379,2453.31961742328,7911.63771932046,6111.85300095032,8800.84454809726,7771.5039365028,6056.43536999098,2368.56889962977,2422.85363241376,2351.47463800166,7981.98762421798,2339.15387573652,2505.73001725249,6172.70876444382,7767.55923914112,8112.2239431332,8061.85162223765,2427.72921153592,7933.590841694,8018.0280119792,8205.48126754211,8271.131356646,8034.89516651591,8369.33195863364,8336.24186016603,6216.35474303198,6195.64642531412,6100.98698462991,7599.28176536756,7924.95211541764,7763.98728517321,7902.59568758241,8142.280151201,6070.00766150196,8186.84600528825,6092.68912710669,6248.30659402398,7755.98311774165,6182.27660705259,2477.48818079432,6037.18079371773,7845.48677871024,8301.79265214609,2092.59554466542,2216.28235544175,5803.57569877648,8318.29657632973,2481.26064330633,6479.93885976053,2334.01574330863,2264.95610389,8005.38863181554,7970.1040787465,8042.70347771748,8157.40796994188,8174.14200185087,5851.21885836517,6123.53486238606,2127.09599348766,7749.3643801624,7877.86991369881,8030.959539958,7940.46259138373,7920.77704434879,7740.37818484006,5950.77882730945,7895.99694783286,7982.48809942141,4962.09056054323,2085.1840341886,2158.59436448582,5176.8861159862,2196.5818955524,7848.85156189497,8080.11395894473,2274.72422677003,7563.28191976423,7534.08923540928,2337.37886175194,5145.15910044263,2302.83673244518,8057.97742067608,8012.6153206406,7206.67930096944,7541.45558029235,4769.3996602829,7438.88992872556,6802.41199635857,4849.87263232528,2289.12625089433,7412.24688984717,5351.79615082108,4741.94823017111,8019.65305354804,2093.60243580275,7363.41791826664,5048.04512662649,2146.55642541686,5042.09408975885,4986.88944599562,5231.36026248448,7321.68174466816,2132.77982464955,7766.00419854464,2113.6116433347,2313.75360905813,7178.57806039593,2229.00691220907,2089.98821980183,2132.86159334545,2104.4986553027,7932.29174769311,4949.98301155177,5251.84917333733,7194.02701128596,5085.50445423024,2363.84580162358,2102.71888244897,2171.32147231842,2176.50364987916,5011.48057201576,7504.2747041432,5293.09838332025,7645.27932882325,7395.71795872848,2008.01568564428,4675.13142609893,7387.86017986718,7240.82494750638,5312.99733663995,6901.99330751259,8035.67589148433,7794.86888348755,7758.53212311096,7345.75017106441,8061.32484115397,2168.82456047128,4993.75215288945,7210.64401393226,5294.26685011569,2160.01005903874,7682.70189107103,5086.54760522091,2140.24767191697,5410.50012152692,5075.35027781067,2247.01089874369,5098.168423666,7324.79198645975,4587.83558226635,7472.3956834091,2627.63076804332,7345.11861963216,5347.72017509455,7908.60267410094,7379.03995851881,7431.10038422287,2195.61941228391,2201.50415103145,7970.14550563752,5140.00202820301,7482.88628961012,2297.59111804301,2434.94453907692,7035.01106478182,4930.56239252018,7941.76986800131,2064.04769327443,4857.24928659276,7235.90931991323,4978.07129496214,6876.28881630399,4630.40238450021,7644.32670575067,2102.13817922351,7331.5460111244,7465.96249822949,5245.7256225493,7423.78830947229,2261.50739824445,2205.12542904376,7576.95162706714,5197.3922834849,7974.44192988416,5100.6897557709,4647.1454412361,5038.1723063033,7005.16098839019,2236.92412068441,2172.39482544052,5158.89393830294,5038.738885768,5059.5625584839,7440.99009593399,4923.49196634766,2090.27017540355,7798.85338230244,5235.56145482399,8087.94423047884,2178.6490722222,7426.89383568109,7497.51793321012,7917.63456864992,2152.03336459594,7965.17273918063,7376.16072273739,7713.65676362265,7930.96874674395,2173.20116813112,7979.72021756235,7334.95495163575,8023.6210418138,2230.35451986318,7565.48391384145,7498.49242633493,4871.50066699808,5244.8601590165,7892.13332036677,2117.60548397749,6925.21125807979,7558.99247833144,4561.9311434131,7311.9807978221,8038.72554717041
609.679354812547,341.152451224602,2224.38083525476,2203.39830362692,7972.62080706278,8135.93520720616,2562.20090510317,2534.55675341832,8023.78011416711,28.4252384420629,2328.90945749306,2671.04118287347,2823.78243076083,312.966979453018,41.3245821086742,474.054698706605,3108.92975258891,2580.69719811011,8249.25786259502,2537.03110058301,2287.39234304112,283.85555320186,2609.38938112785,64.5422706773075,355.057775833677,7885.93914014598,329.545504886587,2311.17434995567,7998.26371256382,267.822606701182,453.28560336751,8141.91904610289,1e+08,955.457664966904,2785.50753196763,2434.21774415154,7908.28471973508,2738.32747157323,982.215216490894,151.896163311648,665.334599910697,8233.43977716963,131.182682004169,89.9160548228087,2717.07829992294,235.720200789226,51.5874893423407,2211.47215494974,1081.63829703961,7953.27707878647,2757.91528007144,7909.86907011313,7988.89268169193,523.625363926879,8084.97293868972,154.063781288266,154.027003832772,449.06155628567,215.527214823177,8127.13067390956,8010.52583862029,7691.28297169099,8049.06415554041,3081.5109523274,8154.50711432847,8231.95156926396,8107.93317363893,2199.39816930144,275.776713901428,364.584172124475,774.381332923958,1247.43109743672,603.603280379556,3919.24047213689,491.48969557721,942.094854162557,4255.7834302892,3303.91177013243,455.2986724218,3968.40282946244,3682.84848490526,3753.18404703921,997.708646545789,1414.72637483371,8596.06723483382,3614.87299225803,1356.31069196687,726.480650610145,9004.38550966914,8394.40344936364,4374.31034180431,912.440657726744,1464.9856585734,841.964308720339,3861.71445537558,3719.31886909985,482.563018474591,8698.95211963178,8567.10304577812,8465.58319711059,1388.75971537437,8548.26780544451,1120.63354830834,8705.59940037584,3828.51295035209,686.435779106193,8722.12507561872,1010.60755338673,783.161210473297,807.884169276625,874.985105904039,1400.91150824784,8443.87472163863,167.280310198167,8519.17099529865,68.9172406201586,3889.57963513438,8916.4685079203,1293.46731062448,8830.41831537671,8492.70610635963,1116.23091464483,906.391526864429,8586.42724019021,8353.15369590064,221.828994222531,8961.10766524772,1507.86941520455,1007.83967896718,8775.13337760592,781.384502482247,3651.94096621772,3647.31874804622,3457.04727400835,799.081304899042,8314.4210796533,1139.81161732773,8261.48740232964,1078.14379613561,1105.84060432845,1170.22211777745,8413.65413985068,3716.58100612603,1068.32060939724,8308.03452819838,1143.49798404861,3806.44877300365,8277.72321649537,1245.2107110193,8647.73584854891,3814.37469524882,8220.67428823011,8501.41866632005,1386.25003174786,1489.33916768775,1230.13031159268,1311.84472127653,8330.54898393842,1289.03477993639,8375.09296540293,1085.6819551473,1307.71282148941,3925.54709595261,1212.42149696126,1363.51955379748,1050.6815817773,1111.75261879696,1126.33584748611,3592.08080378317,1257.0328820359,1327.96321359257,3658.48809208652,1217.87974724833,1181.4369227234,1141.757263255,1168.81959059396,1196.12309426239,8563.8141400644,3596.79102981142,8275.85650293788,3784.74002700437,1122.79325486383,8724.48132433646,1231.79982289478,3136.68865730644,8345.22037462666,1228.47907727976,1268.00521588237,3427.162410337,1094.08589269726,3851.24316207741,1046.03892208926,1145.98345516409,1401.32641045075,3772.7245345118,1124.63945375022,8459.74936345728,1356.48247722794,3699.90738887876,1141.48280578531,1557.97136293998,8373.54710998632,8325.51621670223,3783.29565042589,3828.12454369004,1157.87954421991,3506.21990586575,1084.73862854651,8486.93899525995,1046.83604992705,1045.86603689117,3784.2454931841,8527.92737387805,1174.47041532028,8257.02213907092,4111.68290091638,1270.81466445898,8629.81739842378,8282.51996685344,8406.8606494004,1067.65263726784,1154.7759663539,8331.73580843384,1359.46453133161,8325.60258023244,8615.55819713959,7968.10149929319,3891.61051755717,8576.96174073577,1249.94539219245,3586.03311992008,1343.71931226124,1306.54840676411,3653.16610353437,8567.95943490787,8387.28386040553,8246.47618854186,1139.18151551761,8450.46960418754,8603.33874827945,3784.2317545106,1317.93596630532,1070.60608682963,1064.47091076222,8571.39710572354,1062.30373427811,1215.86983174416,1220.97324307699,1174.74066452142,1089.30758622105,1141.50637262681,1107.25525380747,3562.95294367172,3631.05391600667,3662.46108407812,1401.2070621663,1199.70303042347,1293.71839128442,1196.55844091713,1126.67061787849,3799.91039695205,1219.91391530304,3614.06324089941,3410.55611966883,1297.3200166247,3429.46378897005,8504.96919138808,3730.96103563781,1286.2608478641,1117.61818047249,7998.02426190886,8134.51595279476,4014.41264362421,1172.01131763978,8673.56516802633,3236.57082498852,8532.810437179,8237.98249061922,1182.10428329788,1107.91799083246,1055.5072176791,1201.98742886141,1157.80983831635,3847.3469275398,3509.92092532517,8169.51553498732,1279.14053697789,1301.29907444611,1247.99106035105,1110.92383162123,1238.17841244009,1340.58189797138,4048.121902266,1191.20780589436,1095.90326863523,4697.24679709176,8912.15742638662,8774.14031279165,4506.85395984157,8668.88208710115,1096.16317579057,1163.30633158218,8969.36257416228,1314.18974019899,1277.28767311567,8909.84284975537,4428.19583469922,8919.63046529913,1152.99413325314,1108.61186015645,1527.42127817524,1279.31930831296,4949.16664996885,1372.20127388816,1771.87792740171,4857.04157462832,8946.41081529665,1365.80974072723,4261.39440784848,4872.62401896122,1019.75861660426,8811.11461841433,1406.49355447495,4450.92134905033,8874.36616170984,4410.44008264707,4629.31997138924,4302.34064534435,1397.22154134567,8768.53466590078,1151.60719577547,8742.66617916534,8849.34106576289,1482.8686857483,8852.38002698757,9036.34600563327,8933.60901024517,8955.63663996055,1172.15799858175,4547.11720992062,4314.82231719778,1451.95749668239,4503.47681865089,8898.52694255209,8757.06175539166,8827.09217753637,8890.29279005253,4469.07972838313,1289.41047700862,4306.60759058574,1210.29747877449,1308.33372055435,8722.78432602662,4911.21164631694,1301.76665048447,1478.35560963362,4175.59656903155,1681.01975905273,1175.61872782352,1129.37984951825,1228.14081477127,1402.28943611109,1138.24724282334,8628.11976609456,4583.3087810931,1466.613691939,4222.97752396777,8795.35160621485,1252.14696450669,4437.9524691295,8836.7501403621,4111.50830754455,4597.51760744345,8856.87132916432,4446.19492228286,1405.29844415019,5158.24552234542,1389.17388307541,9207.81503575391,1366.31621007565,4184.00424288602,1124.91993148328,1330.3208361447,1342.27825136165,8852.1699339103,8901.41896072325,1221.38420839844,4508.47674996714,1226.39992470384,9176.39102482781,9400.64419994988,1585.29124305944,4679.36287108523,1165.92986563099,8734.2568203903,4644.73393779305,1465.80202601235,4701.7538759759,1686.87585916294,4716.2502864831,1232.95433007187,8849.88128204661,1409.83124785423,1377.14674246318,4296.82142287525,1245.89891350126,8889.76853134956,8748.32230285591,1294.34862838111,4341.49751780349,1072.51485939865,4601.5066441281,4874.43803834669,4598.73392247863,1632.10531052546,8841.18749678341,8693.12316539315,4327.23060832165,4700.29222426371,4597.20895149646,1332.63693117816,4635.29983649518,8893.48405387789,1219.70905813511,4353.32153163257,1193.80570595805,9053.73985868649,1267.52402406635,1284.30061066027,1142.14805264374,8920.11020151446,1167.90893175997,1362.51743719669,1192.95860693591,1286.68405930242,8640.20309694607,1298.27802758213,1390.62725833504,1182.06887040898,8926.8902100641,1189.39829087383,1328.39498757743,4598.70852759699,4231.5055360459,1225.96662756082,8793.90512286985,1633.05453390831,1236.38702124537,5050.29971092895,1431.45774474796,1164.70859003711
345.778310154358,614.305213742303,1268.92317028785,1247.94063866002,7017.16314209586,7180.47754223926,1606.74324013627,1579.09908845141,7068.32244920022,927.032426524844,1373.45179252616,1715.58351790656,1868.32476579393,642.490685513887,914.133082858232,1429.51236367351,2153.47208762202,1625.2395331432,7293.80019762813,1581.5734356161,1331.93467807422,671.602111765045,1653.93171616094,890.915394289596,600.399889133229,6930.48147517909,625.912160080317,1355.71668498877,7042.80604759692,687.635058265721,502.172061599396,7186.46138113599,955.457664966904,1e+08,1830.04986700073,1478.76007918464,6952.82705476816,1782.86980660631,26.7575515239874,803.561501655257,290.123065056209,7277.98211220271,824.274982962735,865.541610144097,1761.62063495603,719.737464177679,903.870175624565,1256.01448998284,126.180632072709,6997.81941381956,1802.45761510454,6954.41140514622,7033.43501672502,431.832301040026,7129.51527372281,801.39388367864,801.430661134133,506.396108681234,739.930450143727,7171.67300894264,7055.06817365339,6735.82530672408,7093.60649057351,2126.0532873605,7199.04944936155,7276.49390429708,7152.47550867201,1243.94050433454,679.680951065478,590.87349284243,181.076332042947,291.973432469811,351.854384587349,2963.78280716999,463.967969389696,13.3628108043472,3300.32576532229,2348.45410516552,500.158992545105,3012.94516449554,2727.39081993835,2797.7263820723,42.2509815788847,459.268709866804,7640.60956986691,2659.41532729113,400.853026999963,228.97701435676,8048.92784470223,7438.94578439675,3418.85267683739,43.0170072401594,509.527993606495,113.493356246566,2906.25679040867,2763.86120413295,472.894646492315,7743.49445466487,7611.6453808112,7510.12553214367,433.302050407463,7592.81014047761,165.175883341437,7750.14173540895,2873.05528538518,269.021885860712,7766.66741065182,55.1498884198257,172.296454493608,147.573495690281,80.4725590628649,445.453843280936,7488.41705667173,788.177354768738,7563.71333033176,886.540424346746,2934.12197016748,7961.01084295338,338.009645657572,7874.96065040981,7537.24844139275,160.773249677926,49.0661381024767,7630.9695752233,7397.69603093373,733.628670744374,8005.65000028081,552.41175023764,52.3820140002755,7819.67571263902,174.073162484659,2696.48330125081,2691.86108307932,2501.58960904144,156.376360067863,7397.12852767057,1373.04956775185,7342.78311594387,1345.30146703098,1555.27753295372,1346.05053378177,7496.58934980929,3104.47495032056,1453.2584583185,7396.76129314282,1324.00739835044,3171.84311038029,7362.35345700215,1270.27357522386,7737.24296454015,3185.97330926183,7311.26254315524,7586.21815326593,1290.95141977704,1295.85658244081,1266.37679910672,1331.65558887226,7414.19769757071,1325.76085674128,7458.76089953566,1360.75559115445,1614.45380351652,3311.0468020816,1434.76795183545,2061.50004955535,1356.42155353891,1300.27877440791,1313.56344381945,2977.59610351695,1527.93200474809,1334.38540568795,3080.61587588033,1257.30697967419,1382.09531274109,1319.61323832513,1853.06986976911,1563.68174728118,7655.4585954756,3006.0674633796,7359.19239553802,3144.22849705335,1329.31040802632,7811.2077740148,1239.74502760372,2614.27080531558,7433.21528246753,1273.11100753428,1261.9333374632,2826.52378136151,1435.34409362708,3219.08030875221,1303.8497397812,1312.52427043411,1114.5382977166,3157.9922596029,1215.95810938009,7546.80169007999,1299.75997426898,3063.11077710137,1517.34932001748,1215.13873436675,7461.07775703936,7411.18155433277,3171.51068179321,3225.35172261535,1243.85511372938,2900.81538066988,1363.38284448066,7574.80531891035,1305.59128391339,1351.67018583822,3170.62881522463,7612.97910120927,1225.99272627668,7342.52464917442,3453.02374989929,1359.36580322729,7719.52494253542,7374.61482562874,7488.43974037184,1308.07363559555,1601.6247416191,7417.5912825849,1195.75506582612,7410.28926787076,7702.46473181652,7048.56017425267,3261.83930800834,7666.25204666104,1363.1191176663,2977.88279286082,1953.63700648507,1314.50077051642,3036.05173409728,7654.22972493775,7477.55631403912,7335.29478111029,1325.03976030989,7536.98422360331,7694.27750448603,3200.76072315783,1321.77847616692,1366.72917684857,1326.94323197399,7659.8000081292,1231.24140887982,1408.12320765397,1533.18883020796,1542.67384882412,1325.54667163628,1582.29580517653,1539.74219088987,2978.81413955364,3045.5865737245,3056.33602823211,1281.9896662775,1331.99268863025,1297.98390342593,1313.7843746876,1426.18828352419,3194.09999711216,1520.70314786588,3003.07762635305,2825.25098832475,1295.53898582532,2828.40502502799,7596.04815939742,3114.05205506527,1347.98693555895,1524.43273227369,7078.78427500518,7219.09176431102,3363.11235732188,1570.35323502969,7762.63490216468,2703.19031175606,7618.24297253311,7323.66681771618,1373.89128910534,1292.85592049364,1306.83505915677,1489.21270677759,1468.94831122054,3196.30836727933,2899.6292982872,7250.75844082592,1274.76896339418,1382.4493539673,1441.18718287047,1273.58520702381,1359.86473609575,1323.1674574031,3428.33223026999,1304.80600792884,1292.78335227537,3936.74681830476,7984.34027985404,7850.58537496589,3769.18977094469,7747.93790573795,1193.11348210412,1410.57320661146,8046.70994762789,1170.8473643567,1111.19522155359,7990.25447477476,3680.76377915041,7998.71156752816,1388.06024071952,1323.84557999393,1134.73082512978,1119.09398353496,4174.07123095096,1135.53671374009,1155.37782210958,4088.56050823854,8024.60653738683,1107.95488854056,3538.81590126998,4090.06932773601,1264.47130883533,7884.99594071126,1114.65248198668,3689.16789430748,7949.01703668209,3645.03634358483,3868.81750374303,3561.34069840127,1071.25191407395,7844.22670737234,1175.46162225664,7818.08870039652,7929.87376422036,1059.14978330268,7930.01903417779,8106.75451077063,8006.94607599125,8027.75788527781,1315.36929236075,3776.09649173475,3578.16824674462,1033.33532326687,3750.98422874719,7980.03123322568,7831.95232509172,7903.21472307336,7965.66340597375,3702.66942430309,1099.81977052447,3576.56544584563,1133.90045394222,1031.10566807775,7795.18702275418,4121.65732200446,1017.06318226957,1102.42084762701,3440.30988189764,1103.69290532533,1389.63810775581,1178.84202454209,1236.46873222013,1096.14353482706,1379.57227679886,7706.75003136318,3821.20997299808,1064.71904448918,3487.64274397783,7871.55300188101,1201.66664438975,3681.57574613241,7911.74177114255,3389.63857325616,3848.79249239972,7935.04017199426,3692.2246522128,1083.00776919148,4369.06804144685,1178.74565593537,8293.26930189153,1054.76717119227,3455.60538552723,1261.10428901294,1041.85907527921,1097.34100557964,7928.71887034669,7977.42824859294,1380.15783730022,3764.97668552054,1015.90686165546,8250.91806518033,8475.31782692422,1076.89566531528,3913.22912802431,1317.1937624305,7808.23215834735,3865.76790358092,1083.67814301626,3943.85694319644,1092.69621913555,3909.28334671314,1154.50478560579,7923.48892462532,1093.51966112345,1161.3772996386,3557.93739224375,985.513348237102,7967.92546233892,7826.63479446708,1161.67466090498,3597.26611547966,1269.43199773473,3856.92262687754,4079.19336351873,3844.34035575923,1115.10844878018,7919.25216921187,7771.07618460238,3575.52420936584,3951.35307403132,3846.02675180759,1094.83057316092,3865.60709688118,7966.09744466863,1258.67011970341,3616.32376886736,1438.06378060415,8126.59907371237,1012.23681061338,1089.08238914859,1281.26192968684,7994.25441559306,1335.2011203483,1075.64435657552,1171.40617027045,1405.80545194425,7718.8340278105,1446.9855193492,1074.32935948121,1386.28955944293,8003.4483420192,1048.34626345088,1135.56204537926,3819.02126721636,3488.00603793353,1330.23267800603,7868.77395416795,1056.175115879,1090.00775617391,4253.03281407197,1102.9053432417,1383.58584873915
2175.82817715508,2444.35508074303,561.126696712878,582.10922834071,5187.11327509514,5350.42767523851,223.306626864458,250.950778549316,5238.2725821995,2757.08229352557,456.598074474567,114.466349094167,38.2748987931966,2472.54055251462,2744.18294985896,3259.56223067423,323.422220621286,204.810333857523,5463.7503306274,248.476431384623,498.115188926514,2501.65197876578,176.118150839789,2720.96526129033,2430.44975613396,5100.43160817836,2455.96202708105,474.333182011961,5212.7561805962,2517.68492526645,2332.22192860012,5356.41151413525,2785.50753196763,1830.04986700073,1e+08,351.289787816094,5122.77718776745,47.180060394411,1803.29231547674,2633.61136865599,2120.17293205694,5447.93224520199,2654.32484996347,2695.59147714482,68.4292320446918,2549.78733117841,2733.92004262529,574.035377017891,1703.86923492802,5167.76954681883,27.5922518961883,5124.36153814549,5203.3851497243,2261.88216804075,5299.46540672207,2631.44375067936,2631.48052813486,2336.44597568196,2569.98031714446,5341.62314194192,5225.01830665266,4905.77543972337,5263.55662357279,296.003420359771,5368.99958236082,5446.44403729634,5322.42564167128,586.109362666184,2509.73081806621,2420.92335984316,2011.12619904367,1538.07643453092,2181.90425158808,1133.73294016925,2294.01783639042,1843.41267780508,1470.27589832157,518.404238164798,2330.20885954583,1182.89529749482,897.340952937628,967.676515071576,1787.79888542184,1370.78115713393,5810.55970286618,829.365460290406,1429.19684000076,2059.02688135749,6218.87797770149,5608.89591739601,1588.80280983666,1873.06687424089,1320.52187339423,1943.54322324729,1076.20692340794,933.811337132213,2302.94451349304,5913.44458766413,5781.59551381048,5680.07566514295,1396.74781659326,5762.76027347689,1664.87398365929,5920.09186840821,1043.00541838446,2099.07175286144,5936.61754365109,1774.8999785809,2002.34632149434,1977.62336269101,1910.52242606359,1384.59602371979,5658.36718967101,2618.22722176947,5733.66346333103,2716.59029134747,1104.07210316675,6130.96097595267,1492.04022134315,6044.91078340909,5707.198574392,1669.2766173228,1879.1160051032,5800.91970822257,5567.64616393299,2563.6785377451,6175.60013328008,1277.63811676309,1777.66785300045,5989.62584563828,2004.12302948538,866.433434250089,861.811216078588,671.539742040716,1986.42622706859,5675.44931004454,2847.01030678556,5617.4699412537,2854.38982114818,3131.65949213165,2785.11917237442,5774.93826167231,2595.82998002281,3011.43303180195,5691.94357272311,2775.55975230094,2583.81186130303,5646.29411504639,2613.80321992048,6032.27628965787,2611.95329278573,5612.28952267256,5869.20926449948,2505.09468958911,2396.80977219766,2621.95509041453,2640.30907481201,5695.0506587844,2653.1479940936,5739.38806665926,2870.22978743162,3069.35051318856,2746.49491705937,2878.11524632754,3731.79112195654,2889.13572645977,2767.54734160621,2774.53361138767,2496.2840881131,2979.46812956933,2628.86881063035,2669.9679315432,2620.18291608998,2827.19962566189,2770.82748142461,3534.39388984916,3079.8774915503,5956.91633133322,2581.32680354995,5639.51726209855,2546.2208737322,2799.04043123289,6098.15537222213,2583.0596786863,2485.45779095592,5726.09667834021,2632.92258030239,2580.82750327873,2427.41653204852,2968.35839421679,2626.63085895515,2820.99644283663,2757.63815015426,2226.62057937391,2628.69814838976,2643.02143127909,5836.29457760186,2549.19754697163,2496.28270596983,3051.90381856723,2180.18770959806,5752.47267357698,5697.7010856732,2646.98243021835,2712.39065593996,2653.35596046548,2466.36144869532,2874.54445958395,5866.37227634178,2822.77776267073,2885.98863477153,2641.29570292598,5896.50590221038,2614.87345647727,5629.04779916297,2734.51366958785,2718.74824094702,6015.22382336985,5679.37342970942,5763.0504165037,2811.17088690494,3165.74844637824,5704.60026101586,2392.95313455375,5694.07477833301,5990.56562532102,5322.74534990143,2666.16298781087,5961.15184862467,2742.65249075973,2513.87344318723,3573.0009416702,2620.20093460536,2531.51704899149,5940.8738059853,5776.47093845621,5631.17787097799,2780.39153961187,5825.04748543586,5993.5280593686,2745.23952552381,2619.95111005788,2889.2876603743,2839.12524792405,5952.29536185018,2712.14161467266,2836.66628093309,3015.84035961103,3064.71753488101,2819.10882781251,3146.57099219303,3108.23382621163,2579.10222829917,2624.14576299703,2576.55129396282,2475.56482452064,2741.04190288342,2608.36234810559,2717.95794333823,2931.92240572132,2680.37452564546,2998.1799470953,2524.34464298382,2467.56301723738,2601.38306894146,2427.57938583349,5896.35979077408,2589.75512084518,2688.14587223559,3078.9924041297,5353.63168113261,5503.84689252352,2684.18432395558,3107.40550360838,6056.3052872477,2517.27779256266,5902.79216226644,5610.82943242675,2814.98128504018,2760.34505933256,2818.26727762621,2965.79030286675,2969.98765125586,2555.53006130977,2452.17161338482,5525.8676353815,2588.68099841846,2725.05510192492,2858.27648610958,2731.76586057336,2748.16034532483,2599.91162103512,2824.11172836282,2709.83837983696,2769.41752404838,2831.78700361144,6230.6021270868,6109.09904811821,2758.84408288719,6014.13410392545,2635.57301921726,2882.07214843313,6306.82794383929,2405.45776002807,2360.62071081041,6258.98130042992,2652.69916669796,6263.77015111441,2858.04241260843,2802.31475380777,2093.53915871656,2369.37547662041,2996.03355054247,2291.35469643248,1725.09305978225,2940.53068994461,6287.13338446903,2259.07587635366,2612.53403033777,2896.94741809083,2786.96179275312,6136.30991403391,2220.53875910882,2613.59846329839,6202.18060417256,2564.0513573439,2772.47962484194,2572.92815207566,2168.87187111952,6100.69639923365,2566.25238741239,6073.93095994635,6199.22457981594,2038.71876653792,6191.45100502665,6347.73036164219,6256.28124477123,6273.68956048313,2740.46481678413,2657.99137642209,2600.80801562149,2042.70817491664,2696.36132572946,6251.78703191201,6086.26790917041,6160.60883136097,6220.72915228913,2609.9074041252,2332.29656558915,2620.38572294511,2457.70741752894,2217.78517159868,6042.78839282614,2902.65556509911,2206.25290129418,2110.60553765858,2491.49507155378,1799.01201180582,2842.58246705081,2589.58737432104,2581.81827371417,2198.66200131894,2857.38299994565,5971.9765940269,2726.02482471225,2069.46566686524,2530.0924469852,6129.30308657964,2510.84956477415,2624.60560639461,6165.99524915938,2493.16127847756,2792.51196589094,6197.89979599531,2641.44293311012,2175.88641688261,3128.13709140651,2334.96622485376,6574.1526827727,2182.98381235288,2525.95113324301,2703.77120646112,2207.35954433241,2270.95615729936,6187.17044894653,6234.19175428168,2791.70319665736,2736.9068579613,2285.96837642667,6502.56110801439,6726.54390596539,1914.41453892214,2793.20446273964,2748.09777747984,6060.12451200039,2709.99559446642,2099.04613332026,2846.26647059879,1768.68685238561,2654.84064965904,2464.09427718735,6173.89465092059,2185.57605175008,2323.20917861437,2576.8638282893,2226.20183550119,6230.60209926418,6090.39702946339,2413.08587629861,2592.57318653861,2755.42791720735,2812.55782656371,2845.94659045066,2770.71198275374,1902.81117661146,6181.89923688056,6034.11476892112,2550.22916227118,2880.98877437784,2782.35771863458,2278.28761416739,2740.09843134047,6213.60835362814,2620.46108840288,2631.59812443848,2897.74871301778,6374.17962302457,2237.74679015506,2322.98876485821,2717.53134966094,6245.84725519311,2771.72151099257,2216.96641376077,2524.32313529472,2772.76531820184,5984.00187905103,2823.70601618399,2181.39104369373,2832.67507029216,6261.60045164248,2364.75895616758,2340.3135759822,2666.76320637776,2504.12824614426,2716.17909312747,6122.87195482446,1800.47245023296,2373.49616605967,2996.52933970009,2172.36026203793,2842.57777087886
1824.53838933899,2093.06529292693,209.836908896783,230.819440524617,5538.40306291123,5701.71746305461,127.983160951636,100.339009266779,5589.56237001557,2405.79250570947,105.308286658473,236.823438721927,389.564686609291,2121.25076469852,2392.89316204286,2908.27244285814,674.712008437381,146.479453958571,5815.0401184435,102.813356431471,146.82540111042,2150.36219094968,175.171636976305,2369.67547347423,2079.15996831786,5451.72139599446,2104.67223926495,123.043394195866,5564.04596841229,2166.39513745035,1980.93214078403,5707.70130195135,2434.21774415154,1478.76007918464,351.289787816094,1e+08,5474.06697558354,304.109727421683,1452.00252766065,2282.32158083989,1768.88314424084,5799.22203301809,2303.03506214737,2344.30168932873,282.860555771403,2198.49754336231,2382.6302548092,222.745589201798,1352.57944711193,5519.05933463494,323.697535919906,5475.65132596158,5554.6749375404,1910.59238022466,5650.75519453817,2280.15396286327,2280.19074031876,1985.15618786587,2218.69052932836,5692.91292975802,5576.30809446876,5257.06522753946,5614.84641138887,647.293208175865,5720.28937017691,5797.73382511244,5673.7154294874,234.819574850089,2158.44103025011,2069.63357202706,1659.83641122758,1186.78664671482,1830.61446377198,1485.02272798535,1942.72804857433,1492.12288998898,1821.56568613766,869.694025980893,1978.91907172973,1534.18508531091,1248.63074075372,1318.96630288767,1436.50909760575,1019.49136931783,6161.84949068229,1180.6552481065,1077.90705218467,1707.7370935414,6570.1677655176,5960.18570521211,1940.09259765276,1521.77708642479,969.23208557814,1592.2534354312,1427.49671122404,1285.10112494831,1951.65472567695,6264.73437548022,6132.88530162657,6031.36545295904,1045.45802877717,6114.05006129297,1313.5841958432,6271.3816562243,1394.29520620055,1747.78196504534,6287.90733146717,1423.61019076481,1651.05653367824,1626.33357487491,1559.2326382475,1033.3062359037,6009.6569774871,2266.93743395337,6084.95325114711,2365.30050353138,1455.36189098284,6482.25076376876,1140.75043352706,6396.20057122519,6058.4883622081,1317.98682950671,1527.82621728711,6152.20949603868,5918.9359517491,2212.38874992901,6526.88992109619,926.348328946992,1426.37806518436,6340.91563345439,1652.83324166929,1217.72322206619,1213.10100389468,1022.82952985681,1635.1364392525,6000.96435050891,2528.2378581981,5943.79806676956,2532.09495226734,2805.27478334578,2469.05399357322,6100.52775692429,2602.96453991491,2685.86285775908,6013.48782571999,2458.04326366003,2608.88631773404,5970.4542542115,2304.51599782225,6354.1610073157,2634.70715008457,5932.3740801275,6193.78154391643,2207.10439580881,2108.2775143725,2311.57626546917,2335.3765516962,6019.98317509555,2346.46397014739,6064.41094908887,2548.09811728951,2755.60549959652,2771.31969734678,2563.03486153605,3398.43035752223,2564.86418304862,2448.29231517794,2456.03073562935,2493.531186023,2664.93014467167,2325.22496871753,2657.54658400874,2309.00072798536,2511.16278216062,2453.27089824997,3199.01733368089,2759.47357470767,6277.23188174707,2568.9150322508,5964.52765555659,2572.34951475081,2480.00943741054,6421.98260999479,2273.10004131936,2405.02088709872,6048.21590628991,2322.33447018315,2273.39500283045,2403.20376443939,2644.9560115872,2654.15084879223,2497.45571925306,2440.49921825419,1930.05811212026,2641.68818146221,2325.7221458099,6159.31037210543,2248.51291127294,2513.3346257911,2729.22880221048,1898.62318007391,6074.96651968064,6021.29665556932,2659.48993292028,2724.38184752997,2338.03005641779,2451.74788801212,2552.29439462049,6188.92662614121,2499.25608251242,2561.51757358895,2654.71520408333,6220.97436063457,2300.89058575353,5952.58117841513,2794.90482908233,2409.97236277078,6336.93838835007,5998.64479639611,6089.51262865306,2488.91268648881,2840.97110518124,6028.08630550414,2093.33011135735,6018.31325583459,6314.03752015137,5648.94023118176,2695.69704619798,6283.00677245149,2432.16342227823,2507.83466643515,3244.83005285386,2315.12328030828,2535.41255944217,6264.64659300076,6097.21549119406,5952.4980907237,2462.55836792793,6148.38991617148,6314.39305580648,2745.32079164626,2315.69014896086,2566.05256278738,2516.31905461075,6274.70596218389,2390.6610243533,2522.53932386206,2698.35983449893,2743.51909178619,2497.92582711009,2821.61060273213,2782.48490359338,2561.00345282973,2612.53500667121,2576.41602067998,2178.99932775647,2427.3811452373,2302.49776207133,2404.39302441787,2610.94768795594,2691.51132475801,2681.04534434129,2522.06062387599,2435.73421459381,2295.84365254964,2403.76149114055,6216.88831319232,2600.2695449071,2380.8299657387,2754.455207433,5679.69578316259,5827.68507023589,2733.76728809778,2785.02008233829,6378.52870442003,2450.20765011264,6227.025575957,5934.1948014138,2499.17853884268,2440.95665650792,2495.26450398689,2648.3427526087,2649.97065407058,2592.05426699541,2439.94900687986,5852.01928162375,2281.96855763283,2418.23462080075,2545.72853706547,2412.87072886482,2436.83302761913,2297.52083310593,2860.30018693653,2396.0344804663,2449.2390201379,2989.17683714483,6564.01293080074,6439.5801946676,2890.98761833216,6342.75619235382,2316.60297343779,2564.04959238119,6637.04914546943,2102.18939970822,2054.35953111518,6587.16991151474,2786.97108544924,6592.81592803768,2539.84246858499,2482.43502747087,1808.11275865166,2063.30700094656,3174.60752784986,1992.61638927534,1463.37385913721,3110.66874042365,6616.78255835354,1959.58015986026,2720.22168981855,3077.83190408155,2462.44677556699,6468.49120763878,1924.40072844792,2759.11364775669,6533.9651127925,2709.84945953394,2926.57219116579,2695.24651386161,1871.32397579812,6431.65105330745,2251.054898373,6405.01704534731,6527.22976453312,1747.68264130023,6521.29895245081,6682.42846586697,6588.98763817959,6607.19843526325,2425.11350110816,2815.38214418992,2721.02373664938,1748.48013395941,2838.32735063219,6579.26579918101,6417.71874765373,6491.38183385659,6552.07970912085,2759.76199802005,2026.85906192742,2735.75698929101,2146.66657608319,1912.85925886095,6375.78964886876,3090.2413258847,1900.60092405716,1820.26740877616,2601.6226479603,1526.28441323317,2525.95073304706,2272.88203365268,2271.61738749128,1901.93152805604,2538.35478901726,6300.79827906412,2878.91451791052,1777.28228382384,2643.48289237332,6459.97474217264,2202.70616853372,2765.60231922269,6497.50532354989,2590.1194655987,2936.87578740107,6527.41841156063,2781.23629019163,1879.18628542553,3324.40030673693,2037.82896658624,6899.72402722323,1882.75076355772,2632.18218001364,2385.9831975597,1904.21388228315,1969.5046738498,6517.71171274698,6565.15366279296,2478.65812790665,2873.02929753515,1975.14371118286,6834.85317124489,7059.03729138501,1632.3619136594,2953.70506553456,2432.27252389569,6392.12858496046,2878.10490567474,1807.2598232859,3002.06051501336,1495.8224199606,2847.68950255187,2154.67609433657,6506.30841689267,1889.41304644211,2025.01638962663,2697.42102773925,1916.14334502877,6560.18300155598,6419.63848092871,2108.26802030327,2719.50689187699,2434.09793775262,2954.32829861448,3036.33403699718,2919.01809716568,1626.31294210737,6511.45780147291,6363.490113177,2681.3833967994,3030.5805331543,2928.38043594914,1976.06746071509,2901.00318670085,6546.71900746051,2309.39833478835,2754.42280862653,2581.20079537891,6707.352862089,1929.63640618801,2017.08531880438,2400.63149524093,6578.0216111922,2455.70475402212,1916.7963320534,2212.00115547636,2464.20596237355,6312.84530504242,2515.00007205379,1883.38214783865,2516.58675947446,6592.25395936495,2051.86279477797,2038.07853776654,2833.14312586946,2623.52230250854,2404.50472150199,6454.39438041485,1521.21364549257,2064.14487235571,3195.03753288323,1878.11094338078,2525.30863147798
7298.60536492253,7567.13226851046,5683.90388448032,5704.88641610816,64.3360873276988,227.650487471081,5346.0838146319,5373.72796631675,115.495394432048,7879.85948129302,5579.375262242,5237.2435368616,5084.50228897424,7595.31774028205,7866.96013762641,8382.33941844167,4799.35496714615,5327.58752162497,340.973142859953,5371.25361915206,5620.89237669395,7624.42916653322,5298.89533860723,7843.74244905777,7553.2269439014,22.3455795890821,7578.73921484848,5597.1103697794,89.9789928287568,7640.46211303388,7454.99911636755,233.634326367807,7908.28471973508,6952.82705476816,5122.77718776745,5474.06697558354,1e+08,5169.95724816186,6926.06950324419,7756.38855642342,7242.95011982439,325.155057434548,7777.10203773091,7818.36866491228,5191.20641981214,7672.56451894585,7856.69723039273,5696.81256478532,6826.64642269547,44.9923590513914,5150.36943966362,1.58435037804687,80.6079619568659,7384.65935580819,176.688218954632,7754.2209384468,7754.25771590231,7459.2231634494,7692.75750491189,218.845954174486,102.241118885212,217.001748044083,140.779435805346,4826.77376740767,246.222394593382,323.666849528906,199.64845390385,5708.88655043363,7632.50800583364,7543.70054761059,7133.90338681112,6660.85362229834,7304.68143935552,3989.04424759819,7416.79502415787,6966.18986557253,3652.50128944587,4604.37294960265,7452.98604731327,3939.88189027263,4225.43623482981,4155.10067269587,6910.57607318929,6493.55834490136,687.782515098748,4293.41172747704,6551.9740277682,7181.80406912492,1096.10078993405,486.118729628581,3533.97437793077,6995.84406200833,6443.29906116168,7066.32041101473,4046.5702643595,4188.96585063522,7425.72170126048,790.667399896694,658.818326043034,557.298477375512,6519.52500436071,639.983085709439,6787.65117142673,797.314680640765,4079.77176938299,7221.84894062889,813.840355883646,6897.67716634833,7125.12350926177,7100.40055045845,7033.29961383104,6507.37321148722,535.590001903562,7741.0044095369,610.886275563578,7839.36747911491,4018.7050846007,1008.18378818523,6614.81740911061,922.133595641653,584.421386624567,6792.05380509024,7001.89319287065,678.142520455142,444.868976165561,7686.45572551255,1052.82294551265,6400.41530453054,6900.44504076791,866.848657870846,7126.90021725282,4256.34375351734,4260.96597168885,4451.23744572672,7109.20341483603,2196.87618383414,7818.89940353338,2140.32997233051,7842.58767033501,8130.62745316056,7747.02198251361,2237.78339333301,5851.48422862378,8010.01161444157,2356.65461073488,7744.62054077662,5728.85445051534,2238.06372935841,7553.62883648431,2507.83150819001,5755.32874605797,2377.5992786478,2322.48860474867,7402.35737402206,7262.41847445166,7566.18367732304,7559.05663441519,2228.30263836122,7579.01002009225,2244.13565236802,7857.07485558794,8007.12728324702,5795.52703946049,7831.13427488874,8753.91317641129,7885.44715534698,7744.98031717441,7748.2010849297,5871.47131999366,7925.24919598044,7542.54218800632,6011.33657995831,7568.08519896202,7787.06297110634,7740.28072908086,8571.20660433053,8050.57221230732,2525.9663034794,5969.74512158023,2201.95796131263,5707.4817648948,7774.12794205968,2471.05476541462,7527.60259571621,6321.10918748542,2349.90933455229,7577.48150369789,7514.36137249466,5969.95947011277,7957.79732832105,5729.07884663894,7816.23546161227,7725.74579185867,7139.79403378153,5827.0152557097,7617.01182205117,2366.40931306551,7455.05880059566,5747.01143252767,8034.90080160541,7038.69309729056,2347.48019146168,2281.49592984863,5837.89968166125,5869.30903979861,7618.05320355059,5930.72032586633,7861.79130113788,2398.29479094721,7817.86486232972,7883.35235593807,5829.4488344193,2339.99064154285,7575.48610024459,2255.29171176206,5536.2800000055,7650.33692950751,2505.05786038588,2434.43832549986,2197.36495866794,7800.79523896557,8155.55807905821,2288.67493370336,7305.52630655282,2255.06014883188,2426.32846067628,2045.40120807982,5730.75563395287,2471.7128922536,7680.82331552868,5899.5090603761,8569.50661363423,7540.85710046589,5844.92645759042,2389.14288605704,2423.37289872925,2339.7691208505,7750.70859110496,2348.64294671813,2524.83979955781,5964.24837669991,7536.96526706756,7880.67506346963,7830.28202564204,2446.48781763543,7701.97813655242,7787.08969486583,7974.52229833154,8039.93030452958,7803.42178357404,8137.90408501761,8104.71134883827,6004.23375625352,5984.58229629413,5889.92419675459,7368.89764002732,7693.91442706277,7533.26917790015,7671.53239527811,7910.94837141555,5861.26351826628,7955.8922855572,5880.71624318086,6033.8352627804,7525.27424735132,5967.71653615813,2487.9362810692,5826.96092784351,7614.80476265151,8070.33380396709,2059.42772291184,2195.9249644683,5597.30149598649,8087.04439826095,2508.2075088494,6263.99655289003,2352.21794552279,2254.45249613342,7774.29919496826,7738.69110600958,7811.09773210403,7926.38883740206,7942.92760872935,5641.93516696211,5909.95260679539,2112.39354831175,7518.55887097692,7647.28245539739,7800.16791499695,7709.04998040388,7689.91236140906,7509.869946373,5746.14739734936,7664.9059602933,7751.03015812046,4764.58679796542,2157.485332338,2210.72275037673,4976.57677429659,2235.01789297091,7617.31897706515,7848.94679267051,2342.38350644769,7332.37243146212,7302.93471595566,2395.18299758172,4942.47494834611,2363.51974223252,7826.76753124253,7781.21665117604,6976.04499006157,7310.32622524375,4577.07976257658,7208.02032361392,6571.71537643067,4655.70774746428,2353.46630214101,7181.27631530741,5147.16279855509,4546.91969467377,7787.9072320808,2153.49123529139,7132.5443238688,4844.82731751885,2210.81755497223,4837.74063704972,4787.77109431706,5026.46295270675,7090.63678441343,2185.60569402732,7534.62650126043,2164.44304781199,2366.29216506067,6947.56874705281,2286.25141327975,2176.73777719402,2204.78193965294,2180.74200756505,7701.13570001335,4748.1465245005,5047.47880465148,6962.88578271952,4884.11293355875,2419.08568581647,2155.79057282295,2228.80361417298,2240.88859558097,4808.29826968319,7273.11847913899,5088.95855502735,7414.00278489339,7164.39688283106,2062.0647849111,4480.41835063425,7156.48364519305,7010.00250867009,5105.93823942959,6671.13054752586,7804.56198540086,7563.42598362704,7527.49300594378,7114.80351660767,7830.05301105739,2203.94599670328,4793.44524925548,6979.64897109091,5088.12794666939,2214.4812866115,7451.68080266177,4883.44690184658,2200.52914624506,5202.97348105259,4876.36174973329,2303.80155401655,4895.41759532736,7093.8019731571,4400.0128300239,7241.69725989922,2700.28983893489,7113.96931075504,5141.22265498236,7677.23187835014,7147.7902155825,7200.04996744405,2254.62871590951,2265.73909597672,7739.22253907629,4939.34475057568,7251.36885429178,2386.65329560601,2539.10109088973,6804.09304945795,4732.18006576548,7710.59090467014,2116.4774392671,4656.96028151552,7004.99495975973,4780.87813698903,6645.34030825493,4428.99585214283,7413.15577070698,2166.09256590172,7100.60147772275,7235.18354363395,5040.84875714893,7192.222078038,2321.14984087963,2252.00699231578,7345.9665146751,4993.09159018556,7742.8873999496,4902.082537909,4450.88932694617,4838.80295623928,6774.4320986457,2292.5108394979,2214.66512444705,4953.80213814055,4842.17504656767,4860.39162636581,7209.91259748134,4723.77789724143,2160.05314507892,7567.81684061592,5031.96820131106,7856.90754227483,2261.59622384018,7195.44396651189,7266.3209404734,7686.34173423207,2221.24727917426,7734.01127763111,7145.07720241693,7482.40003922376,7700.33679874617,2209.48489700664,7749.15855275151,7103.91164520338,7792.53405093822,2295.82146278483,7333.96740098805,7267.52502722161,4670.09001305721,5038.38796076548,7661.19737645536,2174.16923489536,6694.12043722914,7327.68629081146,4370.15713443989,7081.10317347423,7807.56490905675
2128.64811676067,2397.17502034862,513.946636318467,534.9291679463,5234.29333548956,5397.60773563292,176.126566470047,203.770718154904,5285.4526425939,2709.90223313116,409.418014080157,67.286288699756,85.4549591876077,2425.3604921202,2697.00288946454,3212.38217027982,370.602281015696,157.630273463112,5510.93039102181,201.296370990212,450.935128532104,2454.47191837136,128.938090445378,2673.78520089592,2383.26969573954,5147.61166857278,2408.78196668663,427.15312161755,5259.93624099062,2470.50486487204,2285.04186820571,5403.59157452965,2738.32747157323,1782.86980660631,47.180060394411,304.109727421683,5169.95724816186,1e+08,1756.11225508233,2586.43130826157,2072.99287166253,5495.1123055964,2607.14478956905,2648.41141675041,21.2491716502808,2502.607270784,2686.73998223089,526.85531662348,1656.68917453361,5214.94960721324,19.5878084982227,5171.5415985399,5250.56521011871,2214.70210764634,5346.64546711649,2584.26369028495,2584.30046774045,2289.26591528755,2522.80025675004,5388.80320233633,5272.19836704706,4952.95550011776,5310.7366839672,343.183480754183,5416.17964275524,5493.62409769075,5369.6057020657,538.929302271772,2462.55075767179,2373.74329944874,1963.94613864926,1490.8963741365,2134.72419119366,1180.91300056367,2246.83777599601,1796.23261741067,1517.45595871598,565.584298559209,2283.02879915142,1230.07535788922,944.521013332037,1014.85657546599,1740.61882502743,1323.60109673951,5857.7397632606,876.545520684817,1382.01677960635,2011.84682096308,6266.0580380959,5656.07597779043,1635.98287023107,1825.88681384648,1273.34181299982,1896.36316285288,1123.38698380235,980.991397526624,2255.76445309863,5960.62464805855,5828.77557420487,5727.25572553736,1349.56775619886,5809.9403338713,1617.69392326488,5967.27192880262,1090.18547877886,2051.89169246702,5983.7976040455,1727.71991818649,1955.16626109993,1930.44330229659,1863.34236566918,1337.41596332538,5705.54725006541,2571.04716137505,5780.84352372542,2669.41023095306,1151.25216356116,6178.14103634708,1444.86016094875,6092.09084380351,5754.37863478642,1622.09655692839,1831.93594470879,5848.099768617,5614.82622432741,2516.49847735069,6222.78019367449,1230.45805636868,1730.48779260604,6036.8059060327,1956.94296909097,913.6134946445,908.991276472997,718.719802435127,1939.24616667418,5718.99036599027,2803.7457599753,5661.12382871817,2810.70000966215,3087.50654904673,2742.17165494361,5818.49283390651,2594.02523128547,2967.36621855491,5734.92577987422,2732.43510076877,2584.41925981597,5689.64329247296,2571.63718449898,6075.31768540084,2612.2759588347,5655.06319249123,5912.62348390984,2464.25677722731,2357.06825347765,2579.65963682585,2598.67460132158,5738.51024350918,2611.30541760699,5782.86176317322,2826.56199806876,3026.73338583371,2747.23194318376,2835.30361535004,3686.82547510137,2845.21144569214,2724.21136500268,2731.28963205272,2493.03859836283,2936.73967036399,2587.38682993912,2665.61310074718,2577.79038275315,2784.26307178129,2727.69715305733,3489.16900659582,3036.44840641013,5999.73482978715,2576.88084194377,5682.98605986563,2546.93050136143,2755.73676993831,6141.47157142292,2540.80525077158,2471.9061865696,5769.16104061224,2590.60451057707,2538.87629193111,2421.21754550847,2924.54977306956,2627.61487663348,2777.15126827371,2714.5559114768,2185.84793988129,2627.71781433607,2599.89837753086,5879.48878646547,2508.04939483133,2495.70676748349,3008.19420368298,2141.17441671512,5795.59067382441,5740.97240939149,2645.95578306296,2711.35961612957,2610.47220401948,2461.49105547497,2830.86294908432,5909.50253773985,2778.93513957442,2842.03978886229,2640.38635904932,5939.90633389155,2572.14302500111,5672.30806697739,2740.0849210147,2676.6686222928,6058.24078202271,5722.03512235148,5806.72754395498,2767.47919652608,3121.79538238642,5747.85638478408,2351.88106001527,5737.43655123881,6033.82875332718,5366.37086031433,2667.46047826681,6004.18681336583,2700.37096390839,2510.20695760761,3528.66708948851,2578.54365383187,2529.20572673599,5984.17773682989,5819.34355357932,5674.12634003253,2737.22946985729,5868.28729486061,6036.42496901679,2742.63596996169,2578.39225823334,2845.488907137,2795.3714071099,5995.40814719191,2668.52823055126,2793.96290219081,2972.75893202065,3021.18954276913,2775.54824815958,3102.59350665257,3064.15598588629,2573.89316467425,2619.85248942344,2573.74727517347,2434.88820956456,2698.37661180109,2566.60708573363,2675.2995694203,2888.40367283033,2679.19662884315,2955.13802485407,2521.19415108471,2460.39810516758,2559.66513150948,2421.43324021406,5939.20617424296,2588.39964532285,2646.23557323297,3035.05906917215,5397.23976176814,5547.14583303122,2688.2293568611,3063.73799413007,6099.39499900353,2505.51254189895,5946.15972210683,5654.0653988052,2772.07091052274,2716.99177408223,2774.48668961917,2922.70531695796,2926.59070362268,2557.66238968792,2447.60433811846,5569.49376138526,2546.81846542206,2683.21351573458,2815.76873423017,2688.46716148382,2705.77859495477,2558.57279005337,2826.46193759456,2667.14951189367,2725.9704061859,2850.91474465934,6275.26754040848,6153.35037148691,2774.37263901353,6058.12188149434,2592.24790978646,2838.90413272638,6351.04695515631,2363.95436886403,2318.74602504447,6302.91397747297,2668.43790010777,6307.82325456415,2814.84900763503,2758.90905199384,2054.01834135345,2327.52652479756,3018.2548279269,2250.35028901807,1688.05293327415,2961.52753588773,6331.27169316599,2217.96874033555,2624.5216483384,2919.4359271499,2742.99426490767,6180.80076756692,2179.81380905041,2630.88394928362,6246.61700986752,2581.33339007301,2791.10009449448,2586.92035435666,2127.95723454222,6145.01409818195,2523.36558881663,6118.26656379593,6243.13011466807,1998.50560576748,6235.61515660015,6392.57856842678,6300.84818340481,6318.36952063723,2697.59523038036,2676.98872427908,2614.53219416882,2002.12256815237,2713.21675935925,6295.61990788296,6130.65505747479,6204.90227411522,6265.10497173269,2627.80138002311,2290.51057418369,2633.45147493907,2415.29145257339,2176.01936014949,6087.39269541346,2926.09722458055,2164.39711610296,2070.5138550416,2503.70337864072,1760.76541982697,2799.57651633103,2546.52484858393,2539.53455607055,2157.85725843056,2814.08913235036,6015.99141080019,2744.44067583211,2029.13456180601,2542.79529232044,6173.58162155735,2468.79440762525,2641.26463524797,6210.39236976853,2503.53743550417,2809.77956816145,6242.0178338934,2657.94724402163,2135.07510229438,3152.93154616055,2294.16952665375,6617.72570350761,2141.75822916306,2537.65133424742,2660.60088532566,2165.79995125958,2229.62159857918,6231.43189646085,6278.51326261458,2749.12238553308,2752.97509022672,2243.52886091175,6547.07436390978,6771.08916439609,1875.17443277911,2812.74315460561,2705.17241169057,6104.5889094777,2730.54868608376,2058.7774896121,2865.17975856316,1730.39602129423,2678.87100450516,2421.87382683463,6218.41891412342,2144.83262753282,2282.28208527656,2590.61337670873,2183.83359409668,6274.72960255579,6134.47369259809,2371.39989634444,2607.22983667694,2711.83966184197,2829.47664948404,2869.75158961912,2788.51692890866,1864.21239681014,6226.02253134986,6078.20894176244,2565.43839483497,2899.05458568418,2799.85059710873,2236.86461894476,2759.65535737329,6258.23128821766,2578.08298831917,2645.71513387558,2854.7622286545,6418.81423209064,2195.6122071153,2281.14431531173,2674.47060093132,6290.33927336896,2728.77739944696,2175.7623799835,2481.77098993501,2730.72399520604,6028.02004827704,2781.65788361461,2140.42749207636,2789.73324480161,6305.87921637028,2322.09704394068,2298.91128996844,2687.03876340927,2517.64443575836,2673.74861847261,6167.26992752342,1761.46820299066,2331.2578666154,3021.57436125745,2131.83716651725,2799.49458822969
372.535861678345,641.062765266291,1242.16561876386,1221.18308713603,6990.40559057189,7153.71999071526,1579.98568861228,1552.34153692742,7041.56489767622,953.789978048829,1346.69424100217,1688.82596638258,1841.56721426993,669.248237037876,940.890634382217,1456.2699151975,2126.71453609803,1598.48198161922,7267.04264610413,1554.81588409212,1305.17712655023,698.359663289033,1627.17416463695,917.672945813585,627.157440657217,6903.72392365509,652.669711604306,1328.95913346478,7016.04849607294,714.392609789709,528.929613123382,7159.703829612,982.215216490894,26.7575515239874,1803.29231547674,1452.00252766065,6926.06950324419,1756.11225508233,1e+08,830.319053179245,316.880616580196,7251.22456067873,851.032534486724,892.299161668082,1734.86308343205,746.495015701668,930.627727148551,1229.25693845885,99.4230805487218,6971.06186229556,1775.70006358055,6927.65385362224,7006.67746520105,458.589852564014,7102.75772219882,828.151435202626,828.188212658121,533.153660205222,766.688001667715,7144.91545741865,7028.3106221294,6709.0677552001,7066.84893904954,2099.29573583651,7172.29189783756,7249.73635277308,7125.71795714803,1217.18295281056,706.438502589464,617.631044366416,207.833883566935,265.215880945824,378.611936111336,2937.02525564599,490.725520913683,40.1203623283347,3273.5682137983,2321.69655364154,526.916544069091,2986.18761297155,2700.63326841436,2770.96883054831,15.4934300548973,432.511158342816,7613.85201834293,2632.65777576714,374.095475475976,255.734565880748,8022.17029317824,7412.18823287276,3392.09512531341,69.7745587641469,482.770442082507,140.250907770553,2879.49923888469,2737.10365260895,499.652198016301,7716.73690314087,7584.88782928723,7483.36798061969,406.544498883476,7566.05258895361,138.418331817449,7723.38418388494,2846.29773386119,295.779437384699,7739.90985912782,28.3923368958383,199.054006017595,174.331047214269,107.230110586852,418.69629175695,7461.65950514773,814.934906292725,7536.95577880775,913.297975870735,2907.36441864349,7934.25329142942,311.252094133585,7848.20309888583,7510.49088986875,134.015698153939,75.8236896264642,7604.21202369932,7370.93847940975,760.386222268361,7978.89244875683,525.654198713652,25.624462476288,7792.91816111502,200.830714008646,2669.72574972683,2665.10353155533,2474.83205751745,183.133911591851,7371.57935788986,1388.51011665661,7317.1903490005,1361.70822758812,1574.37731868575,1360.33966706335,7471.0455052863,3089.84139098272,1471.53826568989,7371.40219140502,1338.56299665048,3156.39849460361,7336.86570905329,1281.26586214046,7711.90125843862,3170.72751864668,7285.9641571856,7560.73137806432,1298.34211103951,1300.16708633315,1277.7034199645,1342.03386777088,7388.67792745293,1336.64238778293,7433.24088093276,1377.23759846365,1630.2898371436,3296.17621786057,1449.5945216737,2083.989609663,1373.59793529613,1315.19629258741,1328.35376365081,2962.98922867982,1543.36841777359,1344.37528880258,3067.15095738969,1268.79293526211,1396.73716819779,1334.13660769285,1875.64822702733,1581.07249496157,7630.18575676593,2992.23844903646,7333.66380918382,3128.60450595073,1344.44396939772,7785.77733329329,1250.51962764272,2603.18176734766,7407.83230002382,1284.60892396874,1272.13490828814,2812.53017487656,1452.81378888536,3203.68364002017,1320.33025028034,1326.82630261558,1117.26055675114,3143.22774786198,1229.15482504714,7521.38663787281,1308.21947464114,3047.67473301374,1535.12795387762,1214.99759307151,7435.67954265798,7385.72551208351,3156.83463256004,3210.93573655314,1256.67815134958,2886.5870103534,1379.92687259279,7549.41533098202,1322.08054726866,1368.87784083076,3155.89195761071,7587.49975996475,1238.06438432809,7317.06486738659,3436.58525547081,1371.37871109563,7694.18989267477,7349.36253130853,7462.85326862687,1324.13519990894,1620.48666563346,7392.14111204311,1201.83068527061,7384.80234698693,7677.04201542514,7022.94648979355,3246.49256610621,7640.90498009996,1375.73882558998,2963.49052279653,1974.66464112561,1324.68021511195,3021.30551124003,7628.78793622605,7452.24418889906,7309.93993483976,1339.71571418621,7511.55242990441,7668.98165745589,3187.00730063608,1331.7898003115,1383.63395822527,1343.36821743097,7634.42517427439,1246.22953555263,1422.39950288147,1549.52602806799,1560.16806475582,1341.39181605067,1601.11370357321,1558.57227459221,2965.2318639958,3031.89860216234,3041.94400441626,1288.72838428482,1345.31243128707,1308.18709704541,1326.85804826389,1442.8125389762,3179.60661421252,1536.84923527966,2988.56712816285,2811.78073987881,1305.59320319646,2814.39519241172,7570.75883035127,3099.24893148479,1359.37636786444,1542.81471713452,7053.17956868916,7193.60522309683,3346.9752052162,1588.35875606492,7737.27895137775,2691.61578784104,7592.77551675819,7298.21317277082,1388.37572994931,1307.74314871542,1323.15030000727,1505.21873902642,1485.59040846599,3180.29035855323,2885.23567377756,7225.16572763469,1284.9143629255,1394.11154663493,1455.28410722103,1288.085077669,1372.72263733554,1332.57446654216,3413.20573194076,1317.854693584,1307.9528954585,3916.67874321383,7958.45095285448,7824.83153515972,3749.94727783962,7722.26762122434,1206.65531360089,1426.12123781686,8020.98166980298,1177.79011179858,1118.00119698645,7964.62299623271,3661.22500346341,7973.03827822708,1403.46738784956,1339.22018417725,1133.41046797018,1126.00670055498,4153.44659535043,1139.78268293432,1144.8320146273,4068.17992455257,7998.90513860911,1111.74732963206,3520.1784490836,4069.21708331239,1280.94636028892,7859.16113618956,1117.19582487643,3669.14021729097,7923.20555472047,3624.9002307255,3848.77104851034,3542.06785746134,1072.99963747477,7818.44930737382,1187.24314268239,7792.3031936896,7904.24701033729,1057.31535599923,7904.30153565221,8080.80819677823,7981.09266611517,8001.86611643513,1329.08035563983,3755.72472470707,3559.03604202777,1031.95312076758,3731.24828742212,7954.43414498828,7806.14991643906,7877.45002579815,7939.87427832655,3682.47877563379,1105.98355880606,3557.65824261631,1143.23948186676,1035.03513336944,7769.30690039006,4100.56228521091,1020.88731450806,1102.01764468779,3421.2847741148,1095.16958951678,1404.54650247817,1191.27977821898,1247.28160557052,1098.35866215296,1395.17651722969,7681.06700750415,3801.12529562607,1063.68137152944,3468.59461898601,7845.79121772295,1211.12156453811,3661.73338477987,7885.94146912825,3371.09606223541,3829.14911765632,7909.33921773828,3672.46001966827,1084.77126879638,4347.92768939777,1183.46531825218,8267.79068797761,1057.20939577919,3436.80833691058,1275.05513994738,1045.26967097923,1101.68257355469,7902.96719867845,7951.65898853299,1393.80233661185,3745.53919371464,1022.31617670633,8225.09893792964,8449.50064561729,1071.48625972735,3892.97895637306,1331.08975617053,7782.40130609872,3845.09913000162,1083.21608124758,3923.87401471907,1083.51958437394,3887.65338955348,1163.57972801558,7897.64503893274,1095.39559459188,1166.07872167417,3538.73794226543,990.578912570491,7942.22365899112,7800.93994822568,1169.03561394003,3577.86865700966,1284.77791961958,3837.41557369332,4057.91765504821,3824.50776462269,1109.04150524267,7893.54817725053,7745.37087882246,3555.88106608018,3931.66797955099,3826.30168329713,1099.44045517436,3845.25175315356,7940.22183902888,1270.13239906788,3597.16402942045,1453.3795956021,8100.72926393237,1017.15599762778,1095.17425761027,1295.12745201427,7968.42646639796,1349.35940480888,1078.75140086496,1181.96743540422,1418.29219834826,7693.1508365588,1459.95943320259,1076.39717799003,1400.98870490251,7977.69593245154,1056.63244419632,1141.2610478042,3798.34214730915,3468.67909394582,1342.85690519052,7842.97036882475,1048.01800740244,1097.66200976327,4231.64865338134,1104.24768600372,1398.64635414735
457.783191500899,189.256287912954,2072.48467194311,2051.50214031527,7820.72464375113,7984.03904389451,2410.30474179152,2382.66059010667,7871.88395085547,123.470924869585,2177.01329418142,2519.14501956182,2671.88626744918,161.07081614137,110.571581202974,625.950862018253,2957.03358927727,2428.80103479846,8097.36169928339,2385.13493727136,2135.49617972947,131.959389890212,2457.49321781619,87.3538926343404,203.161612522029,7734.04297683436,177.64934157494,2159.27818664402,7846.36754925217,115.926443389535,301.389440055862,7990.02288279123,151.896163311648,803.561501655257,2633.61136865599,2282.32158083989,7756.38855642342,2586.43130826157,830.319053179245,1e+08,513.438436599047,8081.54361385796,20.713481307479,61.980108488839,2565.18213661129,83.824037477578,100.308673969307,2059.57599163809,929.742133727967,7801.3809154748,2606.01911675979,7757.97290680148,7836.9965183803,371.729200615231,7933.07677537804,2.16761797661832,2.130840521124,297.165392974022,63.6310515115299,7975.23451059791,7858.62967530864,7539.38680837935,7897.16799222878,2929.61478901575,8002.6109510168,8080.05540595232,7956.03701032728,2047.5020059898,123.88055058978,212.688008812828,622.485169612309,1095.53493412507,451.707117067908,3767.34430882524,339.593532265561,790.198690850908,4103.88726697756,3152.01560682078,303.402509110153,3816.5066661508,3530.95232159361,3601.28788372756,845.812483234143,1262.83021152206,8444.17107152217,3462.97682894639,1204.41452865522,574.584487298496,8852.48934635748,8242.50728605201,4222.41417849265,760.544494415096,1313.08949526175,690.068145408691,3709.81829206393,3567.4227057882,330.666855162943,8547.05595632013,8415.20688246644,8313.68703379894,1236.86355206272,8396.37164213286,968.737384996693,8553.70323706419,3676.61678704043,534.539615794545,8570.22891230708,858.711390075084,631.265047161648,655.988005964975,723.088942592393,1249.01534493619,8291.97855832698,15.3841468865195,8367.274831987,82.9789226914893,3737.68347182273,8764.57234460865,1141.57114731283,8678.52215206507,8340.809943048,964.334751333184,754.49536355278,8434.53107687856,8201.25753258899,69.9328309108834,8809.21150193608,1355.9732518929,855.943515655534,8623.23721429426,629.488339170597,3500.04480290607,3495.42258473457,3305.1511106967,647.185141587394,8168.007344136,1127.07071693526,8114.86675395404,1069.23560192505,1136.20563521001,1147.91054380736,8267.28025882443,3609.31469158667,1083.31094830783,8162.48719296428,1120.86552398358,3696.34532857251,8131.58357333442,1199.38091258053,8502.32839227574,3705.13837346784,8075.38754780067,8355.3199594197,1326.29965358236,1417.88660335928,1185.55829751249,1267.75562114188,8184.27195371375,1246.92403207115,8228.82194136839,1078.71743583286,1315.50523335138,3818.4954217741,1200.61691836519,1455.0527519084,1048.27139185259,1089.14091079439,1104.17300396167,3484.13551587457,1256.19002545217,1282.24280115049,3555.75098423453,1173.32337193448,1164.26472393783,1118.54690676224,1254.11460156761,1212.4016015243,8418.70905310336,3492.09997109286,8129.53043045939,3673.77790933147,1104.13457801835,8578.67719207924,1182.53740845277,3039.59298967458,8199.57062383988,1185.26490110234,1217.92331062869,3320.57713973328,1100.99660310739,3741.58406454977,1033.65964715957,1120.85332266829,1314.13561722392,3665.25084178542,1084.77456369784,8313.97269671935,1301.55056852479,3589.23307975273,1157.49802446578,1467.67675240893,8227.83270613294,8179.52926635688,3676.25404085479,3722.440649842,1118.68424984039,3399.24564770736,1078.44665380488,8341.2819207353,1034.68729609966,1043.23360103218,3676.95524500461,8381.86699401345,1130.03750320185,8111.00644849565,3998.97030235399,1236.90691093859,8484.43753952429,8137.45567241001,8260.29082784494,1052.9140856208,1186.28038933667,8185.77672600584,1288.24822691573,8179.47467602054,8469.77220049987,7821.33963746125,3782.37696943781,8431.51740727434,1219.55729515584,3478.93117558066,1415.36060512222,1260.28745971025,3545.03935619347,8422.07797721082,8241.96593956857,8100.9369389522,1117.35741750448,8304.61463972351,8458.13485644723,3681.09131099219,1271.42039873026,1067.18396355633,1053.95794062866,8425.82407732511,1033.45521250413,1198.53289605974,1226.95606566143,1190.33927940237,1074.81486732947,1171.26036038111,1133.99836868903,3459.0570216861,3527.18856662684,3555.85978337192,1338.08409409133,1170.67233136186,1246.35743346727,1164.67919474866,1126.44887578903,3693.73346269431,1223.59501444883,3506.6584007737,3305.9932751316,1249.09854093105,3322.82934689085,8359.77750825233,3623.07749989972,1248.30247558295,1139.2476991946,7851.30778522558,7988.35743701937,3902.50780120474,1193.8254979153,8528.09641553864,3138.41809423817,8386.80539998487,8091.99147476038,1163.29033948102,1084.43966930729,1042.31761527605,1202.33203538655,1161.20438735336,3735.10364852197,3402.29569085259,8022.88079433959,1229.7835926654,1267.25868314901,1232.07901539395,1083.40021023246,1208.83745302489,1291.40517265547,3940.62926319542,1158.44507959954,1074.10926697024,4571.45489749846,8764.25842801041,8626.8514394379,4383.96249099024,8521.96477403566,1055.8409945293,1154.29740942399,8822.21481134483,1244.35013180933,1202.63798946502,8763.13602379818,4303.8720908225,8772.73133751398,1141.18239614548,1090.96033835552,1429.95196368909,1205.61482739514,4821.6183092837,1290.94016393788,1652.45102364145,4730.31719793395,8799.38482230983,1281.39419419365,4140.21567248491,4743.98268160287,1003.35184045313,8663.45672153389,1318.78534543633,4324.68095078404,8726.82278498993,4283.65711088252,4503.45398132232,4178.72203875204,1304.70279739672,8621.13656088937,1101.34744783903,8595.22773353259,8702.64821154005,1380.43720731903,8705.26822404488,8888.1952494299,8785.87819647157,8807.73067463204,1143.91034930332,4419.72852815706,4191.81047069347,1349.3416168,4378.55799332712,8751.97783134395,8609.54713221888,8679.75945154465,8742.85445048819,4342.22917437725,1211.82034636713,4184.48186128745,1146.42525175102,1219.25105002843,8574.90833057701,4781.64455159507,1211.43922142853,1381.751413451,4052.56651530483,1564.66714050268,1160.73356251403,1082.40072614177,1178.7853803836,1312.53888797023,1127.00735803995,8481.13853381561,4457.17394624432,1366.44264183997,4100.01187752977,8648.02861236492,1194.20337233968,4312.4258790228,8689.25420994711,3990.18844216373,4473.22511030844,8709.83650901841,4321.00521100492,1313.51156754576,5028.92922089002,1312.1892809921,9061.85856047638,1274.69511152736,4061.91763119891,1093.18110317437,1240.52813895633,1258.83099796158,8704.90026559913,8754.07370766453,1198.07682653881,4384.79018887903,1143.22487962326,9028.84416806627,9253.12880840242,1475.10115484011,4552.78145293828,1138.87995638616,8586.60870210585,4516.36712909179,1368.07863639839,4576.32332167355,1568.73539662216,4584.14588501452,1169.76185117461,8702.18566659355,1318.96996140859,1298.99869744233,4173.48181841045,1156.64858655864,8742.73380843696,8601.3021480927,1225.34796068512,4217.49455438753,1049.54548854813,4477.78562610631,4744.06125454188,4473.66796527526,1521.81277115946,8694.13671779139,8546.04786165917,4202.19627015182,4576.08852839022,4472.58009684433,1249.83632887202,4508.18631962273,8745.64655100704,1175.15240672943,4230.31667328088,1185.45924528159,8905.94528572252,1179.84549419517,1205.69960471642,1111.77349538685,8772.49568280957,1143.90789201026,1274.04875858077,1137.09770352007,1258.76418351311,8493.22267827313,1276.07564672193,1299.1681405741,1165.59617419327,8779.62580487185,1114.64389653003,1251.81471334615,4470.19712668286,4107.44908096311,1193.02459324635,8646.38924287554,1515.97422325924,1162.95203699298,4919.78617168404,1339.64080755448,1150.28692359349
55.655245098149,324.182148686094,1559.04623534406,1538.06370371623,7307.28620715207,7470.60060729546,1896.86630519248,1869.22215350762,7358.44551425642,636.909361468634,1663.57485758237,2005.70658296277,2158.44783085013,352.367620457679,624.010017802022,1139.3892986173,2443.59515267822,1915.36259819942,7583.92326268434,1871.69650067231,1622.05774313042,381.479046708836,1944.05478121715,600.792329233389,310.276824077019,7220.60454023529,335.789095024108,1645.83975004498,7332.92911265314,397.511993209513,212.048996543186,7476.58444619218,665.334599910697,290.123065056209,2120.17293205694,1768.88314424084,7242.95011982439,2072.99287166253,316.880616580196,513.438436599047,1e+08,7568.10517725893,534.151917906527,575.418545087887,2051.74370001224,429.61439912147,613.747110568354,1546.13755503904,416.303697128918,7287.94247887576,2092.58068016075,7244.53447020241,7323.55808178124,141.709235983817,7419.63833877902,511.27081862243,511.307596077925,216.273043625026,449.807385087518,7461.79607399885,7345.19123870958,7025.9483717803,7383.72955562972,2416.17635241671,7489.17251441776,7566.61696935327,7442.59857372823,1534.06356939075,389.557886009268,300.750427786221,109.046733013262,582.096497526021,61.7313195311404,3253.90587222619,173.844904333487,276.760254251862,3590.4488303785,2638.57717022173,210.035927488895,3303.06822955175,3017.51388499456,3087.84944712851,332.374046635094,749.391774923014,7930.73263492313,2949.53839234734,690.976092056172,61.1460506994488,8339.05090975842,7729.06884945295,3708.97574189361,247.106057816049,799.651058662703,176.629708809643,3196.37985546488,3053.98426918915,182.771581436105,8033.61751972108,7901.76844586743,7800.24859719989,723.425115463673,7882.93320553382,455.298948397646,8040.26480046514,3163.17835044139,21.1011791954972,8056.79047570803,345.272953476035,117.826610562601,142.549569365928,209.650505993344,735.576908337145,7778.54012172794,498.054289712528,7853.83639538795,596.417359290537,3224.24503522368,8251.13390800959,628.132710713781,8165.08371546602,7827.37150644895,450.896314734136,241.056926953733,7921.09264027953,7687.81909598993,443.505605688164,8295.77306533703,842.534815293847,342.505079056484,8109.79877769524,116.04990257155,2986.60636630703,2981.98414813553,2791.71267409765,133.746704988346,7674.67829478589,1230.556619675,7620.79054623862,1191.72668188001,1364.80566989172,1218.39211437699,7774.07686280665,3273.00030318758,1274.4389631767,7672.33135485661,1193.61607081796,3348.47055958565,7639.26604698602,1183.81690486486,8012.60557544471,3360.52888169028,7586.20724135945,7863.10472740764,1245.39051111197,1284.46387056739,1176.09704931177,1250.75002444625,7691.44007530409,1239.13406568622,7736.0027544934,1205.93806660129,1463.3036505096,3481.42099983592,1298.77051850674,1825.06244789846,1193.05544293155,1166.02645573775,1180.55430824942,3146.24655093373,1382.91775550516,1257.92038091428,3237.23263669598,1165.40077458709,1249.38529553315,1189.71519698099,1616.47047248544,1394.29332683555,7930.10887270937,3166.66731035737,7636.53046491679,3322.76398767265,1191.75052713155,8087.49126322912,1156.70916843318,2748.39316097632,7709.03127813507,1180.62701723315,1184.95203336277,2989.44360497973,1266.91672653991,3395.08971337005,1150.23345330557,1185.48080080899,1126.1682954804,3327.70046174833,1104.81824835592,7822.94334390787,1241.81213283403,3239.95844275217,1343.82450559028,1253.88016649297,7737.05032654112,7687.76034284338,3340.27359681909,3391.29312992973,1136.41812126486,3065.86145860351,1207.74530298923,7850.68359244917,1151.82816011548,1188.00488055173,3340.01731693488,7889.78632139814,1128.0402566483,7619.14749101765,3639.13324953166,1258.62032770667,7994.81940619864,7649.07404193202,7766.37194701423,1159.56525495219,1413.5667881812,7694.10843225546,1167.82767333452,7687.18976610487,7978.67512920319,7326.80563417843,3437.22466005902,7941.67586192464,1255.09634638735,3144.34009404141,1735.79859457122,1236.34714321151,3205.9390275761,7930.64245788698,7752.63042104429,7610.82545224951,1193.16042890855,7813.30111385232,7969.16481326332,3359.96595037561,1245.38728239833,1206.54929969032,1173.52267820614,7935.51396043774,1097.84928753878,1279.29674086586,1377.14714515809,1372.30388808195,1179.32985300483,1395.0139574853,1352.83518896861,3136.97878397561,3204.60856713762,3222.53746401568,1244.02601683366,1216.33819030781,1219.99036368439,1201.51724215599,1268.38741842899,3360.92502456749,1367.18589694526,3170.66074294598,2982.83168038299,1219.34186611613,2991.4833346932,7870.87514130881,3284.28409644982,1254.85700665359,1343.31588456985,7356.93425127227,7496.00245414172,3546.33908809597,1393.29658715412,8038.14431664073,2841.86788427635,7894.92589344803,7600.22718117181,1243.26100800854,1159.15031858285,1155.20828619943,1337.91304643364,1310.19574692707,3378.72689872228,3066.3660113053,7528.77159116276,1198.08059373126,1285.30411857993,1313.86244450044,1145.08299504128,1249.08202482794,1253.72594818176,3601.03972958053,1193.0601664576,1155.62048742421,4159.17627278629,8265.4045432948,8130.24175627407,3983.40525211745,8026.72806339145,1078.46990085754,1266.26830759102,8326.08952623571,1134.02712825229,1078.04726310463,8268.62599144119,3898.12439053688,8277.51929301429,1245.91669960258,1183.45431177673,1188.28428934518,1084.44934204247,4401.9375259767,1129.87952791354,1299.94188376628,4314.01622351263,8303.70648745919,1108.25264006788,3747.21642915321,4320.3432413389,1111.81178803913,8165.49555483443,1128.20110428034,3911.49269906669,8229.2702127614,3868.52202543037,4091.10676282901,3776.17177916321,1094.93448701792,8124.12926193347,1082.50881094131,8098.07714828612,8208.19931983776,1120.63789281734,8209.29200090204,8388.40884831559,8287.6343475567,8308.84579127633,1195.40587044925,4001.81198324102,3791.54225599912,1091.1774533091,3970.25703572175,8258.04415228192,8112.11643297287,8182.98175659699,8245.68241128153,3926.63399898042,1074.29974712377,3787.65125102357,1071.01896235512,1032.99737036852,8076.16359201216,4354.38073942592,1020.71091964796,1147.56413741081,3652.82019818502,1230.15495685186,1253.53811321096,1077.9481349079,1153.0800544423,1113.89305820048,1235.18830733186,7985.6754015752,4043.94686994964,1117.81391235165,3700.30734420858,8151.29122256683,1135.15924352189,3902.02553268501,8191.88002050251,3597.33663180916,4066.99343538139,8214.1401522633,3911.86887862857,1106.06963554311,4602.04078813643,1166.4015701723,8570.02578244452,1071.7007839505,3665.77222404419,1139.59988439851,1048.91507095113,1092.05059008152,8208.34865598614,8257.23924679082,1259.51693958225,3981.18777708823,991.139138235531,8531.23743094432,8755.60731460207,1173.73178473804,4137.54426157925,1194.9552680712,8088.69416343465,4094.40300035429,1130.11007799338,4165.40855874398,1225.74508243406,4147.65202965953,1093.94890795924,8204.08153523055,1114.98737471028,1149.82058667402,3772.0273045144,977.054580476281,8247.03258119588,8105.67683185024,1120.44767837463,3813.30994385077,1130.66147528008,4073.7210806197,4313.79934102286,4064.47800022569,1217.25504515964,8198.38469600084,8050.23038448963,3794.09838976077,4169.85229013638,4065.06508899189,1086.6974086096,4091.04951695908,8247.01925344433,1167.00522445772,3829.91911410934,1296.06967519908,8407.45343391788,1004.14931851883,1064.78174414026,1160.27336914219,8274.67741272296,1209.37181037464,1084.60431461668,1092.99439923393,1298.41056871066,7997.76045936244,1332.95777480548,1094.48492437774,1252.79794487615,8283.08210619528,1000.92159034953,1113.88746284156,4047.81395703568,3703.50268851288,1222.93101546844,8148.94854607641,1180.48511809319,1048.08928477374,4488.59565960013,1129.69483206398,1245.7595697611
7623.76042235707,7892.28732594503,6009.05894191487,6030.04147354271,260.81897010685,97.5045699634681,5671.23887206646,5698.8830237513,209.6596630025,8205.01453872756,5904.53031967655,5562.39859429617,5409.6573464088,7920.47279771662,8192.11519506094,8707.49447587622,5124.51002458071,5652.74257905952,15.8180854254055,5696.40867658661,5946.0474341285,7949.58422396775,5624.05039604177,8168.89750649232,7878.38200133596,347.500637023631,7903.89427228304,5922.26542721395,235.176064605791,7965.61717046843,7780.15417380211,91.5207310667416,8233.43977716963,7277.98211220271,5447.93224520199,5799.22203301809,325.155057434548,5495.1123055964,7251.22456067873,8081.54361385796,7568.10517725893,1e+08,8102.25709516546,8143.52372234682,5516.36147724667,7997.71957638038,8181.85228782727,6021.96762221987,7151.80148013001,280.162698383157,5475.52449709817,323.570707056502,244.547095477683,7709.81441324275,148.466838479917,8079.37599588137,8079.41277333684,7784.37822088396,8017.91256234646,106.309103260063,222.913938549337,542.156805478631,184.375621629202,5151.92882484223,78.9326628411672,1.4882079056431,125.506603530698,6034.04160786818,7957.66306326819,7868.85560504516,7459.05844424565,6986.0086797329,7629.83649679006,4314.19930503273,7741.9500815924,7291.34492300705,3977.65634688042,4929.52800703719,7778.14110474781,4265.03694770718,4550.59129226437,4480.2557301304,7235.73113062383,6818.71340233591,362.627457664198,4618.56678491158,6877.12908520275,7506.95912655947,770.945732499506,160.963672194033,3859.12943536533,7320.99911944287,6768.45411859623,7391.47546844929,4371.72532179404,4514.12090806977,7750.87675869503,465.512342462145,333.663268608487,232.143419940963,6844.68006179526,314.828028274891,7112.80622886128,472.159623206217,4404.92682681753,7547.00399806341,488.685298449098,7222.8322237829,7450.27856669634,7425.55560789301,7358.45467126558,6832.52826892177,210.434944469015,8066.15946697144,285.731218129029,8164.52253654947,4343.86014203524,683.028730750678,6939.97246654514,596.978538207103,259.266329190019,7117.20886252479,7327.04825030519,352.987463020592,119.713918731013,8011.6107829471,727.667888078096,6725.57036196508,7225.60009820244,541.693600436297,7452.05527468738,4581.4988109519,4586.1210291234,4776.39250316127,7434.35847227057,2204.43412021372,8140.79450647923,2154.12845655097,8164.8273725694,8452.92911994351,8068.75496496021,2231.62427035038,6144.66266768929,8332.37680113999,2370.94172061855,8066.51207672668,6020.84705360554,2252.7182879382,7875.06540953067,2479.95493701911,6046.87126383117,2404.98817379769,2306.78774858151,7723.07974689723,7582.6923405541,7887.70066192429,7880.04130010712,2234.56436081904,7900.12436920547,2244.19380954945,8179.27446787393,8328.08610236023,6083.80548152825,8152.59846009172,9076.47726510229,8207.83900654084,8067.05414864859,8070.19035035914,6167.51435124772,8246.46675122446,7863.43772401118,6304.66196470459,7889.67782280483,8108.71731177919,8062.18432213471,8894.2200292219,8372.26462685225,2510.89729646219,6264.85179637528,2215.65081154575,6000.24165979666,8096.12820640194,2429.96369413108,7849.16396908315,6623.58467049319,2358.56963086201,7898.99447179815,7835.70613173877,6268.97283699325,8279.98698566665,6019.89804568313,8138.648488063,8047.6318297788,7461.16662091207,6118.99345899775,7939.11199225793,2358.96921772067,7775.89342764476,6041.55735822535,8356.8905698077,7359.18145757061,2351.91389843317,2290.51932647967,6129.51735527961,6159.52828284485,7939.95576588906,6228.26709441653,8183.99660213638,2388.2968962919,8140.27347360094,8205.76904597867,6121.11382990751,2321.13486196002,7897.33943804682,2273.6330732038,5821.73982600295,7971.49969929592,2479.60273588514,2454.94613815146,2190.48235457116,8123.09523277941,8477.62827253427,2297.03665441021,7626.68003391314,2263.08668643269,2398.8189250677,2102.94077710974,6020.49227018609,2452.15213001204,8002.09842710183,6195.45150410102,8891.49845634571,7861.90248022731,6139.72627729101,2366.75577214414,2428.78413618486,2362.35104145461,8072.62269992145,2341.7886714858,2504.15324573025,6254.85323423468,7857.93794475972,8202.95998709785,8152.59565992842,2426.48112119749,8024.35160112399,8108.53475073279,8295.994831387,8361.73578237981,8125.60311601711,8460.02142689273,8426.97012695929,6299.86307980926,6278.7615758645,6184.10830496362,7689.58276962346,8015.49670804281,7854.41265240024,7993.15002117665,8232.93436127132,6152.26612860077,8277.35768458365,6176.15053268218,6332.69031077865,7846.40506266978,6266.6973220959,2479.3917887684,6119.99237288921,7935.89809749433,8392.49405429952,2112.50102502339,2230.88573780874,5884.93627447264,8408.92005610933,2476.63985854807,6564.85943310761,2333.23246728894,2275.60538541158,8095.95228271784,8060.78958069992,8133.4611903423,8247.94442070092,8264.75188282512,5933.69629113584,6207.5944668554,2139.79261560702,7839.82266993726,7968.24549266909,8121.41102214883,8031.14808624474,8011.25660696158,7830.72485261167,6031.51284525994,7986.56172713397,8073.19046028681,5040.3005114194,2063.39250220114,2144.77652033247,5256.10259859266,2188.15139737167,7939.58255122025,8170.70649547584,2254.27532875634,7653.78034145835,7624.67976660747,2320.76217116678,5225.26035379798,2285.14569536145,8148.58613602609,8103.29525906258,7297.07687661312,7632.03662970185,4845.72648874825,7529.37413876729,6892.83589470315,4926.86642372901,2269.98831052928,7502.76912292738,5432.59422391122,4819.28218131353,8110.46354586429,2076.84680990198,7453.9040943966,5128.35722648184,2127.85706719167,5122.82718165032,5065.69318516483,5312.27063491437,7412.23240192918,2118.76063248925,7856.67735614052,2100.45899068543,2299.32498620126,7269.11624266652,2212.91194359288,2062.23590233269,2111.07843304134,2081.03045069185,8022.88080834106,5029.79818034115,5332.56169337758,7284.61448962738,5165.13512108585,2348.19673979828,2088.69636309063,2155.29964317434,2157.66407710994,5091.78460952419,7594.86603690574,5373.72035311589,7735.91507938002,7486.37169104069,1993.91870760053,4752.36204137455,7478.53474256589,7331.29274714393,5394.69965170007,6992.47852921304,8126.2485997955,7885.56640610626,7849.07812251393,7436.26384117285,8151.95684681422,2161.80430525215,5072.99480896272,7301.17665137882,5375.63008310425,2145.24119544373,7773.24152885114,5166.8110848364,2123.18536588146,5492.36543981085,5154.09210677299,2231.0484578069,5178.3007625043,7415.32203436233,4662.53963637818,7562.81547937512,2604.3340937894,7435.70824523406,5429.21040508724,7999.27258800675,7469.66703954651,7521.65244385753,2178.90644937993,2182.65247907746,8060.64672108321,5219.352801061,7573.61321892046,2268.31643089316,2399.11816050094,7125.51601832135,5009.10281785972,8032.36749954587,2050.41244689636,4936.50681809849,7326.41158073862,5056.16354052998,6966.80626331344,4710.11011044072,7734.92281261324,2083.70175074361,7422.05897394133,7556.41254135576,5326.62667201521,7514.53381244945,2244.35004907618,2193.28121402528,7667.47835035084,5278.08574440233,8065.18064949175,5179.28633887379,4724.95124388903,5117.06096874553,7095.59541414799,2221.47709405788,2162.50203457451,5239.88528374085,5116.58781614035,5138.37441193421,7531.55225401502,5002.52626685025,2069.49310602092,7889.39819990293,5315.98786012994,8178.48762895804,2152.20704081892,7517.59569588478,7588.12459537721,8008.27513048577,2131.29857985225,8055.76367613744,7466.725511507,7804.28473216145,8021.36073578434,2165.70296664645,8070.08548370171,7425.50491001255,8114.18368307094,2210.91957003091,7656.2101146655,7589.01295721823,4951.17040114838,5326.35258723118,7982.63983096021,2102.12186999579,7015.78155715704,7649.6397880551,4638.10078785629,7402.46880992459,8129.31582244084
478.496672808378,209.969769220433,2093.19815325058,2072.21562162275,7841.43812505862,8004.75252520199,2431.018223099,2403.37407141414,7892.59743216296,102.757443562106,2197.7267754889,2539.8585008693,2692.59974875666,181.784297448849,89.8580998954946,605.237380710774,2977.74707058475,2449.51451610594,8118.07518059084,2405.84841857884,2156.20966103695,152.672871197691,2478.20669912368,66.6404113268613,223.875093829508,7754.75645814183,198.362822882418,2179.99166795151,7867.08103055967,136.639924697014,322.102921363341,8010.73636409871,131.182682004169,824.274982962735,2654.32484996347,2303.03506214737,7777.10203773091,2607.14478956905,851.032534486724,20.713481307479,534.151917906527,8102.25709516546,1e+08,41.2666271813601,2585.89561791877,104.537518785057,79.5951926618282,2080.28947294557,950.455615035446,7822.09439678231,2626.73259806728,7778.68638810896,7857.70999968775,392.442681922711,7953.79025668553,22.8810992840973,22.844321828603,317.878874281501,84.3445328190088,7995.94799190538,7879.34315661611,7560.10028968683,7917.88147353625,2950.32827032324,8023.32443232427,8100.76888725979,7976.75049163474,2068.21548729728,144.594031897259,233.401490120307,643.198650919789,1116.24841543255,472.420598375387,3788.05779013271,360.307013573041,810.91217215839,4124.60074828502,3172.72908812826,324.115990417631,3837.22014745827,3551.6658029011,3622.00136503503,866.52596454162,1283.54369282954,8464.88455282965,3483.69031025387,1225.1280099627,595.297968605975,8873.20282766495,8263.22076735949,4243.12765980013,781.257975722578,1333.80297656923,710.781626716171,3730.53177337141,3588.13618709568,351.380336470422,8567.7694376276,8435.92036377394,8334.40051510642,1257.5770333702,8417.08512344034,989.450866304171,8574.41671837166,3697.33026834791,555.253097102024,8590.94239361456,879.424871382561,651.978528469128,676.701487272456,743.802423899872,1269.72882624367,8312.69203963445,36.0976281939985,8387.98831329447,62.2654413840102,3758.39695313021,8785.28582591613,1162.28462862031,8699.23563337255,8361.52342435548,985.048232640663,775.20884486026,8455.24455818606,8221.97101389645,90.6463122183625,8829.92498324355,1376.68673320038,876.65699696301,8643.95069560176,650.201820478077,3520.75828421355,3516.13606604205,3325.86459200418,667.898622894874,8187.96144665596,1127.61238558454,8134.84943447004,1069.1847856861,1130.91211900625,1149.79753923128,8287.22898451681,3623.75423006661,1080.02178338164,8182.32131936083,1122.76924457864,3711.18596764765,8151.49966709435,1204.60579204675,8522.14370463024,3719.85816082648,8095.18544032465,8375.23071782613,1333.61506767659,1426.88903537449,1190.59398945345,1272.79074666169,8204.20715037582,1251.66488178106,8248.75637139346,1078.41070029524,1313.41131548907,3832.91523958462,1201.10287171228,1441.97079736916,1047.30392906671,1091.00736095961,1105.993648057,3498.66338306123,1255.22308471212,1287.51824652898,3569.55434927097,1178.34603622088,1165.45615055077,1120.52846118202,1241.73435216907,1209.0714882791,8438.48238741769,3506.1728627683,8149.47233773938,3688.73761515994,1105.46919194359,8598.54750710441,1188.23243397355,3052.57034009514,8219.41899123715,1190.1091130396,1223.76367001039,3334.90495764949,1098.8210292134,3756.36466851655,1034.04341408603,1123.10424155854,1325.33831422997,3679.72223069801,1089.0497969484,8333.83881529649,1308.13896578196,3604.14846509651,1154.15060030609,1479.39615001153,8247.69007014807,8199.42429009761,3690.6655761754,3736.66476865112,1122.90036269043,3413.63271221831,1078.04729654093,8361.13152754646,1035.04056151049,1042.2902813695,3691.40157319496,8401.77248580493,1135.00257593769,8130.90534567661,4014.1883826876,1240.4905588929,8504.24900491916,8157.22287327171,8280.26667153112,1053.64738774815,1180.88374542642,8205.66790074261,1297.14281084037,8199.38921673274,8489.6398464356,7841.34145912187,3797.09995615358,8451.33771148238,1222.63491313688,3493.34068959828,1404.83939455326,1265.62234402226,3559.59590684199,8441.95876375044,8261.76843671124,8120.76984266753,1119.14519066902,8324.49158252254,8477.92192909818,3694.95800828641,1276.79960930232,1066.37797533614,1054.10962251218,8445.66218329942,1036.12598486492,1199.77994251529,1225.03338087296,1187.08025731218,1075.54020687685,1166.0830515937,1129.18622343633,3473.01672993335,3541.14800511072,3570.20347195121,1345.85703053701,1173.5162138721,1251.83644968236,1167.91491998897,1125.27238914684,3708.02502548534,1221.98237471046,3521.11184828767,3320.03680326041,1254.70099402802,3337.16419510529,8379.56272903657,3637.60407151675,1252.46210023525,1135.12614779219,7871.30336208107,8008.2759232737,3917.60925465104,1189.73290363133,8547.920249637,3151.55171396708,8406.70323884311,8111.88692509893,1164.70789015319,1086.4213270675,1042.82402083544,1201.1544813139,1159.57100021077,3750.24536808594,3416.77411831054,8042.86529644581,1235.53107191826,1270.88569393275,1233.15970666005,1085.94414919153,1211.75967913329,1297.17395544706,3955.1161338038,1161.79832706155,1075.84509221924,4588.51561856644,8784.41879883853,8646.92725571173,4400.61406834246,8541.98905320036,1060.14900665026,1154.35369864179,8842.27131562036,1253.01911409773,1211.96771465282,8783.13146688814,4320.72183543296,8792.75339353425,1141.61083008847,1092.14089326458,1442.68961101729,1214.81085454612,4838.92877806666,1301.27637824211,1668.42590210784,4747.51111310724,8819.42445764527,1292.17912660275,4156.62150921551,4761.4443135984,1004.25296923024,8683.58363779939,1330.06504556719,4341.7990789785,8746.93391935783,4300.85018585934,4520.52364956083,4195.47007416469,1316.67032416276,8641.22748581323,1107.10888339314,8615.32421325924,8722.64164964221,1393.87402486615,8725.3196264514,8908.39055593596,8806.01531985218,8827.89204882063,1146.61902141801,4437.00918491838,4208.47400869749,1362.79309975527,4395.49263938562,8771.95144377812,8629.65416843861,8699.84139237271,8762.95106918543,4359.43298441579,1221.57929573655,4201.02132121431,1154.16665697941,1230.67485578546,8595.06534100699,4799.23599366344,1223.03899806213,1394.34480474692,4069.22879925039,1580.17842600703,1161.60559323104,1087.67804979342,1184.49031814364,1324.11014364038,1127.34217461577,8501.17161027227,4474.28019402482,1379.54615676136,4116.66647517915,8668.10917274349,1201.13878380229,4329.44394759615,8709.35874174694,4006.60957821956,4490.07440678493,8729.87726588387,4337.97638996311,1325.37756335465,5046.48948374952,1321.92382694958,9081.75059893055,1286.51746761037,4078.44818248835,1096.32469419132,1252.06710167285,1269.46336070323,8724.97350874623,8774.15745981632,1200.15027890564,4401.55283535057,1153.7429349006,9048.9560765406,9273.23657210995,1489.69533765517,4569.9520270604,1141.41667804529,8606.73418827327,4533.78635714547,1380.82824215735,4593.33370135819,1584.50703040539,4602.08852147269,1177.42536369776,8722.31783983389,1330.70486421655,1308.89241526162,4190.19070137618,1168.05797145971,8762.77458865056,8621.34075224023,1233.88373835279,4234.2973292176,1051.4158503301,4494.55523501585,4761.76510665463,4490.62527673467,1536.43492864292,8714.17966495847,8566.09403354286,4219.14288979461,4592.9276714041,4489.47634590735,1260.37010440605,4525.43031679572,8765.79839670256,1180.1767423495,4246.98024181497,1185.45535116075,8926.09134026308,1191.04148100526,1215.60000728481,1114.74612820979,8792.6167047454,1146.02548994018,1285.41466216409,1143.68842531523,1261.53135690782,8513.25565657012,1278.06339870647,1310.97960290223,1166.69224322836,8799.69839925853,1123.92218816414,1261.45464765751,4487.63567878689,4124.25648430441,1196.43510604412,8666.49649105731,1531.58000051419,1172.07818268579,4937.51177175127,1351.52372363889,1151.08448279565
519.763299989737,251.236396401793,2134.46478043194,2113.48224880412,7882.70475223997,8046.01915238334,2472.28485028037,2444.64069859551,7933.86405934432,61.4908163807459,2238.99340267026,2581.12512805066,2733.86637593802,223.050924630209,48.5914727141345,563.970753529414,3019.01369776611,2490.7811432873,8159.3418077722,2447.1150457602,2197.47628821831,193.939498379051,2519.47332630504,25.3737841455013,265.141721010868,7796.02308532319,239.629450063778,2221.25829513286,7908.34765774102,177.906551878374,363.369548544701,8052.00299128007,89.9160548228087,865.541610144097,2695.59147714482,2344.30168932873,7818.36866491228,2648.41141675041,892.299161668082,61.980108488839,575.418545087887,8143.52372234682,41.2666271813601,1e+08,2627.16224510013,145.804145966417,38.328565480468,2121.55610012693,991.722242216806,7863.36102396365,2667.99922524864,7819.95301529032,7898.97662686912,433.70930910407,7995.05688386689,64.1477264654575,64.1109490099632,359.145501462862,125.611160000369,8037.21461908675,7920.60978379747,7601.36691686819,7959.1481007176,2991.5948975046,8064.59105950563,8142.03551444117,8018.01711881613,2109.48211447864,185.860659078619,274.668117301667,684.465278101148,1157.51504261391,513.687225556748,3829.32441731407,401.5736407544,852.17879933975,4165.86737546639,3213.99571530962,365.382617598992,3878.48677463964,3592.93243008245,3663.2679922164,907.792591722979,1324.8103200109,8506.151180011,3524.95693743523,1266.39463714406,636.564595787335,8914.46945484632,8304.48739454084,4284.39428698148,822.524602903937,1375.06960375059,752.04825389753,3771.79840055277,3629.40281427703,392.646963651782,8609.03606480896,8477.18699095531,8375.66714228779,1298.84366055156,8458.35175062171,1030.71749348553,8615.68334555302,3738.59689552928,596.519724283385,8632.20902079592,920.691498563923,693.245155650489,717.968114453815,785.069051081231,1310.99545342503,8353.95866681583,77.3642553753587,8429.25494047584,20.9988142026502,3799.66358031157,8826.55245309749,1203.55125580167,8740.50226055391,8402.79005153683,1026.31485982202,816.47547204162,8496.51118536742,8263.23764107782,131.912939399723,8871.19161042492,1417.95336038174,917.923624144371,8685.2173227831,691.468447659438,3562.02491139492,3557.40269322341,3367.13121918554,709.165250076234,8227.72638207494,1129.82322993002,8174.67096113001,1070.27908704072,1121.43246667938,1154.65581840237,8326.98315134318,3652.70151197104,1074.62957582376,8221.8489698176,1127.68698309067,3740.91874361147,8191.18948055145,1216.00027930925,8561.63361933238,3749.35263471696,8134.64156827114,8414.90966371534,1349.01927114041,1445.54197139737,1201.62817814691,1283.75968023199,8243.93467109406,1262.07046721664,8288.4823142864,1078.98523370396,1310.20614148071,3861.81392616722,1203.13383782985,1416.45098392913,1046.59645560299,1095.88391273971,1110.7638657991,3527.79084955985,1254.31444397968,1298.94929706543,3597.2518715843,1189.36493701619,1168.92071851846,1125.60254873183,1217.74489362663,1203.47265582982,8477.8893804397,3534.40452994326,8189.21320678207,3718.7057526624,1109.27677042836,8638.14613593745,1200.56349511999,3078.67693864278,8258.97475140186,1200.76724274898,1236.35169148396,3363.64797839139,1095.6416742128,3785.97725892063,1036.04265453987,1128.70885648375,1348.32819673693,3708.72950778886,1098.68213977193,8373.42951635903,1322.13445484411,3634.03322432508,1148.56653218059,1503.32271039712,8287.26358219856,8239.07236156071,3719.55448105069,3765.18239024496,1132.38303015306,3442.48775290498,1078.43772508329,8400.68952584814,1036.97798475176,1041.63685493697,3720.35895166986,8441.44097697094,1145.94663185811,8170.56117862931,4044.65226396551,1248.62406480899,8543.73133521792,8196.61819428518,8320.07448580754,1056.31816345625,1171.15051594215,8245.30835025684,1315.65616080887,8239.07588997533,8529.23334559143,7881.20123425284,3826.59732222638,8490.83760746207,1229.78369257617,3522.2355548063,1384.56393056682,1277.18604458985,3588.77669517771,8481.57832623716,8301.23340002791,8160.29517244625,1123.83692619977,8364.10370858587,8517.35604024184,3722.77363753241,1288.44234342413,1065.97080434798,1055.62391148966,8485.19730546257,1042.65370168951,1203.32376557636,1222.2406396118,1181.64338810667,1078.17060265826,1156.80541432352,1120.67925505502,3501.02746516428,3569.15440335965,3598.96476840612,1362.14961673873,1180.24556944207,1263.69361213543,1175.42324896771,1124.06313242996,3736.67684810196,1219.81207214377,3550.09170535547,3348.22153938957,1266.7985444703,3365.9209096608,8418.9933301336,3666.72200836318,1261.72223036132,1128.00431926482,7911.15074856235,8047.97067769764,3947.84702319237,1182.61901152205,8587.42698655016,3177.95792999533,8446.35658413311,8151.53596937066,1168.62172913684,1091.53081384115,1045.05661547578,1199.87134108095,1157.415443048,3780.56911202369,3445.80871098687,8082.69054874421,1247.92778228367,1279.08117483615,1236.34472287229,1092.16621738117,1218.6104958803,1309.56797903096,3984.14171639837,1169.54415846272,1080.47923394701,4622.59397125785,8824.59112270117,8686.93241333484,4433.89035992649,8581.89236256053,1069.87592089796,1155.57304832532,8882.23806258168,1271.12010757273,1231.38307962439,8822.9774507102,4354.39024589869,8832.6520270088,1143.58273818331,1095.65689557329,1468.60790520227,1233.96411196607,4873.49486218807,1322.59515113058,1700.55675184018,4781.84901583013,8859.35784808035,1314.37490326994,4189.41995568791,4796.30956107666,1007.31621326842,8723.68986032907,1353.20210435516,4375.99547891504,8787.00885668516,4335.19500311103,4554.62095532036,4228.9412093265,1341.14813665671,8681.26254124963,1119.64148570364,8655.37028451966,8762.4837344563,1421.16493775698,8765.27639868984,8948.63190527642,8846.14162582341,8868.06632060317,1153.10600173079,4471.52367771535,4241.7784701136,1390.12402865786,4429.32658444189,8811.75424299989,8669.72111070483,8739.85861377214,8802.99727000219,4393.79771441052,1241.82314100731,4234.08168056404,1170.52985923397,1254.14378173511,8635.23118430325,4834.35644375858,1246.85296531473,1420.00192266036,4102.53440307825,1611.42954245563,1164.43973243125,1099.28022760613,1196.8439094171,1347.81597448073,1129.14207843842,8541.09236972262,4508.45047191082,1406.19735273088,4149.95569270673,8708.12369492786,1215.89015219712,4363.44360262595,8749.42065133935,4039.44235831732,4523.73821515526,8769.81296975728,4371.88353144786,1349.65444000896,5081.54487283031,1342.06021475533,9121.39159864627,1310.72867357958,4111.49427099133,1103.72011332461,1275.74724316666,1291.37536680897,8764.97349570315,8814.17819115201,1205.33195850025,4435.04788448256,1175.50530747982,9089.03226869471,9313.30436621631,1519.19470292321,4604.24715561748,1147.56870084519,8646.83765426796,4568.57193576826,1406.79352169239,4627.31277508157,1616.26076286378,4637.9037448567,1193.61817939656,8762.43442743628,1354.72499573837,1329.3460123469,4223.58489196087,1191.5363066618,8802.71030389856,8661.27231380736,1251.73767727424,4267.87528161885,1056.3435514462,4528.06195730176,4797.10761399434,4524.50185713792,1565.97580185585,8754.11971929204,8606.04062768098,4253.00437422744,4626.56934606689,4523.2326625756,1282.09583687222,4559.87091699395,8805.95386877752,1191.19737203108,4280.28380640509,1186.52589766756,8966.23521356163,1214.09261900892,1236.12265262788,1121.78547801013,8832.71116327125,1151.34396009723,1308.74161427266,1157.81199706273,1268.03520460737,8553.17620816245,1283.01147769867,1335.15763551682,1169.96641443756,8839.69702743225,1143.30142988256,1281.44196244473,4522.46014764437,4157.84625802219,1204.26332592754,8706.56381667359,1563.02455917009,1191.12538248637,4972.89460522858,1375.82132321748,1153.78071949288
2107.39894511039,2375.92584869834,492.697464668186,513.679996296019,5255.54250713983,5418.85690728322,154.877394819767,182.521546504624,5306.70181424417,2688.65306148088,388.168842429876,46.0371170494752,106.704130837888,2404.11132046993,2675.75371781427,3191.13299862955,391.851452665977,136.381101812831,5532.17956267209,180.047199339932,429.685956881823,2433.22274672108,107.688918795097,2652.53602924563,2362.02052408926,5168.86084022304,2387.53279503635,405.903949967269,5281.18541264088,2449.25569322176,2263.79269655543,5424.84074617995,2717.07829992294,1761.62063495603,68.4292320446918,282.860555771403,5191.20641981214,21.2491716502808,1734.86308343205,2565.18213661129,2051.74370001224,5516.36147724667,2585.89561791877,2627.16224510013,1e+08,2481.35809913371,2665.4908105806,505.606144973201,1635.44000288333,5236.19877886351,40.8369801485036,5192.79077019017,5271.814381769,2193.45293599606,5367.89463876676,2563.01451863467,2563.05129609017,2268.01674363727,2501.55108509976,5410.05237398661,5293.44753869735,4974.20467176805,5331.98585561748,364.432652404463,5437.4288144055,5514.87326934104,5390.85487371599,517.680130621492,2441.30158602152,2352.49412779846,1942.69696699898,1469.64720248623,2113.47501954338,1202.16217221394,2225.58860434573,1774.98344576039,1538.70513036626,586.83347020949,2261.77962750114,1251.32452953951,965.770184982319,1036.10574711627,1719.36965337715,1302.35192508923,5878.98893491088,897.794692335096,1360.76760795607,1990.59764931279,6287.30720974619,5677.32514944071,1657.23204188135,1804.63764219619,1252.09264134954,1875.1139912026,1144.63615545264,1002.2405691769,2234.51528144835,5981.87381970883,5850.02474585516,5748.50489718764,1328.31858454857,5831.18950552156,1596.4447516146,5988.52110045289,1111.43465042915,2030.64252081675,6005.04677569578,1706.47074653621,1933.91708944965,1909.19413064632,1842.0931940189,1316.1667916751,5726.7964217157,2549.79798972478,5802.09269537572,2648.16105930278,1172.50133521144,6199.39020799736,1423.61098929846,6113.34001545379,5775.62780643669,1600.84738527811,1810.68677305851,5869.34894026728,5636.07539597769,2495.24930570041,6244.02936532478,1209.2088847184,1709.23862095576,6058.05507768298,1935.69379744069,934.862666294781,930.24044812328,739.96897408541,1917.9969950239,5738.61937590089,2784.30161799603,5680.80328178424,2791.05990706471,3067.65018110715,2722.87451387602,5838.12754522201,2593.49233464033,2947.55068356988,5754.30578624245,2713.05651134565,2584.974044632,5709.18693393272,2552.70357198992,6094.72287660922,2612.69955305172,5674.35060893836,5932.19536270623,2445.93855401597,2339.2595643179,2560.66616385495,2579.98542933612,5758.10289851462,2592.52002914436,5802.4605586274,2806.93182788301,3007.58378568316,2747.82842084679,2816.06751274904,3666.59181761008,2825.46291510818,2704.73552724468,2711.85607744988,2491.86727816174,2917.54023766453,2568.76822225154,2663.92235862714,2558.75217879548,2764.97028308675,2708.3160249947,3468.81742788456,3016.92541135729,6019.04092159809,2575.15828281041,5702.58300464448,2547.53544462995,2736.27533637072,6160.9990565281,2521.83156288195,2466.07325877259,5788.57752231426,2571.60037155745,2520.04251788961,2418.72103190942,2904.85353761539,2628.33457052039,2757.44003417729,2695.1971593922,2167.5694907444,2627.5528776634,2580.52278956513,5898.96273675931,2489.58680043633,2495.73865670612,2988.54254020979,2123.71169324564,5815.03095826327,5760.48119243789,2645.76807177873,2711.16329935432,2591.20679492982,2459.58996375688,2811.2264031393,5928.94789031326,2759.2250578417,2822.27998337331,2640.25208135706,5959.47198253484,2552.94908146184,5691.81216736101,2742.8555071352,2657.77255920663,6077.63513642082,5741.27238431322,5826.41688994264,2747.83881197977,3102.0305648995,5767.35837258668,2333.45828233731,5756.98563881502,6053.33291361159,5386.03869081522,2668.3171242416,6023.58937447114,2681.38139703042,2508.84368326125,3508.7240522755,2559.84445801778,2528.45160952546,6003.70023994492,5838.67441729878,5693.49154706566,2717.83356233488,5887.78160217402,6055.76588434616,2741.72774695345,2559.7384410514,2825.79818092942,2775.70201321301,6014.84542292987,2648.92536389295,2774.777322899,2953.3966342021,3001.62125327365,2755.96815848017,3082.81765554592,3044.33437944889,2571.82634294823,2618.19426491747,2572.765993394,2416.64531286275,2679.21027248885,2547.86300718577,2656.13684763893,2868.84131370515,2678.93735515947,2935.79414346941,2520.06244577845,2457.46018032274,2540.93843258784,2418.96058418213,5958.52491042642,2588.0698601815,2627.41818336175,3015.30421577527,5416.89972233043,5566.66761192158,2690.31944435244,3044.10505980214,6118.82165005165,2500.4863449622,5965.710702314,5673.55874065311,2752.79037914212,2697.50807167626,2754.80524970639,2903.3420873951,2907.08388660484,2558.90631122093,2445.84179223378,5589.16115465885,2528.02540027639,2664.42696784743,2796.67283826239,2669.0090706027,2686.74275089207,2540.02090636731,2827.77691306618,2647.97288906075,2706.44332159965,2859.74203555021,6295.3961363336,6173.29465272992,2781.59952880503,6077.94893770013,2572.77924109967,2819.50391471663,6370.97639050257,2345.33199069981,2299.95340838867,6322.71586206177,2675.76786734875,6327.67881843688,2795.43746001076,2739.40055824815,2036.32528952245,2308.74554759986,3028.44976755602,2231.96223151397,1671.53750736046,2971.18042912992,6351.16519127858,2199.53433783425,2630.17927359111,2929.75618545035,2723.22708787996,6200.85174690485,2161.5576619811,2638.90760065278,6266.6435827712,2589.36006601179,2799.70570834386,2593.47791388661,2109.61536913509,6164.9879815966,2504.10047219913,6138.24848728377,6262.92004509532,1980.49463159411,6255.52039320353,6412.78843898168,6320.93283348878,6338.50451976587,2678.33476478081,2685.77165530828,2620.96728378838,1983.9387212441,2721.04128358512,6315.37731436805,6150.65992499268,6224.86521222405,6285.10449866436,2636.09668773227,2271.75980367204,2639.59041049139,2396.24613684898,2157.28159510126,6107.49442839897,2936.84143538124,2145.6180792949,2052.55561967691,2509.47214329383,1743.68269997848,2780.25152341932,2527.17817454143,2520.54738474483,2139.56506214829,2794.63133456407,6035.83062541749,2752.95875498189,2011.06739784103,2548.78104085735,6193.53798514245,2449.91438293866,2649.00785253305,6230.40150843119,2508.48652244351,2817.78009318407,6261.90249928973,2665.61991012945,2116.78078519335,3164.26489795739,2275.87591885427,6637.36642856718,2123.27183946867,2543.18923168766,2641.20243910526,2147.15802149377,2211.08158291694,6251.3805136761,6298.48855011252,2729.9940364114,2760.44481033306,2224.47713766005,6567.1346095187,6791.16328518991,1857.62194387087,2821.75655217705,2685.88610887292,6124.62826052305,2740.02047391934,2040.73784769722,2873.91034284951,1713.29526700003,2689.89407929789,2402.91865559618,6238.48470662872,2126.56933959132,2263.92863741289,2597.06214244799,2164.81660280072,6294.61841189186,6154.34017194421,2352.69295488995,2614.08225910313,2692.24773610196,2837.31992328848,2880.66113297043,2796.75894399037,1846.9582764885,6245.9095773055,6098.08336317798,2572.54165455945,2907.40455409975,2807.95245430268,2218.28344705295,2768.68097580418,6278.34098224207,2559.05143463722,2652.3227993038,2835.44533505148,6438.92882668205,2176.70305972821,2262.36679679935,2655.12243186928,6310.39054648003,2709.4820537816,2157.28468798153,2462.66123689059,2711.84445231237,6047.86072577861,2762.77418812507,2122.06247835899,2770.43793932845,6325.83538970709,2302.94034694273,2280.33764695382,2696.39040568596,2523.99634054896,2654.69095208152,6187.27953907351,1744.03325612776,2312.29680554029,3033.02641628271,2113.67640838533,2780.13403198748
373.959154023321,105.432250435376,1988.66063446553,1967.67810283769,7736.90060627355,7900.21500641693,2326.48070431395,2298.8365526291,7788.05991337788,207.294962347163,2093.18925670384,2435.32098208424,2588.0622299716,77.2467786637916,194.395618680552,709.774899495831,2873.2095517997,2344.97699732088,8013.53766180581,2301.31089979379,2051.67214225189,48.1353524126341,2373.66918033861,171.177930111919,119.337575044451,7650.21893935678,93.8253040973616,2075.45414916645,7762.5435117746,32.1024059119568,217.565402578284,7906.19884531366,235.720200789226,719.737464177679,2549.78733117841,2198.49754336231,7672.56451894585,2502.607270784,746.495015701668,83.824037477578,429.61439912147,7997.71957638038,104.537518785057,145.804145966417,2481.35809913371,1e+08,184.132711446885,1975.75195416051,845.918096250389,7717.55687799723,2522.19507928222,7674.1488693239,7753.17248090273,287.905163137653,7849.25273790047,81.6564195009595,81.6931969564538,213.341355496445,20.1929859660481,7891.41047312033,7774.80563783105,7455.56277090176,7813.3439547512,2845.79075153818,7918.78691353924,7996.23136847476,7872.21297284971,1963.67796851223,40.0565131122021,128.86397133525,538.661132134732,1011.71089664749,367.88307959033,3683.52027134766,255.769494787983,706.374653373333,4020.06322949998,3068.19156934321,219.578471632575,3732.68262867323,3447.12828411604,3517.46384624998,761.988445756564,1179.00617404448,8360.34703404461,3379.15279146882,1120.59049117764,490.760449820918,8768.6653088799,8158.68324857442,4138.59014101507,676.720456937519,1229.26545778417,606.244107931114,3625.99425458635,3483.59866831062,246.842817685365,8463.23191884254,8331.38284498888,8229.86299632136,1153.03951458514,8312.54760465529,884.913347519114,8469.8791995866,3592.79274956286,450.715578316968,8486.40487482949,774.887352597504,547.441009684072,572.163968487398,639.264905114814,1165.19130745861,8208.15452084942,68.4398905910584,8283.45079450944,166.802960169067,3653.85943434515,8680.74830713106,1057.74710983525,8594.69811458751,8256.98590557041,880.510713855605,670.671326075203,8350.707039401,8117.43349511142,13.8912065666945,8725.38746445849,1272.14921441532,772.119478177955,8539.41317681669,545.664301693021,3416.2207654285,3411.598547257,3221.32707321912,563.361104109816,8087.2953822002,1128.76427756497,8034.03794938684,1073.53029049842,1161.15983676572,1144.078340915,8186.58985068126,3551.51447424151,1100.50936211702,8082.26681031324,1117.05739398891,3636.87405365345,8051.02752438699,1181.71354251387,8422.18323318782,3646.16467817539,7995.31612172552,8274.78465281045,1299.64944801713,1384.02534102966,1168.71234467651,1250.67984823131,8103.63737236443,1231.11566544344,8148.19028279377,1084.00725264824,1327.25036464745,3760.74126665846,1202.29804309831,1509.73877527589,1056.33336827335,1085.59824552376,1100.76183264394,3425.99345927473,1263.56773488844,1264.13919299124,3500.58690827262,1156.56850720747,1163.20348154403,1114.4302318584,1306.37294862587,1229.35478378107,8338.7362490626,3435.83594654006,8048.86862410906,3613.81850414882,1102.6975727872,8498.30642795278,1162.97839852892,2987.96669638768,8119.2916940049,1169.20890451537,1197.6605318658,3263.29512227319,1113.69829189881,3682.35343136041,1036.34154344966,1115.63188410126,1271.24089022802,3607.30931266718,1071.3957820431,8233.6204435899,1277.97366611004,3529.4707283672,1174.68256070672,1422.34614375986,8147.51676784955,8099.05929824195,3618.55767565136,3665.50967865879,1105.4281919941,3341.70223457097,1084.11029087462,8260.99715730696,1037.48814964425,1051.21858090481,3619.11514900233,8301.35312968229,1113.65903757845,8030.52096686349,3937.89733208751,1225.87649317432,8404.30822755133,8057.50962374938,8179.48935963953,1054.10601774426,1211.49543517657,8105.3224947293,1255.10371214213,8098.92474697317,8389.4129005606,7740.43379603772,3723.3777308532,8351.35217939019,1210.64701610517,3421.27919469722,1460.16634348655,1241.99612396947,3486.76745020664,8341.66509915263,8161.87468443852,8020.72191172705,1114.03305853458,8224.21809735426,8378.10557412985,3625.64199705855,1252.91697847259,1074.5247370323,1057.49520054347,8345.58597535039,1026.85151712523,1197.13848647005,1238.24971367743,1207.07310768129,1075.95434642244,1195.65251565766,1157.0601611325,3403.26712653645,3471.38599275504,3498.46512790755,1309.50613272891,1162.86622111226,1227.50884772465,1155.29059412369,1135.06404122734,3636.52919025676,1233.65617828924,3448.81959398098,3249.88997038325,1229.73300854059,3265.51777193898,8279.75635374185,3564.91546650361,1234.87880877106,1159.5615115741,7770.42739619696,7907.79232729475,3841.92899412821,1213.86106993451,8447.91622758675,3086.1175571772,8306.32285614921,8011.52021654096,1161.31494069678,1080.44576921112,1044.46905390769,1210.70994673693,1171.53694894318,3674.38287214747,3344.37395041687,7942.04496235977,1209.87166400585,1255.96682407416,1231.25953140987,1077.11911481955,1200.5937400081,1271.24304986175,3882.57981174899,1148.59564980291,1071.15400809171,4502.72591703345,8682.69932664511,8545.63900835843,4316.93534753707,8440.96379078926,1042.43617916432,1157.85982370425,8741.08074322876,1212.25304736786,1167.87644185337,8682.25214872888,4236.03384914221,8691.73847554332,1143.28566337235,1090.19604990384,1380.37997503165,1171.4069336498,4751.84378533463,1251.7426103088,1588.92105074835,4661.02857718486,8718.31989395417,1240.32682865194,4074.22475471366,4673.58959591259,1004.06996837613,8582.03492090182,1275.55683911165,4255.73310827464,8645.46539204381,4214.40294081124,4434.69289108062,4111.31450104108,1258.59344613446,8539.86228293964,1081.77517156986,8513.93080098108,8621.77278645917,1327.97292153597,8624.15546889991,8806.49276053172,8704.41420640949,8726.1673330361,1136.74354848712,4350.10275286519,4124.75066809425,1296.86081792711,4310.36333932162,8671.18337280648,8528.20692052955,8598.52175215187,8661.55643421174,4272.92624951086,1175.23163960801,4117.93501987048,1118.47227874033,1175.61693618022,8493.36358382074,4710.71414359774,1167.07649378919,1332.86176867651,3985.5249882604,1503.17630269282,1160.97791026722,1064.89853718449,1159.19667173624,1268.09101784189,1129.53699230207,8400.10168621052,4388.26526973527,1315.41423665238,4032.99753673278,8566.7966788252,1169.46811222503,4243.89209157903,8607.92397818462,3924.14963299363,4405.37526637715,8628.76732264717,4252.66431325815,1267.81570602466,4958.11431062333,1275.47440271356,8981.39669140814,1229.25749035493,3995.41942047498,1084.41397920386,1196.36027380697,1218.45486813435,8623.69808853334,8672.8283303227,1193.3262375445,4317.30475717669,1103.61036253094,8947.48262646913,9171.78354010673,1417.59816592593,4483.60068496494,1132.43166924183,8505.19301549585,4446.16291838355,1318.54865434712,4507.80159789289,1506.13318898887,4511.77743603007,1142.06492818885,8620.74221316026,1273.81848900143,1261.64376821258,4106.23643850404,1113.22172092403,8661.6644032441,8520.24219010742,1193.85569918864,4149.85754810767,1046.13871838431,4410.26409523349,4672.66938128412,4405.37253749833,1464.14131194326,8613.05862271524,8464.95712762582,4133.96654246316,4508.27286835242,4404.53663383983,1209.89561421228,4438.70569927608,8664.12241151602,1158.38501274231,4163.25327825314,1189.16514498044,8824.44436067247,1137.26745607771,1168.53079256424,1103.63878988123,8691.09765659815,1139.15068365398,1230.54381655818,1113.96670260663,1251.01039844725,8412.18618426097,1271.45037380922,1253.72966209927,1164.91719687072,8698.42601815517,1080.3428782284,1215.63034051472,4399.91618414087,4039.80278736882,1182.83204015537,8565.0480357445,1454.12356914781,1129.15138549512,4848.2955109811,1293.82649364803,1150.86701200963
558.091865470206,289.564961882261,2172.79334591241,2151.81081428458,7921.03331772043,8084.34771786381,2510.61341576084,2482.96926407597,7972.19262482477,23.1622509002779,2277.32196815073,2619.45369353112,2772.19494141849,261.379490110676,10.2629072336665,525.642188048947,3057.34226324658,2529.10970876777,8197.67037325269,2485.44361124066,2235.80485369878,232.268063859519,2557.80189178551,12.9547813349668,303.470286491335,7834.35165080364,277.958015544246,2259.58686061333,7946.67622322149,216.235117358842,401.698114025169,8090.33155676055,51.5874893423407,903.870175624565,2733.92004262529,2382.6302548092,7856.69723039273,2686.73998223089,930.627727148551,100.308673969307,613.747110568354,8181.85228782727,79.5951926618282,38.328565480468,2665.4908105806,184.132711446885,1e+08,2159.8846656074,1030.05080769727,7901.68958944411,2706.32779072911,7858.28158077078,7937.3051923496,472.037874584537,8033.38544934738,102.476291945925,102.439514490431,397.474066943329,163.939725480837,8075.54318456723,7958.93834927793,7639.69548234866,7997.47666619809,3029.92346298506,8102.91962498612,8180.36407992163,8056.34568429659,2147.81067995911,224.189224559087,312.996682782135,722.793843581618,1195.84360809437,552.015791037215,3867.65298279454,439.902206234868,890.507364820217,4204.19594094686,3252.32428079009,403.71118307946,3916.8153401201,3631.26099556292,3701.59655769686,946.12115720345,1363.13888549137,8544.47974549147,3563.2855029157,1304.72320262453,674.893161267803,8952.79802032679,8342.81596002131,4322.72285246196,860.853168384405,1413.39816923106,790.376819377999,3810.12696603324,3667.73137975751,430.97552913225,8647.36463028942,8515.51555643576,8413.99570776825,1337.17222603203,8496.68031610216,1069.046058966,8654.01191103349,3776.92546100975,634.848289763851,8670.53758627637,959.02006404439,731.573721130958,756.296679934283,823.397616561699,1349.3240189055,8392.28723229629,115.692820855827,8467.58350595631,17.3297512778179,3837.99214579204,8864.88101857796,1241.87982128213,8778.8308260344,8441.11861701729,1064.64342530249,854.804037522088,8534.83975084786,8301.56620655828,170.241504880191,8909.52017590537,1456.2819258622,956.252189624839,8723.54588826358,729.797013139904,3600.35347687538,3595.73125870389,3405.45978466601,747.4938155567,8264.67336017134,1133.21966372924,8211.67009517342,1072.71740179701,1113.92560921485,1160.46516843781,8363.92006275182,3679.79839540273,1071.02210899705,8258.57760737596,1133.58189291823,3768.72927155508,8228.06739360846,1227.73176553152,8598.32691630281,3776.94475103818,8171.30455752548,8451.77720652247,1364.28936563459,1463.69633014296,1213.04490657525,1295.04276592334,8280.84719426478,1272.857898085,8325.39331330655,1080.93068773904,1308.38849691855,3888.85500165451,1206.2823363111,1393.42432012494,1047.39629619046,1101.77925569229,1116.54318502338,3555.05984081754,1254.68624533977,1310.64147366395,3623.20876605059,1200.77966128773,1173.43010416449,1131.64371395723,1196.30788579746,1199.52134683305,8514.50649491332,3560.85407585902,8226.13810208888,3746.73266840621,1114.1715084696,8674.93938710725,1213.16225475328,3103.21965822563,8295.72918906245,1211.84188280317,1249.15148429819,3390.57621928936,1094.07550557184,3813.67553945669,1039.36475567312,1135.23409572211,1370.44908198345,3735.87812026027,1108.93005358525,8410.21590944453,1336.14420866125,3661.98837199532,1144.68895700269,1526.20938330262,8324.0343059356,8275.9117826332,3746.59419677996,3791.87981252933,1142.4559386655,3469.51310189641,1080.21326836757,8437.44577272323,1040.24164286486,1042.49381895464,3747.46127102228,8478.29885443637,1157.33746517391,8207.40785973271,4073.11761965788,1257.34508109336,8580.41768149771,8233.22510703533,8357.06077840642,1060.23245752815,1163.34918114525,8282.14074674031,1333.76521384261,8275.95083296501,8566.02205186989,7918.23602250734,3854.18812554525,8527.54021633339,1237.61960534832,3549.2922614293,1366.57903258703,1289.01735423916,3616.09080751443,8518.39110222278,8337.904200577,8197.021789036,1129.52841690248,8400.90983633052,8553.99804535718,3748.83091031679,1300.33629130594,1067.02301294874,1058.47054839679,8521.93234974359,1050.13383667114,1207.86948893067,1220.89104798505,1177.86685682974,1082.01866463819,1149.44899017969,1114.08972079312,3527.27713399076,3595.39568572659,3625.89469009181,1378.21679554902,1187.74659016018,1275.80396845907,1183.64372067545,1124.29637054364,3763.49867557557,1219.04476212787,3577.22441022702,3374.64077431953,1279.12528607141,3392.86150549043,8455.63228458281,3693.97418555909,1271.46287556008,1122.70851695948,7948.17409285532,8084.85338264948,3976.10961476648,1177.26947141135,8624.13572528303,3202.7653698213,8483.20051302365,8188.37643708518,1173.54573866616,1097.64575734611,1048.58171497149,1199.95020707953,1156.72921070524,3808.91813209175,3472.99792192241,8119.69325522893,1260.54326229975,1287.8314081558,1240.52588080452,1099.30217860121,1226.18387639557,1322.12966338777,4011.29291023382,1177.98845690556,1086.17098356109,4654.35027935233,8861.91230393161,8724.09984850211,4464.91697183112,8618.9661749705,1080.24475219533,1158.02241508257,8919.36989984812,1288.88850294108,1250.36639494631,8859.99816831616,4385.77785381554,8869.72120899416,1146.74217364254,1100.29970249475,1493.29956137346,1252.70943625229,4905.69272289359,1343.22888012535,1730.74705096027,4813.83963699539,8896.45899936057,1335.80222282595,4220.01638041603,4828.78291020437,1011.66196893472,8760.95029280473,1375.45246925249,4407.86562055762,8824.24041676257,4367.20191824131,4586.396159118,4260.15180161002,1364.60791756606,8718.45750654554,1132.50514733563,8692.57542107242,8799.50094237401,1447.10601601641,8802.39919344597,8986.01651987678,8883.42041628512,8905.38925134759,1160.41387228857,4503.68261100599,4272.83622491173,1416.11387859023,4460.86374015468,8848.73521363369,8706.94544341723,8777.03709180158,8840.20235504947,4425.82142580482,1261.54417851805,4264.91634625168,1186.81173817278,1276.75036365457,8672.54659682681,4867.06282765319,1269.77295244262,1444.48027264232,4133.59739540218,1640.85220722216,1168.37221870057,1111.32117346019,1209.46668666796,1370.57990004742,1132.15939422835,8578.18229905448,4540.29354114351,1431.57230014219,4181.00224049609,8745.29972565758,1230.67283316179,4395.13405563291,8786.64025975341,4070.07508096865,4555.11728635511,8806.9163617971,4403.48912404018,1372.92959104635,5114.1874522287,1361.61675276936,9158.22314067277,1333.96620702016,4142.3196774451,1111.91758583546,1298.5295590208,1312.56204949896,8802.13607711554,8851.35981376434,1211.38470638165,4466.2747131702,1196.63883016917,9126.26465875377,9350.52879267033,1547.07601215431,4636.202350098,1154.57524399758,8684.09563471254,4600.97684477955,1431.55398804456,4658.97806811124,1646.13175106712,4671.24960763561,1209.72536919536,8799.70435986289,1377.76719414345,1349.19648653432,4254.72525732217,1214.19298945684,8839.81366550412,8698.37202969634,1269.29764968586,4299.18248162963,1062.33676160742,4559.29709683188,4830.0180062431,4556.07570267037,1593.8801218523,8791.22713626261,8643.15425274134,4284.57133088909,4657.92567322822,4554.69643950791,1303.12115057307,4591.9602560466,8843.25955413161,1202.61187364795,4311.33962897824,1188.80317960133,9003.53005547044,1236.35168722232,1256.09851446384,1129.63544990908,8869.960645934,1157.58034472129,1331.18771823405,1172.07956544219,1275.24297200342,8590.26593011589,1288.77437312711,1358.35194317502,1174.29898213166,8876.85826959557,1162.32431532786,1300.90403569007,4554.90161635051,4189.16741676367,1212.74733685926,8743.78845999873,1592.63207972552,1209.80911984041,5005.83898590236,1399.10147588397,1157.5978269931
1601.79280013719,1870.31970372514,12.9086803050144,8.07385132281878,5761.14865211303,5924.46305225642,350.728750153434,323.084598468577,5812.30795921738,2183.04691650768,117.437302543324,459.569027923725,612.310275811088,1898.50517549672,2170.14757284107,2685.52685365634,897.457597639176,369.225043160369,6037.78570764529,325.55894563327,75.9201880913781,1927.61660174788,397.917226178104,2146.92988427243,1856.41437911606,5674.46698519625,1881.92665006315,99.7021950059318,5786.79155761409,1943.64954824856,1758.18655158223,5930.44689115314,2211.47215494974,1256.01448998284,574.035377017891,222.745589201798,5696.81256478532,526.85531662348,1229.25693845885,2059.57599163809,1546.13755503904,6021.96762221987,2080.28947294557,2121.55610012693,505.606144973201,1975.75195416051,2159.8846656074,1e+08,1129.83385791013,5741.80492383672,546.443125121703,5698.39691516339,5777.4205267422,1687.84679102286,5873.50078373996,2057.40837366148,2057.44515111697,1762.41059866407,1995.94494012656,5915.65851895982,5799.05368367053,5479.81081674126,5837.59200059068,870.038797377662,5943.03495937871,6020.47941431424,5896.46101868918,12.0739856482911,1935.69544104831,1846.88798282526,1437.09082202578,964.041057513025,1607.86887457019,1707.76831718714,1719.98245937253,1269.37730078718,2044.31127533945,1092.43961518269,1756.17348252794,1756.9306745127,1471.37632995552,1541.71189208947,1213.76350840395,796.745780116032,6384.59507988407,1403.40083730829,855.161462982871,1484.99150433959,6792.91335471939,6182.93129441391,2162.83818685456,1299.03149722299,746.486496376342,1369.5078462294,1650.24230042583,1507.84671415011,1728.90913647515,6487.47996468203,6355.63089082836,6254.11104216084,822.712439575374,6336.79565049478,1090.8386066414,6494.1272454261,1617.04079540235,1525.03637584355,6510.65292066899,1200.86460156301,1428.31094447645,1403.58798567312,1336.4870490457,810.560646701899,6232.4025666889,2044.19184475157,6307.6988403489,2142.55491432958,1678.10748018464,6704.99635297056,918.004844325263,6618.94616042698,6281.23395140991,1095.24124030491,1305.08062808531,6374.95508524047,6141.6815409509,1989.64316072721,6749.63551029798,703.602739745196,1203.63247598256,6563.66122265618,1430.08765246749,1440.46881126798,1435.84659309648,1245.57511905861,1412.3908500507,6208.82245369455,2330.95852369108,6152.14050410458,2332.07716768476,2601.68395223005,2274.0054005441,6308.40610277284,2631.88277676414,2483.06034527525,6219.03983083667,2261.8921054037,2648.90758316024,6177.53445550067,2115.20999212619,6559.82494330009,2673.05875765905,6137.10187563961,6401.04774974483,2027.01901430023,1936.09960404398,2121.39248098857,2149.37006418137,6227.49907324963,2159.05592457015,6271.96877728807,2348.17722908367,2561.72076671176,2809.79215771873,2368.53249413775,3189.04793503393,2363.25496871926,2250.80896342805,2259.11631344856,2517.31039217942,2470.62467168426,2140.25748989978,2673.65995464586,2118.19506500723,2316.03863771928,2257.09948214638,2988.25700183024,2560.51302526611,6482.00017878414,2585.85684897564,6172.10199735702,2613.35961153037,2282.63151165437,6628.76394164085,2083.36816054865,2379.61307508361,6254.09247793769,2131.95340437112,2085.64692677386,2414.35054643495,2443.88510237767,2695.27910593403,2296.53345200698,2244.68269586333,1752.52650431464,2673.90930045804,2130.06369515032,6365.67981773653,2066.14440861196,2549.29012141536,2528.58161477377,1733.32812984151,6281.05371850049,6228.0368369293,2691.25153986778,2755.26007371998,2143.88957630009,2468.47312794264,2352.27403534148,6395.02049640368,2298.34533356158,2359.75932672481,2687.08774864897,6428.17399829863,2107.90930859651,6159.30266836111,2855.01202922379,2220.74011198368,6542.5072471586,6202.88163781404,6297.89990897725,2289.00538527203,2638.55818770229,6234.76125207001,1912.47728019457,6225.42707493914,6520.63585130304,5857.27760338381,2737.71028795321,6488.67049783303,2241.53796455978,2529.40113929923,3039.42234536588,2129.0734138761,2562.94680558004,6471.4314622811,6302.28062737213,6157.93671097834,2266.15054984336,6354.95187994419,6519.47218332049,2768.56154371258,2130.2753924831,2365.24441156096,2315.93345248559,6480.69535227116,2191.56275126371,2328.86546990869,2501.73867043542,2543.97811688085,2298.83752028835,2619.0842811416,2579.40967589022,2574.41534654501,2629.57217623064,2601.02698358188,2000.15737492863,2234.30461731604,2115.87706552638,2211.45157737348,2411.80590898876,2722.13725661482,2484.72154031545,2545.84861804332,2441.66065186426,2109.50034554421,2415.15385550411,6421.79623105034,2631.3242557853,2192.82034288922,2552.34537805999,5887.94990184755,6034.61544746359,2787.77425510045,2584.5083240645,6584.38440053566,2433.13074005237,6434.08711359102,6140.8236738273,2304.26314695893,2243.38543433216,2294.76527146423,2451.8424902735,2451.49504592731,2639.28462465411,2458.31254535335,6060.28126050694,2094.75543816361,2230.49391798637,2353.2171357207,2215.74789857401,2245.54428692531,2113.63037886495,2905.10198287312,2202.92897048462,2251.03341825828,3105.47266230091,6776.35780026758,6650.23672361707,2993.17051539447,6552.34734383925,2119.65189470543,2367.27594568915,6847.52199552076,1918.40056360796,1868.3936383429,6796.4641297304,2891.05517400142,6802.60966490832,2342.98202060399,2284.39190431905,1640.42769310389,1877.45611051191,3302.22635498084,1812.98039629092,1319.16582719265,3233.71820387748,6826.92462464165,1779.51634652431,2809.19986419349,3207.209232193,2260.82867527888,6680.13342980211,1747.2452595688,2869.89586542938,6745.3661815658,2821.11807807217,3041.3032367611,2792.99388483627,1693.35693083429,6642.58466634191,2057.26127724012,6616.03152533056,6736.42760046927,1575.9175083008,6731.57281021207,6895.50878517383,6800.91822342275,6819.59458522565,2230.72677342284,2932.65638281077,2817.3564879852,1574.08630362445,2946.55494685491,6788.14691361509,6628.94351719165,6702.19993161781,6763.22496199075,2873.04272557213,1841.67772484825,2829.14408902471,1956.51362899349,1728.65433101339,6587.92307414004,3223.39509438182,1715.86953120745,1648.50653239415,2692.94536119657,1371.99174768596,2330.3331324099,2077.83383360145,2081.70065067113,1724.43556627834,2340.85656408423,6510.51337891584,2993.22217150538,1604.34379674888,2736.39144586141,6670.73888775243,2014.64863623493,2873.72951618408,6708.75202442111,2673.77983990762,3045.90882751943,6737.49915807166,2888.56466981671,1701.85732940334,3461.57429405472,1859.23063877913,7107.43107016289,1702.53165140371,2720.97282479073,2189.78991752774,1721.50350385449,1787.81241257987,6728.39046015514,6776.0701880517,2285.92814060058,2977.64477047532,1785.84563560307,7046.50754440847,7270.78032446819,1469.0645025354,3071.98650606917,2237.49894485804,6603.67939996755,3001.16864625168,1634.41858915113,3117.36471009323,1341.83855073166,2984.97182942791,1965.78487378631,6718.08040645797,1712.45434880976,1845.64404820739,2794.12334966986,1727.73758445004,6770.29457867544,6629.57631212992,1923.22034561641,2819.77478868006,2235.02516801626,3061.75218062509,3171.32488345723,3030.44228230426,1467.65976931517,6721.56455169742,6573.51589416895,2784.37661140595,3142.13502873072,3038.42607057203,1793.72177470036,3019.80537473479,6758.89131363065,2118.6851211039,2852.04757251575,2385.52843033872,6919.53958439107,1742.75464801559,1831.57464251271,2205.09718740228,6789.64344608834,2260.72546619916,1736.42914648682,2020.60534047323,2274.98475820496,6522.57080609549,2325.52558243201,1704.96552101997,2321.41048492337,6802.98627872965,1860.57589802474,1855.41062521778,2955.46837249743,2720.0962212262,2213.03527896752,6665.65502107203,1361.53458667002,1875.65992581359,3333.9857279922,1702.77366307778,2329.19931067946
471.958942227068,740.485845815014,1142.74253821514,1121.76000658731,6890.98251002317,7054.29691016653,1480.56260806356,1452.9184563787,6942.1418171275,1053.21305859755,1247.27116045345,1589.40288583385,1742.14413372121,768.671317586597,1040.31371493094,1555.69299574622,2027.2914555493,1499.05890107049,7167.61956555542,1455.3928035434,1205.75404600151,797.782743837754,1527.75108408823,1017.09602636231,726.580521205939,6804.30084310638,752.092792153027,1229.53605291606,6916.62541552421,813.815690338432,628.352693672105,7060.28074906327,1081.63829703961,126.180632072709,1703.86923492802,1352.57944711193,6826.64642269547,1656.68917453361,99.4230805487218,929.742133727967,416.303697128918,7151.80148013001,950.455615035446,991.722242216806,1635.44000288333,845.918096250389,1030.05080769727,1129.83385791013,1e+08,6871.63878174684,1676.27698303183,6828.23077307349,6907.25438465233,558.012933112735,7003.33464165009,927.57451575135,927.611293206841,632.576740753943,866.111082216436,7045.49237686994,6928.88754158067,6609.64467465137,6967.42585850081,1999.87265528779,7072.86881728884,7150.31327222436,7026.29487659931,1117.75987226183,805.861583138187,717.054124915138,307.256964115657,165.792800397102,478.035016660058,2837.60217509727,590.148601462405,139.543442877057,3174.14513324958,2222.27347309282,626.339624617814,2886.76453242284,2601.21018786565,2671.5457499996,83.9296504938245,333.088077794095,7514.42893779421,2533.23469521843,274.672394927254,355.157646429469,7922.74721262951,7312.76515232405,3292.67204476468,169.197639312868,383.347361533784,239.673988319275,2780.07615833596,2637.68057206023,599.075278565024,7617.31382259214,7485.46474873849,7383.94490007097,307.121418334754,7466.6295084049,38.9952512687274,7623.96110333623,2746.87465331247,395.202517933421,7640.4867785791,71.0307436528836,298.477086566317,273.75412776299,206.653191135574,319.273211208228,7362.23642459901,914.357986841446,7437.53269825903,1012.72105641946,2807.94133809477,7834.8302108807,211.829013584863,7748.78001833711,7411.06780932003,34.5926176052169,175.246770175186,7504.78894315059,7271.51539886103,859.809302817083,7879.46936820809,426.23111816493,73.7986180724339,7693.49508056631,300.253794557368,2570.30266917811,2565.6804510066,2375.40897696873,282.556992140573,7276.72236359005,1448.84379623963,7222.16923071678,1425.4195841643,1647.21523140099,1416.60254974204,7376.20759482884,3036.91548984536,1541.63195669806,7277.26307668216,1395.81492953006,3100.3603366556,7242.24109452945,1326.04777641109,7617.8238723702,3115.43876900489,7192.05543044955,7466.10802974968,1330.16677859333,1320.81757031859,1323.68513389179,1384.45099469198,7293.93179740754,1380.87139964474,7338.49334048099,1441.18335390061,1691.54289120831,3242.25894928648,1507.57164946566,2168.40349575106,1439.98357944629,1373.7757635731,1386.45565826408,2910.22789730179,1603.33784522163,1385.39678202467,3018.6714830547,1315.36711401195,1454.1670192002,1391.28503975031,1960.46429697926,1647.89133296796,7536.36923049439,2942.4167443732,7238.88496698104,3071.8964508983,1403.71823238828,7691.3642928031,1294.62073591638,2564.00526003068,7313.60256414123,1331.17932053693,1314.12665627356,2762.18439275538,1520.0953219461,3147.8074077732,1384.38190485227,1383.21144404612,1132.86861252158,3089.77955915366,1281.8982442964,7427.0345073185,1343.86012193311,2991.71822644095,1603.37458437234,1219.62697582465,7341.39196135814,7291.22010820608,3103.71615439206,3158.77992068331,1308.02412410096,2835.30584687472,1444.08518603816,7455.15751659814,1386.15928039082,1435.38134546058,3102.54301542379,7492.90419841451,1286.807360055,7222.54611395689,3376.66143276297,1419.54760161496,7600.13782547838,7255.62707010111,7367.85446189947,1386.7117478437,1692.43755951046,7297.65781249509,1229.25514696663,7290.18032850652,7582.65926110874,6927.84943625191,3190.78809736516,7546.80815903671,1426.05419411127,2911.54465029105,2053.96529187401,1366.43577976317,2967.98485741852,7534.33370297672,7358.28149327951,7215.81764137308,1397.38916835862,7417.13719770818,7575.07783454341,3137.3751382295,1372.9237693147,1449.05041393418,1407.17925968151,7540.22361626937,1305.22303389224,1478.48395604133,1612.67162730043,1627.37966846349,1403.17336412797,1672.93148578982,1630.4822881222,2916.36126605563,2982.59131536832,2989.95888219335,1318.23157866429,1398.18328588057,1350.07554087854,1378.90330909468,1507.14090032255,3127.17119864027,1599.33916800239,2936.15890820615,2763.42445577972,1346.95701704932,2763.98660100242,7476.88076842252,3045.67444897314,1405.35556701102,1613.17127763778,6958.11612471539,7098.98678787562,3288.22836459002,1657.33417682784,7643.14752741423,2650.53274056961,7498.22477018643,7203.71781686939,1445.26719476056,1366.23330649268,1386.61762993494,1567.26464342367,1549.91101202917,3122.06161350093,2833.32695045931,7130.14576714635,1326.66622882767,1440.97523307151,1510.6667958999,1345.2598420254,1423.89084715529,1371.542133358,3358.27130981565,1369.83430652128,1367.43476529994,3842.82596627611,7862.30487033145,7729.19769097042,3679.27116826977,7626.94998023012,1260.67936272002,1486.69032688777,7925.4427817284,1208.43826290888,1148.41022089308,7869.44974525568,3589.44055237306,7877.70721644564,1463.58339826973,1399.3534605519,1134.03568452747,1156.76406534,4077.43603346771,1160.83891575718,1110.42861706396,3993.11133562171,7903.46782349441,1131.28533240976,3451.86292551976,3992.35338447475,1345.06137157845,7763.22147566041,1132.14991159062,3595.49063583051,7827.35345335809,3550.84663512568,3775.01344974419,3471.32536186936,1085.26416102284,7722.72659326374,1235.12054709864,7696.55008032264,7809.09209412811,1056.42548807667,7808.80421442813,7984.44634711315,7885.08195870501,7905.71054097438,1383.37434435179,3680.74573689098,3488.8253121602,1032.89181154952,3658.69723465511,7859.39072609014,7710.33290578695,7781.77480508078,7844.10640838577,3608.20501763656,1134.13578081682,3488.30518393024,1182.60767337986,1055.46678764695,7673.19681893542,4022.76959252889,1041.0158965883,1106.2031940785,3351.51868410813,1068.78599511695,1462.90136887585,1241.46200734623,1291.52906740827,1112.20475731296,1456.00297652685,7585.70163137973,3727.23141661056,1065.71895428778,3398.72788489705,7750.12723070555,1250.6502204457,3588.7918546262,7790.13182403587,3303.18480502693,3756.93007047833,7813.90428392304,3599.81239165093,1097.03174303017,4269.92852537998,1206.05189928303,8173.19137049421,1072.10180021858,3367.90758622568,1330.33014064103,1063.75919563073,1123.26503820204,7807.34093798768,7855.96599718408,1447.71092475604,3674.1216917724,1051.76809419799,8129.21593644463,8353.62355160296,1057.09325923915,3818.43727718754,1386.03210772426,7686.47711060312,3768.97144144087,1087.28195074478,3850.34398344578,1054.68295657345,3807.85381546602,1201.92693148794,7801.67083854795,1108.01372325333,1188.67294592714,3468.27604454436,1015.37486034913,7846.78526105344,7705.52894097638,1201.22314224173,3506.6423164022,1344.9322799998,3765.71368004275,3979.44321076073,3751.56929896678,1091.96127242777,7798.1019067278,7649.92085203249,3483.72329213855,3859.26976930726,3753.77222639126,1122.00718930534,3770.31832051505,7844.12765233764,1316.61851637231,3526.83889414402,1513.07853995663,8004.65590143378,1041.27100345566,1123.11789567911,1350.05049515973,7872.51191204409,1405.18515820667,1095.95712851747,1225.53848387915,1468.03533915674,7597.78472503757,1511.34459126284,1089.81697424825,1458.61207314377,7882.06632579059,1092.62414786597,1167.5767988941,3722.18344768206,3397.74901760921,1393.26912491181,7747.14864618544,1023.28403564576,1131.20577389295,4152.7372749931,1114.86184632736,1457.54985092665
7343.59772397393,7612.12462756185,5728.89624353171,5749.87877515954,19.3437282763076,182.658128419689,5391.07617368328,5418.72032536814,70.5030353806567,7924.8518403444,5624.36762129341,5282.23589591299,5129.49464802563,7640.31009933343,7911.9524966778,8427.33177749306,4844.34732619755,5372.57988067635,295.980783808562,5416.24597820346,5665.88473574535,7669.42152558459,5343.88769765861,7888.73480810917,7598.21930295279,67.3379386404733,7623.73157389988,5642.10272883079,44.9866337773655,7685.45447208528,7499.99147541896,188.641967316416,7953.27707878647,6997.81941381956,5167.76954681883,5519.05933463494,44.9923590513914,5214.94960721324,6971.06186229556,7801.3809154748,7287.94247887576,280.162698383157,7822.09439678231,7863.36102396365,5236.19877886351,7717.55687799723,7901.68958944411,5741.80492383672,6871.63878174684,1e+08,5195.36179871502,43.4080086733445,35.6156029054747,7429.65171485958,131.69585990324,7799.21329749819,7799.2500749537,7504.21552250078,7737.74986396328,173.853595123094,57.2487598338204,261.994107095475,95.787076753955,4871.76612645906,201.23003554199,278.674490477514,154.656094852459,5753.87890948502,7677.50036488504,7588.69290666199,7178.89574586251,6705.84598134974,7349.67379840691,4034.03660664958,7461.78738320924,7011.18222462391,3697.49364849726,4649.36530865403,7497.97840636467,3984.87424932402,4270.42859388121,4200.09303174726,6955.56843224067,6538.55070395276,642.790156047355,4338.40408652843,6596.9663868196,7226.79642817633,1051.10843088266,441.126370577191,3578.96673698217,7040.83642105972,6488.29142021307,7111.31277006613,4091.56262341089,4233.95820968662,7470.71406031186,745.675040845303,613.825966991644,512.306118324121,6564.5173634121,594.990726658049,6832.64353047812,752.322321589372,4124.76412843439,7266.84129968027,768.847996832254,6942.66952539973,7170.11586831316,7145.39290950985,7078.29197288242,6552.36557053863,490.597642852172,7785.99676858831,565.893916512187,7884.35983816631,4063.69744365208,963.191429133835,6659.80976816198,877.141236590262,539.429027573176,6837.04616414164,7046.88555192202,633.150161403749,399.87661711417,7731.44808456392,1007.83058646126,6445.40766358191,6945.43739981928,821.856298819454,7171.89257630421,4301.33611256874,4305.95833074024,4496.22980477812,7154.19577388742,2195.05414667983,7863.42468513716,2139.3005217368,7887.16236063658,8175.21151147418,7791.52388527257,2234.11286219979,5891.85187072002,8054.60456348546,2355.96305775971,7789.1451587388,5769.04657773545,2237.28192171016,7598.08779757171,2501.47438894439,5795.45685629804,2378.7598595072,2317.60453104019,7446.71345491455,7306.70970989662,7610.65420122691,7603.45080135703,2226.34101289434,7623.42283807616,2241.33347910607,7901.64382979529,8051.5189265966,5835.18561062437,7875.59785579092,8798.53564749409,7930.04371324086,7789.53105892432,7792.73971473995,5912.25304989653,7969.67767784833,7586.92352635386,6051.73068898831,7612.56657477285,7831.5536934784,7784.80706584314,8615.89301697783,8095.06894447509,2521.38812487251,6010.3947733778,2200.99608311683,5747.78393477371,7818.6681997891,2462.85200464991,7572.0793926348,6362.82996927812,2348.42736121064,7621.95147894403,7558.80706566208,6011.17273972436,8002.36505892842,5769.10154333689,7860.83493468954,7770.26958263431,7184.24271308214,5867.20884297666,7661.56608545154,2362.71519116236,7499.431147893,5787.57297017603,8079.44005950526,7083.01435769415,2345.40852546327,2279.98400198524,5878.04163132317,5909.25038575697,7662.57913554374,5971.72085677973,7906.36109875542,2394.28294377319,7862.46370567351,7927.95246771612,5869.59731064253,2334.69261845943,7620.00488155777,2255.04537056418,5575.52050182926,7694.75687779385,2499.03028172982,2434.69904131491,2193.54251648299,7845.37849123613,8200.10906453294,2287.07970316692,7349.94401871622,2253.37727989273,2419.93748985005,2050.38763742463,5770.62209958232,2466.46147398757,7725.25944462647,5940.27713441759,8614.04710582281,7585.25992421534,5885.5278941571,2383.41476969153,2421.52103958406,2340.21518243696,7795.23645628309,2345.00957742462,2519.48717830277,6004.24873576695,7581.35765312781,7925.2562989478,7874.86728453082,2441.14876556853,7746.57174045286,7831.55043358747,8018.98739726114,8084.44319629832,7847.98804020624,8182.46178448202,8149.28922749042,6044.95982959513,6025.0986667191,5930.43823430683,7413.24827193992,7738.39461383397,7577.68604992969,7716.01759681282,7955.48685278166,5901.31756799223,8000.35632193647,5921.41039755173,6075.02739745502,7569.68928212731,6008.92504367235,2484.21995678246,5867.30651776565,7659.2146632354,8114.89752457521,2063.80120744216,2197.93002052029,5636.85895148095,8131.5674247471,2501.34474201792,6305.483784659,2346.91608899939,2254.59757168377,7818.78970968914,7783.24536694937,7855.69009497924,7970.86572068657,7987.44299760911,5682.09061016599,5950.96626414594,2113.22561092817,7562.99296218595,7691.67376428444,7844.59975374702,7753.6041305516,7734.35842190246,7554.24536340746,5785.38368491689,7709.39661400227,7795.59330285356,4802.36910568881,2141.7709340263,2198.85094486363,5014.9273587745,2225.76177940983,7661.89667087089,7893.45274134062,2327.68429965331,7376.82671168449,7347.43732794108,2382.37963863539,4981.29628693954,2350.15034903495,7871.28187066712,7825.76814795436,7020.44419403856,7354.82388044851,4613.81942831959,7252.46649711001,6616.12597482303,4692.81951733678,2339.40010457185,7225.74238390698,5186.379740955,4584.19685544456,7832.52718681545,2140.10623795325,7176.9911407855,4883.75066433224,2196.65738293579,4876.8897623087,4825.87587745623,5065.72784831001,7135.11738325805,2173.58089218011,7579.17352370056,2152.77699230473,2354.46385264307,6992.04202974402,2273.47360880324,2158.33743588419,2189.1777047099,2164.30811537315,7745.63924037398,4786.7904905842,5086.63972307522,7007.38517519579,4922.67458385517,2406.78372149366,2143.69357960745,2215.93549725009,2226.7292226583,4847.21295295525,7317.62137825744,5128.07523203735,7458.52966569906,7208.93216598444,2049.69755345487,4517.62851047542,7201.02987268788,7054.43897263626,5145.63590167603,6715.57426562056,7849.05736968037,7607.98591165812,7571.97320822068,7159.2647351431,7874.5795662513,2195.29384798908,4831.78685163962,7024.11949458643,5127.6420160637,2202.16987622732,7496.15732140682,4922.34860395898,2187.1099705001,5242.7673333457,4914.44505082674,2291.12289497453,4934.25019065238,7138.27171983,4435.84459663127,7286.10968841499,2684.87009278349,7158.47057120647,5180.80988724271,7721.77773835399,7192.31137824055,7244.53184215101,2241.49315942329,2251.62739484561,7783.68017436741,4977.76284430899,7295.94305832696,2367.9708454391,2517.69284210353,6848.54798743809,4770.13552835629,7755.09897835016,2104.46662016053,4695.29155407168,7049.44958346554,4818.59950118191,6689.80094214974,4467.5379321795,7457.66180331297,2151.95299473953,7145.06225018132,7279.61186441617,5080.11013497765,7236.80583604652,2307.94586209672,2241.16217237961,7390.43575030279,5032.2365330714,7787.46958127603,4940.09125287321,4488.40522012562,4876.96019037559,6818.84955773728,2280.05096656952,2204.66379001533,4993.10291648226,4879.77444665213,4898.51043543206,7254.39983912071,4761.99805236718,2144.81329533612,7612.29660035098,5070.97400043235,7901.3877819547,2243.97041022708,7240.00474195779,7310.83187955904,7730.87223048772,2206.16428319674,7778.51593445623,7189.56551898755,7526.92311239864,7744.73697921697,2200.61641221092,7793.54496264924,7148.39194159619,7837.02411077051,2281.50073615781,7378.54154033704,7311.99062578001,4708.6454066571,5077.96652676049,7705.65744395785,2161.42889928763,6738.60934080553,7372.21889109911,4406.77404541384,7125.55068648109,7852.06951114998
2148.2359252589,2416.76282884684,533.53444481669,554.516976444523,5214.70552699133,5378.0199271347,195.71437496827,223.358526653127,5265.86483409569,2729.49004162938,429.005822578379,86.8740971979787,65.8671506893851,2444.94830061842,2716.59069796277,3231.96997877805,351.014472517474,177.218081961335,5491.34258252359,220.884179488435,470.522937030325,2474.05972686958,148.525898943601,2693.37300939414,2402.85750423777,5128.02386007454,2428.36977518486,446.740930115771,5240.34843249239,2490.09267337026,2304.62967670393,5384.00376603143,2757.91528007144,1802.45761510454,27.5922518961883,323.697535919906,5150.36943966362,19.5878084982227,1775.70006358055,2606.01911675979,2092.58068016075,5475.52449709817,2626.73259806728,2667.99922524864,40.8369801485036,2522.19507928222,2706.32779072911,546.443125121703,1676.27698303183,5195.36179871502,1e+08,5151.95379004167,5230.9774016205,2234.28991614457,5327.05765861825,2603.85149878318,2603.88827623867,2308.85372378578,2542.38806524826,5369.21539383812,5252.61055854884,4933.36769161954,5291.14887546897,323.595672255959,5396.59183425701,5474.03628919253,5350.01789356747,558.517110769995,2482.13856617001,2393.33110794697,1983.53394714749,1510.48418263473,2154.31199969189,1161.32519206544,2266.42558449424,1815.82042590888,1497.86815021775,545.996490060985,2302.61660764964,1210.487549391,924.933204833814,995.268766967767,1760.20663352565,1343.18890523774,5838.15195476239,856.957712186595,1401.60458810458,2031.4346294613,6246.47022959769,5636.48816929221,1616.39506173285,1845.4746223447,1292.92962149805,1915.95097135111,1103.79917530413,961.403589028402,2275.35226159686,5941.03683956032,5809.18776570667,5707.66791703913,1369.15556469708,5790.35252537307,1637.2817317631,5947.6841203044,1070.59767028064,2071.47950096525,5964.20979554728,1747.30772668471,1974.75406959814,1950.03111079482,1882.93017416741,1357.0037718236,5685.95944156718,2590.63496987328,5761.25571522722,2688.99803945128,1131.66435506294,6158.55322784886,1464.44796944697,6072.50303530529,5734.79082628819,1641.68436542661,1851.52375320702,5828.51196011877,5595.23841582919,2536.08628584892,6203.19238517627,1250.0458648669,1750.07560110426,6017.21809753448,1976.5307775892,894.025686146277,889.403467974777,699.131993936905,1958.83397517241,5700.90633753156,2821.69272293863,5642.99309535633,2828.82515571222,3105.82677822397,2759.98545352242,5800.40333910476,2594.67051534148,2985.64994513472,5717.07276250993,2750.32305438325,2584.06252689909,5671.63853332222,2589.12230803702,6057.44064828444,2612.03854618635,5637.29625498495,5894.59211819706,2481.18419449618,2373.53472206798,2597.19906734074,2615.9371836397,5720.4599131711,2628.65531120774,5764.80565491251,2844.67799491521,3044.41045623298,2746.82759575264,2853.06104929066,3705.48723738594,2863.43497213776,2742.18781567258,2749.22757581245,2494.27820535492,2954.46285555212,2604.58541122606,2667.3206530973,2595.37048817144,2802.07252983836,2745.58745730009,3507.93882907914,3054.46540904996,5981.94985039601,2578.62281192261,5664.93185154943,2546.5297912644,2773.6998566843,6123.48099498653,2558.32717359556,2477.43234645296,5751.27411181288,2608.15350554063,2556.27109853783,2423.68161621826,2942.72520118188,2627.10352289215,2795.34134421385,2732.42598816114,2202.74451164094,2628.02203871906,2617.78484295358,5861.54832855947,2525.10731272466,2495.83762449321,3026.32852925153,2157.33200526652,5777.68160904171,5722.99989643585,2646.27994869667,2711.68806776397,2628.25843710702,2463.40457435572,2848.98471421035,5891.58855327935,2797.12415491108,2860.27359177131,2640.661596128,5921.88070028836,2589.86472167093,5654.34003250578,2737.6745652813,2694.11835863604,6040.37382707391,5704.31457124082,5788.58737789856,2785.60491861002,3140.0320643492,5729.89016356459,2368.90538310075,5719.42664801447,6015.8599937873,5348.25147232114,2666.82054338094,5986.31234607304,2717.90546711754,2511.62223521723,3547.06431916198,2595.81561674411,2530.05876994127,5966.19204947989,5801.53595580347,5656.28718116211,2755.13312893557,5850.32797239004,6018.60761963761,2743.61869714161,2595.62297146587,2863.659852312,2813.52330386594,5977.50149599676,2686.62062420068,2811.67474697972,2990.6300879695,3039.24788466135,2793.61907932895,3120.84034135587,3082.44469159515,2575.95219227735,2621.53270595105,2574.80684238652,2451.74768180702,2716.07188681599,2583.92000615088,2692.99179063367,2906.45753232719,2679.58487267973,2972.99255128764,2522.39549035588,2463.26559732881,2576.96234770355,2423.87534897473,5921.40958532021,2588.85810396382,2663.6141298061,3053.28716823519,5379.12761785881,5529.16164394434,2686.45012425984,3081.85492179344,6081.49801514145,2510.29618199487,5928.14768495892,5636.10738369348,2789.86932939154,2734.97543678712,2792.64969233995,2940.57770725759,2944.59374460855,2556.67162784386,2449.39124845008,5551.37438707373,2564.17617166445,2700.56357878429,2833.39877932661,2706.42778719512,2723.3551255196,2575.71111691246,2825.39079155827,2684.85445553096,2743.9934363846,2842.89402345363,6256.71925988102,6134.97319170163,2767.83857142958,6039.85356748881,2610.21902609553,2856.81085148369,6332.68330104192,2381.15972026271,2336.10664111449,6284.66867392047,2661.8134051538,6289.52816235884,2832.76623050926,2776.91490762403,2070.38731318217,2344.8764371524,3008.95930368506,2267.34498390975,1703.37006790769,2952.73685414733,6312.94139111357,2235.00612146848,2619.4482297176,2910.02757853702,2761.23544796678,6162.32458400958,2196.69028113195,2623.61833709687,6228.16338845166,2574.06748940924,2783.28744157961,2581.01570239792,2144.91257851506,6126.60947041695,2541.1524847283,6099.85451125817,6224.89597839688,2015.16427730726,6217.27408769185,6373.95479136943,6282.34063521603,6299.8152563845,2715.37609956878,2669.0167379447,2608.73948705728,2018.93774666658,2706.13175286355,6277.41586287451,6112.22170647275,6186.50772489496,6246.67641393857,2620.28401855636,2307.83367577386,2627.93200529492,2432.88004556723,2193.33267244593,6068.86953846936,2916.29513186526,2181.74806003503,2087.12278951399,2498.53392567828,1776.59215941837,2817.4151331824,2564.38558375726,2557.06874641951,2174.7669052324,2832.04843297168,5997.71187795441,2736.71124352773,2045.84331418087,2537.422657207,6155.193209214,2486.2321724158,2634.25849030479,6191.9549613193,2499.12665267908,2802.52704655576,6223.69583620069,2651.00566580344,2151.98717628194,3142.57535735422,2311.0776458889,6599.62941277555,2158.84430713912,2532.69361110314,2678.50754485569,2183.02656618123,2246.75456446822,6213.0505975205,6260.10717052114,2766.7826032037,2746.21703298667,2261.12572081857,6528.58918907732,6752.59090510895,1891.42175803552,2804.55142029889,2722.9767006815,6086.12360196466,2721.93519300784,2075.46052287703,2857.24812454501,1746.24045670533,2668.81930243703,2439.38048099973,6199.92894751973,2161.71634672476,2299.24475167449,2584.80929166155,2201.3999108395,6256.40371981969,6116.16870421937,2388.68190617875,2601.05094897364,2729.92175740956,2822.36900526566,2859.79799874023,2781.04149505444,1880.18997545077,6207.69834629781,6059.89666258377,2559.02933233025,2891.47442349415,2792.50458799898,2254.03478561756,2751.4545437303,6239.7005576238,2595.65704645413,2639.76095187524,2872.59300446492,6400.27878894748,2213.08055790061,2298.49184266556,2692.33142740003,6271.86269311268,2746.58968923284,2192.8398718386,2499.41725016709,2748.15809338296,6009.73914124388,2799.09520233777,2157.40355041533,2807.54494335021,6287.49081916506,2339.78798544473,2316.07350476273,2678.5386779775,2511.93415176519,2691.34533652245,6148.83213176161,1777.61352644673,2348.77115787458,3011.1119303898,2148.62820627929,2817.36555577919
7300.18971530057,7568.71661888852,5685.48823485836,5706.4707664862,62.751736949652,226.066137093033,5347.66816500993,5375.3123166948,113.911044054001,7881.44383167104,5580.95961262007,5238.82788723965,5086.0866393523,7596.90209066009,7868.54448800445,8383.92376881973,4800.93931752421,5329.171872003,339.388792481907,5372.8379695301,5622.47672707201,7626.01351691125,5300.47968898527,7845.32679943582,7554.81129427945,23.9299299671289,7580.32356522653,5598.69472015744,88.3946424507099,7642.04646341194,7456.5834667456,232.04997598976,7909.86907011313,6954.41140514622,5124.36153814549,5475.65132596158,1.58435037804687,5171.5415985399,6927.65385362224,7757.97290680148,7244.53447020241,323.570707056502,7778.68638810896,7819.95301529032,5192.79077019017,7674.1488693239,7858.28158077078,5698.39691516339,6828.23077307349,43.4080086733445,5151.95379004167,1e+08,79.023611578819,7386.24370618625,175.103868576585,7755.80528882486,7755.84206628036,7460.80751382745,7694.34185528994,217.261603796438,100.656768507165,218.58609842213,139.195085427299,4828.35811778572,244.638044215335,322.082499150859,198.064103525804,5710.47090081166,7634.09235621168,7545.28489798864,7135.48773718917,6662.43797267641,7306.26578973356,3990.62859797624,7418.3793745359,6967.77421595055,3654.08563982392,4605.95729998069,7454.57039769133,3941.46624065068,4227.02058520787,4156.68502307391,6912.16042356732,6495.14269527941,686.198164720701,4294.99607785509,6553.55837814624,7183.38841950298,1094.51643955601,484.534379250534,3535.55872830882,6997.42841238637,6444.88341153972,7067.90476139277,4048.15461473754,4190.55020101328,7427.30605163853,789.083049518649,657.233975664988,555.714126997465,6521.10935473876,638.398735331394,6789.23552180478,795.730330262719,4081.35611976103,7223.43329100692,812.2560055056,6899.2615167264,7126.70785963983,7101.9849008365,7034.88396420909,6508.95756186528,534.005651525516,7742.58875991495,609.30192518553,7840.95182949297,4020.28943497873,1006.59943780718,6616.40175948864,920.549245263606,582.837036246521,6793.6381554683,7003.4775432487,676.558170077094,443.284625787515,7688.04007589058,1051.2385951346,6401.99965490857,6902.02939114595,865.264307492801,7128.48456763086,4257.92810389539,4262.55032206691,4452.82179610477,7110.78776521408,2196.79639563788,7820.46721553639,2140.27766348118,7844.15723201202,8132.19734933463,7748.58896585414,2237.63887501558,5852.90457957543,8011.58182422262,2356.61567046246,7746.18832840984,5730.26855449196,2238.02083885706,7555.19429663471,2507.5942108414,5756.74058615723,2377.62569409585,2322.3019854726,7403.91918821775,7263.97798923955,7567.74954712984,7560.61980006178,2228.21815913342,7580.5738465401,2244.02171307342,7858.64421502765,8008.6903662745,5796.92224401085,7832.69990241186,8755.48443733044,7887.01749170427,7746.54902983153,7749.76936875067,5872.90635363196,7926.81358206627,7544.10489908246,6012.75789940911,7569.65145309785,7788.62955906802,7741.84857752388,8572.78012681773,8052.13901622856,2525.79161532394,5971.17549084608,2201.9084803601,5708.89976570705,7775.69628381951,2470.7524604362,7529.16868714136,6322.57757112238,2349.84253097358,7579.04735423122,7515.92636220517,5971.40981777842,7959.36664476957,5730.48694408779,7817.80590051301,7727.31354997734,7141.35912348051,5828.42943185707,7618.58065796202,2366.26479505351,7456.62119180254,5748.43863682052,8036.4691108386,7040.25367113792,2347.39262249242,2281.42763377646,5839.31202960677,5870.71428367385,7619.62103619147,5932.16312598696,7863.36068978069,2398.13929382177,7819.43527894908,7884.92281810363,5830.86141197527,2339.78958551421,7577.05367913269,2255.26779036823,5537.66031963372,7651.90100952857,2504.83212490537,2434.43338164626,2197.2148189472,7802.36510336978,8157.1268047076,2288.60375335878,7307.09030200828,2254.98566085619,2426.08952281761,2045.56019515129,5732.15819329553,2471.51424639137,7682.38796896703,5900.9436148977,8571.07497189761,7542.42057239265,5846.3550950446,2388.92701664077,2423.29352178883,2339.77013321434,7752.27649379063,2348.50045563402,2524.63788595056,5965.65573183711,7538.52836929426,7882.24485727598,7831.85196139529,2446.2859507718,7703.54836648863,7788.65522117373,7976.08798144183,8041.49768040579,7804.99104622707,8139.47304816193,8106.28102600434,6005.66684027602,5986.00794414394,5891.34974445917,7370.45926063776,7695.48064077214,7534.83314721324,7673.09878626879,7912.5166518123,5862.67275528579,7957.45793081419,5882.14817399042,6035.28487111164,7526.83815147625,5969.16671466719,2487.79168744136,5828.38049224664,7616.36848633444,8071.90297958782,2059.56519147534,2195.97994224247,5598.69306872536,8088.6121334418,2507.95245294095,6265.45665271525,2352.01683013928,2254.44235211609,7775.8657754167,7740.25994320836,7812.66791919862,7927.95493711973,7944.49507190672,5643.34795161417,5911.39586878766,2112.40657552938,7520.12344987117,7648.84552122326,7801.73241820836,7710.61881334853,7691.47736664875,7511.43244721403,5747.52762186787,7666.47254426362,7752.59931002279,4765.91512811346,2156.91797151123,2210.29022505128,4977.92535384311,2234.67721387858,7618.88864270857,7850.51392051133,2341.8527757619,7333.93772258123,7304.50171856741,2394.71894653582,4943.84021671966,2363.03568854842,7828.33495590736,7782.78539097113,6977.60832413215,7311.89305238674,4578.37100195405,7209.58532564383,6573.27910641652,4657.01223252695,2352.95779254163,7182.84202167366,5148.54217014435,4548.22999327575,7789.4783959247,2153.00534120349,7134.10934747448,4846.19616997742,2210.30490555732,4839.11749928297,4789.11087714223,5027.84398710348,7092.20300411687,2185.16764313753,7536.19507977933,2164.01742020343,2365.86211567347,6949.13470527819,2285.78762835404,2176.07667271787,2204.21873188185,2180.14964003066,7702.70274076821,4749.50542506261,5048.85615696986,6964.45266628455,4885.46896622411,2418.63933287003,2155.34979137672,2228.33631008897,2240.37616226754,4809.66680112599,7274.68549150369,5090.33435133594,7415.57064857773,7165.96504084283,2061.61386888666,4481.72623578822,7158.0521908027,7011.56716344953,5107.33465220182,6672.69545327534,7806.12873864806,7564.9950195248,7529.05921796637,7116.36905011533,7831.62086828365,2203.62629446421,4794.79343792224,6981.21483207912,5089.51784068706,2214.03338717905,7453.2468831749,4884.81500036908,2200.04236692758,5204.3733338037,4877.70080726552,2303.34134716155,4896.78324604728,7095.36780845262,4401.271743859,7243.26106714428,2699.73561060693,7115.53626278015,5142.61516040998,7678.80041737537,7149.35787314526,7201.61623400935,2254.15220895181,2265.22848297438,7740.7879548538,4940.69571096213,7252.93839214037,2385.98348916534,2538.33674599048,6805.6583552319,4733.51452585075,7712.15810606733,2116.03940070166,4658.30804601197,7006.56025783952,4782.20431198663,6646.90581303211,4430.35099796061,7414.72289598436,2165.58034787612,7102.1669952007,7236.74791371024,5042.22967139261,7193.79195360817,2320.67133769435,2251.61072063903,7347.5323357112,4994.46835771077,7744.45722583581,4903.41895980561,4452.20804921363,4840.14462150468,6775.99607577148,2292.05822850989,2214.29817778985,4955.18442186044,4843.49692156529,4861.73193715587,7211.47905430863,4725.12174691364,2159.50239609922,7569.38303751736,5033.34004528412,7858.47375995552,2260.96267780907,7197.01302798254,7267.88823753266,7687.90972932278,2220.70240570489,7735.57835832913,7146.64369635807,7483.96776892983,7701.90017953315,2209.15764353047,7750.72144668058,7105.47785439693,7794.10061550962,2295.3037125278,7335.53693753313,7269.09071825935,4671.44573805232,5039.78012789608,7662.76287729083,2173.7060487976,6695.68694475329,7329.25435595674,4371.44389770498,7082.66822089646,7809.13198871965
7379.21332687939,7647.74023046733,5764.51184643719,5785.49437806503,16.2718746291671,147.042525514215,5426.69177658876,5454.33592827363,34.8874324751819,7960.46744324988,5659.98322419888,5317.85149881847,5165.11025093112,7675.92570223891,7947.56809958327,8462.94738039856,4879.96292910302,5408.19548358182,260.365180903088,5451.86158110894,5701.50033865083,7705.03712849007,5379.50330056409,7924.35041101464,7633.83490585825,102.953541545948,7659.34717680536,5677.71833173627,9.37103087189084,7721.07007499075,7535.60707832444,153.026364410941,7988.89268169193,7033.43501672502,5203.3851497243,5554.6749375404,80.6079619568659,5250.56521011871,7006.67746520105,7836.9965183803,7323.55808178124,244.547095477683,7857.70999968775,7898.97662686912,5271.814381769,7753.17248090273,7937.3051923496,5777.4205267422,6907.25438465233,35.6156029054747,5230.9774016205,79.023611578819,1e+08,7465.26731776508,96.0802569977657,7834.82890040368,7834.86567785917,7539.83112540626,7773.36546686877,138.23799221762,21.6331569283458,297.60971000095,60.1714738484805,4907.38172936454,165.614432636515,243.058887572039,119.040491946984,5789.49451239048,7713.11596779053,7624.30850956748,7214.51134876797,6741.46158425522,7385.28940131239,4069.65220955505,7497.40298611473,7046.79782752938,3733.10925140274,4684.98091155951,7533.59400927013,4020.48985222949,4306.04419678668,4235.70863465273,6991.18403514615,6574.16630685822,607.174553141881,4374.0196894339,6632.58198972506,7262.41203108179,1015.49282797719,405.510767671716,3614.58233988764,7076.4520239652,6523.90702311853,7146.92837297161,4127.17822631636,4269.57381259209,7506.32966321736,710.059437939829,578.21036408617,476.690515418646,6600.13296631758,559.375123752574,6868.25913338359,716.706718683898,4160.37973133986,7302.45690258575,733.232393926779,6978.2851283052,7205.73147121865,7181.00851241531,7113.9075757879,6587.9811734441,454.982039946698,7821.61237149375,530.278313606712,7919.97544107178,4099.31304655755,927.57582622836,6695.42537106746,841.525633684786,503.813424667701,6872.6617670471,7082.50115482751,597.534558498276,364.261014208696,7767.06368746939,972.214983555778,6481.02326648739,6981.05300272476,786.240695913981,7207.50817920971,4336.95171547422,4341.57393364572,4531.84540768359,7189.81137679289,2194.2650434258,7898.67430680631,2139.15640631645,7922.45068855016,8210.50706542418,7826.75522349213,2231.84627637823,5923.85383849867,8089.90713286191,2356.02483262169,7824.39429606514,5800.9123392273,2237.30454528001,7633.28559916531,2497.00559838883,5827.27234203731,2380.28130058968,2314.35134734919,7481.83077307471,7341.77635489567,7645.86105320025,7638.59784377286,2225.43209347738,7658.58447819829,2239.75380206669,7936.92767231038,8086.66371597205,5866.63360304074,7910.7991220808,8833.86111073706,7965.34915974522,7824.80066456356,7827.9998289432,5944.578633232,8004.85138658206,7622.06053047592,6083.75211663706,7647.78192644137,7866.7762508454,7820.0575519835,8651.26868395817,8130.29608136123,2518.32823693679,6042.61636787809,2200.88668094425,5779.73590156628,7853.92957739874,2456.92365528419,7607.29118021987,6395.88726931655,2347.86504420449,7657.15789473538,7593.99449755186,6043.83506748359,8037.64788434656,5800.83484699266,7896.14269314686,7805.51808103459,7219.43271956632,5899.07491434921,7696.83850946997,2360.39507048977,7534.56116887098,5819.72735767892,8114.70053599729,7118.10469515674,2344.37968661667,2279.41629209977,5909.86723478044,5940.9188514326,7697.82936465786,6004.21710005293,7941.64558450941,2391.70267820696,7897.77097003032,7963.26070004809,5901.42808836302,2331.1060660371,7655.24953062288,2255.48686555461,5606.64425642475,7729.92405982706,2494.82400605771,2435.49486111769,2191.16717672106,7880.67354580033,8235.37868257267,2286.44403700309,7385.10966894063,2252.6815508944,2415.4608024373,2055.0249000384,5802.23324485524,2462.87945335791,7760.43928542819,5972.59183802978,8649.30833124319,7620.41375960765,5917.71271249817,2379.47399692707,2420.6471928407,2341.18143221876,7830.48813494076,2342.74223610013,2515.8126435866,6035.96255523024,7616.50331493182,7960.54973996693,7910.16389918527,2437.50309187232,7781.87494703337,7866.74949655321,8054.18977783742,8119.68300444129,7883.26977635786,8217.73667294479,8184.57994741196,6077.24094449739,6057.21591795986,5962.55437269467,7448.36134695888,7773.60896530043,7612.8508944795,7751.23588917862,7990.74677570381,5933.07423924947,8035.55787937345,5953.6674408535,6107.67279765889,7604.85269258008,6041.58366210444,2481.8526423634,5899.29143991657,7694.37399553281,8150.17716048227,2067.9509209593,2200.16843561441,5668.22981387351,8166.81515547519,2496.47390563967,6338.35866788749,2343.32332257824,2255.348960536,7854.01211092502,7818.51773279168,7890.99228410725,8006.07736178921,8022.68480810911,5713.92845959642,5983.47291117286,2114.56298231301,7598.17130378134,7726.81851090026,7879.7761638178,7788.87642313093,7769.54603842864,7589.37775124726,5816.50193296892,7744.61918139643,7830.87262373379,4832.364864948,2129.92335164934,2190.06320456934,5045.36318348038,2219.05429513709,7697.18744965862,7928.68719893972,2316.60208639293,7412.02098007465,7382.66946072511,2372.80063563139,5012.10013342591,2340.12655301829,7906.52291424593,7861.03832868024,7055.59558893596,7390.05212760831,4643.00527904323,7287.65449698123,6651.28660549623,4722.29406652047,2328.82161694194,7260.94597731919,5217.48966783232,4613.80272053898,7867.85100506619,2130.12510658522,7212.17969410205,4914.63556665943,2186.0399833923,4907.95094237459,4856.12290379239,5096.87677516605,7170.33240899258,2164.6779973722,7614.44031502494,2144.16678278479,2345.67038382009,7027.2514219382,2263.94178239567,2144.32939564494,2177.40554168482,2151.87732351196,7780.87188507344,4817.45890946781,5117.7071990166,7042.61499156709,4953.27660900564,2397.59958978139,2134.74159883109,2206.34665809153,2216.10443382251,4878.09164581714,7352.85375294004,5159.10761716132,7493.78074262042,7244.18995673946,2040.55816184181,4547.18354569293,7236.29623573129,7089.61950560942,5177.12168197037,6750.76072276929,7884.28357108174,7643.26279825562,7607.18766328178,7194.4645742805,7909.8301806229,2189.07644939654,4862.21859715104,7059.32670598212,5158.98468053174,2193.02988439702,7531.36893446579,4953.21604130428,2177.08822958153,5274.32709697229,4944.67381014032,2281.66580612055,4965.06351627651,7173.47824850497,4464.32635032617,7321.27124462048,2673.13790099232,7193.70175657099,5212.20902972065,7757.04355070348,7227.55812391554,7279.74779873205,2231.68362189326,2241.03427471068,7818.87683195365,5008.2519515185,7331.23127553352,2353.68673503314,2501.19024956585,6883.74312384391,4800.2670039626,7790.33517001735,2095.59521557959,4725.71757621173,7084.64433346969,4848.54739869199,6725.00065088301,4498.13248699434,7492.89655308927,2141.3644436001,7180.26174938811,7314.78586839934,5111.25612663015,7272.10156249905,2298.06460324495,2233.18301646425,7425.64172183344,5063.29226886251,7822.76382115497,4970.26135634065,4518.19932580083,4907.24728778333,6854.0153922262,2270.7715647168,2197.36787874962,5024.28082006335,4909.62603088707,4928.76717894657,7289.61999165003,4792.33621571094,2133.34529633269,7647.51068622747,5101.92058081013,7936.60208903499,2230.56279357012,7275.28247372039,7346.07055343571,7766.12600169765,2194.80529860103,7813.74943714657,7224.7865524914,7562.1711713641,7779.88864307988,2194.22505600225,7828.68580650308,7183.6067222006,7872.24614617507,2270.73274054336,7413.82966653054,7347.19379717086,4739.24602518254,5109.36015629924,7740.85605077431,2151.95739411282,6773.83112821209,7407.47449269728,4435.86897446246,7160.73981915176,7887.30293401358
86.0539908856676,182.472912702277,1700.75547132788,1679.77293970004,7448.99544313591,7612.30984327929,2038.57554117629,2010.93138949144,7500.15475024023,495.200125484817,1805.28409356619,2147.41581894659,2300.15706683395,210.658384473861,482.300781818205,997.680062633486,2585.30438866204,2057.07183418323,7725.63249866816,2013.40573665613,1763.76697911424,239.769810725019,2085.76401720097,459.083093249571,168.567588093202,7362.31377621912,194.079859040292,1787.54898602879,7474.63834863694,255.802757225697,70.3397605593693,7618.29368217601,523.625363926879,431.832301040026,2261.88216804075,1910.59238022466,7384.65935580819,2214.70210764634,458.589852564014,371.729200615231,141.709235983817,7709.81441324275,392.442681922711,433.70930910407,2193.45293599606,287.905163137653,472.037874584537,1687.84679102286,558.012933112735,7429.65171485958,2234.28991614457,7386.24370618625,7465.26731776508,1e+08,7561.34757476284,369.561582638613,369.598360094107,74.5638076412087,308.098149103701,7603.50530998269,7486.90047469339,7167.65760776411,7525.43879161353,2557.88558840053,7630.88175040157,7708.32620533711,7584.30780971203,1675.77280537457,247.848650025451,159.041191802404,250.755968997079,723.805733509837,79.9779164526766,3395.61510821,32.1356683496701,418.469490235678,3732.15806636232,2780.28640620555,68.3266915050782,3444.77746553557,3159.22312097838,3229.55868311233,474.083282618911,891.10101090683,8072.44187090694,3091.24762833116,832.685328039989,202.855286683266,8480.76014574226,7870.77808543679,3850.68497787742,388.815293799866,941.360294646521,318.33894479346,3338.0890914487,3195.69350517297,41.0623454522881,8175.3267557049,8043.47768185122,7941.95783318372,865.13435144749,8024.64244151765,597.008184381463,8181.97403644895,3304.8875864252,162.810415179314,8198.49971169183,486.982189459853,259.535846546419,284.258805349745,351.359741977162,877.286144320963,7920.24935771175,356.345053728712,7995.54563137176,454.70812330672,3365.9542712075,8392.84314399343,769.841946697599,8306.79295144984,7969.08074243277,592.605550717953,382.766162937549,8062.80187626334,7829.52833197375,301.796369704347,8437.48230132083,984.244051277666,484.214315040302,8251.50801367903,257.759138555368,3128.31560229084,3123.69338411934,2933.42191008147,275.455940972163,7810.57835725101,1180.78499981094,7756.90453502081,1136.26463999809,1285.38670112436,1177.18746535972,7909.94393231987,3361.35242115977,1202.97238604912,7807.31556511725,1151.33355881033,3440.34528707635,7774.87292767646,1165.75402285818,8147.4775522932,3451.45031529879,7720.90649561504,7998.68975489231,1247.29642516094,1302.56796730171,1156.15475587405,1234.30907815276,7827.19720998914,1219.88560184955,7871.75772580357,1149.51649139769,1405.42724804328,3570.25847482928,1251.56617903983,1715.575937664,1131.87427417342,1122.08938173319,1137.04267801642,3234.89146348856,1329.46463777294,1243.67935417552,3320.26761858542,1144.81240954491,1204.81596699752,1147.78255674035,1507.71715540175,1326.84385235113,8064.6543991788,3251.64449643085,7772.33425351083,3415.53919916464,1145.45740675107,8222.78716921923,1141.04084316943,2822.44138502534,7844.12753020798,1159.4098376728,1171.87893374695,3075.83929144481,1201.65063252634,3486.61086585386,1095.48803624548,1145.22866537056,1158.52416970841,3416.49009922122,1075.09670694115,7958.1850730563,1237.47907299079,3332.11449416207,1274.57967572457,1296.19887059709,7872.2177277097,7823.21060089194,3428.61460662198,3478.270342884,1108.03021603699,3153.04782338568,1150.81931776376,7985.80204249423,1096.96789855425,1126.73185768243,3428.64137846404,8025.333446634,1105.00773956554,7754.62127903622,3734.86184775732,1231.4593747062,8129.66059108653,7783.54537234658,7902.44517574866,1107.60466164961,1335.06636866241,7829.52987814449,1180.15865968431,7822.78890645981,8113.94179207041,7463.04214017057,3528.39779037203,8076.57948572601,1224.05719237067,3232.00221180744,1637.56756924783,1221.62735947903,3295.02717478946,8066.00500919499,7887.38108021903,7745.7944858654,1150.04976777524,7948.62444378831,8103.81836970406,3443.94364861738,1231.42018295523,1147.00690557393,1118.46829718779,8070.55237698709,1055.80128950813,1236.40193472676,1317.53915203686,1304.54537443182,1128.32529508323,1317.15732084618,1275.65010086871,3220.91674802093,3288.79696388895,3309.93401571818,1249.7819935279,1181.82728662743,1205.67302195841,1169.14855855347,1209.26061266275,3448.35426904463,1309.13872303998,3258.77839558046,3066.84282652151,1205.98095741978,3077.94564115562,8005.50547973664,3373.38585403108,1231.85238432386,1269.64361160016,7493.1253759202,7631.61503169626,3640.89074216062,1321.42582745968,8173.08323520128,2917.70628982383,8030.41520331706,7735.67295471728,1199.95967274139,1115.65621404413,1101.52552658699,1281.51348926896,1249.92291989576,3473.15927790185,3154.31074594637,7664.89209554045,1184.88968307716,1259.6094848107,1271.25505021071,1104.80715322548,1216.64582144602,1243.22939921087,3690.75421017765,1161.14139432299,1110.23363450868,4270.77514307452,8402.91289381943,8267.1008237731,4091.44054205937,8163.18890818021,1047.42056460572,1214.8879621225,8462.81397312845,1142.69844945204,1089.92411775447,8404.88418480871,4007.64389030902,8413.97973737613,1196.08852937828,1135.7044205877,1238.5392435818,1095.41618423228,4515.83438565661,1153.9334976037,1387.23381408893,4426.87764380386,8440.30177822995,1135.66758099673,3852.85442461265,4435.37276994537,1058.36221651896,8302.7446888257,1161.41079066204,4023.22657507381,8366.403150269,3980.80911880753,4202.69044564552,3884.66430534489,1133.63742963246,8261.10270048292,1063.25103550749,8235.09122791347,8344.43827156961,1175.79365976243,8345.97064745594,8526.18802419388,8424.96757415706,8446.36396632046,1158.90876765611,4114.9976372819,3899.36786678503,1145.37596992097,4080.57616400567,8394.13620085819,8249.21154020966,8319.8905030454,8382.70618302484,4039.09055659569,1090.0522372736,3894.45449320991,1067.96721909934,1063.10178695964,8213.63644854733,4470.49437519631,1051.98676316844,1194.86832001235,3760.39286419838,1310.96801442891,1206.99666574037,1054.4902134737,1137.30382622622,1149.39665031316,1184.26444646302,8122.20036413555,4155.76574570848,1169.31785213039,3807.90198105817,8288.18758897498,1128.657972776,4012.92689601383,8328.96073317836,3702.81623086381,4176.75573740244,8350.73835555753,4022.40123534382,1144.22176061933,4718.13907080994,1186.40102570386,8705.52257837573,1107.84724401836,3772.28387251685,1103.36074303313,1081.02878637094,1117.18913227611,8345.19292691689,8394.1661203776,1221.4871336502,4090.12250714058,1009.58943256473,8668.39262079202,8892.74267851311,1243.09841878198,4250.00652613779,1157.20365766327,8225.92810506281,4208.83457099186,1178.36791031146,4276.60777209302,1309.31828762584,4266.41317740178,1091.51892105255,8341.37270546788,1152.19331746143,1170.57067581577,3880.19172682916,1003.85339799958,8383.63302676231,8242.25175485553,1127.22768082913,3922.31216495999,1084.85359929826,4182.84676478858,4430.78217604965,4175.11355874395,1288.12776184346,8334.99851990039,8186.85919482037,3904.25016422556,4279.67260777817,4175.20569273253,1110.60322928205,4204.0502156044,8384.46198629043,1146.51226301768,3937.80888826716,1245.53671871238,8544.86055745982,1030.31313438957,1081.38310633507,1123.89645481416,8411.88786113856,1169.35173973097,1116.69842077157,1081.25166458378,1266.96916461364,8134.28549015073,1297.35826494855,1131.56688423639,1207.73340576726,8419.92591280308,1007.75427746927,1130.54205021876,4162.34700277546,3812.36054151199,1192.87093230721,8286.04740381195,1261.16877845046,1056.36570221579,4605.91939857456,1169.02483132846,1198.37491593661
7475.29358387717,7743.82048746511,5860.59210343496,5881.57463506279,112.352131626933,50.9622685164487,5522.77203358653,5550.41618527138,61.1928245225838,8056.54770024764,5756.06348119663,5413.93175581623,5261.19050792888,7772.00595923668,8043.64835658104,8559.02763739632,4976.04318610079,5504.2757405796,164.284923905322,5547.9418381067,5797.58059564859,7801.11738548785,5475.58355756186,8020.4306680124,7729.91516285603,199.033798543714,7755.42743380312,5773.79858873402,86.709226125875,7817.15033198854,7631.6873353222,56.9461074131751,8084.97293868972,7129.51527372281,5299.46540672207,5650.75519453817,176.688218954632,5346.64546711649,7102.75772219882,7933.07677537804,7419.63833877902,148.466838479917,7953.79025668553,7995.05688386689,5367.89463876676,7849.25273790047,8033.38544934738,5873.50078373996,7003.33464165009,131.69585990324,5327.05765861825,175.103868576585,96.0802569977657,7561.34757476284,1e+08,7930.90915740145,7930.94593485692,7635.91138240402,7869.44572386652,42.1577352198539,74.44710006942,393.689966998715,35.9087831492853,5003.46198636231,69.5341756387496,146.978630574274,22.9602349492185,5885.57476938825,7809.19622478826,7720.38876656522,7310.59160576575,6837.54184125299,7481.36965831014,4165.73246655281,7593.48324311249,7142.87808452714,3829.1895084005,4781.06116855727,7629.67426626789,4116.57010922726,4402.12445378444,4331.7888916505,7087.26429214391,6670.24656385599,511.094296144116,4470.09994643166,6728.66224672284,7358.49228807956,919.412570979422,309.43051067395,3710.66259688541,7172.53228096296,6619.9872801163,7243.00862996936,4223.25848331413,4365.65406958986,7602.40992021513,613.979180942063,482.130107088405,380.610258420881,6696.21322331533,463.294866754808,6964.33939038135,620.626461686133,4256.45998833763,7398.53715958351,637.152136929015,7074.36538530297,7301.81172821641,7277.08876941309,7209.98783278566,6684.06143044186,358.901782948931,7917.69262849153,434.198056608946,8016.05569806954,4195.39330355532,831.495569230594,6791.50562806523,745.445376687019,407.733167669936,6968.74202404486,7178.58141182528,501.454301500509,268.180757210931,7863.14394446718,876.134726558015,6577.10352348515,7077.13325972253,690.160438916214,7303.58843620745,4433.03197247198,4437.65419064349,4627.92566468136,7285.89163379065,2195.01904877256,7993.78343789171,2141.72363360923,8017.66249087529,8305.73755447389,7921.81598964074,2228.5609139667,6010.38835774132,8185.15644640959,2358.87507879453,7919.50229382395,5887.0910318678,2240.19153014084,7728.25784716626,2487.4547926023,5913.31715539167,2387.0327647016,2308.29481236847,7576.59000848847,7436.40171199116,7740.85727478411,7733.4354487715,2225.82246775885,7753.46074798786,2238.31506429867,8032.1275449358,8181.4941683796,5951.70511885502,8005.77990293511,8929.17015473651,8060.60631824589,7919.96296977272,7923.13694431475,6031.96823131066,8099.75880749956,7716.87155706488,6170.33286939142,7742.80068740452,7961.81363031716,7915.1691374729,8746.71137846167,8225.34506055285,2512.57424130019,6129.72794903254,2203.46463722146,5866.14323823554,7949.06999341503,2443.44954176544,7702.30058491845,6485.20110771881,2349.04225901617,7752.15293221242,7688.93934228506,6132.11228239497,8132.8448762828,5886.66336144528,7991.40610457513,7900.62442267718,7314.38539324753,5985.25091035297,7792.00854419779,2356.8106307642,7629.35392886698,5906.66836303182,8209.83805931154,7212.79362483632,2344.30223746245,2280.65982337768,5995.93582878787,6026.57071139831,7792.94052409298,6092.05620728564,8036.84715565344,2387.37949493168,7993.03306752129,8058.52525564013,5987.51066580286,2324.12675542251,7750.34598097453,2259.47925727325,5690.86959338464,7824.8148431226,2485.98744050628,2440.23448307576,2187.64026679073,7975.90327329369,8330.54025946714,2287.49576104273,7479.99732437521,2253.61271288558,2405.97345993138,2070.54080235171,5887.73872736433,2455.767753718,7855.36357420421,6059.95181117154,8744.44690995283,7715.26943165665,6004.73095002028,2371.47959549497,2420.90301044913,2346.48389049871,7925.60286311221,2339.32071536218,2508.39644493752,6121.73100715615,7711.33731950198,8055.77504418489,8005.39771435182,2430.24555421325,7877.1264800652,7961.72453182172,8149.17319502746,8214.76564625573,7978.46415780355,8312.91227592827,8279.79764393866,6164.50893048246,6144.05102536007,6049.38954702463,7543.10943567042,7868.62478064442,7707.73578564482,7846.26221079336,8085.88306414481,6018.95969343028,8130.53915257883,6040.87552070142,6195.90354835825,7699.73380176858,6129.8511280147,2478.00949266991,5985.78171758687,7789.24404846707,8245.36548675548,2082.14506148474,2209.06151239294,5753.10554260407,8261.91874066072,2485.83259481049,6427.19095333755,2336.31307372286,2260.17567230028,7949.04910411097,7913.68737373511,7986.24092555896,8101.08546596425,8117.77295813774,5800.0366008633,6071.34012260146,2121.15136525221,7693.09202970186,7821.64978424466,7974.69105537254,7884.04592735704,7864.49093404571,7684.17662815939,5900.70336080952,7839.65685924798,7926.06069457462,4913.6587546112,2100.64233471712,2169.0974042962,5127.8027374812,2203.73032122486,7792.40617028072,8023.75602583993,2289.20306819371,7506.98442460525,7477.73335095718,2349.45871278843,5095.51254743796,2315.60249324408,8001.60926529276,7956.20208951909,7150.44646570451,7485.10570017234,4722.18008645074,7382.60166295556,6746.16329072592,4802.22276930622,2302.79040599376,7355.93453990088,5301.69779916506,4694.08699535692,7963.15707888322,2105.96904531228,7307.12853778661,4998.26774206671,2160.0676969524,4992.04814285498,4938.077495851,5181.19435793611,7265.35150656465,2143.42966287833,7709.59557793155,2123.74577795613,2324.50545772368,7122.25599107655,2240.85041342052,2109.07711262731,2148.27262677526,2120.96393069716,7875.93621726396,4900.52690212212,5201.80877301288,7137.67361020672,5036.16053084744,2375.31125411965,2113.39817377607,2183.16837036641,2190.07522384501,4961.7097687189,7447.91835686864,5243.11430858455,7588.89459547613,7339.32217714738,2018.83241121629,4627.33994655336,7331.45118883081,7184.54745674788,5262.32357001874,6845.70541023269,7979.33058231234,7738.4447765552,7702.20414261444,7289.44337026459,8004.94192355963,2175.12560916155,4944.65972411822,7154.32540872466,5243.80996514396,2171.09676158985,7626.37806076296,5036.79976766651,2152.76044626245,5359.71945600072,5026.57393112333,2258.75837704309,5048.50383824664,7268.47482578725,4541.66380409077,7416.14823208779,2643.62231266414,7288.76360644167,5297.18059647236,7852.19592600283,7322.66111762101,7374.76907411794,2207.87014573795,2215.06227212094,7913.8455967413,5090.83448195214,7426.44393366184,2317.44450313762,2458.69275331764,6978.7103668575,4881.92111165959,7885.40889212837,2074.52527640634,4808.15343050563,7179.60995755132,4929.71385551164,6819.98048853265,4581.02942302803,7587.96711871566,2115.52771726863,7275.23968407788,7409.69586573628,5195.5651725286,7367.33424458162,2273.97742402439,2214.3729995436,7520.6361555487,5147.36595415453,7917.99149105781,5052.00496740104,4598.98790312292,4989.3038873741,6948.90515851048,2248.36293433859,2180.4672313809,5108.67888529559,4990.53383745953,5010.74222009957,7384.65236121372,4874.53567406617,2105.10359031589,7742.5260905385,5185.70412915517,8031.61742098747,2196.86618294907,7370.46746436134,7441.15186969712,7861.2464142124,2166.78658674943,7908.81597437981,7319.82142394517,7657.27686964153,7874.73812587505,2179.79385376341,7923.50645091443,7278.62513479403,7967.28212859475,2244.24674894175,7509.04191191265,7442.18101190227,4822.14083546919,5194.32245201326,7835.83017281517,2129.16918248874,6868.8692452347,7502.6005349781,4514.82457172694,7255.69034404935,7982.3691020992
455.615573524281,187.088669936336,2070.31705396649,2049.33452233865,7818.5570257745,7981.8714259179,2408.13712381491,2380.49297213005,7869.71633287885,125.638542846203,2174.8456762048,2516.9774015852,2669.71864947257,158.903198164751,112.739199179592,628.118479994871,2954.86597130065,2426.63341682184,8095.19408130676,2382.96731929474,2133.32856175285,129.791771913594,2455.32559983958,89.5215106109585,200.99399454541,7731.87535885773,175.481723598321,2157.1105686674,7844.19993127556,113.758825412916,299.221822079244,7987.85526481462,154.063781288266,801.39388367864,2631.44375067936,2280.15396286327,7754.2209384468,2584.26369028495,828.151435202626,2.16761797661832,511.27081862243,8079.37599588137,22.8810992840973,64.1477264654575,2563.01451863467,81.6564195009595,102.476291945925,2057.40837366148,927.57451575135,7799.21329749819,2603.85149878318,7755.80528882486,7834.82890040368,369.561582638613,7930.90915740145,1e+08,0.0367774554943271,294.997774997404,61.4634335349115,7973.06689262128,7856.46205733201,7537.21919040273,7895.00037425214,2927.44717103913,8000.4433330402,8077.88778797572,7953.86939235065,2045.33438801319,121.712932613162,210.520390836209,620.317551635691,1093.36731614845,449.539499091289,3765.17669084862,337.425914288942,788.031072874292,4101.71964900093,3149.84798884416,301.234891133535,3814.33904817418,3528.78470361699,3599.12026575095,843.644865257524,1260.66259354544,8442.00345354555,3460.80921096977,1202.2469106786,572.416869321878,8850.32172838086,8240.33966807538,4220.24656051603,758.376876438479,1310.92187728513,687.900527432073,3707.65067408731,3565.25508781158,328.499237186325,8544.88833834351,8413.03926448985,8311.51941582231,1234.6959340861,8394.20402415626,966.569767020077,8551.53561908756,3674.44916906382,532.371997817927,8568.06129433045,856.543772098464,629.097429185032,653.820387988357,720.921324615773,1246.84772695957,8289.81094035037,13.2165289099012,8365.10721401039,85.1465406681077,3735.51585384612,8762.40472663203,1139.40352933621,8676.35453408846,8338.64232507138,962.167133356566,752.327745576163,8432.36345890195,8199.08991461236,67.7652129342651,8807.04388395946,1353.80563391628,853.775897678916,8621.06959631767,627.32072119398,3497.87718492946,3493.25496675795,3302.98349272008,645.017523610775,8165.91941198298,1127.03602123313,8112.77582448034,1069.26411218298,1136.77997979697,1147.73450166458,8265.19288821891,3607.8071605605,1083.67745890126,8160.4118499942,1120.68824545501,3694.79555638691,8129.49963046398,1198.85351038578,8500.2550131272,3703.6012961213,8073.3160096271,8353.23657018242,1325.55048726857,1416.95871522747,1185.05101363735,1267.24711967314,8182.18600490783,1246.44676656284,8226.73607179379,1078.77251812654,1315.74301225349,3816.98976945146,1200.58670879699,1456.43198362177,1048.39623723981,1088.96817912386,1104.00476697685,3482.61882599959,1256.31091004038,1281.70883126541,3554.3103726528,1172.81766321228,1164.1612754206,1118.36151312406,1255.42286288757,1212.77000984189,8416.64008073118,3490.63110051928,8127.44377900498,3672.21564132189,1104.01728300425,8576.59804011456,1181.96083233154,3038.2398982781,8197.49378545498,1184.77775200194,1217.33088251047,3319.08166333671,1101.24654248694,3740.0405628667,1033.64347046092,1120.63963719112,1312.97664360792,3663.73990921621,1084.34906607882,8311.89399240686,1300.87824253961,3587.67554723843,1157.86918307528,1466.46184184311,8225.75492291268,8177.44753299361,3674.74938863624,3720.95565045876,1118.26430090792,3397.74385213841,1078.51143080724,8339.20494810311,1034.67428867522,1043.35603647424,3675.44693534234,8379.78415664681,1129.53861329002,8108.92431067227,3997.38062051127,1236.55134507972,8482.36456451199,8135.38735264926,8258.20061201046,1052.86087166292,1186.86461184165,8183.69539633416,1287.3331409141,8177.39089476118,8467.6933315391,7819.2467072077,3780.83948813641,8429.44350646248,1219.25511994767,3477.4269334183,1416.47461597575,1259.74755616782,3543.51958887421,8419.99773085792,8239.89391288482,8098.86172619834,1117.19236341106,8302.53479995591,8456.06444145624,3679.64391219596,1270.87567400717,1067.29150864279,1053.96559545614,8423.74830892324,1033.19932547235,1198.42301351399,1227.1773041866,1190.70064014647,1074.76200787885,1171.82199438803,1134.52262732413,3457.6000850771,3525.73158272501,3554.36238080849,1337.28660703929,1170.39551474734,1245.8025802783,1164.36136217828,1126.59393373866,3692.24140273635,1223.78391479836,3505.14951105534,3304.52770724336,1248.53066658019,3321.33312864161,8357.70729057985,3621.56080740332,1247.88625180011,1139.69990773212,7849.21550949797,7986.27324722112,3900.93044708234,1194.27373270622,8526.02214157126,3137.04841826513,8384.72336544648,8089.90969917532,1163.16321650523,1084.25495598598,1042.28839974457,1202.4758202932,1161.39653748105,3733.52219532657,3400.78428616274,8020.78967614607,1229.20075376479,1266.89809918984,1231.98599799715,1083.15654267377,1208.55175996623,1290.81920447462,3939.11646170214,1158.11502202522,1073.95054608794,4569.67127768358,8762.14884089973,8624.75072594159,4382.22194369824,8519.8694699448,1055.4126515984,1154.31300247859,8820.11612002254,1243.45939305355,1201.67810543327,8761.04373970597,4302.11075386717,8770.63626121081,1141.15928361546,1090.85945561402,1428.62979256122,1204.66901255171,4819.80836043193,1289.87294139155,1650.78537663254,4728.51952526433,8797.28790118253,1280.27969465086,4138.5010727264,4742.15687521354,1003.28221054246,8661.35064609565,1317.61819060475,4322.89139684159,8724.7183641367,4281.85969664777,4501.66944764933,4176.97145113314,1303.4630978224,8619.03426235368,1100.76531277698,8593.12485271175,8700.55613913849,1379.04149076459,8703.17007033893,8886.08199513092,8783.77104794995,8805.62098152021,1143.64820630711,4417.92185371228,4190.06875805202,1347.94458891869,4376.78770048299,8749.88783778915,8607.44314355376,8677.65809442695,8740.75155222696,4340.43060751802,1210.81502975879,4182.75319371131,1145.63375448301,1218.06974167441,8572.7990993316,4779.80509394027,1210.23939629286,1380.44486816493,4050.82500627153,1563.05088886994,1160.66363484247,1081.86990082599,1178.20782320736,1311.34099224691,1126.99431904174,8479.04230762341,4455.38558675197,1365.08228569573,4098.27115144894,8645.92740070851,1193.49604651102,4310.64684705341,8687.15048250854,3988.47231808981,4471.46374659363,8707.73947208267,4319.23110353699,1312.2825143527,5027.09296753233,1311.18531929519,9059.77711739546,1273.47105898502,4060.18996494709,1092.87430251909,1239.3344132925,1257.73286775156,8702.79982049748,8751.97215905838,1197.8803394559,4383.0379691465,1142.14030352189,9026.73966055458,9251.02473185992,1473.58238194977,4550.98629666162,1138.63594721602,8584.50277814272,4514.54585539842,1366.75568962681,4574.54498978018,1567.09158177991,4582.26958060741,1168.97819262462,8700.07903890736,1317.75470977974,1297.97808959592,4171.73534873371,1155.46957129872,8740.63676836677,8599.20533931071,1224.47152476246,4215.73819433241,1049.37319904166,4476.03263419046,4742.20999654252,4471.89525066358,1520.29077934082,8692.03945139054,8543.95026007443,4200.42479760048,4574.32818934214,4470.81379943863,1248.74871665193,4506.38346425612,8743.53785862105,1174.64649129423,4228.57493841577,1185.48057170033,8903.83719815097,1178.6887525911,1204.67943309149,1111.4842682984,8770.39022377524,1143.70774662112,1272.87295953309,1136.42761227569,1258.49395877311,8491.12646211092,1275.88689069336,1297.94499192809,1165.50269100747,8777.52542635651,1113.69074424112,1250.82144840574,4468.37383867774,4105.69228827029,1192.68791975999,8644.28523126359,1514.34819517337,1162.01420548926,4917.93257840243,1338.4097185008,1150.22498900682
455.652350979774,187.12544739183,2070.35383142198,2049.37129979415,7818.59380322999,7981.90820337339,2408.1739012704,2380.52974958555,7869.75311033436,125.601765390709,2174.88245366029,2517.01417904069,2669.75542692806,158.939975620246,112.702421724098,628.081702539378,2954.90274875615,2426.67019427734,8095.23085876226,2383.00409675023,2133.36533920835,129.828549369088,2455.36237729508,89.4847331554642,201.030772000905,7731.91213631323,175.518501053815,2157.1473461229,7844.23670873105,113.795602868411,299.258599534738,7987.8920422701,154.027003832772,801.430661134133,2631.48052813486,2280.19074031876,7754.25771590231,2584.30046774045,828.188212658121,2.130840521124,511.307596077925,8079.41277333684,22.844321828603,64.1109490099632,2563.05129609017,81.6931969564538,102.439514490431,2057.44515111697,927.611293206841,7799.2500749537,2603.88827623867,7755.84206628036,7834.86567785917,369.598360094107,7930.94593485692,0.0367774554943271,1e+08,295.034552452898,61.5002109904058,7973.10367007679,7856.49883478752,7537.25596785821,7895.03715170765,2927.48394849464,8000.48011049568,8077.92456543122,7953.90616980613,2045.37116546868,121.749710068656,210.557168291704,620.354329091187,1093.40409360395,449.576276546783,3765.21346830411,337.462691744437,788.067850329785,4101.75642645643,3149.88476629966,301.271668589029,3814.37582562967,3528.82148107248,3599.15704320644,843.681642713018,1260.69937100094,8442.04023100104,3460.84598842527,1202.2836881341,572.453646777373,8850.35850583635,8240.37644553088,4220.28333797152,758.413653893973,1310.95865474063,687.937304887568,3707.6874515428,3565.29186526707,328.53601464182,8544.92511579899,8413.07604194533,8311.5561932778,1234.73271154159,8394.24080161174,966.606544475569,8551.57239654308,3674.48594651931,532.408775273422,8568.09807178595,856.580549553959,629.134206640525,653.857165443852,720.958102071267,1246.88450441507,8289.84771780587,13.2533063653955,8365.14399146589,85.1097632126131,3735.55263130161,8762.44150408754,1139.4403067917,8676.39131154395,8338.67910252685,962.20391081206,752.364523031655,8432.40023635745,8199.12669206785,67.8019903897594,8807.08066141495,1353.84241137177,853.81267513441,8621.10637377315,627.357498649475,3497.91396238495,3493.29174421345,3303.02027017558,645.054301066271,8165.95483708186,1127.03657514892,8112.81130044465,1069.26359181733,1136.77020298067,1147.73745461494,8265.22830379195,3607.8327328712,1083.67120527942,8160.44706144164,1120.69121856761,3694.82184581676,8129.53498785904,1198.86242794362,8500.29019126295,3703.62737008494,8073.35115649885,8353.27191819158,1325.56317216525,1416.97443589764,1185.05958934785,1267.25571807755,8182.22139634798,1246.45483430059,8226.77146189123,1078.77154725962,1315.73894849356,3817.01531018158,1200.58718872494,1456.4085665157,1048.39408176725,1088.97107406719,1104.0075861353,3482.64455357104,1256.30882792816,1281.71786228878,3554.33480901001,1172.8262118602,1164.16299702546,1118.36462387347,1255.40064608849,1212.76372777021,8416.67518407622,3490.65601642419,8127.47918236743,3672.24214282183,1104.01923773298,8576.63331622309,1181.97058415521,3038.26284798472,8197.52902228289,1184.78598594238,1217.34090431319,3319.10703054065,1101.24226671724,3740.0667459259,1033.64370702113,1120.64322811614,1312.99628632455,3663.76553934905,1084.35625065227,8311.92926090668,1300.88962251093,3587.70196823719,1157.862852867,1466.48243661422,8225.79017577671,8177.48285289324,3674.77491218537,3720.98084049986,1118.27139235684,3397.76932674794,1078.5102954527,8339.24018721597,1034.67447150013,1043.35392170593,3675.47252097249,8379.81949529135,1129.54704498381,8108.95963743286,3997.40758773251,1236.55734704566,8482.39973578838,8135.42244490452,8258.23607586952,1052.8617373377,1186.85466886194,8183.73070938303,1287.34864194655,8177.42624941567,8467.72860284012,7819.28221711509,3780.86556906404,8429.47869344802,1219.26021536958,3477.45244969364,1416.45569446372,1259.75668740771,3543.54536878061,8420.03302553239,8239.92906805555,8098.89693543282,1117.19512897466,8302.57008772505,8456.09956928567,3679.66846396427,1270.88488733665,1067.28964732837,1053.96542840181,8423.78352760312,1033.20362965066,1198.42484525308,1227.17351888827,1190.69447703172,1074.76286829642,1171.81243408475,1134.51369983598,3457.62479835908,3525.75629692978,3554.38778111626,1337.30011247687,1170.40017849591,1245.81196494827,1164.3667218388,1126.59143795037,3692.26671257655,1223.78067799614,3505.17510626416,3304.55256674605,1248.54027233897,3321.35850844215,8357.74241505582,3621.58653523958,1247.8932835275,1139.69220233368,7849.25100829856,7986.30860880027,3900.95720494663,1194.2660962071,8526.057334894,3137.07164972625,8384.75869046652,8089.94501978747,1163.16533979929,1084.25805409664,1042.28885785068,1202.47334828677,1161.39324384262,3733.54902255588,3400.80992388429,8020.82515530932,1229.21061308069,1266.90418705895,1231.98754445456,1083.16064120496,1208.55657539351,1290.82911831955,3939.14212394092,1158.1205889839,1073.95320277755,4569.70153716523,8762.18463352317,8624.78636796865,4382.25147197139,8519.90502016617,1055.41988351423,1154.31270397146,8820.15172773795,1243.4744798147,1201.69436534322,8761.07923868401,4302.14063495555,8770.67180757507,1141.15964142762,1090.86113142541,1428.65220829985,1204.68503363258,4819.83906693945,1289.89102568744,1650.8136275463,4728.55002335917,8797.32347885571,1280.29858158366,4138.53016038625,4742.18785083319,1003.28335292157,8661.38637912038,1317.63797232564,4322.921756889,8724.75406908367,4281.89019008613,4501.6997226004,4177.00114967203,1303.48411128037,8619.06993127999,1100.7751566944,8593.16053151911,8700.59163452185,1379.06515492037,8703.20566892683,8886.1178499925,8783.80679918925,8805.65677594374,1143.65262026402,4417.95250441746,4190.0983059598,1347.96827496238,4376.81773363685,8749.92329789466,8607.47884116261,8677.69374737846,8740.78723133483,4340.46112055923,1210.83206132515,4182.78252019053,1145.64715398595,1218.0897620366,8572.83488591048,4779.83630128388,1210.25973098236,1380.46701793435,4050.85455060937,1563.07830029366,1160.66478756418,1081.87887316615,1178.21759158625,1311.36129590243,1126.99450550447,8479.07787349219,4455.41592661126,1365.10534913443,4098.30068253676,8645.96305119043,1193.50801820444,4310.67702849618,8687.18617568659,3988.50143148999,4471.49362825339,8707.77505171827,4319.26120139903,1312.30334714498,5027.12412060271,1311.2023298001,9059.81243240507,1273.49180623471,4060.21927432704,1092.87947279724,1239.35464492267,1257.75147630606,8702.83545797215,8752.00781526191,1197.88364076343,4383.06769554132,1142.15867954735,9026.77536698083,9251.06043097843,1473.60813706973,4551.01675194394,1138.6400532848,8584.53850859452,4514.57675396134,1366.77811775846,4574.57515951154,1567.11946136888,4582.30141327132,1168.99145963375,8700.11478130531,1317.77530827482,1297.99538250975,4171.76497737158,1155.48955149033,8740.67234805665,8599.24091507071,1224.48636827259,4215.76799088088,1049.37608513263,4476.06237375614,4742.24140415815,4471.92532498639,1520.31658954513,8692.07503491981,8543.98584928707,4200.45485065327,4574.35805367699,4470.84376483918,1248.76714643008,4506.41405019155,8743.57363605981,1174.65504350006,4228.60448673094,1185.48017681048,8903.87296532993,1178.7083549732,1204.69671677829,1111.48914091973,8770.42594634228,1143.71110847221,1272.89288730874,1136.43895036936,1258.49851296041,8491.16202780991,1275.89006279392,1297.96572422252,1165.50424355754,8777.5610627035,1113.70688776786,1250.83827614613,4468.40477140433,4105.72209207675,1192.69359995812,8644.320929263,1514.37577228841,1162.03009004418,4917.96402573479,1338.43058626173,1150.22600579808
160.617798526876,107.909105061069,1775.31927896909,1754.33674734125,7523.55925077711,7686.87365092048,2113.1393488175,2085.49519713264,7574.71855788144,420.636317843608,1879.8479012074,2221.9796265878,2374.72087447516,136.094576832653,407.736974176996,923.116254992275,2659.86819630325,2131.63564182444,7800.19630630935,2087.96954429734,1838.33078675545,165.206003083811,2160.32782484218,384.519285608363,94.0037804519938,7436.87758386033,119.516051399083,1862.11279367,7549.20215627817,181.238949584488,4.22404708183938,7692.8574898172,449.06155628567,506.396108681234,2336.44597568196,1985.15618786587,7459.2231634494,2289.26591528755,533.153660205222,297.165392974022,216.273043625026,7784.37822088396,317.878874281501,359.145501462862,2268.01674363727,213.341355496445,397.474066943329,1762.41059866407,632.576740753943,7504.21552250078,2308.85372378578,7460.80751382745,7539.83112540626,74.5638076412087,7635.91138240402,294.997774997404,295.034552452898,1e+08,233.534341462492,7678.06911762388,7561.46428233461,7242.22141540533,7600.00259925476,2632.44939604173,7705.44555804278,7782.89001297831,7658.87161735324,1750.33661301578,173.284842384242,84.4773841611948,325.319776638288,798.369541151045,154.541724093885,3470.17891585122,42.4281392915385,493.033297876887,3806.72187400352,2854.85021384676,6.23711613613043,3519.34127317677,3233.78692861959,3304.12249075354,548.647090260119,965.66481854804,8147.00567854815,3165.81143597237,907.249135681199,277.419094324474,8555.32395338346,7945.341893078,3925.24878551863,463.379101441075,1015.92410228773,392.902752434669,3412.6528990899,3270.25731281418,33.5014621889205,8249.89056334609,8118.04148949243,8016.5216408249,939.698159088697,8099.20624915885,671.571992022671,8256.53784409017,3379.45139406641,237.374222820523,8273.06351933304,561.545997101061,334.099654187626,358.822612990954,425.92354961837,951.849951962172,7994.81316535297,281.781246087503,8070.10943901299,380.144315665512,3440.51807884871,8467.40695163463,844.405754338808,8381.35675909106,8043.64455007397,667.169358359162,457.329970578759,8137.36568390454,7904.09213961498,227.232562063139,8512.04610896204,1058.80785891887,558.77812268151,8326.07182132025,332.322946196576,3202.87940993205,3198.25719176055,3007.98571772268,350.019748613371,7882.16767534154,1160.70227943309,7828.60399324137,1113.23238980952,1248.03774652789,1161.87705390808,7981.51531886991,3409.28706737861,1170.5162842097,7878.43566772751,1135.57241021413,3490.0269064031,7846.31242979336,1163.08972976468,8218.53615577505,3500.64626545419,7791.88167507719,8070.11565164724,1254.74072585794,1318.12491859156,1152.53951839966,1232.13119024818,7898.71312476425,1216.28201496492,7943.27206101143,1125.87144328151,1379.85149717675,3618.35537456586,1232.55810248751,1659.92596521638,1105.63168508945,1105.58253680486,1120.68348188917,3283.02946460641,1306.64255925342,1242.62597841589,3365.53209836863,1140.91843713888,1187.49887011804,1132.23524079076,1452.77700574162,1296.17399972274,8135.54651595546,3297.92344195257,7843.87465479024,3465.68477091584,1127.50542295349,8294.06244758759,1139.80571289018,2863.45141940229,7915.30460962538,1155.09015991072,1171.84229510028,3122.92115149944,1172.7388514123,3536.09635108544,1073.09398958077,1130.62426085381,1182.03253716211,3464.62286694734,1066.70895172533,8029.43541230043,1241.70364702482,3381.98079991297,1243.09221888802,1324.02429677293,7943.43094320385,7894.56932200247,3476.51566059247,3525.46134534591,1100.15080112703,3200.48914498003,1126.88292793178,8056.98887007887,1074.50025014765,1100.46489611452,3476.68551055584,8096.73963197048,1100.04802382508,7825.99282708132,3786.38970707096,1223.53242532428,8200.70360014943,7854.40296554343,7974.12229074738,1086.70557922483,1298.07405340398,7900.87376524347,1193.37124637433,7894.22391698894,8185.20321537526,7534.8073944915,3577.69183194825,8147.65512404155,1214.06448616026,3279.64585774565,1588.51994122713,1220.43520898706,3343.3619346774,8137.31612123321,7958.38051988875,7816.90755980975,1133.83766301486,8019.91672024447,8174.76543211629,3489.63005407779,1230.57686452248,1121.61257884345,1095.76574841493,8141.69721326911,1040.76600018392,1219.85087825965,1291.32445133537,1273.78474300961,1107.84153521812,1280.59448287271,1239.62053774062,3266.68545115694,3334.65968159987,3357.40831351078,1259.21961633461,1170.16843202805,1204.78215081791,1158.73133535777,1183.78849370732,3495.78616860868,1283.83312192686,3306.63960647031,3112.72776117453,1205.59768413636,3125.05996348898,8076.44180223503,3421.69407974471,1226.1672769784,1235.65003928632,7564.86708583123,7703.05906131798,3691.85334681208,1288.2666121275,8244.17589471388,2959.55530491312,8101.79169144307,7807.03036798438,1183.36928268664,1099.43387955044,1079.69429902396,1257.24652226352,1223.61830556565,3524.11939515595,3202.13363613513,7736.59583822536,1184.71522593517,1252.33194787665,1254.6951718031,1090.43341371732,1205.931321888,1244.16829705814,3739.25199125641,1151.01564719172,1092.99271280946,4330.20292792705,8475.32187107725,8339.17764928236,4149.09989506217,8235.06232833535,1038.5010900054,1193.73395478884,8534.82020612634,1154.24163113828,1103.4532284085,8476.65156402704,4066.06892901945,8485.85084826996,1175.89482401004,1116.9970073085,1270.54232914447,1108.44107484689,4576.38778984225,1173.28340204702,1436.65163783344,4486.91967936468,8512.24189087929,1156.82135642646,3909.35492957333,4496.51008085181,1036.92968059838,8375.02135297257,1185.33120363065,4082.7653039123,8438.61974221427,4040.63441149706,4262.12185837919,3942.59679978888,1160.44979749829,8333.23824248664,1060.60644063899,8307.24781497382,8416.19629203203,1210.4804470411,8417.95428524347,8598.73522397395,8497.28653634015,8518.77770216684,1146.2913100666,4175.25229391738,3956.96101575671,1179.74320449386,4139.39074295229,8465.81839685928,8321.40958261355,8391.99240821799,8454.86663933878,4098.99071056876,1105.56744933816,3951.53317789296,1073.89266026095,1086.05439127933,8286.0284921986,4532.17509879796,1075.59832513248,1225.61829323994,3817.88991378482,1357.50372162254,1188.57529386257,1049.64524627232,1136.03412824852,1174.52948896995,1163.52033074644,8194.10701954309,4215.32388794372,1202.25280457086,3865.39909660765,8360.28338559982,1132.3651736361,4072.04782392785,8401.15080097635,3759.27356151014,4235.27157126543,8422.68067662888,4081.33429491054,1170.70212315609,4779.78172420184,1203.50843911327,8776.89634009574,1133.53661017639,3829.24381037038,1091.22043329745,1104.87100642812,1137.3037831425,8417.26155655072,8466.27676668385,1207.68840116318,4148.23639936312,1027.04439597895,8740.61854313052,8964.95695264148,1284.37985811453,4309.87391844204,1143.9070339142,8298.19752937605,4269.70265422233,1209.66692011719,4335.83259620588,1357.17266960283,4329.45665748248,1097.60892986257,8413.67066326729,1178.15948818252,1188.14825549696,3937.95982782722,1025.56340089988,8455.57623476413,8314.18301845192,1137.88702873605,3980.49360273436,1067.53596648077,4241.03978536842,4492.9072522197,4234.07083947866,1329.9731471884,8406.94898319949,8258.81855937474,3963.01458737779,4338.19971365644,4233.91293325084,1130.13482436078,4264.1969058317,8456.83741524422,1142.65923914422,3995.42614471613,1224.70758896232,8617.21665330354,1051.51281749085,1097.38907307548,1111.55250825998,8484.14390519661,1154.73787098229,1140.31361263673,1082.49583183524,1256.54136839857,8206.19207645548,1284.52118997219,1157.58522762146,1190.12707272532,8491.99373524537,1019.27248086694,1146.26345240167,4223.27349531144,3870.4927952751,1183.57797238062,8358.24709665681,1307.79587988547,1068.2692569793,4668.19551008916,1195.95816557131,1179.52954367159
394.152139989369,125.625236401424,2008.85362043158,1987.87108880375,7757.09359223958,7920.40799238297,2346.67369028,2319.02953859514,7808.25289934393,187.101976381115,2113.38224266989,2455.51396805029,2608.25521593765,97.4397646298398,174.202632714503,689.581913529784,2893.40253776574,2365.16998328693,8033.73064777185,2321.50388575983,2071.86512821794,68.3283383786821,2393.86216630467,150.98494414587,139.530561010499,7670.4119253228,114.01829006341,2095.6471351325,7782.73649774065,52.295391878005,237.758388544332,7926.39183127971,215.527214823177,739.930450143727,2569.98031714446,2218.69052932836,7692.75750491189,2522.80025675004,766.688001667715,63.6310515115299,449.807385087518,8017.91256234646,84.3445328190088,125.611160000369,2501.55108509976,20.1929859660481,163.939725480837,1995.94494012656,866.111082216436,7737.74986396328,2542.38806524826,7694.34185528994,7773.36546686877,308.098149103701,7869.44572386652,61.4634335349115,61.5002109904058,233.534341462492,1e+08,7911.60345908638,7794.9986237971,7475.75575686781,7833.53694071726,2865.98373750422,7938.97989950529,8016.42435444081,7892.40595881574,1983.87095447827,60.2494990782503,149.056957301298,558.854118100781,1031.90388261354,388.076065556378,3703.71325731371,275.962480754031,726.567639339379,4040.25621546603,3088.38455530925,239.771457598623,3752.87561463927,3467.32127008208,3537.65683221603,782.181431722613,1199.19916001053,8380.54002001064,3399.34577743486,1140.78347714369,510.953435786966,8788.85829484594,8178.87623454048,4158.78312698111,696.913442903567,1249.45844375022,626.437093897161,3646.1872405524,3503.79165427666,267.035803651413,8483.4249048086,8351.57583095494,8250.05598228741,1173.23250055119,8332.74059062134,905.106333485165,8490.07218555266,3612.98573552891,470.908564283016,8506.59786079553,795.080338563553,567.633995650119,592.356954453446,659.457891080861,1185.38429342466,8228.34750681545,48.2469046250103,8303.64378047548,146.609974203019,3674.0524203112,8700.94129309711,1077.9400958013,8614.89110055356,8277.17889153647,900.703699821655,690.86431204125,8370.90002536703,8137.62648107747,6.30177939935365,8745.58045042454,1292.34220038136,792.312464144002,8559.60616278275,565.857287659068,3436.41375139454,3431.79153322305,3241.52005918517,583.554090075864,8106.73290230228,1127.78702371581,8053.50379268429,1071.89809364709,1154.64145177684,1144.44145269801,8206.02220964819,3565.34387597529,1095.80485239227,8101.58501378284,1117.40114555996,3651.11313630258,8070.42717462456,1185.45180680102,8441.48345347871,3660.28264197432,8014.59809715336,8294.1794336229,1305.62716083852,1391.79620783196,1172.24469077118,1254.30250980845,8123.05612276411,1234.42202450194,8167.60835603389,1082.14179152666,1323.9453517429,3774.56468198909,1201.35862869888,1496.31846399568,1053.78741365505,1085.86123078979,1101.0011802444,3439.90281604739,1261.28514966419,1268.01737056274,3513.77213478268,1160.0731551124,1162.90689947057,1114.84719811137,1293.48044791745,1224.7678182369,8357.99458231781,3449.28745883451,8068.29394262898,3628.17609273641,1102.46132664615,8517.66144305799,1167.16976143004,3000.27042809173,8138.62413726484,1172.54906287216,1202.03864958964,3276.98971064548,1110.07317544186,3696.5349113092,1035.07562303898,1116.31658561778,1281.20403395393,3621.17462618243,1074.03592561791,8252.97077127536,1283.19230386174,3543.77817921648,1170.01695252085,1432.94897526772,8166.85821548021,8118.43809171888,3632.3635016016,3679.13012598557,1108.05638554062,3355.46305405869,1082.15513051046,8280.33112805784,1036.1942990662,1048.68813235686,3632.95603242337,8320.74272618377,1117.05152953363,8049.90347302899,3952.53338919541,1228.01969809542,8423.6045888782,8076.76122297888,8198.94866773257,1053.2091910803,1204.93635930818,8124.69747352608,1262.65895218761,8118.32294774482,8408.76505511481,7759.91813228083,3737.50375306879,8370.65721405873,1212.26962294382,3435.06884673101,1449.05611105563,1245.91146059711,3500.71016541138,8361.03021941606,8181.16161497795,8040.03876424626,1114.25837091391,8243.57916596932,8397.37764360848,3638.90029346879,1256.88825951316,1072.16191429335,1056.03598154756,8364.90868845768,1027.82133614173,1196.93791974051,1235.01845740666,1202.52912432651,1075.08254286357,1189.2821556611,1150.98882919183,3416.60202156729,3484.72602673549,3512.1941844205,1315.95910266361,1164.19976762429,1231.55423863656,1157.00410779748,1132.42748116491,3650.2155113027,1230.71808607526,3462.65560676516,3263.29642703155,1233.90533690715,3279.21964612686,8299.02637068917,3578.83345689955,1237.60684294639,1154.14413162701,7789.9055744979,7927.19406712148,3856.44268331252,1208.53343329462,8467.22496674471,3098.58999691409,8325.70485581338,8030.89925551574,1161.23800164085,1080.81498809168,1043.33559922488,1208.16539981875,1168.50653703263,3688.92757436923,3358.22718057785,7961.51244689463,1214.16922650659,1258.1857518824,1230.9351827386,1078.03977956242,1202.05045193784,1275.62564130331,3896.47796286584,1150.41774335029,1071.26712399766,4519.23595442704,8702.34275994992,8565.19826433877,4333.02853973288,8460.47168192183,1045.06650983335,1156.44724585765,8760.62109163911,1219.53567202242,1175.79806267596,8701.73176903663,4252.3237700303,8711.24454123443,1142.21702509906,1089.79085607768,1392.02165279157,1179.19352306454,4768.61090432187,1260.78711974537,1604.05480321818,4677.67651825314,8737.84345736162,1249.82925759845,4090.06206552079,4690.50672587281,1003.25685960489,8601.64499488956,1285.60369939057,4272.29382091281,8665.05987064472,4231.03788753899,4451.21004231277,4127.49779961828,1269.34813196949,8559.43654191581,1085.93086573446,8533.51054318993,8641.25032111003,1340.31990084906,8643.69058384497,8826.17103323199,8724.03457493718,8745.81181459332,1137.90968838238,4366.82979760029,4140.84934308234,1309.20496925951,4326.74104012176,8690.64129432104,8547.79717133095,8618.08716698729,8681.13651537311,4289.57374282298,1183.60646829293,4133.90851428874,1124.69849112777,1185.73334015146,8513.00344645948,4727.76249979076,1177.37059207697,1344.32385844921,4001.61726144464,1517.7937915107,1160.36552213024,1068.53989257451,1163.39359210466,1278.43720808885,1128.35890490672,8419.6182556799,4404.81789862441,1327.40224616892,4049.08385669362,8586.36067797131,1174.92768895263,4260.35170145484,8627.51184818852,3939.99635270852,4421.67001127086,8648.29186980318,4269.07699325324,1278.47058684173,4975.13646156319,1283.91459346763,9000.77412898968,1239.83742642252,4011.37929726295,1085.94097784689,1206.61563987708,1227.7795768562,8643.2548982831,8692.39564659675,1193.93439513569,4333.5096563652,1112.7050596227,8967.07825615633,9191.37532447432,1431.21285766156,4500.22062578152,1133.42171475311,8524.8015679183,4463.03194696337,1330.16597550954,4524.26118457978,1521.02710861063,4529.17468047486,1148.23872617127,8640.35755947279,1284.34032152945,1270.23720472667,4122.38012114041,1123.26477533829,8681.1890216865,8539.76443711746,1200.98275573092,4166.09731468512,1046.34659987188,4426.47888679528,4689.82987152976,4421.77587793667,1477.80527870179,8632.58532251617,8484.48681049045,4150.35066398662,4524.56042401979,4420.87855625088,1219.10995425371,4455.39826902733,8683.75735414162,1161.89354437757,4179.35334373858,1187.7326786062,8844.07374445758,1147.10890645089,1177.04624207747,1105.02265280689,8710.70201558825,1139.73495225727,1240.64574903043,1119.00861745894,1252.36976919958,8431.70267508094,1272.06118013056,1264.31689210287,1164.52924493035,8717.98228723785,1088.11445199459,1223.92003318765,4416.80347054252,4056.04335961553,1184.75327161174,8584.63854690203,1468.82398237722,1136.82072961222,4865.48142226243,1304.51771787271,1150.16886200939
7517.451319097,7785.97822268495,5902.74983865481,5923.73237028265,154.509866846787,8.8045332965948,5564.92976880639,5592.57392049125,103.350559742438,8098.7054354675,5798.2212164165,5456.08949103609,5303.34824314873,7814.16369445653,8085.80609180089,8601.18537261617,5018.20092132064,5546.43347579944,122.127188685468,5590.09957332654,5839.73833086844,7843.27512070769,5517.74129278172,8062.58840323225,7772.07289807587,241.191533763568,7797.58516902297,5815.95632395388,128.866961345729,7859.30806720837,7673.84507054205,14.7883721933211,8127.13067390956,7171.67300894264,5341.62314194192,5692.91292975802,218.845954174486,5388.80320233633,7144.91545741865,7975.23451059791,7461.79607399885,106.309103260063,7995.94799190538,8037.21461908675,5410.05237398661,7891.41047312033,8075.54318456723,5915.65851895982,7045.49237686994,173.853595123094,5369.21539383812,217.261603796438,138.23799221762,7603.50530998269,42.1577352198539,7973.06689262128,7973.10367007679,7678.06911762388,7911.60345908638,1e+08,116.604835289274,435.847702218568,78.0665183691393,5045.61972158216,27.3764404188957,104.82089535442,19.1975002706354,5927.7325046081,7851.35396000812,7762.54650178509,7352.74934098561,6879.69957647284,7523.52739352999,4207.89020177267,7635.64097833236,7185.03581974701,3871.34724362036,4823.21890377713,7671.83200148777,4158.72784444711,4444.2821890043,4373.94662687034,7129.42202736377,6712.40429907585,468.936560924261,4512.25768165152,6770.81998194268,7400.65002329942,877.254835759568,267.272775454096,3752.82033210526,7214.69001618282,6662.14501533616,7285.16636518922,4265.41621853399,4407.81180480971,7644.56765543496,571.821445722209,439.972371868549,338.452523201026,6738.37095853519,421.137131534953,7006.49712560122,578.46872646628,4298.61772355747,7440.69489480337,594.994401709161,7116.52312052283,7343.96946343627,7319.24650463293,7252.14556800552,6726.21916566171,316.744047729077,7959.85036371138,392.040321389092,8058.21343328939,4237.55103877518,789.337834010742,6833.66336328508,703.287641467167,365.575432450082,7010.89975926473,7220.73914704512,459.296566280656,226.023021991076,7905.30167968702,833.976991338159,6619.261258705,7119.29099494237,648.002703696361,7345.74617142731,4475.18970769183,4479.81192586334,4670.08339990121,7328.04936901052,2196.67671138071,8035.52235955138,2144.20849522258,8059.44567527814,8347.52857905262,7963.534120409,2228.42583384855,6048.44862260636,8226.95568325058,2361.35892819183,7961.24079480484,5925.00033800588,2242.75672277785,7769.93801408487,2484.42567474308,5951.1685186928,2391.20802658977,2306.89579889901,7618.17855641401,7477.93278343141,7782.54776209391,7775.0575694177,2227.30238192673,7795.09951203256,2238.98530469878,8073.90557202378,8223.11267791237,5989.13758553223,8047.46345372042,8970.99469347948,8102.40903280789,7961.72488945901,7964.8879985066,6070.39562231375,8141.41061469391,7758.48224138637,6208.41066950933,7784.50088868847,8003.52163631275,7956.90918960384,8788.59375201565,8267.05782145965,2511.20598825963,6168.03452309591,2205.91617531671,5904.15109775159,7990.82244784664,2438.70905691673,7743.99679638797,6524.45058942661,2350.7984701346,7793.84289690035,7730.60774155295,6170.91981210322,8174.6215794572,5924.42223633962,8033.21156881288,7942.3622270314,7356.0576148002,6023.15749080955,7833.77390981244,2356.47301795183,7670.95685322795,5944.90482472721,8251.58904120311,7254.3524277007,2345.51091373955,2282.48223521515,6033.79608478964,6064.25136020031,7834.68050716662,6130.67596146737,8078.62591152823,2386.70131435758,8034.83796382603,8100.33116252667,6025.37706459359,2322.31285508141,7792.07966419924,2262.51706776852,5727.94346433026,7866.45978038044,2483.27392341001,2443.50401339381,2187.42346757964,8017.69422232192,8372.30152349873,2289.23030743456,7521.64133197017,2255.31354914934,2403.01171963171,2078.71448384069,5925.35879621922,2453.82857860061,7897.02292338635,6098.36609113863,8786.19792812558,7756.89936277964,6042.99915587064,2369.19355443537,2422.21853569587,2350.04696492125,7967.34426087035,2339.06393946886,2506.29836386637,6159.46026466415,7752.95791562371,8097.56402203903,8047.19040293487,2428.25456334083,7918.92691118153,8003.40564998305,8190.85773902707,8256.49294246364,8020.23986069228,8354.67960738158,8321.58316704174,6202.88227097967,6182.23855160398,6087.5784446632,7584.69322671427,7910.32358096431,7749.37832083402,7887.96556412328,8127.63361849763,6056.74087184216,8172.2227899957,6079.22479099303,6234.69035324302,7741.37471639272,6168.65449518699,2477.49775299659,6023.82334332581,7830.88008971402,8287.13836190887,2089.73751234687,2214.268658979,5790.45752281598,8303.65503349988,2482.32317220748,6466.23387519569,2334.47903004584,2263.57793291857,7990.75695607077,7955.45246225651,8028.04002367472,8142.78070789191,8159.5027173613,5837.91704212026,6109.97221756726,2125.40716759901,7734.75002834468,7863.26906686987,8016.34622015645,7925.81098276902,7906.15915861247,7725.78211733489,5937.76279260712,7881.36511572998,7967.83371997744,4949.49584777014,2089.06019400091,2161.18258004691,5164.12410281849,2198.29871228727,7834.19252426379,8065.47753586876,2278.35627611889,7548.6610507773,7519.45328372254,2340.38869064623,5132.25178115757,2306.02350063234,8043.33835455499,7997.96460543097,7192.07507992857,7526.82118006892,4757.11670519501,7424.27142739996,6787.80361495016,4837.47908641483,2292.54656457787,7397.62216585026,5338.77287877878,4729.49976217139,8004.98096343647,2096.67227034904,7348.7991191977,5035.10379876464,2149.92835112854,5029.08351370068,4974.19681422439,5218.31926770564,7307.05239023056,2135.40462037291,7751.3546510922,2116.10074382597,2316.41599370035,7163.95079663531,2231.94894029101,2094.81334524015,2136.72849597187,2108.63906569189,7917.65593045303,4937.12420525202,5238.8405924785,7179.39166026765,5072.67498619149,2366.69690325923,2105.34934470078,2174.26084110021,2179.89318826602,4998.54083380852,7489.6386295322,5280.10443306536,7630.63593877618,7381.07168868726,2010.67525380908,4662.70065809051,7373.21049801426,7226.20920178139,5299.82558943235,6887.37482611801,8021.04272527519,7780.21533877434,7743.90340356811,7331.12687147498,8046.68196163337,2170.31901745512,4980.98723603935,7196.01764878316,5281.15098253029,2162.75050739667,7668.07423483769,5073.6140055897,2143.3587125746,5397.30102794178,5062.66711646277,2249.92896152921,5085.25632070479,7310.16600912856,4575.8218631294,7457.78772634738,2631.67451585265,7330.4828708784,5334.58311029695,7893.95362399945,7364.39806103862,7416.47076650185,2198.66560113754,2204.89170898089,7955.5240609447,5127.21820079564,7468.22800176415,2302.62793760625,2441.00623764742,7020.38929862198,4917.91356661788,7927.13264504445,2066.62289863068,4844.48303352492,7221.28792642674,4965.49581127603,6861.66505763049,4617.5639260532,7629.6898101474,2105.47545378398,7316.92283202044,7451.34958695697,5232.6860709378,7409.12699220904,2264.61470271861,2207.38944750689,7562.32611720976,5184.38718823884,7959.78159941217,5088.03028442844,4634.62021994625,5025.46528521786,6990.55080032652,2239.76111686436,2174.3506758966,5145.84008386071,5026.20290667794,5046.8680033397,7426.35882037171,4910.76191176422,2093.98351432316,7784.22484516091,5222.6000379712,8073.31584892741,2183.251722146,7412.23966994316,7482.87934867758,7902.99032249017,2155.72974665401,7950.53660642759,7361.52903544536,7699.01463061842,7916.36519645427,2174.77181714989,7965.12102730374,7320.32570763678,8008.989526696,2233.83096474212,7550.82572546459,7483.8679546775,4858.66642438428,5231.72333282884,7877.5110303188,2120.46752862718,6910.57881165269,7544.34721710674,4549.67637527921,7297.36171476422,8024.08950441684
7400.84648380773,7669.37338739568,5786.14500336553,5807.12753499337,37.9050315575129,125.409368585869,5448.3249335171,5475.96908520196,13.2542755468362,7982.10060017822,5681.61638112721,5339.48465574682,5186.74340785945,7697.55885916728,7969.20125651162,8484.5805373269,4901.59608603136,5429.82864051018,238.732023974743,5473.49473803728,5723.13349557916,7726.67028541843,5401.13645749244,7945.98356794297,7655.46806278661,124.586698474294,7680.9803337337,5699.35148866461,12.2621260564549,7742.70323191912,7557.24023525277,131.393207482595,8010.52583862029,7055.06817365339,5225.01830665266,5576.30809446876,102.241118885212,5272.19836704706,7028.3106221294,7858.62967530864,7345.19123870958,222.913938549337,7879.34315661611,7920.60978379747,5293.44753869735,7774.80563783105,7958.93834927793,5799.05368367053,6928.88754158067,57.2487598338204,5252.61055854884,100.656768507165,21.6331569283458,7486.90047469339,74.44710006942,7856.46205733201,7856.49883478752,7561.46428233461,7794.9986237971,116.604835289274,1e+08,319.242866929296,38.5383169201348,4929.01488629288,143.98127570817,221.425730643693,97.4073350186386,5811.12766931883,7734.74912471884,7645.9416664958,7236.14450569633,6763.09474118357,7406.92255824072,4091.2853664834,7519.03614304309,7068.43098445772,3754.74240833109,4706.61406848785,7555.22716619847,4042.12300915783,4327.67735371503,4257.34179158108,7012.8171920745,6595.79946378658,585.541396213536,4395.65284636224,6654.21514665341,7284.04518801014,993.859671048843,383.877610743369,3636.21549681599,7098.08518089353,6545.54018004688,7168.56152989995,4148.81138324471,4291.20696952044,7527.96282014569,688.426281011484,556.577207157824,455.057358490301,6621.76612324592,537.741966824228,6889.89229031193,695.073561755554,4182.0128882682,7324.0900595141,711.599236998435,6999.91828523357,7227.36462814699,7202.64166934365,7135.54073271625,6609.61433037245,433.348883018352,7843.2455284221,508.645156678367,7941.60859800012,4120.9462034859,905.942669300014,6717.05852799581,819.892476756442,482.180267739356,6894.29492397546,7104.13431175586,575.90140156993,342.627857280351,7788.69684439776,950.581826627434,6502.65642341575,7002.68615965309,764.607538985635,7229.14133613805,4358.58487240256,4363.20709057407,4553.47856461193,7211.44453372125,2194.06784818208,7920.08676285978,2139.35833375121,7943.88648246531,8231.947168335,7848.156668863,2230.74602106749,5943.31211931632,8111.35148719199,2356.32516617411,7845.80647518478,5820.28904129735,2237.59504562362,7654.66686760182,2494.53556566377,5846.61867802286,2381.46499679582,2312.6408842059,7503.16356163306,7363.07864365615,7667.24777523236,7659.94850700245,2225.15813424515,7679.94393743172,2239.07032784932,7958.36075858791,8108.01290345125,5885.75850713863,7932.18241397301,8855.31916956832,7986.79527008162,7846.22518638283,7849.41862661297,5964.23170600253,8026.21803662911,7643.40514601333,6103.22159199914,7669.17377268135,7888.172392363,7841.4705453554,8672.75706096948,8151.69492948564,2516.71388541235,6062.20652195686,2201.10157456219,5799.16457951592,7875.34913178767,2453.56813725185,7628.68088725292,6415.97986336445,2347.7871910416,7678.5443510686,7615.36952388484,6063.6906191223,8059.08033914803,5820.13180045317,7917.59020946504,7826.92987877264,7240.80939803748,5918.45145099411,7718.26475591562,2359.2471859496,7555.90159954828,5839.27775932045,8136.11949697373,7139.42134181354,2344.01873433302,2279.3430813326,5929.21936525227,5960.17624325867,7719.24222856244,6023.97275488142,7963.07905785689,2390.39311357865,7919.21818810262,7984.70849083924,5920.78336454463,2329.19074752741,7676.65903926628,2256.02948742321,5625.57504902079,7751.28684190995,2492.51407090027,2436.2323113714,2190.00589500983,7902.11340373528,8256.80313599248,2286.32870166908,7406.47162075949,2252.53377856965,2412.99421657424,2058.13739707822,5821.45664239984,2460.95280165818,7781.80969282747,5992.23827416546,8670.72765103488,7641.76852345678,5937.28111335676,2377.33764444655,2420.37211512042,2342.03256011541,7851.90184528853,2341.6284273987,2513.82442832748,6055.24692196939,7637.85315188418,7981.98861073768,7931.60469273009,2435.54028394719,7803.3197383317,7888.13146981563,8075.573709748,8141.08949777692,7904.70160218987,8239.16430873,8206.01713865304,6096.86683885886,6076.7431882039,5982.08127404373,7469.69158795569,7795.00017929276,7634.21229792776,7772.62948458931,8012.16542618097,5952.38477739186,8056.94131890602,5973.27921599687,6127.51798635996,7626.21323354424,6061.43698622273,2480.66325429933,5918.73954039049,7715.73205377285,8171.60767171811,2070.76648327353,2201.80821054484,5687.3090934667,8188.22641855689,2493.75900853365,6358.34150532432,2341.40284752704,2256.07972791048,7875.40816108205,7839.94392027532,7912.43644271658,8027.46688955267,8044.09252837808,5733.28868116137,6003.2348897962,2115.66760863712,7619.54084852576,7748.16776575364,7901.1444730515,7810.30257218706,7790.92113230736,7610.71959291894,5835.42847398726,7766.01535606395,7852.30300286365,4850.62160033433,2122.98647104737,2184.99163871703,5063.8830909886,2215.24975905675,7718.62476292805,7950.09050383304,2310.11278901218,7433.40017491779,7404.07148659593,2367.22496194002,5030.84160949019,2334.28231054833,7927.93019556187,7882.46319028337,7076.94904886289,7411.45180957447,4660.77660256248,7309.02994709133,6672.64576508971,4740.23827176266,2322.6392735296,7282.33083288295,5236.41407497228,4631.82683378353,7889.30821084683,2124.33112045653,7233.55549884886,4933.42639417108,2179.84974589915,4926.84780175533,4874.53056251912,5115.82530013017,7191.72417862193,2159.53916277471,7635.86318214062,2139.20945232587,2340.57762247754,7048.63983629096,2258.40665335799,2136.06588203654,2170.50919138967,2144.58036159985,7802.2741282073,4836.12021494838,5136.60661663406,7064.01570794335,4971.89708194154,2392.26273548634,2129.57653119912,2200.78332340788,2209.90615248143,4896.87897222856,7374.25593185576,5177.98569548687,7515.19416206596,7265.60748005027,2035.29106819146,4565.17770922936,7257.71892709576,7110.99051266309,5196.27239123925,6772.13540396102,7905.68190634173,7664.69174600451,7628.57897856045,7215.84718537564,7931.24323309417,2185.57467115727,4880.73728942254,7080.71379726484,5178.04939963294,2187.74261453745,7552.75855468308,4971.99612487295,2171.26358726962,5293.52183577333,4963.06985028709,2276.17439022637,4983.81098547649,7194.86489672254,4481.67616748736,7342.63074709853,2666.21874700176,7215.10325840437,5231.30744865708,7778.46579853798,7248.96899472404,7301.14010051741,2225.98233966214,2234.85252600098,7840.25736586247,5026.80415121044,7352.66711738784,2345.23204962541,2491.36166120918,6905.12299150527,4818.60559421268,7811.73954992627,2090.48452091161,4744.23381323772,7106.0239087866,4866.77522714262,6746.38332204395,4516.75175656541,7514.30013028178,2135.19728243079,7201.64415955768,7336.15287536749,5130.20280637909,7293.54194253731,2292.31201610871,2228.60035141234,7447.02796764801,5082.18493414565,7844.20319819033,4988.6219365174,4536.337443953,4925.67867783053,6875.37761720109,2265.38999859549,2193.20680414903,5043.24718039813,4927.79546701533,4947.18016191633,7311.0148197918,4810.79914048484,2126.6405632559,7668.90176935577,5120.74736965238,7957.9932398035,2222.65804864369,7296.7120079671,7367.47653076435,7787.5409870791,2188.15999786208,7835.15219053939,7246.18192829737,7583.58275624637,7801.2420548058,2190.61649353967,7850.03268061105,7204.99834055771,7893.64197172919,2264.44066515205,7435.26543640342,7368.57837547029,4757.86711892064,5128.45578841599,7762.2377785954,2146.47244208033,6795.22708309003,7428.89065899262,4453.58768268678,7182.11598764597,7908.70562357943
7081.60361687843,7350.1305204664,5466.90213643622,5487.88466806407,281.337835371782,444.652235515164,5129.08206658782,5156.72621827268,332.497142476132,7662.85773324893,5362.37351419793,5020.24178881752,4867.50054093016,7378.31599223796,7649.95838958233,8165.3376703976,4582.35321910207,5110.58577358087,557.974890904037,5154.25187110797,5403.89062864986,7407.42741848914,5081.89359056314,7626.74070101369,7336.22519585731,194.656168455001,7361.73746680441,5380.10862173531,306.980740872841,7423.46036498981,7237.99736832348,450.63607441189,7691.28297169099,6735.82530672408,4905.77543972337,5257.06522753946,217.001748044083,4952.95550011776,6709.0677552001,7539.38680837935,7025.9483717803,542.156805478631,7560.10028968683,7601.36691686819,4974.20467176805,7455.56277090176,7639.69548234866,5479.81081674126,6609.64467465137,261.994107095475,4933.36769161954,218.58609842213,297.60971000095,7167.65760776411,393.689966998715,7537.21919040273,7537.25596785821,7242.22141540533,7475.75575686781,435.847702218568,319.242866929296,1e+08,357.78118384943,4609.77201936358,463.224142637464,540.668597572989,416.650201947933,5491.88480238955,7415.50625778956,7326.69879956652,6916.90163876702,6443.85187425426,7087.67969131143,3772.04249955411,7199.79327611379,6749.18811752844,3435.49954140179,4387.37120155855,7235.9842992692,3722.88014222855,4008.43448678573,3938.09892465178,6693.57432514519,6276.55659685728,904.784263142829,4076.40997943296,6334.97227972412,6964.80232108084,1313.10253797814,703.120477672664,3316.9726298867,6778.84231396425,6226.29731311758,6849.31866297064,3829.56851631541,3971.96410259114,7208.71995321641,1007.66914794078,875.82007408712,774.300225419595,6302.52325631662,856.984833753523,6570.64942338265,1014.31642868485,3862.7700213389,7004.84719258479,1030.84210392773,6680.67541830427,6908.12176121769,6883.39880241437,6816.29786578694,6290.37146344314,752.591749947647,7524.00266149282,827.88802360766,7622.36573107082,3801.70333655662,1225.18553622931,6397.81566106651,1139.13534368574,801.42313466865,6575.05205704616,6784.89144482655,895.144268499224,661.870724209645,7469.45397746845,1269.82469355673,6183.41355648645,6683.44329272382,1083.85040591493,6909.89846920873,4039.34200547326,4043.96422364477,4234.23569768264,6892.20166679195,2218.4935627151,7604.22762064864,2158.49819544091,7627.66924328377,7915.65985596715,7532.46757352315,2267.9715299883,5657.76775497163,7795.00071257243,2372.00182773309,7529.95283053242,5536.04192117755,2254.47504200826,7339.29100175793,2549.44344003707,5562.83296133583,2383.94786753079,2357.98851222082,7188.53550299761,7048.9230097369,7351.7879548979,7345.04224250789,2250.40697478185,7364.90223887178,2270.15849571327,7642.18480321968,7793.11958875476,5605.38181350888,7616.77007522146,8538.74994118196,7670.4193053866,7530.18226793072,7533.46343181209,5675.67142290874,7711.05889731913,7328.59208115773,5817.46039050334,7353.63527115337,7572.56389783092,7525.60448843418,8355.72657070986,7836.04039601836,2559.06412264693,5774.59309541297,2219.43648147297,5514.12005368893,7559.38190834451,2521.53978207125,7313.1760174481,6120.53743123274,2369.07349998857,7363.08838370046,7300.09028933472,5771.97721147873,7742.91256854165,5537.11776674423,7601.19366233544,7511.08240509427,6925.51309700883,5634.17732072434,7402.1974673419,2396.03949109109,7241.15486938784,5552.33870125273,7820.15724261448,6825.05143620277,2369.4739680142,2301.16054389552,5645.31910832351,5677.72986956717,7403.38026867848,5733.81224037931,7646.89709967146,2429.28073191434,7602.82619009475,7668.30680269243,5636.8370233314,2377.36420811841,7360.84932601486,2269.0422475094,5348.29217243219,7436.19261497983,2545.1216832318,2444.83546017473,2228.5009462563,7585.83448354277,7940.75500301604,2308.69912336369,7091.39786977401,2275.68510330665,2468.46208667144,2035.1942839697,5539.57923818428,2508.24479133411,7466.59786200316,5703.77336516212,8354.75225553717,7326.79973730347,5650.03665867935,2428.31405307577,2443.94401621221,2349.7455699023,7536.02461751598,2378.07245095959,2561.61943825286,5772.3557044582,7322.96007597737,7665.72365763258,7615.31099961352,2483.5490258833,7486.96661878519,7572.74017899944,7760.14892148923,7825.31807692895,7588.54577905034,7923.06772252014,7889.7747502086,5808.69279574439,5790.0969151527,5695.46596002585,7155.10351744329,7479.46896382539,7319.14177043796,7457.06216381122,7696.20985711632,5669.12004409844,7741.52441022845,5685.35483424655,5835.95044094218,7311.15612241619,5769.75850575383,2517.10184334643,5633.35949766392,7400.71106595705,7855.46803541652,2052.10177910108,2199.19272756719,5407.70612418662,7872.38122009319,2552.20936269425,6064.60223396148,2389.54918478248,2266.33055944167,7559.80129806375,7523.87555997777,7596.09144195848,7711.95724851424,7728.30390014848,5449.32367509354,5712.98163088319,2121.81569193888,7304.34567266372,7433.28111396294,7585.96238789218,7494.23527682287,7475.63723667284,7295.94987821541,5558.13268807994,7450.40859451697,7536.17017015313,4584.18825598215,2244.42520746098,2279.61281239182,4793.23081592483,2291.57165340968,7402.38765192051,7634.37111525637,2423.77809050616,7118.06083141031,7088.3818878919,2467.5447364115,4756.76366054395,2438.65208494072,7612.15024034537,7566.41448238574,6762.01418962798,7095.79808643373,4402.03364145766,6993.75095774945,6357.63438855901,4478.74385664516,2431.8783106625,6966.90780618668,4959.39362750403,4369.16946165189,7572.76350366144,2229.69932485983,6918.27280876453,4658.63230149824,2290.32285383444,4650.40614551374,4605.73402857231,4838.4860001912,6876.19680725813,2255.33663769037,7319.8491452897,2232.61751481431,2434.23616662401,6733.16740003441,2358.98434513417,2275.90915804938,2290.9840822939,2270.87783601826,7486.57362097371,4563.39774691563,4860.02070225731,6748.3534540633,4699.73274538344,2489.00859247485,2226.01405457034,2302.23300942823,2320.24492001519,4622.15920782027,7058.56458216715,4901.7116912858,7199.32735377505,6949.68233410378,2134.06264214126,4303.03893712442,6941.71443368742,6795.78461331313,4915.75434944408,6456.88165457653,7590.03946818666,7348.58388628625,7313.04942319627,6900.46019128546,7615.37476338415,2257.83335057539,4610.20912567456,6765.26098183246,4898.87565251124,2285.39635792106,7237.25654320315,4697.34865819636,2276.65487540536,5012.27955373987,4694.40021352086,2375.991428723,4709.6646852842,6879.41626358465,4229.65221011919,7027.59616815665,2783.68754415126,6899.425624168,4951.5869410352,7462.45886187638,6933.14651539459,6985.602143994,2329.17376165428,2344.75738895095,7524.88906705596,4755.67069592909,7036.45864574485,2486.24049974897,2650.66410500534,6589.78576427642,4550.91927413873,7496.00610187565,2186.51448578428,4473.82795862117,6790.686217487,4600.78098348687,6431.00697451081,4244.88717229504,7198.58452147587,2245.72590516025,6886.2605841323,7021.00307559017,4852.88541313326,6977.26470964394,2395.70206456003,2315.90281261956,7131.57998483134,4805.7302211408,7527.93250969444,4720.48813201081,4271.97539337354,4656.48181930083,6560.31316725674,2363.73582838884,2274.81230120529,4765.66522156424,4662.66943422963,4678.25663559136,6995.43780126351,4541.18196226418,2244.79474129549,7353.37498491449,4845.29771364801,7642.45998027332,2356.83942497936,6980.60153111477,7051.72692542144,7471.64529799015,2304.96666666534,7519.44326950949,6930.59787677491,7267.74286263708,7486.2904726754,2264.3568112942,7535.18027753767,6889.47300144097,7578.03822225725,2375.66939207972,7119.05664858086,7053.15770789346,4485.81811307403,4848.82352085232,7446.85270124625,2247.28222373822,6479.64452729696,7112.98325518756,4195.83904484678,6866.8289165095,7592.99638429834
7439.38480072787,7707.91170431583,5824.68332028567,5845.66585191349,76.4433484776477,86.8710516657338,5486.86325043724,5514.50740212211,25.2840413732985,8020.63891709836,5720.15469804734,5378.02297266696,5225.28172477958,7736.09717608741,8007.73957343175,8523.11885424703,4940.13440295151,5468.36695743032,200.193707054607,5512.0330549574,5761.67181249929,7765.20860233855,5439.67477441258,7984.52188486311,7694.00637970674,163.125015394429,7719.51865065383,5737.88980558475,50.8004429765896,7781.24154883925,7595.77855217292,92.8548905624604,8049.06415554041,7093.60649057351,5263.55662357279,5614.84641138887,140.779435805346,5310.7366839672,7066.84893904954,7897.16799222878,7383.72955562972,184.375621629202,7917.88147353625,7959.1481007176,5331.98585561748,7813.3439547512,7997.47666619809,5837.59200059068,6967.42585850081,95.787076753955,5291.14887546897,139.195085427299,60.1714738484805,7525.43879161353,35.9087831492853,7895.00037425214,7895.03715170765,7600.00259925476,7833.53694071726,78.0665183691393,38.5383169201348,357.78118384943,1e+08,4967.55320321301,105.442958788035,182.887413723559,58.8690180985038,5849.66598623897,7773.28744163898,7684.47998341595,7274.68282261647,6801.6330581037,7445.46087516087,4129.82368340353,7557.57445996322,7106.96930137787,3793.28072525121,4745.15238540799,7593.76548311861,4080.66132607797,4366.21567063516,4295.8801085012,7051.35550899464,6634.3377807067,547.0030792934,4434.19116328237,6692.75346357355,7322.58350493026,955.321354128707,345.339293823235,3674.75381373613,7136.62349781368,6584.07849696701,7207.09984682008,4187.34970016485,4329.74528644057,7566.50113706582,649.887964091347,518.038890237689,416.519041570166,6660.30444016604,499.203649904094,6928.43060723208,656.535244835418,4220.55120518834,7362.62837643421,673.0609200783,7038.4566021537,7265.90294506712,7241.1799862638,7174.07904963639,6648.15264729257,394.810566098216,7881.78384534226,470.106839758232,7980.14691492025,4159.48452040603,867.404352379881,6755.59684491594,781.354159836306,443.641950819221,6932.8332408956,7142.67262867598,537.363084649794,304.089540360215,7827.23516131788,912.0435097073,6541.19474033587,7041.22447657325,726.069222065501,7267.67965305818,4397.1231893227,4401.7454074942,4592.01688153207,7249.98285064139,2194.24498174185,7958.23487046038,2140.25981309559,7982.07584601114,8270.14406088178,7886.28533659667,2229.30478638336,5978.01304797001,8149.55593484995,2357.35199669998,7883.95412103456,5854.84676151616,2238.63045293335,7692.7599480147,2490.59484014971,5881.12262308201,2384.05861786633,2310.09260923865,7541.17102817852,7401.03229201528,7705.35049024022,7697.98748440494,2225.1911259128,7717.99845372027,2238.37028782578,7996.54532980959,8146.04905609606,5919.87128985163,7970.27895066742,8893.54766043814,8025.00286109453,7884.39465378863,7887.57797264279,5999.27636863704,8064.28510638311,7681.43344147634,6137.94132219191,7707.28554487311,7926.29166670365,7879.61963243257,8711.03923578249,8189.81888788904,2514.2966223296,6097.13955972426,2202.01095019347,5833.81417661118,7913.50980622485,2448.05273212488,7666.78889576396,6451.79843365703,2348.14232017715,7716.64659140689,7653.45158863931,6099.09218502239,8097.26376050591,5854.54875991769,7955.80030801771,7865.07685753041,7278.8945668741,5953.00823349814,7756.43731861428,2357.69273190285,7593.92254427518,5874.14193562664,8174.2790301372,7177.40050494739,2343.87030636969,2279.72130564563,5963.7329928692,5994.5224113034,7757.39113372227,6059.1981751506,8001.26431191102,2388.54388688591,7957.42775881988,8022.91905388002,5955.30260040027,2326.27327205085,7714.80203006674,2257.50947319731,5659.34723587064,7789.34719792711,2488.85963300776,2438.02110499609,2188.46547270935,7940.30996662556,8294.97234270195,2286.63033749383,7444.53068077123,2252.78524045886,2409.07520101042,2064.23227854993,5855.74375644794,2457.9885856886,7819.88351526385,6027.27106439136,8708.88764746506,7679.81475864888,5972.17646835876,2374.01552606844,2420.36109036446,2344.04272396111,7890.05219603829,2340.13843901862,2510.74046732773,6089.64009427593,7675.89067995569,8020.18340225111,7969.80290027442,2432.51641607499,7841.52505562937,7926.22569363674,8113.67131919728,8179.22698054047,7942.88396288235,8277.33914955425,8244.20888956938,6131.86278594829,6111.5651181711,6016.90310559481,7507.69457092747,7833.11078011468,7672.27027342358,7810.74430489088,8050.3244533347,5986.82482615085,8095.03806519013,6008.25092732714,6162.90094645093,7664.26968841997,6096.8346309504,2479.01076109042,5953.42265111653,7753.78407595582,8209.78761961035,2076.33128570851,2205.25219260382,5721.34283796961,8226.37231992715,2489.38103048223,6393.96647765337,2338.47358420522,2257.89453437493,7913.52727903445,7878.11633477718,7950.6406061834,8065.57441371491,8082.23221621808,5767.81790729808,6038.4715820977,2118.1814664411,7657.61322197582,7786.20420906742,7939.2145318942,7848.47492933687,7829.00323589378,7648.74300233528,5869.19143906436,7804.13473890648,7890.48282376327,4883.21333509637,2111.12158595723,2176.46041856392,5096.93608292966,2208.98088695608,7756.81688893456,7988.2224195455,2299.01144386122,7471.48969407662,7442.201367114,2357.75133632611,5064.28566682758,2324.33357669779,7966.06915064769,7920.63324552692,7114.99328706002,7449.577544637,4692.51561243607,7347.11291051466,6710.70031928706,4772.28071277723,2312.08632311366,7320.43042913151,5270.17854374908,4664.0118593966,7927.53544961916,2114.51850090348,7271.6391276651,4966.95856375932,2169.31293978032,4960.56693948873,4907.38802891134,5149.63350302761,7229.83603585778,2150.89330204813,7674.02980205033,2130.8938381692,2331.97483012463,7086.74583832042,2249.02795281022,2121.81163646688,2158.70628720706,2132.0632122369,7840.40422465469,4869.42526396955,5170.32801822573,7102.14343376595,5005.12849157113,2383.21235749735,2120.89081977757,2191.36670337334,2199.3482007102,4930.40539580437,7412.3860961447,5211.66904431184,7553.34413090182,7303.76480609792,2026.44633667607,4597.31106545507,7295.88538797446,7149.06573037385,5230.43631621984,6810.21730420622,7943.80505241055,7702.86910348766,7666.68982988556,7253.9428491412,7969.39239110025,2179.85445945355,4913.79040395381,7118.81744542827,5212.06186882748,2178.82404152047,7590.8664436009,5005.50891310281,2161.38490624987,5327.76253584824,4995.9056755739,2266.87029591646,5017.26614359061,7232.96770393839,4512.67561572388,7380.6855124327,2654.28480896246,7253.23229930811,5265.37884403002,7816.63127031403,7287.11457375488,7339.25284501698,2216.31267262429,2224.31882009243,7878.34906543087,5059.91452837788,7390.85677669403,2330.59202165438,2474.22446640334,6943.21397458189,4851.34206820409,7849.87342026844,2081.90599404556,4777.28440266495,7144.11426608149,4899.31577447632,6784.47934658195,4549.98705171141,7552.43270428369,2124.7122225545,7239.7394755469,7374.22090528824,5164.00760977252,7331.7396435945,2282.53618574373,2220.93526331159,7485.12994133024,5115.89499533689,7882.39892995077,5021.39490864814,4568.72491327259,4958.57731037496,6913.43745774924,2256.285153228,2186.30483606042,5077.08757503014,4960.23221009225,4980.04606432536,7349.13202371768,4843.75487472747,2115.1919982511,7707.01219271819,5154.34086867051,7996.10366172207,2209.03100424114,7334.89054366749,7405.61341036423,7825.69361633965,2176.80418216896,7873.28317599967,7284.30013065586,7621.72945460641,7839.28582097567,2184.70404002871,7888.06486453983,7243.10992400164,7931.76068522295,2253.7026616882,7473.45493701732,7406.6774396591,4791.1023041371,5162.52323817657,7800.33162301654,2137.20898593543,6833.34653769618,7467.0455180179,4485.23770569122,7220.20028598921,7946.83646730785
2471.83159751486,2740.3585011028,857.130117072649,878.112648700484,4891.10985473537,5054.42425487874,519.31004722423,546.954198909087,4942.26916183971,3053.08571388534,752.601494834338,410.469769453938,257.728521566574,2768.54397287438,3040.18637021872,3555.56565103401,27.4188002615145,500.813754217294,5167.74691026763,544.479851744394,794.118609286284,2797.65539912554,472.12157119956,3016.9686816501,2726.45317649372,4804.42818781859,2751.96544744082,770.33660237173,4916.75276023642,2813.68834562622,2628.2253489599,5060.40809377547,3081.5109523274,2126.0532873605,296.003420359771,647.293208175865,4826.77376740767,343.183480754183,2099.29573583651,2929.61478901575,2416.17635241671,5151.92882484223,2950.32827032324,2991.5948975046,364.432652404463,2845.79075153818,3029.92346298506,870.038797377662,1999.87265528779,4871.76612645906,323.595672255959,4828.35811778572,4907.38172936454,2557.88558840053,5003.46198636231,2927.44717103913,2927.48394849464,2632.44939604173,2865.98373750422,5045.61972158216,4929.01488629288,4609.77201936358,4967.55320321301,1e+08,5072.99616200104,5150.44061693658,5026.42222131151,882.112783025954,2805.73423842597,2716.92678020292,2307.12961940345,1834.07985489068,2477.90767194784,837.729519809481,2590.02125675019,2139.41609816485,1174.27247796179,222.400817805026,2626.21227990561,886.891877135043,601.337532577855,671.673094711805,2083.80230578162,1666.7845774937,5514.55628250642,533.362039930634,1725.20026036054,2355.03030171726,5922.87455734173,5312.89249703625,1292.79938947689,2169.07029460066,1616.52529375401,2239.54664360706,780.203503048172,637.807916772441,2598.94793385281,5617.44116730436,5485.5920934507,5384.07224478319,1692.75123695303,5466.75685311711,1960.87740401907,5624.08844804844,747.001998024683,2395.07517322121,5640.61412329132,2070.90339894067,2298.34974185411,2273.62678305078,2206.52584642336,1680.59944407956,5362.36376931122,2914.23064212924,5437.66004297124,3012.59371170725,808.068682806977,5834.95755559289,1788.04364170292,5748.90736304932,5411.19515403223,1965.28003768257,2175.11942546298,5504.91628786281,5271.64274357323,2859.68195810488,5879.59671292033,1573.64153712286,2073.67127336022,5693.62242527852,2300.12644984516,570.430013890319,565.807795718816,375.536321680946,2282.42964742836,5403.67090298606,3121.03832247313,5344.95694766809,3130.80810144757,3410.52130196942,3057.41628387865,5503.0449888878,2626.53395506919,3289.8750938541,5423.86961495561,3048.86197661794,2599.61003110499,5375.79755321431,2881.89827438378,5763.71690085889,2629.31695987755,5345.62358538328,5598.2231183233,2765.91704828966,2651.71402035112,2890.76481747728,2905.39071272003,5423.80804414292,2919.38072312172,5468.04031468055,3146.51231474807,3339.52729264779,2760.32871736293,3149.56091649785,4015.06130565386,3166.85058981975,3042.04437999851,3048.50759686036,2536.65328022389,3250.35354047823,2893.11027586154,2715.89579870569,2889.5381799165,3099.39627721122,3044.1658819902,3819.21026233431,3354.66019614914,5689.85134712166,2628.44294686842,5368.22813485251,2561.66914375639,3073.32892954459,5827.76269982726,2851.6871638557,2588.5452708991,5457.46791481395,2901.84593659549,2847.76234521793,2486.46475863672,3245.36725302913,2639.76047093096,3098.31349618227,3030.71826358615,2487.5990616555,2654.04731824893,2916.4393356782,5566.7747409495,2811.68443288356,2520.12873010186,3328.29717000229,2431.56818891339,5483.48077909174,5427.70724495229,2672.48793589158,2737.46797208763,2925.42441072268,2516.96240308481,3150.90115969669,5597.26810301244,3100.07918161391,3163.84407194851,2666.11312876702,5625.60434453431,2886.12501418846,5359.14641936937,2718.04929460441,2986.23266982214,5746.83044820642,5413.42916235883,5490.34695769529,3087.63210040887,3443.45528698398,5434.70539223019,2655.27188590108,5423.48164964289,5720.5499170819,5050.50133708844,2677.04894740563,5692.65348728754,3011.24551187008,2556.69964775854,3852.69046307265,2885.43742344745,2565.84249850768,5670.60033934664,5509.09888891062,5363.34589721366,3053.89984943618,5555.22843147248,5725.93441566317,2779.84983091586,2884.63602386782,3166.29476113894,3115.91527119641,5683.28430978046,2988.24179615015,3107.53938990528,3288.69714203968,3340.07208386722,3094.82642163242,3424.42757190601,3386.6821497292,2630.92337859609,2670.01399929296,2613.58086328933,2735.53635349304,3011.79477648951,2874.16384206044,2988.69571835719,3207.31837273747,2706.58426945161,3270.82667126002,2563.90892550795,2532.18729140727,2866.984830081,2486.30344735922,5629.1271613285,2617.71862008971,2954.71513372156,3356.63770781953,5081.49495230289,5233.72447249318,2677.70180255526,3383.52418540526,5787.42029982744,2609.41062235362,5632.10679407201,5341.09460381101,3087.04159942604,3034.9455123581,3095.22310710887,3238.70691445907,3244.66681785911,2562.01344872555,2501.02590403596,5253.56313811117,2855.1093303927,2991.19292317462,3128.02458897395,3006.08482023769,3017.31123474795,2863.39103164314,2827.3437767638,2980.7558020714,3044.53736377811,2727.38784268847,5951.2609675566,5832.51795289235,2678.38232629616,5739.31596150614,2910.12773726556,3155.5265861331,6030.4260005279,2670.15180255027,2627.44503385218,5984.47991343335,2571.56941594925,5988.47208671251,3131.66015149883,3077.17452279239,2347.95159140081,2636.04361082367,2870.42206672699,2553.48379054658,1967.40901719659,2823.26273564994,6011.26809820726,2521.83426215196,2555.98173467483,2770.06304287535,3064.99076655467,5858.13863568176,2481.26709142932,2522.64326251578,5924.35884279516,2473.46919198287,2671.7544634574,2503.71349967068,2430.75338517316,5823.67742227587,2838.43047214702,5796.7981594216,5924.91400886152,2297.0685806751,5915.43186529841,6067.16390624594,5977.58755325791,5994.24583572143,3012.36634038879,2555.51129248948,2533.12511584576,2303.07991784547,2607.65946983171,5977.94646114373,5808.79163989849,5883.73989457906,5943.30507825139,2514.99260675063,2598.67522087356,2556.82033427016,2727.39473749773,2484.24731896155,5763.8810309782,2769.43192932886,2473.22975545223,2368.10531668211,2434.44652579728,2047.49027079033,3115.15652020434,2862.7210222318,2850.61100854228,2459.87599496323,3131.56774746341,5696.98787707821,2626.92608147151,2328.38046578734,2469.54649245105,5852.53828954423,2778.45807760211,2537.6689833209,5888.43939143412,2447.8881130836,2700.51480898141,5922.18444559431,2555.40029805243,2437.18520730033,2984.92104798859,2595.86213049825,6301.96487037265,2446.54392584995,2471.90489473342,2977.39560550434,2472.70745105279,2534.9471217003,5910.50854860701,5957.12459084967,3061.92937743214,2653.0744738992,2556.02551013177,6224.18548434329,6447.92630127758,2167.83789244166,2686.33119313293,3020.30532688527,5782.14112912774,2596.94263220266,2357.54496805896,2743.19059640865,2017.53130041566,2519.05324095272,2732.68638453346,5895.49616498438,2446.48065693749,2584.85001324599,2509.1923835607,2495.9586291684,5954.81825813375,5814.97544615891,2678.78198247778,2518.90332420877,3031.35174200513,2722.71538571922,2710.60023536903,2675.33656158117,2152.7926145374,5906.15203953979,5758.58809759337,2473.27887247131,2783.26262402242,2688.95103478737,2542.75328761606,2633.42211107332,5934.55078124931,2889.7352404564,2561.14948312249,3170.16478652677,6095.02113527974,2506.20155150641,2589.70566519013,2990.52825255273,5967.65064840501,3044.01200336145,2480.34060470833,2794.68410009887,3039.97209047898,5708.98851830223,3090.89448785442,2443.51482151732,3104.89647137878,5984.81126296197,2635.93210717156,2604.55547174195,2555.81070564769,2438.52387899985,2985.63858962046,5845.31774302178,2053.02797242104,2642.31411323334,2852.21769253221,2432.08225861097,3115.58725099977
7544.8277595159,7813.35466310387,5930.1262790737,5951.10881070154,181.886307265682,18.5719071223009,5592.30620922529,5619.95036091013,130.727000161334,8126.08187588638,5825.59765683538,5483.46593145498,5330.72468356763,7841.54013487543,8113.18253221979,8628.56181303505,5045.57736173953,5573.80991621834,94.7507482665726,5617.47601374544,5867.11477128733,7870.65156112661,5545.1177332006,8089.96484365115,7799.44933849479,268.567974182463,7824.96160944187,5843.33276437277,156.243401764625,7886.68450762726,7701.22151096095,12.5880682255746,8154.50711432847,7199.04944936155,5368.99958236082,5720.28937017691,246.222394593382,5416.17964275524,7172.29189783756,8002.6109510168,7489.17251441776,78.9326628411672,8023.32443232427,8064.59105950563,5437.4288144055,7918.78691353924,8102.91962498612,5943.03495937871,7072.86881728884,201.23003554199,5396.59183425701,244.638044215335,165.614432636515,7630.88175040157,69.5341756387496,8000.4433330402,8000.48011049568,7705.44555804278,7938.97989950529,27.3764404188957,143.98127570817,463.224142637464,105.442958788035,5072.99616200104,1e+08,77.4444549355239,46.5739406895311,5955.10894502701,7878.73040042703,7789.92294220399,7380.12578140449,6907.07601689174,7550.9038339489,4235.26664219157,7663.01741875125,7212.4122601659,3898.72368403925,4850.59534419602,7699.20844190666,4186.10428486601,4471.6586294232,4401.32306728925,7156.79846778267,6739.78073949475,441.560120505366,4539.63412207042,6798.19642236159,7428.02646371832,849.878395340674,239.8963350352,3780.19677252416,7242.0664566017,6689.52145575506,7312.54280560813,4292.79265895288,4435.18824522861,7671.94409585385,544.445005303313,412.595931449654,311.076082782131,6765.7473989541,393.760691116059,7033.87356602012,551.092286047384,4325.99416397637,7468.07133522227,567.617961290265,7143.89956094172,7371.34590385517,7346.62294505182,7279.52200842442,6753.59560608061,289.367607310182,7987.22680413029,364.663880970196,8085.58987370829,4264.92747919407,761.961393591846,6861.03980370398,675.91120104827,338.198992031185,7038.27619968363,7248.11558746403,431.920125861759,198.646581572181,7932.67812010592,806.600550919263,6646.63769912391,7146.66743536127,620.626263277464,7373.1226118462,4502.56614811073,4507.18836628223,4697.45984032011,7355.42580942942,2198.18553244735,8062.62916420599,2146.26409029538,8086.58097158238,8374.6688530934,7990.62756117083,2228.7652041074,6073.19322710334,8254.10127439669,2363.37325842131,7988.3473503351,5949.64854689176,2244.84497383295,7797.00708066887,2482.84002369688,5975.77936010846,2394.3130212109,2306.39956569992,7645.18871636178,7504.90602255438,7809.62346710073,7802.08927195576,2228.68999152657,7822.14191971017,2239.84541874023,8101.03754403816,8250.14188769513,6013.47901828662,8074.53460449342,8998.15642779827,8129.55689308499,7988.84652142218,7992.0026345476,6095.37605896903,8168.46129489075,7785.50658942722,6233.16580248356,7811.58284555859,8030.60854626324,7984.01674501517,8815.79278353419,8294.14771362922,2510.69619738568,6192.93688912294,2207.93782268979,5928.86273686919,8017.93797797079,2436.01648491359,7771.07619898878,6549.95782215444,2352.34287062566,7820.91826163035,7757.66924810005,6196.14413652884,8201.75267309763,5948.97378619092,8060.36121626008,7969.4683396789,7383.12172401334,6047.80345105367,7860.89779613103,2356.65766394273,7697.97624286149,5969.7631443272,8278.70355149547,7281.34362052025,2346.70109725122,2284.08164412089,6058.41222028498,6088.75190404797,7861.78805467036,6155.77976658669,8105.75835155272,2386.65964643337,8061.98724522617,8127.48107875376,6049.997190204,2321.54420473674,7819.18316972547,2264.90785878138,5752.05604150585,7893.50613502717,2481.89375413505,2446.01399752338,2187.71777886017,8044.83452843431,8399.42262433888,2290.7715162516,7548.68722158638,2256.83913295657,2401.48283549074,2084.46181690894,5949.82114530783,2452.95654551446,7924.07854447754,6123.33798123847,8813.31232786852,7783.93609974103,6067.87741790392,2368.10981799282,2423.46520543406,2352.76244831884,7994.45267951311,2339.30408708454,2505.31490914357,6183.99157245092,7779.98864564963,8124.70303881783,8074.33182154956,2427.35292229122,7946.0733468398,8030.47524904674,8217.92948336901,8283.59219824512,8047.37035038959,8381.80462036907,8348.71990414049,6227.82740349844,6207.06433492265,6112.4055355789,7611.70034015924,7937.40459426166,7776.42317329764,7915.04951570051,8154.74788705892,6081.30606815857,8199.29395643256,6104.15498575652,6259.9011181527,7768.41852885984,6193.87615305717,2477.54958160086,6048.55608757693,7857.92073115431,8314.26696204549,2095.1075143986,2218.07268659559,5814.74838823153,8330.76007003695,2480.42531349187,6491.60847998728,2333.69515083582,2266.20459695291,8017.8437708559,7982.57613599352,8055.18557372978,8169.85935600874,8186.60358678783,5862.54716144541,6135.08403721234,2128.61343997965,7761.80483920843,7890.29890805028,8043.39910530879,7952.93464343115,7933.22049003327,7752.80313490572,5961.86476963301,7908.45222577774,7994.96249993812,4972.82087265671,2081.96167103077,2156.46869623653,5187.75779792316,2195.19795399522,7861.32992044904,8092.57312126857,2271.70385144567,7575.72791925712,7546.54802941662,2334.88759490339,5156.15395098558,2300.19554380758,8070.43882643658,8025.08661119309,7219.11120790786,7553.91305795256,4779.86626254488,7451.3339287052,6814.84746565173,4860.43274333697,2286.2861679015,7424.69616923598,5362.88895335076,4752.55510496441,8032.14247688366,2091.06820261568,7375.86217616437,5059.06894160657,2143.7623945051,5053.17657886153,4997.7026703791,5242.46824709492,7334.13495730759,2130.62388793604,7778.47451116584,2111.57217795105,2311.55947728807,7191.02951012455,2226.57694244558,2085.95481737859,2129.6454106785,2101.04986367284,7944.75040417909,4960.93707895056,5262.92966476103,7206.4853180137,5096.43343974954,2361.48915911127,2100.55923223451,2168.89574860482,2173.69353436901,5022.50309838665,7516.73360426544,5304.16641990036,7657.74442525925,7408.1855124738,2005.83495104966,4685.72345915435,7400.33062762468,7253.26662505482,5324.21600013309,6914.43733160714,8048.13229325375,7807.34258528161,7770.98476895193,7358.19824705479,8073.78948185837,2167.63113901964,5004.62660506896,7223.09469931264,5305.4381899183,2157.75446574334,7695.1536396857,5097.56481249304,2137.67655032949,5421.74183751923,5086.15532016375,2244.60078102866,5109.1674003049,7337.24233485556,4598.07457006561,7484.83073804036,2624.24942494636,7357.57725356237,5358.90940728634,7921.07255736748,7391.50380493418,7443.55381277016,2193.10168986598,2198.69487203993,7982.59196740486,5150.89225416755,7495.36403088436,2293.3701255655,2429.84373641689,7047.45786343124,4941.33860931092,7954.22971644648,2061.93667640398,4868.12511677266,7248.35578733957,4988.78528499241,6888.73731696558,4641.33980369455,7656.78629364818,2099.37534224371,7343.99398593939,7478.40175518195,5256.832364387,7436.26862321773,2258.93532946304,2203.27463889224,7589.40156191991,5208.46989906372,7986.92137918084,5111.47468102578,4657.81754015933,5048.99762979447,7017.59797193289,2234.58350324123,2170.80796648036,5170.01292052146,5049.41928888942,5070.3772823423,7453.44492987493,4934.3370102347,2087.18668118437,7811.3058709612,5246.60200657584,8100.39657021451,2174.80278839671,7439.36808398714,7509.97896252632,7930.10037625145,2148.96212668507,7977.6316614887,7388.61591015027,7726.12078991497,7943.40003080873,2171.94265004348,7992.14779957358,7347.40806970694,8036.0760435593,2227.46840400456,7577.96156636056,7510.94148583794,4882.43406351731,5256.04932171985,7904.5805040302,2115.24768217181,6937.66712110725,7571.45916684017,4572.3743790697,7324.42530030278,8051.18438908574
7622.27221445143,7890.79911803938,6007.57073400922,6028.55326563706,259.330762201206,96.0163620578249,5669.75066416081,5697.39481584567,208.171455096857,8203.52633082193,5903.04211177092,5560.91038639052,5408.16913850315,7918.98458981097,8190.62698715531,8706.00626797059,5123.02181667507,5651.25437115388,17.3062933310486,5694.92046868098,5944.55922622285,7948.09601606213,5622.56218813614,8167.40929858667,7876.89379343032,346.012429117988,7902.4060643774,5920.77721930831,233.687856700149,7964.12896256279,7778.66596589647,90.0325231610988,8231.95156926396,7276.49390429708,5446.44403729634,5797.73382511244,323.666849528906,5493.62409769075,7249.73635277308,8080.05540595232,7566.61696935327,1.4882079056431,8100.76888725979,8142.03551444117,5514.87326934104,7996.23136847476,8180.36407992163,6020.47941431424,7150.31327222436,278.674490477514,5474.03628919253,322.082499150859,243.058887572039,7708.32620533711,146.978630574274,8077.88778797572,8077.92456543122,7782.89001297831,8016.42435444081,104.82089535442,221.425730643693,540.668597572989,182.887413723559,5150.44061693658,77.4444549355239,1e+08,124.018395625055,6032.55339996253,7956.17485536254,7867.36739713949,7457.57023634001,6984.52047182726,7628.34828888443,4312.71109712709,7740.46187368676,7289.85671510142,3976.16813897478,4928.03979913154,7776.65289684217,4263.54873980153,4549.10308435872,4478.76752222477,7234.2429227182,6817.22519443026,364.115665569842,4617.07857700594,6875.64087729711,7505.47091865384,772.433940405147,162.451880099676,3857.64122745969,7319.51091153723,6766.96591069058,7389.98726054365,4370.23711388841,4512.63270016414,7749.38855078939,467.000550367789,335.151476514131,233.631627846606,6843.19185388961,316.316236180534,7111.31802095564,473.647831111859,4403.4386189119,7545.51579015777,490.173506354741,7221.34401587725,7448.79035879067,7424.06739998734,7356.96646335994,6831.04006101612,211.923152374658,8064.67125906582,287.219426034672,8163.03432864381,4342.3719341296,684.516938656322,6938.48425863949,598.466746112747,260.754537095662,7115.72065461914,7325.56004239956,354.475670926235,121.202126636657,8010.12257504144,729.15609598374,6724.08215405942,7224.11189029681,543.181808341942,7450.56706678174,4580.01060304625,4584.63282121776,4774.90429525563,7432.87026436495,2204.29032943555,8139.32062876319,2153.95369246297,8163.35198132902,8451.4534738153,8067.28179452031,2231.54457543504,6143.31348245659,8330.90086827774,2370.77494020618,8065.03820925048,6019.50288244548,2252.54451506291,7873.59352519883,2479.98612730295,6045.52908705317,2404.76337777421,2306.75544874173,7721.6109824066,7581.22552681732,7886.228425604,7878.57140061681,2234.42795722811,7898.65390216085,2244.08622306485,8177.79925385571,8326.61635855205,6082.47758280221,8151.12647802726,9075.00049458436,8206.36294891341,8065.57948001618,8068.71605362052,6166.15270572764,8244.9958617658,7861.96821423811,6303.31232416195,7888.20525450795,8107.24449014059,8060.71040134756,8892.7412678032,8370.79165764954,2510.87055427038,6263.49433899771,2215.47962729765,5998.89412057488,8094.65386316892,2430.05423971677,7847.69153454804,6622.1953686099,2358.4279484227,7897.5222540879,7834.23464697603,6267.59834703868,8278.51182192973,6018.5589850407,8137.17233311718,8046.15798506499,7459.69497828192,6117.64947486871,7937.63719886589,2358.90122694926,7774.42417621552,6040.20209206798,8355.41629070297,7357.7136759067,2351.7912191839,2290.37295656995,6128.1749561479,6158.19202071257,7938.48184047447,6226.89895813091,8182.52136340951,2388.24190849821,8138.79733816542,8204.2928789876,6119.77121390318,2321.1177534246,7895.86572552714,2273.44352883589,5820.42381349785,7970.02902626728,2479.62271064552,2454.75455544448,2190.40395456918,8121.61957378285,8476.15364720571,2296.89359979941,7625.20936718557,2262.94358844458,2398.84515560946,2102.56646662268,6019.15792728639,2452.14379858346,8000.62726326403,6194.09032719613,8890.02420167226,7860.4323123524,6138.37001901658,2366.75696042031,2428.66023236569,2362.14622093856,8071.14873368428,2341.71724253588,2504.15214052166,6253.51540998644,7856.46809571412,8201.4843994271,8151.11994283434,2426.47381211122,8022.87561292499,8107.06284914086,8294.52282411988,8360.26231475237,8124.12797884055,8458.54659283252,8425.49466812062,6298.50337965285,6277.40817980538,6182.75478127205,7688.11416483425,8014.02419563944,7852.94205309343,7991.67735164608,8231.46009037656,6150.92644029035,8275.88570723314,6174.791549839,6331.31657106396,7844.93451817437,6265.32297202407,2479.33382546975,6118.64379879457,7934.42772615133,8391.01902709443,2112.14712675507,2230.61900516371,5883.61089186274,8407.44628282735,2476.68801603382,6563.47713048954,2333.21649336655,2275.40317501196,8094.47946558361,8059.31480332668,8131.98525299607,8246.47204426117,8263.27832557368,5932.3530137683,6206.22589516816,2139.55544825979,7838.35154097953,7966.77569682635,8119.94000951693,8029.673308428,8009.78514015474,7829.25551787968,6030.19757436923,7985.0888894967,8071.71541203496,5039.02516254586,2063.71622983152,2144.97068999979,5254.81127106212,2188.25812968965,7938.10704019073,8169.23321533477,2254.57961507309,7652.30856271419,7623.20650683955,2321.00446085751,5223.95483604542,2285.40514908644,8147.11259523182,8101.82057195351,7295.60670820601,7630.56352248694,4844.48113664213,7527.90258517023,6891.36529065021,4925.61046161573,2270.27129180933,7501.29695766956,5431.27765490219,4818.02068628328,8108.98675933792,2077.08809890179,7452.43250718124,5127.04827622729,2128.13096964864,5121.51148832612,5064.40834598547,5310.95220552027,7410.75977765615,2118.95772273338,7855.20277329348,2100.64163138642,2299.53119906435,7267.64381500786,2213.14432762315,2062.65768701145,2111.40271475171,2081.38199400585,8021.40758104302,5028.49712517304,5331.24644375213,7283.14127059543,5163.83710412505,2348.42351454657,2088.89306344093,2155.53004512054,2157.94069578886,5090.47576674944,7593.39276355881,5372.40657556479,7734.44109533594,7484.89741252305,1994.1151386197,4751.10214377756,7477.06012919127,7329.82145173758,5393.36857770055,6991.00694398167,8124.77563763697,7884.09143212164,7847.60558373338,7434.79181175517,8150.48293150868,2161.88765490034,5071.70294692438,7299.70431364845,5374.30443164327,2145.45093770857,7771.76909056568,5165.50293546894,2123.43236116571,5491.03179893073,5152.80831785453,2231.27891000132,5176.99471975112,7413.84974126899,4661.32008602937,7561.34496176825,2604.6888646078,7434.23499549759,5427.88274481568,7997.7980601201,7468.19318885052,7520.1797998244,2179.14849933379,2182.92963649153,8059.17490723091,5218.05929997063,7572.13776612313,2268.7659559454,2399.67708949404,7124.04412026897,5007.82215557111,8030.89413462394,2050.60222327389,4935.21462654976,7324.93973163326,5054.89008779342,6965.33415997319,4708.81055670002,7733.44946575856,2083.97070104329,7420.58695550931,7554.94153751558,5325.30839938281,7513.05806001454,2244.6002453186,2193.44378053023,7666.00611709069,5276.77077120054,8063.70501641126,5178.00489291559,4723.68212066502,5115.77480392347,7094.12464767652,2221.69898135507,2162.63228447276,5238.56551959728,5115.31830316999,5137.08949119912,7530.07944796153,5001.23769353086,2069.80026073071,7887.92568104708,5314.67718489212,8177.01513929652,2152.60848763106,7516.12064475438,7586.65107553055,8006.80107474787,2131.6059304854,8054.29041935724,7465.2526615768,7802.81087467461,8019.89067744276,2165.79416931318,8068.6158563465,7424.03229730843,8112.71088256111,2211.20666863717,7654.73467522473,7587.54082151775,4949.87162272528,5325.02484235856,7981.16793016459,2102.34269340018,7014.30860677317,7648.16561635965,4636.85776182362,7400.99719180932,8127.8425778239
7498.25381882637,7766.78072241433,5883.55233838418,5904.53487001199,135.312366576152,28.0020335672303,5545.73226853576,5573.3764202206,84.1530594718021,8079.50793519686,5779.02371614585,5436.89199076545,5284.1507428781,7794.96619418591,8066.60859153025,8581.98787234552,4999.00342105001,5527.23597552881,141.324688956104,5570.9020730559,5820.54083059781,7824.07762043707,5498.54379251109,8043.3909029616,7752.87539780526,221.994033492932,7778.38766875233,5796.75882368325,109.669461075093,7840.11056693774,7654.64757027142,33.9858724639565,8107.93317363893,7152.47550867201,5322.42564167128,5673.7154294874,199.64845390385,5369.6057020657,7125.71795714803,7956.03701032728,7442.59857372823,125.506603530698,7976.75049163474,8018.01711881613,5390.85487371599,7872.21297284971,8056.34568429659,5896.46101868918,7026.29487659931,154.656094852459,5350.01789356747,198.064103525804,119.040491946984,7584.30780971203,22.9602349492185,7953.86939235065,7953.90616980613,7658.87161735324,7892.40595881574,19.1975002706354,97.4073350186386,416.650201947933,58.8690180985038,5026.42222131151,46.5739406895311,124.018395625055,1e+08,5908.53500433747,7832.15645973749,7743.34900151446,7333.55184071497,6860.50207620221,7504.32989325936,4188.69270150203,7616.44347806171,7165.83831947637,3852.14974334973,4804.02140350649,7652.63450121713,4139.53034417648,4425.08468873366,4354.74912659971,7110.22452709314,6693.20679880522,488.134061194897,4493.06018138088,6751.62248167206,7381.45252302879,896.452336030202,286.470275724731,3733.62283183462,7195.49251591218,6642.94751506552,7265.96886491859,4246.21871826335,4388.61430453908,7625.37015516432,591.018945992844,459.169872139185,357.650023471662,6719.17345826454,440.334631805589,6987.29962533059,597.666226736916,4279.42022328683,7421.49739453273,614.191901979796,7097.3256202522,7324.77196316563,7300.04900436231,7232.94806773488,6707.02166539109,335.941547999713,7940.65286344074,411.237821659727,8039.01593301877,4218.35353850454,808.535334281375,6814.46586301446,722.485141737803,384.772932720717,6991.70225899409,7201.5416467745,478.49406655129,245.220522261712,7886.10417941638,853.174491608795,6600.06375843438,7100.09349467174,667.200203966997,7326.54867115669,4455.9922074212,4460.6144255927,4650.88589963058,7308.85186873989,2195.82164612315,8016.51503220592,2142.97447290027,8040.41825050026,8328.49761059725,7944.53622866921,2228.38844804514,6031.11024214697,8207.92097878913,2360.13479580706,7942.23365339351,5907.73031823552,2241.49064635879,7750.95734503538,2485.71685058325,5933.92482431703,2389.21538752326,2307.43746652278,7599.23947091471,7459.01977713406,7763.5624081986,7756.1032561986,2226.52960949822,7776.13764380335,2238.58167173823,8054.8804899847,8204.1600437357,5972.08403661895,8028.48127024835,8951.94853431417,8083.37274213956,7942.70711436048,7945.87515730802,6052.89066207087,8122.44285311763,7739.53311917519,6191.06450531319,7765.51112440271,7984.52834488692,7937.90134356356,8769.52131682334,8248.06238945423,2511.74140416916,6150.58449055113,2204.70018749873,5886.83633168165,7971.80897256776,2440.77859494399,7725.00884040306,6506.57291758534,2349.90511680721,7774.85778120711,7711.63241213737,6153.24243902369,8155.59710467012,5907.22047935249,8014.17402562495,7923.35540062663,7337.08051653092,6005.88882466843,7814.75456160697,2356.53324282402,7652.01124583206,5927.48637205392,8232.57625138318,7235.42680580486,2344.86660606478,2281.55594419321,6016.54845367191,6047.08527494285,7815.67268392051,6113.08376548548,8059.60049884348,2386.91783297719,8015.80067861782,8081.2934221374,6008.12663588091,2323.04416312332,7773.07469829843,2261.03676587085,5711.05227323936,7847.49511546585,2484.42124668661,2441.92544922774,2187.42144397128,7998.66326927126,8353.28407164432,2288.3442970393,7502.67705791006,2254.4414372873,2404.2692048443,2074.89018668836,5908.22002941993,2454.62203293129,7878.05171720003,6080.86710909821,8767.18515317538,7737.94150161567,6025.56640509052,2370.1418455549,2421.52855858434,2348.33125933679,7948.33580453881,2339.08665335863,2507.16608903263,6142.27223190194,7734.00429254736,8078.53396879877,8028.15866173734,2429.07068116821,7899.89164671598,7984.42456772478,8171.87511530336,8237.49090900991,8001.2158307306,8335.65939908136,8302.55469551104,6185.40197259987,6164.84256151426,6070.18173215793,7565.75629744409,7891.33446257283,7730.41473626307,7868.97437667894,8108.62101496259,6039.52915468945,8153.24057657996,6061.75529113326,6217.02244169537,7722.41186689862,6150.97900909014,2477.64184886328,6006.49339364212,7811.91946095104,8268.11563212056,2086.17790040296,2211.79934397203,5773.44022731547,8284.64891755522,2483.83315581986,6448.44991350209,2335.22000843575,2261.93183725924,7971.76373365089,7936.43324788123,8009.00537091172,8123.79322267158,8140.49955897144,5820.6600132294,6092.37440162207,2123.36645721315,7715.77942152059,7844.31605034268,7997.37692383782,7906.79178149735,7887.18392320331,7706.83535078246,5920.87846424349,7862.37170146798,7948.8109025048,4933.16420623832,2094.23709891525,2164.68855802714,5147.57329469694,2200.67363931066,7815.16364637126,8046.47811694127,2283.20547918741,7529.68197040396,7500.45453981197,2344.42928246209,5115.51135790648,2310.29504882634,8024.33549246638,7978.94656195666,7173.11776074512,7507.82445833477,4741.1929469495,7405.29545093919,6768.84093543622,4821.41056553266,2297.12105966427,7378.63807828725,5321.88049981144,4713.35997416866,7985.93505443359,2100.80596888542,7329.82276481117,5018.31926025526,2154.44916119967,5012.20856448571,4957.73722427626,5201.40406822761,7288.06227603737,2138.95970922791,7732.3381543033,2119.48152616543,2320.00822270805,7144.96342839639,2235.90826026578,2101.21580414922,2141.89020574931,2114.15614534203,7898.65731685123,4920.44774023642,5221.96765735535,7160.39374213642,5056.03639523343,2370.53056019898,2108.91387313555,2178.22043108704,2184.43481023631,4981.75848295598,7470.63972888892,5263.25048760899,7611.62748306253,7362.05950557017,2014.2844899384,4646.5842785264,7354.19386649245,7207.23684682357,5282.73947141534,6868.39895431341,8002.04755661599,7761.1936275047,7724.91406300477,7312.14465035168,8027.67412809809,2172.40768184613,4964.43323303702,7177.03144811808,5264.13786589777,2166.45342853387,7649.08628966463,5056.83944248591,2147.54249170719,5380.17897917686,5046.21958772281,2253.85614798662,5068.50979205675,7291.18029872358,4560.25059953887,7438.82549516536,2637.03836075105,7311.48441466958,5317.54218761778,7874.93776132998,7345.391582084,7397.48029481252,2202.76182361462,2209.42916829619,7936.54418002696,5110.63902881911,7449.20013731858,2309.2913574267,2448.98605003834,7001.40912162909,4901.51137979912,7908.1321978363,2070.11871021531,4827.92775902745,7202.30820635692,4949.18921901543,6842.68230557215,4600.91516827891,7610.68982255852,2109.95447328764,7297.94076995305,7432.38089634237,5215.77271725082,7390.09518333701,2268.78588776473,2210.47260511779,7543.34098369136,5167.51895303797,7940.75102460315,5071.61359981044,4618.3805904855,5008.98672966823,6971.58573030155,2243.58401398971,2177.03689050846,5128.90829015656,5009.94767127212,5030.40565176401,7407.36618553297,4894.25367625988,2098.94960609268,7765.23573769754,5205.7887236129,8054.32691186767,2189.36121823057,7393.21718679213,7463.87717591009,7883.98072178365,2160.66975249314,7931.53757799202,7342.53587189027,7680.00780643739,7897.40864847589,2176.95891930091,7946.1701568976,7301.33573572886,7989.99651170283,2238.48158997012,7531.79798231031,7464.88418492085,4842.02230304801,5214.68297685034,7858.53005647219,2124.33070493978,6891.58471909762,7525.33633105259,4533.79041162024,7278.38499718815,8005.09058556407
1589.7188144889,1858.24571807685,24.9826659533055,4.00013432547238,5773.22263776132,5936.53703790471,362.802735801725,335.158584116867,5824.38194486568,2170.97293085939,129.511288191616,471.643013572017,624.384261459379,1886.43118984843,2158.07358719278,2673.45286800805,909.531583287471,381.29902880866,6049.85969329357,337.63293128156,87.9941737396693,1915.54261609959,409.991211826395,2134.85589862414,1844.34039346777,5686.54097084455,1869.85266441486,111.776180654223,5798.86554326238,1931.57556260027,1746.11256593394,5942.52087680143,2199.39816930144,1243.94050433454,586.109362666184,234.819574850089,5708.88655043363,538.929302271772,1217.18295281056,2047.5020059898,1534.06356939075,6034.04160786818,2068.21548729728,2109.48211447864,517.680130621492,1963.67796851223,2147.81067995911,12.0739856482911,1117.75987226183,5753.87890948502,558.517110769995,5710.47090081166,5789.49451239048,1675.77280537457,5885.57476938825,2045.33438801319,2045.37116546868,1750.33661301578,1983.87095447827,5927.7325046081,5811.12766931883,5491.88480238955,5849.66598623897,882.112783025954,5955.10894502701,6032.55339996253,5908.53500433747,1e+08,1923.62145540002,1834.81399717698,1425.01683637749,951.967071864732,1595.79488892189,1719.84230283543,1707.90847372424,1257.30331513889,2056.38526098775,1104.51360083098,1744.09949687965,1769.004660161,1483.45031560381,1553.78587773776,1201.68952275566,784.67179446774,6396.66906553237,1415.47482295659,843.087477334582,1472.9175186913,6804.98734036768,6195.00528006221,2174.91217250285,1286.9575115747,734.412510728051,1357.43386058111,1662.31628607412,1519.9206997984,1716.83515082686,6499.55395033032,6367.70487647666,6266.18502780914,810.638453927082,6348.86963614306,1078.76462099311,6506.20123107439,1629.11478105064,1512.96239019526,6522.72690631727,1188.79061591472,1416.23695882815,1391.51400002483,1324.41306339741,798.486661053608,6244.47655233719,2032.11785910328,6319.77282599721,2130.48092868129,1690.18146583293,6717.07033861885,905.930858676971,6631.02014607528,6293.3079370582,1083.16725465662,1293.00664243702,6387.02907088876,6153.7555265992,1977.56917507892,6761.70949594627,691.528754096905,1191.55849033427,6575.73520830446,1418.0136668192,1452.54279691627,1447.92057874477,1257.6491047069,1400.31686440241,6220.11890589283,2320.39665584282,6163.46254599078,2321.35341530707,2590.7383191991,2263.57880450895,6319.70315016529,2633.97947820824,2472.16546592312,6230.21560478261,2251.40106051467,2651.59436175061,6188.79038056756,2105.13562840707,6571.00483288087,2675.6517764959,6148.23499485825,6412.31233021944,2017.500822572,1927.06276815634,2111.26548564391,2139.48808762674,6238.77753903802,2149.0901213836,6283.24922436013,2337.45838782328,2551.34585178593,2812.36663427999,2358.1322275573,3177.7502244098,2352.43562638245,2240.23972255312,2248.5802606319,2519.15572861135,2460.23004100816,2130.43785493094,2675.06059654838,2108.03142820672,2305.60491843909,2246.60753977565,2976.88254823654,2549.8407092271,6493.133519176,2587.31997696513,6183.38378784553,2616.10613500087,2272.06661218635,6640.00208621903,2073.27136197356,2378.8240831166,6265.28504709779,2121.8137995574,2075.66775308139,2415.5402304226,2433.09387300669,2698.01603356399,2285.75798048419,2234.21255527254,1743.20001564136,2676.17453398769,2119.61075130945,6376.89761576608,2056.48634667198,2551.78021643084,2517.81165518975,1724.73761078837,6292.25716941292,6239.27472394129,2693.4888425395,2757.43810488931,2133.52584252292,2469.95049449888,2341.54911074257,6406.22371960729,2287.57045262693,2348.93133731613,2689.3585431057,6439.43496792272,2097.61725684139,6170.53992863513,2858.729970321,2210.66117892557,6553.68223761862,6213.98868918273,6309.22363198923,2278.29041134817,2627.68033780515,6245.9956925074,1902.92798487822,6236.68451975386,6531.86489567588,5868.60082716893,2740.48655184536,6499.85072471112,2231.37507867169,2531.1250351909,3028.35820171422,2119.19078941586,2564.98359539537,6482.67050826759,6313.43047006409,6169.10688921902,2255.64405036391,6366.17980969306,6530.62162087768,2770.32750056335,2120.43025531471,2354.47230890194,2305.18876631457,6491.89268130338,2180.90126635621,2318.51651657391,2491.20642109622,2533.27246498727,2288.17049801292,2608.20048313721,2568.49510379439,2575.69078314883,2631.03138473194,2602.89905954524,1990.71626501499,2223.99735128157,2105.96188328616,2201.15395534629,2401.12987217663,2724.30790840085,2474.20762218991,2547.68819371387,2442.56192994786,2099.6022150718,2416.35658803851,6432.93720203771,2633.53546423327,2182.81599702624,2541.48852349253,5899.26862362843,6045.86427930311,2791.17978837218,2573.74400109116,6595.57422414437,2432.78443398889,6445.34082389758,6152.05618728124,2293.84249093064,2232.81143666425,2284.01494326117,2441.31991851734,2440.85629111817,2642.35718045898,2459.88038559944,6071.59953434481,2084.80714417385,2220.50227923837,2342.93511333638,2205.20219464458,2235.34190776481,2103.87712820382,2907.99827741138,2192.62225581745,2240.42137183237,3112.10787131517,6787.8870598929,6661.67789022096,2999.08259688404,6563.73304562376,2109.12276793156,2356.74187336897,6858.95288165355,1908.67532860276,1858.54441462974,6807.8333705306,2897.0795847983,6814.00508236839,2332.44420079277,2273.78754081257,1631.71474515393,1867.61265248404,3309.43172478116,1803.51800636889,1311.97676497084,3240.69209369925,6838.3382286375,1770.03348192695,2814.4462976799,3214.51440232073,2250.01376504347,6691.62614827436,1737.94225090654,2876.27181931905,6756.84606086333,2827.52570229893,3047.86400105679,2798.70131812958,1684.01464046405,6654.04037656087,2046.92498068471,6627.49155997558,6747.79200465587,1566.9736976585,6742.99364555431,6907.07628711166,6812.4256952422,6831.12641285504,2220.34221555413,2939.36188171674,2822.98650149638,1564.98385354867,2952.78822683317,6799.49451782816,6640.4145258985,6713.64939233822,6774.69137573756,2879.54813428391,1831.8789349133,2834.6183908701,1946.40389174953,1718.93017117741,6599.44180486372,3230.89471744202,1706.11553951349,1639.54673988154,2698.33262450124,1364.16894124614,2319.86941076815,2067.42112084197,2071.59301595587,1715.11607914545,2330.28121291697,6521.90573043956,2999.76638942479,1595.32261984734,2741.85468596848,6682.18562486222,2004.65803659896,2879.96684476539,6720.22392704882,2678.76925982009,3052.17218431536,6748.90984936496,2894.75847437287,1692.5519185867,3469.2635066969,1849.82335760046,7118.71586896519,1693.05204615821,2726.22314469859,2179.30105053738,1711.87058579148,1778.23053110067,6739.8325308492,6787.52456979037,2275.63774060599,2983.68581880327,1775.80643754934,7057.9998316971,7282.2766696314,1460.6619027079,3078.72861580905,2227.09102474711,6615.16756879281,3008.16677455898,1625.39674226651,3123.9470123147,1334.04673544243,2992.70702692563,1955.74957216709,6729.57980957959,1703.16929632524,1836.19253142394,2799.77605282443,1717.75985578019,6781.70677433981,6640.97989208014,1913.41935302936,2825.60990465693,2224.36264226516,3067.92974251955,3178.92426844257,3036.83207590022,1459.53853682548,6732.97666108002,6584.92428416219,2790.35883585195,3148.51920472375,3044.74309524805,1784.09978633231,3026.58024356143,6770.4115777289,2108.52693145044,2857.74014833295,2375.05823405159,6931.06015490279,1732.86691206413,1821.75741381606,2194.64638122632,6801.13476412108,2250.30383183132,1726.93495582437,2010.41520239074,2264.90220266137,6533.96365678358,2315.4243118059,1695.59408101738,2310.97335604622,6814.43091593453,1850.40826524881,1845.76059211102,2962.43327381161,2725.75338559377,2202.82466533084,6677.12779105098,1353.38840103029,1865.6588273289,3341.77660086388,1693.58787591555,2318.70663165543
333.902640911118,65.3757373231738,1948.60412135333,1927.6215897255,7696.84409316133,7860.15849330474,2286.42419120175,2258.78003951689,7748.00340026568,247.351475459365,2053.13274359163,2395.26446897204,2548.0057168594,37.1902655515897,234.452131792754,749.831412608034,2833.1530386875,2304.92048420868,7973.4811486936,2261.25438668158,2011.61562913969,8.07883930043186,2333.61266722642,211.23444322412,79.2810619322487,7610.16242624457,53.7687909851594,2035.39763605425,7722.48699866239,7.95410720024529,177.508889466082,7866.14233220145,275.776713901428,679.680951065478,2509.73081806621,2158.44103025011,7632.50800583364,2462.55075767179,706.438502589464,123.88055058978,389.557886009268,7957.66306326819,144.594031897259,185.860659078619,2441.30158602152,40.0565131122021,224.189224559087,1935.69544104831,805.861583138187,7677.50036488504,2482.13856617001,7634.09235621168,7713.11596779053,247.848650025451,7809.19622478826,121.712932613162,121.749710068656,173.284842384242,60.2494990782503,7851.35396000812,7734.74912471884,7415.50625778956,7773.28744163898,2805.73423842597,7878.73040042703,7956.17485536254,7832.15645973749,1923.62145540002,1e+08,88.8074582230477,498.604619022531,971.654383535289,327.826566478128,3643.46375823546,215.712981675781,666.318140261129,3980.00671638777,3028.135056231,179.521958520373,3692.62611556102,3407.07177100384,3477.40733313778,721.931932644362,1138.94966093228,8320.29052093241,3339.09627835661,1080.53397806544,450.703936708716,8728.60879576771,8118.62673546223,4098.53362790286,636.663943825318,1189.20894467197,566.187594818911,3585.93774147415,3443.54215519842,206.786304573163,8423.17540573034,8291.32633187667,8189.80648320915,1112.98300147294,8272.49109154309,844.856834406914,8429.82268647441,3552.73623645066,410.659065204765,8446.3483617173,734.830839485302,507.384496571869,532.107455375196,599.208392002612,1125.13479434642,8168.09800773721,108.49640370326,8243.39428139723,206.859473281269,3613.80292123295,8640.69179401888,1017.69059672305,8554.6416014753,8216.92939245822,840.454200743404,630.614812963001,8310.65052628879,8077.37698199922,53.9477196788965,8685.33095134629,1232.09270130312,732.062965065752,8499.35666370448,505.607788580818,3376.16425231629,3371.54203414479,3181.27056010692,523.304590997614,8048.74848309501,1131.76704613021,7995.43453156682,1077.88081871693,1175.01056712312,1144.41260740809,8148.05312834018,3524.26310912614,1110.86939952601,8043.95830554742,1117.45556554501,3608.79632186641,8012.55634007582,1175.28995546971,8383.91013090706,3618.32957420198,7957.08014088865,8236.32288059744,1288.64617832899,1369.36130539806,1162.71178829854,1244.43244868293,8065.12795168107,1225.5155095103,8109.68215315276,1088.80710573569,1334.68664003437,3733.49171890371,1205.16106299714,1536.79888024022,1062.50198208556,1086.18788844382,1101.38304949873,3398.58828050697,1269.03473548761,1257.37074854683,3474.63080286807,1150.63397127098,1164.82798464845,1114.68570701637,1332.48415228603,1239.37760896822,8300.54693825965,3409.34927194681,8010.34615705146,3585.50398895708,1104.25936387692,8459.92377729421,1155.66365891717,2963.81597372987,8080.95468221655,1163.59218787792,1189.94252669103,3236.33075344944,1121.9307487456,3654.38919341123,1040.00908397052,1115.35482351134,1252.2064302922,3579.98305791638,1067.27045599106,8195.2475312083,1268.5095786213,3501.26088960645,1184.90207152052,1401.93703516699,8109.1617238189,8060.6297149122,3591.35021803036,3638.67176164864,1101.29235702927,3314.60010507983,1089.08686410643,8222.6568795437,1041.2095566646,1057.36209770647,3591.83732556021,8262.90167699876,1107.98825438901,7992.08406689566,3909.01053806377,1222.60130996937,8366.04285950329,8019.33422782454,8140.89880735509,1057.02499488479,1225.38773440658,8066.90052355904,1240.95304865852,8060.45638965155,8351.03611472449,7701.79382422504,3695.52289800845,8313.06956679402,1208.42080571969,3394.11460946085,1482.77309752308,1235.16990520011,3459.29202939117,8303.26248231954,8123.62853039631,7982.4162042065,1114.66905781976,8185.82374189029,8339.88876517377,3599.53244203963,1245.97057544018,1080.31408360655,1061.52125507891,8307.26805976286,1026.10165808927,1198.54347044091,1245.60381950685,1217.02860088434,1078.80077284642,1209.18825173865,1170.04223699272,3377.01640650413,3445.12097725562,3471.41794136054,1297.54075780576,1161.25594194396,1220.43349582995,1152.93108597502,1141.33385889087,3609.56058358039,1240.43699370978,3421.5604138317,3223.50513448524,1222.40179552632,3238.53863065159,8241.54379865732,3537.48563336889,1230.43043484937,1171.26437104437,7731.79968970357,7869.31717857207,3813.2913859152,1225.34599005469,8409.62607276285,3061.61995177223,8267.88657175333,7973.0902725618,1162.50602187545,1080.83000879972,1047.86604287158,1216.73391610229,1178.54957502928,3645.69004509043,3317.08608440424,7903.43838915811,1202.30522747732,1252.51731389012,1232.88183050303,1076.41209005919,1198.70592561891,1263.45978117026,3855.17500014665,1146.02603050942,1072.05576534873,4470.0647037495,8643.74044783076,8506.84837940037,4285.11427221572,8402.2758693231,1038.36145601915,1161.69604300372,8702.32767546541,1198.68268160949,1153.04825380743,8643.62041754646,4203.82002817424,8653.05392190111,1146.45557943469,1092.10486436849,1357.87997894439,1156.84912289526,4718.66252301728,1234.58272828349,1559.23970931455,4628.08782689727,8679.60036899105,1222.24589603993,4042.92340291327,4640.10888082254,1006.88013516063,8543.14275830632,1256.34995720559,4222.97543321157,8606.60431674423,4181.49719271408,4402.01879161581,4079.31775645442,1237.95799032016,8501.04169437183,1074.60747968025,8475.09928666255,8583.14528884691,1304.0599191913,8585.41297325754,8767.46420317134,8665.50137128806,8687.20632328843,1135.48995153144,4317.00929393743,4092.92341351651,1272.96774881183,4277.97166940465,8632.59498719909,8489.35440268872,8559.71876852934,8622.72409715378,4239.99404200871,1159.48064759269,4086.35916424539,1107.10820507292,1156.33108139435,8454.41200502806,4676.96968568087,1147.4348555344,1310.74873841083,3953.71437003616,1474.56938295131,1163.22956711599,1058.77845325316,1151.87407946721,1248.28055575698,1132.93592051457,8361.39647663326,4355.52096510519,1292.23863517667,4001.19754776956,8527.99655479473,1159.60297589371,4211.33757704392,8569.07613754144,3892.83381947591,4373.1478882647,8590.04592750963,4220.2037725878,1247.37802658871,4924.41864858723,1259.52265456405,8942.96864807469,1208.99455645782,3963.87431771629,1082.49382293513,1176.7780435727,1200.74850274544,8584.91226541893,8634.02147510508,1193.13072211927,4285.25959529869,1086.45508391611,8908.61897520599,9132.92737165612,1391.06411973565,4450.71942588973,1131.53209187947,8466.30396500757,4412.78270538522,1296.12655464728,4475.2414593113,1476.96093689108,4477.33625463796,1130.78585067249,8581.83948437982,1253.64789605035,1245.39080273172,4074.31933948435,1094.12985462801,8622.942830848,8481.52550609708,1180.61297328915,4117.7464854545,1046.8795165142,4378.19696524026,4638.70064886193,4372.92734186948,1437.49146324639,8574.33294515678,8426.22565224018,4101.56613548821,4476.05769321494,4372.2146487796,1192.41879561126,4405.67963623377,8625.1805060845,1152.4411056377,4131.42223211112,1193.01350697812,8785.5134165797,1118.56796692496,1152.49997505856,1101.9840571026,8652.21680608882,1139.05066878433,1211.25190856247,1104.98956745408,1249.27574231537,8373.48111806429,1271.18747621899,1233.43752650609,1166.72110738099,8659.64119955562,1065.8913741302,1200.02258913411,4366.50021139055,4007.6929497292,1180.03469242585,8526.19496178101,1425.36055753914,1114.86444726315,4814.27317900937,1273.300693352,1153.29744221923
245.095182688071,23.4317208998739,1859.79666313028,1838.81413150245,7608.03663493829,7771.35103508168,2197.6167329787,2169.97258129384,7659.19594204263,336.158933682412,1964.32528536859,2306.45701074899,2459.19825863635,51.6171926714581,323.259590015802,838.638870831082,2744.34558046445,2216.11302598563,7884.67369047056,2172.44692845853,1922.80817091664,80.7286189226157,2244.80520900337,300.041901447168,9.52639629079909,7521.35496802152,35.0386672378883,1946.5901778312,7633.67954043934,96.761565423293,88.7014312430342,7777.33487397842,364.584172124475,590.87349284243,2420.92335984316,2069.63357202706,7543.70054761059,2373.74329944874,617.631044366416,212.688008812828,300.750427786221,7868.85560504516,233.401490120307,274.668117301667,2352.49412779846,128.86397133525,312.996682782135,1846.88798282526,717.054124915138,7588.69290666199,2393.33110794697,7545.28489798864,7624.30850956748,159.041191802404,7720.38876656522,210.520390836209,210.557168291704,84.4773841611948,149.056957301298,7762.54650178509,7645.9416664958,7326.69879956652,7684.47998341595,2716.92678020292,7789.92294220399,7867.36739713949,7743.34900151446,1834.81399717698,88.8074582230477,1e+08,409.797160799483,882.846925312241,239.01910825508,3554.65630001241,126.905523452733,577.510682038082,3891.19925816473,2939.32759800796,90.7145002973252,3603.81865733797,3318.26431278078,3388.59987491473,633.124474421314,1050.14220270923,8231.48306270936,3250.28882013356,991.726519842394,361.896478485669,8639.80133754465,8029.81927723918,4009.72616967982,547.856485602269,1100.40148644892,477.380136595863,3497.13028325109,3354.73469697536,117.978846350115,8334.36794750728,8202.51887365362,8100.99902498611,1024.17554324989,8183.68363332002,756.049376183866,8341.01522825135,3463.92877822762,321.851606981717,8357.54090349423,646.023381262255,418.577038348821,443.299997152148,510.400933779565,1036.32733612336,8079.29054951417,197.303861926308,8154.58682317416,295.666931504317,3524.9954630099,8551.88433579581,928.8831385,8465.83414325224,8128.12193423515,751.646742520356,541.807354739953,8221.84306806575,7988.56952377617,142.755177901944,8596.52349312323,1143.28524308007,643.255506842704,8410.54920548145,416.800330357771,3287.35679409324,3282.73457592175,3092.46310188387,434.497132774566,7963.34106043626,1143.41145906456,7909.9001969582,1092.71325993811,1209.8895043356,1150.13923871684,8062.66796044546,3464.73259717876,1138.53745703039,7959.08765390917,1123.4427350889,3547.36706158292,7927.3196460213,1165.84022777388,8299.11661876012,3557.44950918021,7872.37346957185,8151.10583288337,1268.42894363588,1340.55183445368,1154.2645049495,1235.11005267398,7979.80480171485,1217.71555970239,8024.36160806017,1104.56646403257,1355.25601506031,3673.91480355023,1216.19839839323,1598.73950355734,1081.35658107588,1092.74302661407,1107.93576286626,3338.74126336937,1285.53101677419,1246.83097622034,3418.05599504301,1142.38624031551,1173.30856132685,1120.37086871955,1392.73881585966,1265.84319821994,8215.94258503346,3351.58781672071,7924.99400602136,3523.54179944806,1112.86772765713,8374.88327154214,1144.29050210624,2911.52368574465,7996.01957099487,1156.00238083737,1177.51962224977,3177.53421181159,1144.97901575491,3593.20739806999,1053.53977884505,1119.86162623617,1213.66159548242,3520.26836934731,1063.46128951272,8110.23076884302,1251.85035733767,3439.55675641356,1211.98127148745,1359.80810715971,8024.18580848828,7975.48634474366,3531.90258854055,3580.0515821453,1097.29426323754,3255.46639402011,1105.22933622552,8137.71337092629,1054.85157464708,1076.18707959297,3532.22973866166,8177.70767615775,1100.5228489757,7906.92471677977,3845.68112916995,1220.00779287284,8281.26687887827,7934.76344948098,8055.39250524822,1068.83495919177,1260.18853077636,7981.77424635804,1213.71343136869,7975.22572403389,8266.00954221734,7616.17911272122,3634.58035736032,8228.25517117001,1208.21575236813,3334.81611857561,1535.43525928609,1224.58119638005,3399.26899755014,8218.17811127947,8038.8976218356,7897.55232922385,1121.19300753654,8100.75878226257,8255.22223767159,3542.57523410151,1235.07186426412,1098.26253349372,1075.72568858974,8222.37426569307,1030.00762367633,1206.40494991288,1266.28228471474,1243.42557020729,1090.34543264284,1243.28125620139,1203.08831676691,3319.80065008997,3387.85297491752,3412.36531325152,1275.10652982491,1162.61005993908,1209.33969718322,1152.65758143766,1160.05611312266,3550.65088980379,1259.88973158425,3362.03923151176,3166.03186452699,1210.72456710843,3179.70777017409,8156.88759429939,3477.54616801541,1225.18959853671,1201.57381007141,7646.21240806464,7784.07258608052,3750.54618686715,1255.00025879362,8324.79400975214,3008.49824828396,8182.72667440188,7887.9467239391,1170.04308758841,1086.95847998856,1060.76639583798,1234.62753446329,1198.73301917353,3582.85419110246,3257.5289190881,7817.89755421588,1190.1752784176,1249.42364380032,1241.09005651461,1080.15340716037,1199.29061571354,1250.61426932705,3795.21912880966,1145.3153796446,1079.36668767508,4398.08909768286,8557.40264800354,8420.88972443941,4215.06607382485,8316.54886505817,1034.81443514004,1175.03610426254,8616.45254182506,1172.92296107714,1124.57289673752,8558.01849671443,4132.88934772305,8567.33314001386,1158.40256120905,1101.53188514673,1310.98724439511,1128.98115672639,4645.48442670549,1200.43653315596,1495.16132589644,4555.46304897474,8593.80079199215,1186.00734435343,3974.08727691791,4566.25799754113,1018.71511939291,8456.95549146927,1217.39224437809,4150.80652554122,8520.48669477524,4108.99620649657,4330.0207785009,4008.89587670093,1195.72866161706,8415.01566144026,1063.93509825392,8389.04879796963,8497.55322377141,1253.98380923838,8499.56220703728,8680.96917540842,8579.26705111917,8600.86354758194,1137.74615387758,4244.0673180891,4022.88509622713,1223.01325709618,4206.62837175411,8547.09062216028,8403.25658615057,8473.73205556408,8536.67104730632,4167.42655317419,1128.85314733933,4016.89314734887,1086.76569632955,1117.51363368138,8368.0914498086,4602.5173556046,1107.81848081919,1264.87203142151,3883.73270136646,1413.13166928771,1173.09405258103,1050.54303179162,1140.49932293016,1207.94337883928,1145.44183196623,8275.63079560788,4283.36829631523,1243.92101484356,3931.23348182165,8442.01643174027,1142.44595883424,4139.63175213594,8482.98846442252,3823.9867971724,4302.16717962722,8504.24260377138,4148.71051818157,1205.58241880448,4850.05849717698,1228.08345558309,8857.82305232458,1167.72249784188,3894.49521313082,1083.51845209534,1137.19882467402,1165.4496436925,8498.96403340673,8548.02569166461,1197.48509319119,4214.70251720285,1052.86817051791,8822.49420958651,9046.81848151507,1334.64494140134,4378.24619441291,1134.58965307096,8380.12405628671,4339.17993005105,1249.56391779764,4403.49474524486,1414.1858845771,4401.31725750167,1110.53368946645,8495.62827023577,1212.45643636764,1213.30317341523,4004.079194177,1055.99815463199,8537.13893842953,8395.73335218496,1155.67168931308,4047.05982514175,1053.96316593471,4307.5794765713,4563.74228932841,4301.4521178275,1380.71911014153,8488.52006941501,8340.40051264683,4030.22357541705,4405.09371331314,4301.01925262063,1157.68046629633,4332.88197452476,8538.88096779031,1144.16458634909,4061.37032666547,1206.25458420632,8699.23785221116,1081.25688439959,1121.2529054675,1103.50411188903,8566.05449132714,1143.84235938778,1172.23577981207,1090.0837559308,1250.00731807648,8287.71569281939,1275.09987222561,1192.02249886479,1175.58806648683,8573.69486060367,1038.65473466838,1169.5763774599,4292.82052239498,3937.02320128822,1178.67372989853,8440.09571804538,1363.62551095791,1087.79033159902,4739.18020647769,1231.22579852856,1163.59564326658
164.701978111411,433.228881699356,1449.9995023308,1429.01697070296,7198.23947413881,7361.55387428219,1787.81957217922,1760.17542049436,7249.39878124316,745.956094481896,1554.52812456911,1896.65984994951,2049.40109783687,461.414353470941,733.056750815284,1248.43603163056,2334.54841966497,1806.31586518615,7474.87652967108,1762.64976765905,1513.01101011716,490.525779722098,1835.00804820389,709.839062246651,419.323557090282,7111.55780722202,444.83582803737,1536.79301703171,7223.88237963986,506.558726222775,321.095729556448,7367.53771317892,774.381332923958,181.076332042947,2011.12619904367,1659.83641122758,7133.90338681112,1963.94613864926,207.833883566935,622.485169612309,109.046733013262,7459.05844424565,643.198650919789,684.465278101148,1942.69696699898,538.661132134732,722.793843581618,1437.09082202578,307.256964115657,7178.89574586251,1983.53394714749,7135.48773718917,7214.51134876797,250.755968997079,7310.59160576575,620.317551635691,620.354329091187,325.319776638288,558.854118100781,7352.74934098561,7236.14450569633,6916.90163876702,7274.68282261647,2307.12961940345,7380.12578140449,7457.57023634001,7333.55184071497,1425.01683637749,498.604619022531,409.797160799483,1e+08,473.049764512759,170.778052544402,3144.85913921293,282.891637346749,167.7135212386,3481.40209736524,2529.53043720847,319.082660502157,3194.02149653849,2908.4671519813,2978.80271411525,223.327313621832,640.34504190975,7821.68590190986,2840.49165933408,581.929359042911,47.9006823138133,8230.00417674518,7620.0221164397,3599.92900888033,138.059324802788,690.604325649442,67.5829757963811,3087.33312245162,2944.93753617588,291.818314449367,7924.57078670782,7792.72171285414,7691.20186418663,614.378382450409,7773.88647252056,346.252215384383,7931.21806745189,3054.13161742813,87.9455538177647,7947.74374269477,236.226220462773,8.77987754933927,33.5028363526662,100.603772980082,626.530175323883,7669.49338871467,607.10102272579,7744.78966237471,705.4640923038,3115.19830221042,8142.08717499633,519.08597770052,8056.03698245277,7718.32477343568,341.849581720874,132.01019394047,7812.04590726625,7578.77236297668,552.552338701427,8186.72633232378,733.488082280587,233.458346043222,8000.75204468196,7.00316955828835,2877.55963329377,2872.93741512227,2682.66594108439,24.6999719750837,7570.24681873293,1278.26740810882,7516.19022365925,1243.74919412062,1432.48098063917,1260.07185481151,7669.66969095296,3207.6189861435,1337.07974039365,7568.62698480243,1236.26885388053,3280.18897401203,7535.0680469596,1208.8939667021,7908.98297396713,3293.00750479627,7482.73106171239,7758.91965210343,1254.86486048637,1281.07410427791,1202.63821001614,1274.03273777357,7587.12174530484,1264.60273964832,7631.68527624317,1258.52989082594,1515.37616143744,3415.49028430292,1344.16814346948,1912.19753628215,1249.07247427902,1210.09218394828,1224.19438358069,3080.73590890137,1432.2616145631,1279.50063728142,3176.16425404543,1192.5198961667,1293.2433656882,1232.14926839082,1703.45948134885,1453.49006959847,7826.74683950524,3104.09845835315,7532.17617015056,3253.77428876269,1237.28407644511,7983.53115636429,1180.26439934733,2695.10260172087,7605.23717596738,1208.06857498786,1206.30215624476,2925.89862107977,1325.29272967441,3327.05941223283,1202.07612244269,1226.74417172802,1112.97549822809,3261.92285190504,1139.22095916901,7719.03141092527,1256.06858057318,3171.53212275918,1404.53874528814,1231.46947758403,7633.19915896667,7583.68569666536,3274.8476842947,3326.92563991678,1169.53827013141,3001.60272282837,1260.67842292359,7746.86888552769,1203.73849965952,1244.12221397882,3274.36354776467,7785.63079967876,1157.32318327919,7515.05558302542,3567.55319810453,1289.77265381795,7891.22158240827,7545.77731456424,7661.80129947487,1209.37451405994,1480.38899136164,7590.05652667965,1169.99400359043,7582.99694434722,7874.7403023622,7222.11362142344,3369.44485823471,7838.02963985232,1289.1180791219,3079.62503891937,1815.30519304886,1258.467290405,3140.01914946289,7826.63253479515,7649.10961706111,7507.1345034696,1236.41005501288,7709.3246373099,7865.71627970778,3298.03502263441,1266.86775324221,1261.3253858252,1225.39773496141,7831.76098164724,1141.18425220812,1321.73463769328,1430.90211673509,1431.82937597105,1228.30578986274,1461.47127606016,1419.02267060038,3075.27499671455,3142.64098967271,3157.96871692206,1250.55950110477,1253.19974204309,1241.95208184678,1236.94641718755,1322.45246008832,3296.21728556317,1419.88985826021,3105.55466603834,2921.22113348935,1240.59434096943,2927.88241328903,7767.44715764403,3218.2891106456,1282.97727698023,1407.11566361958,7252.27772414244,7391.80289165196,3475.76367300882,1455.59542162595,7934.4681301023,2787.01227304441,7790.81613122721,7496.15791469484,1286.25510318708,1202.95862719115,1206.26478009212,1389.61817520552,1364.80649645687,3308.35844836567,3001.49365052351,7424.16783746228,1219.39725719687,1315.16902408154,1355.85266883397,1186.71365947635,1284.17077600525,1272.53341388672,3534.32218537421,1228.23457566296,1200.80775806672,4074.57442237874,8159.68830554981,8025.04190411098,3901.73871806038,7921.84549536442,1114.10721911006,1314.86835290884,8220.99358397751,1139.37254831536,1081.53416150529,8163.90025458132,3815.29136856643,8172.6331918574,1293.55597898644,1230.09084429962,1159.96303989664,1088.56712840861,4315.414416924,1123.25375124016,1239.63297845262,4228.35081442394,8198.71317601235,1099.19520884302,3667.58351501475,4232.92867924661,1163.06871349418,8059.98601376695,1114.30263484561,3826.8641294474,8123.85193182444,3783.4609531616,4006.53882734502,3694.2176271031,1076.96500119849,8018.8388296351,1109.48978645009,7992.75485943426,8103.48977217577,1088.90132979712,8104.23401049643,8282.47662813506,8182.05660698618,8203.1212510046,1233.88006191345,3915.97869258968,3710.12121728851,1060.53473978686,3886.75134084898,8153.45020601018,8006.72970934418,8077.74178179952,8140.35042093051,3841.41547078491,1074.81553258847,3707.05853526596,1086.02431893496,1022.67793638334,7970.47782433473,4266.08337907101,1009.60938216053,1122.04302121294,3571.66437979076,1175.84089915835,1298.77782141031,1108.06551715855,1176.75100474238,1098.30229016539,1283.68376835244,7880.74263653153,3959.20442266249,1089.13111455875,3619.11244859864,8046.06150504022,1152.06598858451,3818.07376600577,8086.50362677589,3517.90260081549,3983.90336257061,8109.14583822058,3828.21192636635,1088.42504258068,4513.69798492665,1162.59520290594,8465.89808141688,1056.05984310772,3585.46977141809,1178.38028904121,1036.78933090919,1084.98030387768,8103.15942516124,8151.98388171257,1298.58845157815,3898.79613160057,990.603441959469,8425.79770097603,8650.18060703044,1129.59462622252,4052.2525312338,1234.33910823846,7983.19767960081,4007.53387895253,1103.97816905975,4081.12706041648,1169.08684689612,4057.26723191508,1108.22152083032,8098.53817631321,1098.01218779108,1145.59192680747,3690.34036212056,970.118317070721,8142.036008042,8000.70259216435,1127.39538842974,3730.92825869632,1176.36541708077,3991.14217938171,4224.81075682082,3980.68412941915,1171.50209831087,8093.37823539577,7945.21426552759,3710.79399475707,4086.68090504505,3981.67044986483,1080.66383411723,4005.33745053304,8141.35523834554,1194.03870811736,3748.4303191075,1343.86483847468,8301.81569809007,997.346214492719,1064.74747954301,1198.96532006641,8169.19712048016,1250.2716245503,1072.07537863069,1114.28349351193,1332.39715292018,7892.82744940607,1369.73571737903,1077.83165763844,1296.98581760906,8177.89220273157,1009.27047179687,1113.24977577198,3960.87674300058,3621.28334661019,1256.49736341602,8043.55834849327,1126.62969536534,1054.71912725634,4399.29148494827,1110.84838778286,1291.6584157801
637.75174262417,906.278646212114,976.949737818038,955.967206190207,6725.18970962605,6888.50410976944,1314.76980766646,1287.1256559816,6776.34901673041,1219.00585899465,1081.47836005635,1423.61008543675,1576.35133332411,934.4641179837,1206.10651532804,1721.48579614332,1861.4986551522,1333.26610067339,7001.8267651583,1289.60000314629,1039.9612456044,963.575544234857,1361.95828369113,1182.88882675941,892.373321603039,6638.50804270927,917.88559255013,1063.74325251896,6750.83261512711,979.608490735532,794.145494069206,6894.48794866616,1247.43109743672,291.973432469811,1538.07643453092,1186.78664671482,6660.85362229834,1490.8963741365,265.215880945824,1095.53493412507,582.096497526021,6986.0086797329,1116.24841543255,1157.51504261391,1469.64720248623,1011.71089664749,1195.84360809437,964.041057513025,165.792800397102,6705.84598134974,1510.48418263473,6662.43797267641,6741.46158425522,723.805733509837,6837.54184125299,1093.36731614845,1093.40409360395,798.369541151045,1031.90388261354,6879.69957647284,6763.09474118357,6443.85187425426,6801.6330581037,1834.07985489068,6907.07601689174,6984.52047182726,6860.50207620221,951.967071864732,971.654383535289,882.846925312241,473.049764512759,1e+08,643.82781705716,2671.80937470017,755.941401859507,305.336243274158,3008.35233285248,2056.48067269571,792.132425014915,2720.97173202573,2435.41738746855,2505.7529496025,249.722450890927,167.295277396992,7348.63613739712,2367.44189482132,108.879594530152,520.950446826572,7756.95441223241,7146.97235192693,3126.87924436758,334.99043970997,217.554561136683,405.466788716377,2614.28335793886,2471.88777166312,764.868078962126,7451.52102219505,7319.67194834138,7218.15209967386,141.328617937652,7300.83670800779,126.797549128375,7458.16830293912,2581.08185291537,560.995318330523,7474.69397818201,236.823544049986,464.269886963419,439.546928160092,372.445991532676,153.480410811126,7196.44362420193,1080.15078723855,7271.73989786195,1178.51385681656,2642.14853769767,7669.03741048357,46.0362131877609,7582.98721794002,7245.27500892292,131.200182791885,341.039570572288,7338.9961427535,7105.72259846391,1025.60210321418,7713.67656781102,260.438317767828,239.591418469536,7527.70228016919,466.04659495447,2404.509868781,2399.8876506095,2209.61617657164,448.349792537674,7118.82089497915,1558.39132142088,7063.98641659316,1540.09781220663,1774.42552290129,1520.28595591871,7218.33524373777,2953.9973665745,1665.17063391809,7120.60101829758,1501.10701592876,3011.89871650032,7084.74228723605,1413.17987840273,7461.25362642803,3028.26122190713,7035.79510220691,7308.60245286601,1397.4288310881,1370.68790445624,1412.64970744811,1467.48997895065,7136.22107606814,1466.6984245177,7180.7784280947,1556.1221092144,1801.27408077152,3157.26868079952,1613.27028245139,2311.8238462314,1558.52194582812,1481.18214888802,1493.07129007784,2827.83653540923,1711.53142218972,1466.29672157157,2943.52834809364,1405.29695721036,1559.35733788518,1496.45299647703,2104.74495988799,1766.15391627521,7380.25213693493,2865.08907481871,7081.1199516717,2982.31086022599,1511.96281062249,7534.21266314724,1381.00876967844,2506.09818815884,7156.78247021368,1420.96698528671,1397.13930995194,2684.32743041605,1639.57520253926,3059.55123860434,1499.79077823007,1487.29820645788,1177.25388648924,3005.85705052852,1381.33509588002,7269.99838508357,1416.880603498,2903.58605221699,1723.93643835241,1245.09255215783,7184.47082677258,7133.92510456592,3020.34436345892,3076.99079353893,1405.16641826557,2755.65404152484,1559.32220898975,7298.28292739428,1501.59773195405,1554.11605211656,3018.77152242622,7335.44551430391,1380.24231652565,7065.23094594009,3281.00497930424,1511.04749168216,7443.6119541135,7099.66282428373,7209.70471411926,1499.93855572904,1818.18748277657,7140.40070050963,1290.82012212347,7132.68403856727,7425.5640427011,6769.54697539487,3102.76348083983,7390.20736807365,1520.75019807485,2830.57491076149,2189.85866153379,1448.61951006092,2884.50491614402,7377.11714193916,7201.92026359372,7059.18741053559,1503.29761450634,7259.99261546468,7418.80855955739,3060.01016990222,1454.10270143221,1566.11674650577,1522.10532321574,7383.44251452693,1413.70999855374,1581.51401667321,1725.58825835683,1746.30792434931,1515.13091683138,1798.54637879718,1756.37520014272,2840.74265796921,2906.07926875064,2908.76832416285,1382.01396807959,1496.91913215987,1432.60503098875,1476.54082742702,1622.30947128585,3044.94906422785,1711.33372949488,2854.33337032599,2689.03716593577,1428.71509536249,2686.01580790566,7320.66020992923,2961.60907296379,1493.64459462365,1736.82529571274,6799.8705669968,6941.50469180773,3194.74738914528,1778.77670976136,7486.48310986738,2589.07607832707,7340.84317673651,7046.44385969231,1549.70764635907,1473.55728740215,1501.15529019662,1678.74430908418,1664.86515725943,3029.73364221329,2752.58277664793,6971.96851098256,1409.19867838632,1530.33831350733,1612.45168891453,1450.77995405479,1519.88762095735,1449.41832387948,3271.33771482656,1467.440567395,1476.21728555686,3722.32123514814,7702.16169019263,7569.94078953405,3564.46776863174,7468.24130255878,1362.18937320347,1596.3766725037,7766.34393102262,1275.24411410834,1215.62464886045,7710.98228292336,3472.76839818926,7718.96768741422,1572.7233216707,1508.89756889018,1154.28411098041,1224.40022776635,3952.99639300613,1213.38285769455,1071.27951690978,3870.3736898785,7744.54453210167,1181.88690645579,3341.41848170593,3866.46779209642,1460.7944046991,7603.43651601465,1175.51073320365,3475.53214029433,7667.71770516902,3430.21346226699,3654.72500763216,3356.5942478981,1125.12635648705,7563.31668610946,1327.73869979414,7537.0885022243,7650.65810133309,1075.5785048004,7649.78029192729,7823.92867638308,7725.17146146198,7745.54996997825,1484.3433868476,3558.38025491553,3375.01271194745,1055.49443636672,3540.61901998143,7701.14720231268,7550.7607874001,7622.4451006199,7684.61534697906,3487.13722905136,1198.08083538753,3376.00077118628,1263.02013308511,1108.6956477034,7513.12037803321,3895.23586395525,1094.02630497505,1132.72631388849,3238.62805994825,1044.54256397826,1569.42072231328,1337.45047995233,1378.16683129503,1154.12741057509,1566.24191174415,7426.91195216939,3606.73933078507,1089.47830690291,3285.61055712619,7590.81777778286,1330.55134334466,3470.08513705773,7630.57023034561,3193.61389939635,3639.3560345074,7654.9877051235,3481.613428319,1136.68656551786,4141.90276276829,1260.36953443884,8015.70212383873,1116.3565978507,3256.52303226371,1433.14244639197,1113.81347735174,1177.1876059968,7648.09488499959,7696.60362076613,1547.66797260422,3558.02161045795,1118.95061012009,7969.51934720661,8193.93183606765,1053.72147731997,3696.74055759521,1487.95025462296,7526.72084552542,3644.52139382065,1113.94298552203,3730.40008741936,1026.40557469896,3676.91216754566,1280.57154874765,7641.82535265845,1148.05399704896,1243.23535466083,3354.04160526574,1076.05764563228,7687.86174882116,7546.65684801686,1270.4840849447,3391.02638824739,1454.85420654507,3649.03984204438,3850.73637492879,3632.73681736686,1083.35640004169,7639.16626102013,7490.98319313019,3366.48887295458,3741.3037082223,3635.65596623216,1177.48315622854,3647.96746108441,7684.07433437727,1406.40483997894,3412.78883033693,1621.3238632972,7844.63458744843,1100.45062916165,1186.89985679276,1452.19512995168,7712.76738525698,1508.29131096715,1143.45455021168,1311.80685094865,1561.57513412628,7438.99339314609,1607.0893549817,1131.43617045997,1564.06470635171,7722.81242522175,1169.09892541599,1228.22013867337,3597.711271668,3282.75992267721,1488.34863937415,7587.5673995919,1002.82104627171,1203.44131643564,4023.17146320556,1151.59247535074,1564.91875299405
6.07607443299118,262.450829154954,1620.7775548752,1599.79502324737,7369.01752668322,7532.33192682659,1958.59762472362,1930.95347303876,7420.17683378756,575.178041937493,1725.30617711351,2067.43790249391,2220.17915038128,290.636300926538,562.278698270882,1077.65797908616,2505.32647220937,1977.09391773056,7645.65458221548,1933.42782020346,1683.78906266156,319.747727177696,2005.78610074829,539.061009702248,248.545504545879,7282.33585976644,274.057775492968,1707.57106957612,7394.66043218426,335.780673678374,150.317677012046,7538.31576572331,603.603280379556,351.854384587349,2181.90425158808,1830.61446377198,7304.68143935552,2134.72419119366,378.611936111336,451.707117067908,61.7313195311404,7629.83649679006,472.420598375387,513.687225556748,2113.47501954338,367.88307959033,552.015791037215,1607.86887457019,478.035016660058,7349.67379840691,2154.31199969189,7306.26578973356,7385.28940131239,79.9779164526766,7481.36965831014,449.539499091289,449.576276546783,154.541724093885,388.076065556378,7523.52739352999,7406.92255824072,7087.67969131143,7445.46087516087,2477.90767194784,7550.9038339489,7628.34828888443,7504.32989325936,1595.79488892189,327.826566478128,239.01910825508,170.778052544402,643.82781705716,1e+08,3315.63719175733,112.113584802347,338.491573783002,3652.18014990965,2700.30848975288,148.304607957755,3364.79954908289,3079.2452045257,3149.58076665966,394.105366166235,811.123094454154,7992.46395445425,3011.26971187848,752.707411587312,122.877370230589,8400.78222928958,7790.80016898409,3770.70706142474,308.83737734719,861.382378193845,238.361028340784,3258.11117499602,3115.71558872029,121.040261904965,8095.34883925222,7963.49976539854,7861.97991673104,785.156434994813,7944.66452506497,517.030267928786,8101.99611999627,3224.90966997253,82.8324987266374,8118.52179523917,407.004273007175,179.557930093742,204.280888897069,271.381825524484,797.308227868286,7840.27144125909,436.322970181388,7915.56771491911,534.686039759396,3285.97635475483,8312.86522754074,689.864030244921,8226.81503499716,7889.10282598007,512.627634265275,302.788246484873,7982.82395981066,7749.55041552107,381.774286157024,8357.50438486817,904.26613482499,404.236398587625,8171.53009722635,177.781222102691,3048.33768583816,3043.71546766666,2853.4439936288,195.478024519486,7733.85339142562,1207.08366160902,7680.05958523641,1165.77452884196,1328.93570318428,1198.55855964672,7833.23777157962,3311.03250309615,1241.82533433011,7731.10353450191,1173.28186829539,3388.07066954383,7698.3120384867,1173.88143212165,8071.32964990082,3399.70886360808,7644.85371909262,7922.14187074746,1244.23870093523,1290.47003726229,1165.3352581545,1241.62816182465,7750.55234921122,1228.77873962098,7795.11422646858,1179.60006222468,1436.66061262295,3519.69464722757,1276.48924766028,1776.80807322225,1164.68054916882,1144.93945634641,1159.67340110353,3184.3901772016,1358.07435031282,1249.7629545391,3272.90905826661,1154.34060192567,1228.16020437037,1169.52417034556,1568.44860325844,1363.5114359171,7988.68908768191,3203.19153769002,7695.66307773016,3362.75926519143,1169.70064412433,8146.40200319678,1147.76122404064,2780.00457536396,7767.85288423534,1169.32242866443,1177.17979355077,3026.56683579546,1236.91412149527,3434.5391917463,1124.51922746441,1166.00149430818,1138.2092475654,3365.93351588971,1089.70740924935,7881.82935493826,1237.93392624503,3279.66908618608,1312.22885069225,1270.5466032353,7795.90333401746,7746.73760170674,3378.30996049394,3428.73339443217,1121.94180794179,3103.34723593416,1181.19588279252,7909.51548047143,1126.06783964202,1159.58360099228,3378.17878862401,7948.80688324744,1115.85508893537,7678.13485610805,3680.46987487009,1244.87981518713,8053.52987665263,7707.62050683156,7825.6235186759,1135.04930651328,1378.12945016046,7753.07303873058,1171.10922669561,7746.2325196192,8037.57264631286,7386.12760926114,3476.52534403801,8000.41359830123,1239.68076854141,3182.04855564536,1692.24959610956,1227.94789293101,3244.2874299631,7989.58198121912,7811.30017363394,7669.5907176885,1172.47154935858,7872.22298245457,8027.79268185861,3396.07669463953,1237.32881513579,1178.88842621912,1147.71514255645,7994.31095260033,1077.4449615769,1258.83085497226,1349.67617926765,1341.36811890527,1155.25275524632,1359.83128871306,1317.89508710928,3173.03881735818,3240.78984625802,3260.1399561413,1244.55478099297,1199.36997151112,1211.73870528421,1185.4446959754,1240.98881079384,3398.56107092189,1340.36759469856,3208.57467020496,3018.89831417316,1211.50377703304,3028.63640391053,7929.49242860682,3322.64936802846,1242.90345283328,1309.84827020681,7416.23635520713,7555.0504400394,3587.14585455349,1360.64134283288,8096.89791737667,2874.29177819813,7953.9210445995,7659.20215239796,1222.56882829764,1138.24067011891,1129.95341988039,1311.76146321777,1282.36391675879,3419.46217654634,3104.18754187605,7588.04319549568,1190.28017601146,1272.23586587511,1293.5671642303,1125.52375478076,1233.05653093639,1247.18654441306,3639.71474171067,1177.16675040796,1133.89702140517,4207.568098058,8325.28855540285,8189.83996767192,4030.21103490758,8086.15088648724,1062.73516447303,1242.16115598612,8385.62902785211,1135.6410007466,1080.95577572207,8327.96036425651,3945.58128215033,8336.94260771474,1222.44214749684,1160.76984642414,1208.39171392167,1086.97160044889,4451.35691306647,1138.25360401652,1336.82254006332,4362.97396115136,8363.18915267193,1118.07189228906,3792.94525885016,4370.25969165656,1086.5811849547,8225.26537211578,1140.62435705446,3959.93033739451,8288.9890827075,3917.20197280861,4139.48820693979,3823.16603588713,1109.7376159895,8183.77775100984,1071.8615890977,8157.74344593903,8267.52506916636,1142.83347466842,8268.81107739745,8448.41217445794,8347.4414094166,8368.7342127392,1177.55133662803,4050.89724829967,3838.24242074728,1112.89531168269,4018.07218406024,8317.3054517445,8171.81839591223,8242.60194176436,8305.35332079762,3975.39237841341,1078.90443954373,3833.89871006274,1067.38039563877,1043.85574847933,8136.03159190033,4404.77795077894,1032.06242044227,1166.2915343491,3699.39820274075,1264.04158803417,1231.47670519412,1065.47840295902,1144.07864999034,1127.30864358709,1211.23129412244,8045.12630989724,4092.42974145219,1138.36952480168,3746.89865908532,8210.90588699763,1130.1495707732,3950.09415730951,8251.57584114213,3642.98343082421,4114.56803396848,8273.62387158799,3959.77481230843,1120.64816909448,4652.441020356,1173.05305108989,8629.02630831071,1085.32245101404,3711.88145749493,1121.75857526957,1060.6989407103,1100.83167786532,8267.94055306143,8316.86757998035,1241.10602045203,4028.3912124766,996.744763790294,8590.96674698039,8815.32838073387,1202.38913909112,4186.31674748857,1176.5623206973,8148.457124443,4144.04438181299,1149.23478994299,4213.62400827852,1260.87497400467,4199.21173680491,1090.62992997071,8263.86992285793,1129.16134651531,1156.77335426623,3818.87604454992,986.318310099048,8306.51737005442,8165.15003331415,1121.20665851863,3860.5323495152,1108.71459398267,4121.01457499704,4364.57920264631,4112.43863491344,1246.64459600757,8257.87524319198,8109.72713648092,3841.82835279511,4217.45838779826,4112.80686675828,1094.92303897627,4140.05772083629,8306.87437582835,1155.98917274792,3876.65035114973,1272.36422000358,8467.29323601504,1013.19614978758,1069.74007312084,1142.41019758412,8334.43046475774,1190.03087882814,1096.45127452523,1085.62311675242,1282.88587201261,8057.21143074835,1315.69326076052,1108.5661553017,1231.36626027615,8342.67397961793,1001.44176853524,1118.96899803572,4097.49788582713,3750.65352528724,1207.88607772969,8208.65224504136,1214.25932849567,1049.35282176681,4539.53313141829,1144.83931068506,1223.32690345377
3309.56111732434,3578.08802091229,1694.85963688213,1715.84216850996,4053.38033492589,4216.69473506926,1357.03956703371,1384.68371871857,4104.53964203023,3890.81523369483,1590.33101464382,1248.19928926342,1095.45804137606,3606.27349268387,3877.91589002821,4393.29517084349,810.310719547969,1338.54327402678,4330.01739045814,1382.20937155388,1631.84812909577,3635.38491893502,1309.85109100904,3854.69820145958,3564.1826963032,3966.6986680091,3589.6949672503,1608.06612218121,4079.02324042694,3651.4178654357,3465.95486876938,4222.67857396599,3919.24047213689,2963.78280716999,1133.73294016925,1485.02272798535,3989.04424759819,1180.91300056367,2937.02525564599,3767.34430882524,3253.90587222619,4314.19930503273,3788.05779013271,3829.32441731407,1202.16217221394,3683.52027134766,3867.65298279454,1707.76831718714,2837.60217509727,4034.03660664958,1161.32519206544,3990.62859797624,4069.65220955505,3395.61510821,4165.73246655281,3765.17669084862,3765.21346830411,3470.17891585122,3703.71325731371,4207.89020177267,4091.2853664834,3772.04249955411,4129.82368340353,837.729519809481,4235.26664219157,4312.71109712709,4188.69270150203,1719.84230283543,3643.46375823546,3554.65630001241,3144.85913921293,2671.80937470017,3315.63719175733,1e+08,3427.75077655968,2977.14561797433,336.542958152313,615.328702004456,3463.94179971508,49.1623573255599,236.391987231627,166.056425097676,2921.5318255911,2504.51409730318,4676.82676269692,304.367479878847,2562.92978017002,3192.75982152674,5085.14503753224,4475.16297722676,455.069869667411,3006.79981441014,2454.25481356348,3077.27616341655,57.5260167613101,199.921603037041,3436.67745366229,4779.71164749489,4647.86257364122,4546.3427249737,2530.48075676251,4629.02733330762,2798.60692382854,4786.35892823896,90.7275217847989,3232.80469303069,4802.88460348184,2908.63291875015,3136.07926166359,3111.35630286026,3044.25536623285,2518.32896388905,4524.63424950175,3751.96016193871,4599.93052316177,3850.32323151673,29.6608370025053,4997.22803578342,2625.77316151241,4911.17784323985,4573.46563422276,2803.00955749205,3012.84894527246,4667.18676805333,4433.91322376375,3697.41147791435,5041.86719311084,2411.37105693234,2911.4007931697,4855.89290546903,3137.85596965464,267.299505919164,271.921724090666,462.193198128536,3120.15916723785,4650.55907810266,3913.95954492823,4589.50668084818,3928.60622422705,4212.43561805396,3847.08105662717,4749.20193031803,2881.36195224372,4091.28954629067,4683.4515244777,3840.62582598308,2817.70998618313,4627.21194064854,3664.00542160536,5020.41240539405,2849.6724701845,4610.36990180078,4847.1823836774,3534.24974215045,3409.31388434304,3674.25939053448,3681.24074386656,4672.47566306248,3697.47256974785,4716.19278809617,3943.9691501688,4123.42902756257,2963.91239369574,3937.01966012218,4825.0465528467,3967.18167612819,3836.28149292253,3841.64662094656,2821.238336912,4036.16200220749,3667.34228714536,3004.31641581726,3674.14167191475,3888.64895761953,3836.02606721048,4632.88662584962,4148.18835403755,4951.88804697402,2924.5804425927,4616.93143535398,2781.22828907869,3866.99834509072,5078.02114868478,3635.05956689334,3021.70082684642,4715.01330530441,3685.5019268192,3627.75450126315,2820.18598897393,4043.9534223191,2848.47124987226,3898.082404366,3822.11539840643,3258.81162625669,2893.56547071953,3709.08928694825,4820.86494816777,3582.98570186479,2763.93835369644,4125.30128370952,3184.85097758747,4739.6813885656,4680.66583040897,2911.34574416741,2971.57883910156,3715.30301452382,2828.16383858343,3948.4935494441,4852.67466922019,3899.80930551267,3964.47568186053,2903.56598204983,4874.7639564811,3674.57166855504,4612.67821088141,2843.14680060668,3766.44584132578,5004.14730899472,4680.37278924137,4733.75537230921,3885.69033634022,4242.83331976774,4687.97934459222,3427.53837788966,4674.39018110244,4972.42831015604,4297.07709116251,2877.66749237468,4949.79756359262,3793.57509112522,2846.23400149434,4655.19689640447,3661.74076524172,2833.45999531749,4921.76124280264,4770.76031613862,4624.00106776091,3846.06143050378,4808.33338534687,4986.04377400959,3036.20144365098,3659.82777688265,3965.16874075844,3914.53554128829,4938.71229562117,3785.97860907216,3894.02547570143,4078.45428314997,4134.85602682835,3891.33160605613,4224.1817982395,4187.80032988229,2938.64357419557,2960.74121863161,2885.21843237106,3502.42935756023,3798.53638344611,3651.68887176786,3775.53183016242,4002.70208025945,2945.32662953545,4060.22203462321,2844.8433530251,2876.83251728809,3644.1561576703,2819.24439510643,4890.81370560928,2866.0659844194,3733.25985490134,4156.16726776898,4328.32408825377,4486.97500824338,2832.22123854572,4179.75527504957,5042.93056028208,3015.88472617482,4881.98514495351,4595.27029285132,3876.07430994246,3829.42581256306,3894.2641300555,4028.80630572447,4038.41135335633,2758.18337812269,2808.8684742566,4499.15865077127,3634.03101070058,3768.62151643014,3912.0815335856,3800.12405429725,3800.74729539563,3636.29719136593,2999.22139779564,3768.00102650903,3840.0347357476,2597.28160881703,5170.746139631,5061.6782288788,2623.99338499291,4974.73627372168,3705.09961287435,3947.11095806677,5259.7456590108,3446.98587907006,3408.80632405183,5220.35552304076,2522.53768166526,5221.63412518283,3923.68869159034,3871.99707326936,3108.15165880874,3417.03246247397,2665.25320374238,3326.29461873691,2711.59157667339,2647.19902273612,5242.45193347717,3296.1634137108,2579.84109729876,2566.70764826031,3866.34115522669,5081.80818008187,3252.05980009081,2447.72191105803,5149.07942927283,2403.41299799719,2556.57362821457,2494.77370569897,3204.27550547268,5051.36213228955,3629.00532073412,5024.15595738094,5161.58544379996,3065.36465554355,5146.31383435967,5282.26338348674,5199.22732626656,5213.29878059058,3801.44960739737,2443.0134396004,2526.47396634877,3075.1087369333,2533.40436510788,5216.08019625384,5034.94675596474,5111.7990780858,5169.34000769116,2428.63959015414,3379.3893217775,2560.41395549178,3513.68469783615,3266.06194463031,4985.2328138468,2545.76240860979,3256.12538086197,3133.94086278432,2465.96294137954,2801.23935074464,3905.11052293995,3655.07794397529,3634.3225226391,3231.8218369944,3924.76528552184,4931.93689506235,2519.76163337618,3097.36973541028,2488.31615689134,5081.02448151282,3560.27299113179,2473.73953315222,5114.14462838852,2511.73750607884,2610.04856556791,5154.08463494847,2492.85725805673,3209.52478174302,2716.94062124837,3365.86394376195,5544.87935344166,3223.12775439737,2509.10594670574,3770.16006808202,3252.48135422762,3311.54839760612,5139.21260087832,5184.34453714876,3847.32289725407,2590.31953452749,3344.21207156765,5446.43005260704,5668.96037941183,2928.67969361426,2551.22814301246,3809.97261003483,5006.62035130169,2448.65077922009,3125.40584401442,2616.16276718745,2772.48778498586,2303.71020966642,3516.77105848734,5118.31036267521,3217.96789277914,3356.41547061888,2504.34224107863,3284.00596092055,5186.40875566137,5048.13821709218,3457.527112345,2495.77944016112,3828.54544297003,2637.32966057839,2483.68452248722,2576.26883250657,2907.49732346484,5137.98189115152,4991.53416446151,2443.94189263424,2670.15058806211,2594.96814437561,3320.20736637212,2502.47135379136,5155.03607588939,3674.17382035051,2544.39043593896,3959.53416441897,5314.85429278564,3291.6689838982,3371.15091127186,3781.95323263715,5191.00333268438,3833.72976000128,3256.24791473813,3581.88515725244,3819.288525467,4943.82106648795,3869.86937410663,3217.37348919848,3894.17340943782,5212.91595266381,3425.74262954999,3381.04159540545,2417.02023451352,2445.08937437142,3769.88638811224,5071.12406131912,2814.07834881698,3427.47262582759,2587.69278589898,3201.44856031833,3906.43609564408
118.189659235338,150.337244352607,1732.89113967755,1711.90860804971,7481.13111148557,7644.44551162894,2070.71120952597,2043.06705784111,7532.2904185899,463.064457135145,1837.41976191586,2179.55148729626,2332.29273518362,178.522716124191,450.165113468535,965.544394283813,2617.44005701171,2089.2075025329,7757.76816701782,2045.5414050058,1795.90264746391,207.634142375349,2117.89968555064,426.947424899902,136.431919743532,7394.44944456879,161.944190690622,1819.68465437846,7506.77401698661,223.667088876026,38.2040922096992,7650.42935052568,491.48969557721,463.967969389696,2294.01783639042,1942.72804857433,7416.79502415787,2246.83777599601,490.725520913683,339.593532265561,173.844904333487,7741.9500815924,360.307013573041,401.5736407544,2225.58860434573,255.769494787983,439.902206234868,1719.98245937253,590.148601462405,7461.78738320924,2266.42558449424,7418.3793745359,7497.40298611473,32.1356683496701,7593.48324311249,337.425914288942,337.462691744437,42.4281392915385,275.962480754031,7635.64097833236,7519.03614304309,7199.79327611379,7557.57445996322,2590.02125675019,7663.01741875125,7740.46187368676,7616.44347806171,1707.90847372424,215.712981675781,126.905523452733,282.891637346749,755.941401859507,112.113584802347,3427.75077655968,1e+08,450.605158585349,3764.29373471199,2812.42207455522,36.1910231554081,3476.91313388524,3191.35878932805,3261.694351462,506.21895096858,923.2366792565,8104.57753925662,3123.38329668083,864.820996389659,234.990955032936,8512.89581409191,7902.91375378644,3882.82064622709,420.950962149537,973.495962996189,350.47461314313,3370.22475979837,3227.82917352263,8.926677102618,8207.46242405456,8075.61335020089,7974.09350153337,897.27001979716,8056.7781098673,629.143852731133,8214.10970479862,3337.02325477488,194.946083528984,8230.6353800415,519.117857809522,291.671514896088,316.394473699415,383.495410326831,909.421812670634,7952.38502606141,324.209385379042,8027.68129972145,422.57245495705,3398.08993955717,8424.97881234309,801.977615047268,8338.9286197995,8001.21641078242,624.741219067623,414.901831287219,8094.93754461299,7861.66400032344,269.660701354678,8469.61796967051,1016.37971962733,516.349983389972,8283.64368202871,289.894806905037,3160.45127064051,3155.82905246901,2965.55757843114,307.591609321832,7841.42527577982,1171.59015849147,7787.79912365031,1125.79050887543,1268.88756822305,1170.03099222189,7940.78316809409,3381.89312657576,1188.5195606275,7837.95920959981,1143.97162252833,3461.64767188344,7805.65491043575,1164.02098811704,8178.09488707889,3472.54203327759,7751.48726750444,8029.466044037,1249.96494065879,1308.77461408655,1154.00744367547,1232.81805920206,7858.01234343756,1217.77414081577,7902.57221415603,1138.78758105869,1393.97310756658,3590.87652358539,1242.86127420402,1691.41326098692,1120.0310394009,1114.39361107013,1129.41774779065,3255.51595604145,1319.16043710022,1242.67700198692,3339.64689725388,1142.53928099943,1196.8138337665,1140.51033263335,1483.828940475,1313.19445884169,8095.1995448328,3271.46178581017,7803.1599464121,3437.04240752998,1137.15581020874,8253.49841510488,1139.91079082603,2839.94854701207,7874.79589363363,1156.96101982449,1171.28125144142,3095.99833118593,1188.70299012175,3507.8294821333,1085.26524637341,1138.35867852547,1168.13037852915,3437.11877067512,1070.85335314538,7988.88528006622,1238.7513418247,3353.49361618528,1260.56485292393,1307.74250389751,7902.90177230586,7853.9576324579,3449.14302584003,3498.4920134912,1104.02389912946,3173.36632529849,1139.96689137153,8016.47476426393,1086.7145215952,1114.8757953705,3449.23195278176,8056.10122078666,1102.25461373904,7785.37380329273,3756.97463508531,1227.49401872861,8160.27115494215,7814.0752711279,7933.33020633991,1098.02558720181,1318.73368202897,7860.27048935858,1185.29608423341,7853.56898712336,8144.64694171406,7493.96498155583,3549.5345222438,8107.2041319197,1219.20152114074,3252.4117444903,1616.18963900909,1220.55529490687,3315.73938686424,8096.73163817462,7917.97253487911,7776.43502326057,1142.49428854126,7979.34280797981,8134.38735239546,3463.51073796006,1230.5028991507,1135.53180350592,1108.12586815918,8101.20698953642,1048.69789456177,1228.74135670147,1305.7836128522,1290.84992428546,1118.93401666164,1301.00144545723,1259.70724970664,3240.51113140451,3308.434876779,3330.27286893543,1253.31432815534,1176.23725057226,1204.72340647753,1164.0848592987,1197.77995168835,3468.6795638523,1297.76774110175,3279.28348807435,3086.48118410969,1205.25028894317,3098.11888319639,8036.06971340817,3394.0892893828,1228.8507844305,1254.56260641272,7524.03804180345,7662.39884211072,3662.75553694683,1306.71633119199,8203.71534378714,2935.58339523839,8061.1701184159,7766.41933737818,1192.26615001227,1108.07871955134,1091.5457928055,1270.5752309078,1238.10409936634,3495.01823208502,3174.79515850707,7695.78846162159,1184.23897031349,1255.93547708296,1263.6052429561,1098.0146895507,1211.47708345205,1243.08583912212,3711.54991500723,1156.19876777765,1102.21782289841,4296.3295740815,8434.11526446863,8298.15925837424,4116.22410991648,8194.15917216112,1042.93231799902,1205.25096977865,8493.84196093686,1147.09343491511,1095.15308572418,8435.80869451933,4032.75877952008,8444.94917636426,1186.85325265055,1127.0752114285,1251.88783677261,1100.42923528919,4541.88071378026,1161.7257849456,1408.26058381619,4452.70085941254,8471.30111718504,1144.2367710698,3877.1302598913,4461.67178545763,1048.52888843718,8333.88969784959,1171.19800457623,4048.82568240207,8397.52217994775,4006.5321327274,4228.24552069355,3909.56306298053,1144.67464256044,8292.18656217489,1061.47001475996,8266.18418812344,8375.35868522845,1190.29433538527,8376.98877402192,8557.45031973508,8456.13097299718,8477.56842140423,1152.89662617047,4140.90919316304,3924.11940398001,1159.7247688245,4105.86146382855,8425.02381266763,8280.32246449462,8350.95983369903,8413.8009108695,4064.84697437434,1096.14417261909,3918.98236782567,1069.88799362097,1072.41864696278,8244.83137894287,4497.02980533164,1061.58529664084,1207.65259966733,3785.1000521158,1330.71135195627,1198.52341366922,1051.75687328942,1136.15691128287,1159.70751318905,1174.78884107698,8153.18499415468,4181.37522198894,1183.04849769524,3832.61010271554,8319.25425376548,1129.65387793549,4038.34427495524,8360.06825270692,3727.07028387444,4201.912694557,8381.73859150047,4047.73711999614,1155.11869320972,4744.66046985238,1193.23288353043,8736.27685974819,1118.38181948406,3796.75781368855,1097.52396831465,1090.74339246042,1125.29659367498,8376.24786218663,8425.23928339136,1214.99836913139,4115.10352314965,1016.47848395957,8699.51586533262,8923.86100136788,1260.51497804634,4275.75164545375,1150.89968601071,8257.06993233537,4235.01392330036,1191.38592681483,4302.07412156375,1329.64117461721,4293.53851701576,1093.5245170164,8372.52695956452,1162.86923540663,1177.59968370372,3905.01895617283,1012.59403335306,8414.63366878049,8273.24712796694,1131.23149645395,3947.31977168117,1076.79121541898,4207.86358547542,4457.51020319778,4200.46226389096,1305.80477533481,8366.0022716015,8217.86670075567,3929.51084848583,4304.8359505524,4200.44577594343,1118.45343676016,4229.91606507358,8415.64981734583,1144.25764148789,3962.57158133688,1236.05134230661,8576.04010390673,1038.84680544402,1087.68366667601,1117.98351982438,8443.02400386196,1162.48964868379,1126.33172533253,1081.15768365298,1261.94542755161,8165.27009890166,1291.31353055073,1142.25628863253,1199.60890371799,8450.98054586272,1012.06110059135,1136.74477906736,4188.5511409897,3837.34483202938,1188.30117811447,8317.15906569275,1280.94017231983,1060.86987117368,4632.71478534326,1180.13042302839,1189.71660418255
332.415499350011,600.942402937956,1282.2859810922,1261.30344946437,7030.52595290021,7193.84035304359,1620.10605094062,1592.46189925576,7081.68526000457,913.669615720496,1386.81460333051,1728.94632871091,1881.68757659827,629.127874709541,900.770272053884,1416.14955286916,2166.83489842636,1638.60234394755,7307.16300843247,1594.93624642045,1345.29748887856,658.239300960699,1667.29452696529,877.552583485251,587.037078328882,6943.84428598343,612.54934927597,1369.07949579312,7056.16885840128,674.272247461374,488.809250795047,7199.82419194031,942.094854162557,13.3628108043472,1843.41267780508,1492.12288998898,6966.18986557253,1796.23261741067,40.1203623283347,790.198690850908,276.760254251862,7291.34492300705,810.91217215839,852.17879933975,1774.98344576039,706.374653373333,890.507364820217,1269.37730078718,139.543442877057,7011.18222462391,1815.82042590888,6967.77421595055,7046.79782752938,418.469490235678,7142.87808452714,788.031072874292,788.067850329785,493.033297876887,726.567639339379,7185.03581974701,7068.43098445772,6749.18811752844,7106.96930137787,2139.41609816485,7212.4122601659,7289.85671510142,7165.83831947637,1257.30331513889,666.318140261129,577.510682038082,167.7135212386,305.336243274158,338.491573783002,2977.14561797433,450.605158585349,1e+08,3313.68857612664,2361.81691596987,486.796181740757,3026.30797529988,2740.7536307427,2811.08919287665,55.6137923832319,472.631520671151,7653.97238067126,2672.77813809548,414.215837804311,215.614203552413,8062.29065550656,7452.3085952011,3432.21548764174,29.6541964358121,522.89080441084,100.130545442219,2919.61960121302,2777.22401493729,459.531835687967,7756.85726546922,7625.00819161556,7523.48834294803,446.664861211811,7606.17295128197,178.538694145784,7763.50454621327,2886.41809618953,255.659075056364,7780.03022145618,68.512699224173,158.933643689261,134.210684885934,67.1097482585176,458.816654085284,7501.77986747607,774.81454396439,7577.07614113609,873.177613542398,2947.48478097182,7974.37365375773,351.372456461919,7888.32346121418,7550.61125219709,174.136060482274,35.7033272981294,7644.33238602765,7411.05884173807,720.265859940027,8019.01281108515,565.774561041987,65.7448248046227,7833.03852344335,160.710351680312,2709.84611205516,2705.22389388367,2514.95241984579,143.013549263516,7409.89106225579,1365.4592986423,7355.56733319411,1337.23297422058,1545.8240915831,1339.05759729885,7509.34919620981,3111.84337689935,1444.22844695094,7409.42939624705,1316.88161297307,3179.61242175389,7375.08549153131,1264.96015130811,7749.90226101915,3193.64379505908,7323.90052484229,7598.94960522755,1287.45282338353,1293.90571319705,1260.89475973456,1326.6443143655,7426.94561822056,1320.49602193052,7471.50892418815,1352.64740908078,1606.65364285753,3318.52905012601,1427.49364676689,2050.3070701096,1347.96053405996,1292.9718066471,1306.31962229415,2984.95386834429,1520.340648746,1329.56994751301,3087.40513940021,1251.74555637538,1374.91971354834,1312.50429362167,1841.83607565242,1555.09631358249,7668.08370756566,3013.03892303748,7371.94472052609,3152.08721803204,1321.89058220322,7823.91113555756,1234.54609496599,2619.89345373732,7445.89523270885,1267.54135235154,1257.0209047649,2833.5809634027,1426.72746981622,3226.82502422706,1295.74772070778,1305.52846210027,1113.41708069041,3165.42460685657,1209.53535167501,7559.49752122648,1295.72148760074,3070.87783065868,1508.56985967334,1215.42978251181,7473.76526197361,7423.89781424404,3178.89890765369,3232.60996872344,1237.61810750261,2907.98719292446,1355.2428875297,7587.48868290988,1297.48463844555,1343.19366362955,3178.04721408268,7625.70684775218,1220.13909282646,7355.24279892179,3461.28140492148,1353.52465413755,7732.18093936625,7387.22987379167,7501.22076959312,1300.1843277436,1592.28973029246,7430.30462225221,1192.93402176435,7423.02086973866,7715.16430158117,7061.35491030722,3269.55853934003,7678.91403986749,1356.97040445328,2985.134160105,1943.1884914315,1309.59219892788,3043.47737431911,7666.9387933704,7490.20103614341,7347.96080082439,1317.85276369394,7549.68837779875,7706.91403148129,3207.69071855697,1316.9538508618,1358.40544788242,1318.86720992036,7672.47580269398,1223.90659727941,1401.13044009677,1525.14022232449,1534.03722862151,1317.7656468846,1572.98421481386,1530.4267981403,2985.66382304687,3052.48722952361,3063.58563906171,1278.82066344697,1325.49289436075,1293.06556927564,1307.41143241888,1418.00214983213,3201.39720760539,1512.75242057577,3010.38707675472,2832.04874104217,1290.69625173645,2835.47020465956,7608.68149523554,3121.50437702431,1342.46252524534,1515.34612167074,7091.57453808758,7231.8232660951,3371.22189926179,1561.45515790272,7775.30126607152,2709.05110364039,7630.96481088331,7336.38192751747,1366.79637125419,1285.56516593332,1298.81683544449,1481.33545175566,1460.74971803422,3204.36149088134,2906.8830549324,7263.54267069682,1269.88307347848,1376.78293971238,1434.28215866572,1266.49343404119,1353.59577259392,1318.64773642877,3435.93953839789,1298.44681077211,1285.34916090611,3946.79859695156,7997.27163637044,7863.44943829117,3778.83378753294,7760.76048176504,1186.51871423499,1402.93503075269,8059.56124528418,1167.59427971784,1108.02259250858,8003.05768084709,3690.55541386616,8011.53555086628,1380.49566313704,1316.30387014111,1135.6257120107,1115.8659649948,4184.39724403869,1133.64679034124,1160.83949982317,4098.76609833474,8037.44448285727,1106.2983926474,3548.16240357587,4100.50867938075,1256.37609388758,7897.90022913398,1113.62088946837,3699.20165086555,7961.90971588691,3655.12419154607,3878.85908954147,3571.00174168135,1070.62843269794,7857.10248091058,1169.76263727034,7830.96851065555,7942.67464317965,1060.31755549771,7942.86501162646,8119.71415830408,8019.85957610972,8040.6904438158,1308.67300018686,3786.29998032359,3587.75945074981,1034.28411537394,3760.87292381366,7992.81735072623,7844.84053030694,7916.08416551321,7978.54497061221,3712.78379190338,1096.97297516391,3586.04519442083,1129.44495753915,1029.39810053661,7808.11385713611,4132.21680520651,1015.41203035425,1102.86523828044,3449.84950464455,1108.16685006713,1382.32653248952,1172.80975983549,1231.25092147508,1095.28038385192,1371.90841451957,7719.57895240304,3831.27087375712,1065.48849760663,3497.19324765059,7884.42100653299,1197.14080056995,3691.51777113257,7924.62890530801,3398.93975813339,3858.63448968554,7947.87792563006,3702.12807686286,1082.37368368363,4379.64860457585,1176.60939785438,8305.99641837532,1053.79980222658,3465.03187845241,1254.29281589852,1040.40930626905,1095.41110754366,7941.58183147175,7990.29993577657,1373.48815455593,3774.71737433413,1012.95550741778,8263.81445914346,8488.21319441291,1079.8352630858,3923.37132310988,1310.40345700267,7821.13450534711,3876.11785122645,1084.15610525405,3953.86646914655,1097.49460206867,3920.10911654363,1150.17899934548,7936.39771491612,1092.82692609143,1159.25351204801,3567.56211498059,983.246480609431,7980.76362720732,7839.4695488396,1158.21252388387,3606.98853256569,1261.91075419716,3866.69699471175,4089.8426283368,3854.27615897301,1118.36569079325,7932.09143771379,7783.91615564361,3585.36853327672,3961.21492174392,3855.90925758526,1092.76643195258,3875.80176099756,7979.02198691556,1253.12049103564,3625.92823053392,1430.54100766911,8139.52069233271,1010.03661149288,1086.27409444132,1274.49130057165,8007.1552656126,1328.27574126473,1074.33886413925,1166.32588276745,1399.71934121228,7731.66302775903,1440.64863507434,1073.54491796255,1379.08448048774,8016.31164666553,1044.44018442186,1132.94183941086,3829.37668048802,3497.69463398733,1324.08549112297,7881.66273294813,1060.47810961559,1086.41176847619,4263.73485093086,1102.47753117739,1376.19766418093
3646.10407547665,3914.63097906459,2031.40259503444,2052.38512666228,3716.83737677357,3880.15177691695,1693.58252518602,1721.22667687088,3767.99668387792,4227.35819184714,1926.87397279614,1584.74224741573,1432.00099952837,3942.81645083618,4214.45884818052,4729.83812899581,1146.85367770028,1675.08623217909,3993.47443230583,1718.75232970619,1968.39108724808,3971.92787708734,1646.39404916135,4191.2411596119,3900.72565445552,3630.1557098568,3926.23792540261,1944.60908033353,3742.48028227464,3987.96082358802,3802.49782692168,3886.13561581369,4255.7834302892,3300.32576532229,1470.27589832157,1821.56568613766,3652.50128944587,1517.45595871598,3273.5682137983,4103.88726697756,3590.4488303785,3977.65634688042,4124.60074828502,4165.86737546639,1538.70513036626,4020.06322949998,4204.19594094686,2044.31127533945,3174.14513324958,3697.49364849726,1497.86815021775,3654.08563982392,3733.10925140274,3732.15806636232,3829.1895084005,4101.71964900093,4101.75642645643,3806.72187400352,4040.25621546603,3871.34724362036,3754.74240833109,3435.49954140179,3793.28072525121,1174.27247796179,3898.72368403925,3976.16813897478,3852.14974334973,2056.38526098775,3980.00671638777,3891.19925816473,3481.40209736524,3008.35233285248,3652.18014990965,336.542958152313,3764.29373471199,3313.68857612664,1e+08,951.871660156768,3800.48475786739,287.380600826752,572.934945383938,502.599383249988,3258.07478374341,2841.05705545549,4340.28380454462,640.91043803116,2899.47273832232,3529.30277967905,4748.60207937993,4138.62001907446,118.526911515098,3343.34277256245,2790.7977717158,3413.81912156886,394.068974913622,536.464561189352,3773.22041181461,4443.16868934257,4311.31961548892,4209.79976682139,2867.02371491483,4292.48437515532,3135.14988198086,4449.81597008663,427.270479937111,3569.347651183,4466.34164532952,3245.17587690247,3472.62221981591,3447.89926101257,3380.79832438516,2854.87192204135,4188.09129134944,4088.50312009103,4263.38756500945,4186.86618966903,366.203795154818,4660.6850776311,2962.31611966472,4574.63488508752,4236.92267607045,3139.55251564437,3349.39190342477,4330.64380990102,4097.37026561144,4033.95443606667,4705.32423495852,2747.91401508466,3247.94375132202,4519.34994731671,3474.39892780695,603.842464071476,608.464682242978,798.736156280848,3456.70212539016,4356.71810091224,4237.35942385342,4294.62070074332,4253.43284445701,4538.23527448159,4169.60018647152,4454.80529977141,3043.23800948888,4417.03961358844,4395.84923162858,4163.77087953425,2968.05260640333,4335.67395737776,3984.57481694516,4730.69674279579,3000.14131423575,4325.50009666613,4553.98845814942,3851.07116972459,3723.34554255764,3995.2158393609,3999.95925043014,4379.47665790987,4016.81750371452,4422.85061926152,4268.67914729276,4443.88161923487,3106.14444606179,4258.77205988212,5152.94222953471,4292.72047653407,4160.15874396426,4165.19488299344,2994.51674293031,4357.29704635157,3985.6136460609,3175.51555095035,3995.42056114491,4210.99407669772,4159.20505197867,4962.02109060699,4471.51670867259,4664.9222339522,3099.83804006356,4324.063722656,2932.863581689,4190.67313013256,4785.05177510645,3956.04208673656,3240.69780519755,4426.33239075981,4006.48794281445,3947.76976176048,3009.99778280255,4368.90104336479,2994.85342607951,4223.52131386033,4145.17537778299,3577.06650514649,3049.87173114936,4032.65715208134,4530.25532221456,3900.5653875595,2924.39781451909,4449.69816214781,3498.29934763416,4450.28180527437,4389.78309432682,3067.07261890992,3124.48541647163,4038.05686851165,3010.30723436649,4273.23910016873,4562.65082673601,4225.23508880734,4290.10605841485,3058.95308511245,4581.61754743451,3996.96563551666,4322.22618342683,2959.41863791423,4086.29970297246,4714.76661695385,4396.42295702976,4438.02269445434,4210.63767311043,4567.84097219215,4397.23785197238,3745.7135471143,4382.50177034332,4680.44013799156,4003.84666569188,3020.57036937036,4660.43679922889,4114.00922045409,3020.70933593444,4980.85656573629,3980.62575165416,3000.69505363123,4629.51368661343,4483.99294744507,4337.06705462538,4169.31692119849,4517.26216626944,4698.06550255529,3195.72787995664,3978.39242297272,4290.27753804771,4239.61929879204,4648.53048635901,4110.93739598596,4215.54500609612,4400.723268638,4458.57598328055,4215.81526120625,4549.31909224939,4513.3799224996,3117.58485319808,3133.50010755387,3052.82461686177,3818.9045854952,4120.25987578988,3970.94695247248,4097.31481747966,4326.73596851194,3100.35799682959,4382.40334713129,3016.41523608581,3069.2449951952,3963.3245747453,3008.8146561172,4603.80189960541,3025.99402731662,4052.67774637694,4481.29539620659,4035.14871888638,4196.66448361981,2959.51029252771,4503.86793290883,4752.59303101723,3226.34923781332,4589.1797705257,4305.17733994057,4198.37025921269,4153.38238932807,4219.49231975473,4351.23466666617,4361.91869662414,2902.07539725229,2990.25273095439,4204.9825089414,3953.72520947609,4087.65383614671,4232.85652992006,4123.98550399489,4121.49622056591,3954.23977505186,3129.35126746558,4089.91427504773,4164.27789762447,2619.68619559822,4862.55229113902,4758.3779949267,2676.69172955412,4674.64494415487,4029.3465814891,4270.07635158638,4956.2687333388,3766.42228118466,3729.60065627045,4920.13398594483,2580.31929409385,4920.08446472666,4246.8130371889,4196.00590782521,3423.75185477353,3737.70610537304,2653.77110963572,3644.8433196594,3024.36207931226,2648.75960922383,4939.90801824691,3615.20515231099,2664.5826068972,2558.74909013478,4192.27609811311,4775.77742354057,3570.21341625075,2497.38583991062,4843.48400413304,2456.487944186,2586.37534198647,2569.26787076362,3523.30143141364,4747.34870893865,3952.07875931605,4720.01727651432,4861.83518812039,3383.30679874744,4843.74714855238,4971.80046990037,4892.06018618437,4904.84620327512,4123.85659313394,2477.41889866685,2600.91227887943,3394.04272254213,2580.69165794784,4916.96777168361,4730.20057617604,4807.89119150908,4864.36541885131,2474.26451317556,3700.0559028943,2637.85905091164,3835.69982631457,3587.25685054093,4678.17587613016,2529.52588756322,3577.6403406847,3451.02051053393,2556.99261465897,3116.14442844101,4227.64272659698,3978.63081858119,3955.40439974233,3550.34497349688,4248.23463902622,4631.67798077011,2553.98113519746,3415.41467377144,2573.77050168216,4777.3667339876,3880.92865102356,2527.02884928202,4809.07618450059,2613.6630644439,2648.49839440168,4852.00702015391,2546.11275597918,3528.21032661619,2676.40013819003,3683.53106435944,5247.63888788875,3542.95961157443,2601.00870911865,4093.68478985711,3573.13623596258,3631.19392752873,4835.5862124162,4879.93288170238,4168.58241783219,2640.59820549405,3667.04219663675,5139.29141425886,5361.01652524891,3245.01654019678,2572.87549686232,4132.5399372512,4701.08322486388,2467.89374055405,3443.06624619039,2639.319355526,3087.82257740695,2298.92484565806,3838.15079137026,4811.81430202536,3536.39652437489,3674.54606182242,2580.14622243373,3606.90070808876,4884.13649126643,4746.82700430385,3777.48764693026,2564.66834138115,4153.29906538269,2677.09535527998,2467.86836692703,2612.15373942497,3222.25994482367,4835.89138605621,4690.19755324527,2511.98978071285,2697.60821842397,2632.40448582291,3640.07404238432,2527.32493690436,4847.35157645362,3995.40474567196,2614.33395200823,4281.82663611196,5006.67623841067,3613.8320274531,3692.03923876527,4105.07155356383,4884.68638433025,4156.28145740168,3575.81855202209,3904.0551317746,4138.79590525489,4643.48649007027,4189.19787880933,3536.46218370838,4216.51879076276,4908.90252771363,3748.89700190367,3700.5107251993,2441.29305213319,2527.15968225638,4090.91874483853,4766.15949487306,3130.86118279493,3749.30860937532,2552.10847752254,3519.32855727679,4229.23154776991
2694.23241531989,2962.75931890783,1079.53093487767,1100.51346650551,4668.70903693033,4832.02343707372,741.710865029257,769.355016714113,4719.8683440347,3275.48653169037,975.002312639366,632.870587258964,480.129339371601,2990.94479067941,3262.58718802376,3777.96646883904,194.982017543512,723.21457202232,4945.34609246259,766.880669549421,1016.51942709131,3020.05621693057,694.522389004587,3239.36949945512,2948.85399429875,4582.02737001355,2974.36626524584,992.737420176758,4694.35194243139,3036.08916343125,2850.62616676492,4838.00727597045,3303.91177013243,2348.45410516552,518.404238164798,869.694025980893,4604.37294960265,565.584298559209,2321.69655364154,3152.01560682078,2638.57717022173,4929.52800703719,3172.72908812826,3213.99571530962,586.83347020949,3068.19156934321,3252.32428079009,1092.43961518269,2222.27347309282,4649.36530865403,545.996490060985,4605.95729998069,4684.98091155951,2780.28640620555,4781.06116855727,3149.84798884416,3149.88476629966,2854.85021384676,3088.38455530925,4823.21890377713,4706.61406848785,4387.37120155855,4745.15238540799,222.400817805026,4850.59534419602,4928.03979913154,4804.02140350649,1104.51360083098,3028.135056231,2939.32759800796,2529.53043720847,2056.48067269571,2700.30848975288,615.328702004456,2812.42207455522,2361.81691596987,951.871660156768,1e+08,2848.61309771063,664.491059330014,378.936714772829,449.272276906779,2306.20312358664,1889.18539529872,5292.15546470139,310.961222125608,1947.60107816556,2577.43111952228,5700.4737395367,5090.49167923123,1070.39857167187,2391.47111240568,1838.92611155903,2461.94746141209,557.802685243145,415.407098967415,2821.34875165784,5395.04034949933,5263.19127564569,5161.67142697816,1915.15205475806,5244.35603531209,2183.27822182409,5401.6876302434,524.601180219657,2617.47599102623,5418.2133054863,2293.3042167457,2520.75055965913,2496.0276008558,2428.92666422839,1903.00026188459,5139.96295150621,3136.63145993426,5215.25922516621,3234.99452951227,585.66786500195,5612.55673778787,2010.44445950796,5526.50654524429,5188.79433622721,2187.6808554876,2397.52024326801,5282.51547005779,5049.2419257682,3082.0827759099,5657.19589511529,1796.04235492788,2296.07209116525,5471.22160747348,2522.52726765019,348.029196085293,343.40697791379,153.135503875919,2504.83046523339,5201.211622043,3329.40437107006,5141.91463594576,3340.70237970873,3621.83336429151,3264.72165144804,5300.45905560632,2671.03919459772,3500.97760744394,5224.43785498757,3256.81825333628,2633.39940956241,5174.39881645631,3086.68775615021,5563.76853137114,2664.01565320627,5147.37573191281,5396.34859668122,2966.23307029688,2848.46973249447,3095.99952618687,3108.23325664327,5221.78114212507,3122.9418099235,5265.91244979738,3356.30903655509,3545.23810133971,2791.40571642607,3356.2432596708,4229.04274442571,3377.55489107676,3250.77066396297,3256.8942109533,2588.92998384214,3456.59341330881,3095.43141529098,2770.78278635988,3095.12122913832,3306.60262660071,3252.14908860861,4034.26555996017,3563.35406153958,5491.1459749254,2684.8527521347,5166.18212644298,2595.52105409089,3281.89790897359,5626.30094989923,3056.84792167356,2684.93268775318,5257.5695180808,3107.14134540677,3051.85244889577,2552.60805639424,3455.56952702668,2671.25086003437,3308.80534349496,3238.54708068849,2688.46244755458,2694.4156647206,3124.57983447871,5366.10888068063,3012.99303502979,2560.51154781671,3538.0520099047,2626.56738099008,5283.2758085362,5226.70204543154,2712.82595696348,2776.99643011214,3132.69871156526,2576.79126778188,3360.74265931495,5396.93135965827,3310.5598763912,3374.6405238147,2705.99651255747,5423.79018607213,3092.91683039497,5158.24166727138,2726.83606583388,3190.52148969638,5547.02292276418,5215.74436329433,5287.10166681448,3297.58279740908,3653.9996018621,5233.77876734233,2856.69862921053,5221.98702005733,5519.42854890813,4847.78474984856,2706.58222554702,5492.77858931741,3216.21905386779,2610.58687480688,4064.35452429848,3088.40242210559,2613.48493991643,5469.28463087446,5310.20902357886,5164.13565996903,3261.98408062887,5354.32196327031,5526.78558132297,2826.04576426799,3087.25034042222,3376.54444948621,3326.05788088006,5482.99444545774,3198.031859458,3313.88820026,3496.18559894995,3549.14620825973,3304.29567892403,3635.07917315959,3597.73770174583,2690.70748004684,2725.20097011985,2662.79895988771,2935.35838212644,3218.15082620587,3077.50218618532,3195.06327975228,3416.50421276669,2747.17582332524,3478.19182533418,2615.37343112896,2601.92806347912,3070.20451558788,2552.21648168963,5430.30685821988,2660.29220429764,3158.45196785426,3567.18812711596,4878.85517549627,5032.68506247765,2694.30228417246,3593.06846935128,5587.19899286256,2698.00019503355,5430.46713523708,5140.33306476783,3294.1705151741,3243.7433558128,3305.48556968121,3446.27001357523,3453.36503566114,2589.23450868879,2559.7340461274,5050.72314961976,3058.868938945,3194.61387270966,3333.63149873727,3214.72519930323,3222.63630958648,3065.26332556943,2850.06846710539,3187.2454777718,3253.66010881236,2667.93501160575,5742.47772684893,5626.01069478526,2638.24187858734,5534.27045042954,3118.9957129191,3363.49803138648,5824.02031001007,2873.0514181519,2831.74055441251,5779.63115218126,2531.76022339403,5782.9740931929,3339.75455670662,3286.10668331126,2545.02816302754,2840.22968000206,2793.01884712125,2754.9521775594,2158.30019410905,2752.86494661218,5805.30330734396,2723.74740198219,2535.49291508487,2692.26373836223,3275.95943717619,5650.3282592484,2681.98615983169,2475.4834054428,5716.81957297314,2427.03467159606,2615.63551076429,2473.83681135416,2632.27920541298,5616.81489201695,3045.85577847012,5589.84883189051,5720.23516949188,2496.68521604277,5709.36363007908,5857.36142126231,5769.32688334595,5785.37086853415,3219.45673873393,2498.9002604078,2504.18434979732,2503.92358781268,2561.57980096062,5773.63695343461,5601.55920733487,5676.98621921945,5736.08590764708,2464.75257316486,2802.731326435,2530.88179139512,2933.36397370416,2688.52175637524,5555.48938762384,2686.50106361738,2677.83961162047,2567.04465320268,2414.68051088027,2241.79058008543,3322.59271511204,3070.7288171794,3055.87784244961,2660.93538934574,3340.02673654114,5491.814085896,2572.44386160082,2528.27642974077,2446.73562077903,5645.87658181677,2983.05632532868,2493.56382268116,5681.12455987501,2437.08351557313,2651.11046939228,5716.36214363945,2511.85191352676,2638.33840862255,2892.62048661136,2796.48873274724,6098.91774710621,2649.08125408539,2454.11031212642,3185.61595166973,2676.30920672378,2737.60729241744,5703.91765077268,5750.19323325326,3267.90251240889,2610.47859816969,2762.43198741703,6016.13662048079,6239.64173793017,2364.76428658548,2625.19884592325,3227.58463102311,5574.50048579667,2531.52592991163,2557.12328165176,2684.68050051016,2212.15465958174,2435.78843315905,2937.95967947479,5687.49265264961,2647.37243597114,2785.96166162754,2480.47199006053,2702.25702202727,5748.93260601279,5609.41832061088,2882.30008060707,2485.40530231192,3240.99798803848,2674.85077514857,2626.32662652209,2623.44354251002,2347.66753437545,5700.30754330145,5552.95918364756,2437.61389834596,2728.72506677043,2638.51681755047,2745.69719846307,2572.84157192957,5726.0019726346,3095.26649243725,2529.80661364929,3377.45616897396,5886.35969452418,2711.67933925511,2793.98565669428,3198.33726553666,5759.79696563685,3251.32432931095,2682.70565275028,3001.00424745074,3244.02769212697,5503.79146080533,3294.88744384121,2645.16778713534,3312.11425308317,5778.10029600462,2842.93790687702,2807.26591333037,2492.40627543319,2412.06577277617,3191.19180555092,5638.01362752097,2249.76529798146,2847.83889403112,2759.75940107628,2632.2676272266,3323.3029690769
154.380682390746,114.146221197199,1769.08216283296,1748.09963120512,7517.32213464098,7680.63653478436,2106.90223268137,2079.25808099652,7568.48144174532,426.873433979739,1873.61078507127,2215.74251045167,2368.48375833903,142.331692968783,413.974090313126,929.353371128405,2653.63108016712,2125.39852568831,7793.95919017322,2081.73242816121,1832.09367061932,171.443119219941,2154.09070870604,390.756401744493,100.240896588124,7430.64046772419,125.753167535214,1855.87567753387,7542.96504014202,187.476065720618,2.01306905429106,7686.62037368109,455.2986724218,500.158992545105,2330.20885954583,1978.91907172973,7452.98604731327,2283.02879915142,526.916544069091,303.402509110153,210.035927488895,7778.14110474781,324.115990417631,365.382617598992,2261.77962750114,219.578471632575,403.71118307946,1756.17348252794,626.339624617814,7497.97840636467,2302.61660764964,7454.57039769133,7533.59400927013,68.3266915050782,7629.67426626789,301.234891133535,301.271668589029,6.23711613613043,239.771457598623,7671.83200148777,7555.22716619847,7235.9842992692,7593.76548311861,2626.21227990561,7699.20844190666,7776.65289684217,7652.63450121713,1744.09949687965,179.521958520373,90.7145002973252,319.082660502157,792.132425014915,148.304607957755,3463.94179971508,36.1910231554081,486.796181740757,3800.48475786739,2848.61309771063,1e+08,3513.10415704065,3227.54981248345,3297.88537461741,542.409974123989,959.427702411909,8140.76856241201,3159.57431983623,901.012019545067,271.181978188344,8549.08683724734,7939.10477694185,3919.0116693825,457.141985304946,1009.6869861516,386.665636298539,3406.41578295378,3264.02019667805,27.2643460527902,8243.65344720996,8111.8043733563,8010.28452468878,933.461042952567,8092.96913302272,665.334875886541,8250.30072795404,3373.21427793028,231.137106684393,8266.82640319691,555.30888096493,327.862538051496,352.585496854824,419.686433482239,945.61283582604,7988.57604921683,288.018362223633,8063.87232287684,386.381431801642,3434.28096271258,8461.1698354985,838.168638202676,8375.11964295494,8037.40743393783,660.93224222303,451.092854442628,8131.1285677684,7897.85502347884,233.469678199269,8505.80899282592,1052.57074278274,552.54100654538,8319.83470518411,326.085830060445,3196.64229379592,3192.02007562442,3001.74860158655,343.782632477241,7876.17725401437,1162.21213121371,7822.60442174172,1114.98613392508,1251.03433031646,1162.98225857053,7975.52641149606,3405.2407148021,1173.08395644158,7872.48416837417,1136.71173536796,3485.83714673397,7840.33442586209,1163.12964488758,8212.58986104395,3496.49670831189,7785.94216974678,8064.13883842429,1253.94980211763,1316.66883070147,1152.65751481855,1232.14059052235,7892.72879690918,1216.40869762361,7937.28787633026,1127.67936413484,1381.85480802308,3614.29773857352,1233.98664620618,1664.5242704187,1107.65829693519,1106.78022930607,1121.87112031817,3278.96491628811,1308.40399072786,1242.54264960378,3361.70578743589,1141.05794512787,1188.77784784609,1133.3559227932,1457.30580849198,1298.60315625487,8129.61401178502,3294.01253090436,7837.88828068879,3461.45647593283,1128.8292642513,8288.09819273905,1139.7221372242,2859.96904400265,7909.34839494388,1155.26768336751,1171.66351227536,3118.94176711871,1175.00319499191,3531.92323010324,1074.7868513999,1131.66483881253,1179.90347881028,3460.56073957398,1067.2134548806,8023.47315343841,1241.17915651495,3377.77471279444,1245.58552833506,1321.55798084628,7937.47173912888,7888.59803284333,3472.47279322949,3521.47763906027,1100.61847635585,3196.4810962038,1128.71584560706,8051.0318886784,1076.19962289664,1102.49280166586,3472.63082813196,8090.76446139726,1100.2701058224,7820.02045402069,3782.05006863533,1224.02339640242,8194.75859431387,7848.47323511671,7968.12461029167,1088.27334601151,1301.04492774165,7894.90370845892,1192.0929193815,7888.24629919582,8179.24008070606,7528.8022872298,3573.53491511967,8141.70739503926,1214.72810473888,3275.62206859023,1592.54677587298,1220.36038237266,3339.28183028625,8131.34885029911,7952.4390556648,7810.95662424646,1135.0149289018,8013.95097926292,8168.82838050214,3485.7702963873,1230.47427117138,1123.56912751559,1097.48863168729,8135.74374060013,1041.82748116995,1221.06944755783,1293.372883103,1276.21926983328,1109.37739868218,1283.52680422526,1242.50289509995,3262.81628898901,3330.78358492655,3353.39939865091,1258.26355660502,1170.96616467585,1204.67983117002,1159.42253498973,1185.76046851749,3491.78225347665,1285.80326353971,3302.59817396068,3108.84699210799,1205.45299777113,3121.07792936616,8070.50561167606,3417.61701411872,1226.47011220275,1238.35723825272,7558.86393917235,7697.08064039079,3687.55963449524,1290.90790332361,8238.22678119704,2956.00534000733,8095.81898627307,7801.05916180929,1184.58607578308,1100.60642234215,1081.34029294435,1259.12511091954,1225.66643160573,3519.82442085504,3198.09412551193,7730.59588695527,1184.54995027264,1252.77224375597,1255.91909063431,1091.447792161,1206.65463938352,1243.91850104279,3735.16233357606,1151.68105522828,1094.25058101189,4325.21393952278,8469.26356912015,8333.14688703788,4144.25613296175,8229.04842296341,1039.04506705115,1195.33954530096,8528.79534157741,1153.09571925729,1102.13459101795,8470.64651218859,4061.16153468477,8479.83718882862,1177.41630023889,1118.38332718149,1267.72822367487,1107.16500035893,4571.30674530654,1171.49519407386,1432.43452225335,4481.88056579699,8506.22250981438,1154.88224277359,3904.60553564947,4491.38051755963,1038.53426444514,8368.97401390468,1183.1687601896,4077.7660688034,8432.57740021842,4035.6113329137,4257.13228299624,3937.72941311802,1158.04679859034,8327.20260649725,1060.62702676571,8301.21042749295,8410.19200360537,1207.44069030047,8411.93127251406,8592.66546992283,8491.23570887481,8512.71901258171,1147.1663232085,4170.19438077096,3952.1217126034,1176.72585028261,4134.45154673046,8459.82041270245,8315.36875783248,8385.95957519764,8448.82895922576,4093.9617219886,1104.08501072201,3946.73630611571,1073.19973357472,1083.95651562329,8279.97156259094,4527.00076745755,1073.44468213099,1222.90151864748,3813.05774478829,1353.51499614158,1189.94807965745,1049.84843129303,1135.95282698238,1172.26607035589,1165.08681453201,8188.090347296,4210.32364620723,1199.35486823386,3860.56720095089,8354.25105324331,1131.86729854151,4067.08302013293,8395.11065319911,3754.52680038632,4230.35748837616,8416.66109385199,4076.38504180832,1168.32772500103,4774.61131030306,1201.90949632697,8770.92403077747,1131.22175265218,3824.45602117212,1092.04601479033,1102.70318733722,1135.44723972465,8411.23149006296,8460.24322268457,1208.67239432196,4143.35509821246,1025.38792409173,8734.57548071814,8958.91489508795,1280.81138129867,4304.84853961301,1144.83908038268,8292.15077682039,4264.59448932175,1206.90338485999,4330.86039539007,1353.07713379341,4324.16914365836,1096.9065693323,8407.62156413013,1175.82823874482,1186.50833129929,3933.10598179354,1023.55689076129,8449.55658518463,8308.16433043412,1136.81180343844,3975.60587542926,1068.79595788402,4236.15239078915,4487.69609133238,4229.12029471647,1326.36281353248,8400.92872141112,8252.79752760938,3958.07866180853,4333.28515912705,4228.98303662111,1128.32516928043,4259.14827717459,8450.78189437419,1142.7955943305,3990.58506132396,1226.28971400541,8611.1627643175,1049.55291298477,1095.86474005909,1112.39876977638,8478.09829728226,1155.78302726889,1138.16982579034,1082.19493557326,1257.24747687241,8200.17541262697,1285.43414382972,1155.2468676255,1191.43094690675,8485.96375043351,1018.10472886002,1144.77054245374,4218.16032572623,3865.60852885546,1184.17817869152,8352.20614197111,1303.79609513876,1067.07896885405,4662.97241561858,1193.55002137384,1180.93702630601
3358.7234746499,3627.25037823784,1744.02199420769,1765.00452583552,4004.21797760033,4167.53237774371,1406.20192435927,1433.84607604413,4055.37728470467,3939.97759102039,1639.49337196938,1297.36164658898,1144.62039870162,3655.43585000943,3927.07824735377,4442.45752816905,859.473076873529,1387.70563135233,4280.85503313258,1431.37172887944,1681.01048642133,3684.54727626059,1359.0134483346,3903.86055878513,3613.34505362877,3917.53631068354,3638.85732457586,1657.22847950677,4029.86088310139,3700.58022276127,3515.11722609493,4173.51621664044,3968.40282946244,3012.94516449554,1182.89529749482,1534.18508531091,3939.88189027263,1230.07535788922,2986.18761297155,3816.5066661508,3303.06822955175,4265.03694770718,3837.22014745827,3878.48677463964,1251.32452953951,3732.68262867323,3916.8153401201,1756.9306745127,2886.76453242284,3984.87424932402,1210.487549391,3941.46624065068,4020.48985222949,3444.77746553557,4116.57010922726,3814.33904817418,3814.37582562967,3519.34127317677,3752.87561463927,4158.72784444711,4042.12300915783,3722.88014222855,4080.66132607797,886.891877135043,4186.10428486601,4263.54873980153,4139.53034417648,1769.004660161,3692.62611556102,3603.81865733797,3194.02149653849,2720.97173202573,3364.79954908289,49.1623573255599,3476.91313388524,3026.30797529988,287.380600826752,664.491059330014,3513.10415704065,1e+08,285.554344557187,215.218782423235,2970.69418291666,2553.67645462874,4627.66440537138,353.529837204407,2612.09213749557,3241.9221788523,5035.98268020667,4426.00061990121,405.907512341851,3055.9621717357,2503.41717088905,3126.43852074211,106.68837408687,249.083960362601,3485.83981098785,4730.54929016932,4598.70021631566,4497.18036764813,2579.64311408808,4579.86497598207,2847.7692811541,4737.19657091339,139.889879110359,3281.96705035625,4753.72224615628,2957.79527607571,3185.24161898915,3160.51866018582,3093.4177235584,2567.4913212146,4475.4718921762,3801.12251926428,4550.7681658362,3899.48558884229,78.8231943280652,4948.06567845785,2674.93551883797,4862.01548591428,4524.30327689719,2852.17191481762,3062.01130259802,4618.02441072777,4384.75086643819,3746.57383523991,4992.70483578528,2460.5334142579,2960.56315049527,4806.73054814348,3187.0183269802,316.461863244724,321.084081416226,511.355555454096,3169.3215245634,4607.27025252928,3961.06538246899,4546.06873542622,3975.93549926466,4259.92440676081,3894.04677196775,4705.84389881324,2903.13916418514,4138.76755439554,4641.02795432294,3887.68921783837,2837.68019415252,4584.2393667019,3710.65792851469,4977.72316301913,2869.68414102597,4568.31760716704,4803.99806972565,3580.30670755186,3454.92340428495,3720.97308931894,3727.60387681689,4629.30491097743,3743.93472218068,4672.97804317788,3991.28067246766,4170.08278813629,2982.74503161265,3983.86897531438,4872.87217084777,4014.62335377018,3883.45929848615,3888.77313516489,2844.72657508072,4082.91876889625,3713.63458205586,3027.5962944273,3720.90594084598,3935.58903763868,3883.09460022275,4680.90103554922,4195.29068027772,4909.57526002889,2948.43651748312,4573.77433016112,2801.37021631495,3914.14553840899,5034.88425788395,3681.77552896257,3052.35796167254,4672.4432259104,3732.22077961006,3674.31828988148,2846.22185779191,4091.3049993276,2867.85832059548,3945.5064792457,3869.16479758296,3305.07647835048,2914.49842565547,3756.21402061683,4778.03653169201,3629.16472223529,2785.41944564165,4172.56933969376,3230.34984668123,4697.01393117526,4637.78828333784,2932.20168507945,2992.04248682985,3762.3003456746,2853.02121678409,3995.81076445266,4809.92990731517,3947.23137869591,4011.93158807189,2924.3649670753,4831.58824776597,3721.51088442918,4569.85443829193,2857.95595884333,3812.99106207526,4961.50335984194,4638.45447682923,4690.21147972852,3933.03716378435,4290.19965406969,4645.12193566926,3473.80165020908,4631.37308302879,4929.42022298402,4253.8419274967,2896.54440634567,4907.15226919873,3840.21238178735,2869.92213390961,4702.67383460281,3708.12897667808,2856.02772200923,4878.71351959931,4728.45997663228,4581.66457584566,3893.14229728634,4765.44005913765,4943.59313210318,3057.71448983209,3706.1656534535,4012.54319591295,3961.90457935243,4895.95226527672,3833.32406631944,3940.83673809537,4125.38932001673,4182.01892592534,3938.60610221166,4271.56781740972,4235.25425380412,2963.07382946112,2984.23504537917,2907.87621708193,3548.42988022198,3845.37568450048,3698.13507420011,3822.37949510261,4049.90985149543,2966.09804452804,4107.14277459926,2868.08436016122,2903.30288319943,3690.58790371463,2845.24239110383,4848.48959258143,2887.53500043553,3779.73521369684,4203.55007660524,4285.09941427929,4444.15959934371,2848.69143241111,4226.980636926,5000.15662287322,3045.21728965385,4838.85720906938,4552.49461452637,3923.00622780857,3876.61579570007,3941.65513989367,4075.76446555859,4085.53811137129,2777.12528241798,2833.5968961723,4455.81123741035,3680.54472975968,3815.03824158677,3958.7772092392,3847.29812304749,3847.43416609731,3682.53621933317,3016.23960964784,3814.86877874446,3887.26993039291,2597.84870996208,5125.50262346511,5017.10757071028,2629.07183401539,4930.60524402948,3752.33071534493,3994.15007176421,5215.16051275988,3493.44896366813,3455.48126594537,5176.22034244399,2528.26819543748,5177.31461825865,3970.75181422314,3919.19668220158,3153.98461640251,3463.68882275302,2660.92553080388,3372.61037713175,2756.93205850816,2644.7573961268,5197.9954619579,3342.55510067509,2589.6665659513,2562.7916495674,3913.84189962499,5036.86028412586,3298.30817744729,2452.16040661976,5104.19507589588,2408.30761773912,2558.18880717772,2502.97326432811,3250.65863717373,5006.69213643558,3676.04930278892,4979.46719883751,5117.51246552246,3111.56578280408,5101.84929200697,5236.70984273101,5154.12738223784,5168.02122432558,3848.39601260363,2445.182259879,2534.69870271442,3121.46814778804,2537.58473133871,5172.09879774565,4990.17443457886,5067.14680610701,5124.54269716199,2432.45541977251,3426.04250453919,2569.12446278714,3560.55723370896,3312.79219640406,4940.13820247119,2540.61806802027,3302.90570156505,3180.01050646953,2476.61835333376,2846.93203914344,3952.08045490202,3702.1982495252,3681.05404574426,3278.12726855738,3971.88234955332,4887.78009648167,2521.98989157085,3143.58966162926,2498.15533721937,5036.40529779724,3606.93398289727,2478.74718282188,5069.3316275941,2524.08613083208,2612.99851761122,5109.68833416147,2497.88112523427,3255.85438409374,2708.44932259567,3412.04318774304,5501.17591747412,3269.63971683938,2519.93822426632,3817.28031820673,3299.1253793282,3358.03643573388,5094.60074295061,5139.62602078986,3894.09162239408,2595.00417619575,3391.20495906232,5401.34454252885,5623.77137924049,2974.61373742096,2551.63485960064,3856.94444485094,4961.73709486911,2448.58792795955,3171.56690908577,2616.86017402478,2818.24609645186,2299.94238150135,3563.54376110381,5073.2997422736,3264.2574147636,3402.66719765407,2512.74844434909,3331.0060645934,5141.98713463461,5003.84242634441,3504.07333462325,2503.14035383549,3875.86015298002,2640.50201330066,2478.53187897691,2578.80416840422,2953.17841595083,5093.58295327843,4947.23165143484,2451.11973355347,2671.53627409236,2597.75256585488,3366.73086123789,2503.29699891829,5109.86245617166,3720.93056726679,2551.96062723777,4006.46864800692,5269.61905096289,3338.55376368308,3417.83862688296,3829.01026510052,5146.02090330442,3880.7000613509,3302.72065962582,3628.78517834197,3865.78200486331,4899.6545080602,3916.33723107787,3263.76744041708,3941.11373825263,5168.25407041831,3472.79055139287,3427.50598719439,2417.66106807069,2454.37270780732,3816.61627629899,5026.32332286999,2860.07262357624,3474.31276166806,2579.78837713217,3247.65007444198,3953.44721343909
3073.16913009271,3341.69603368066,1458.46764965051,1479.45018127834,4289.77232215751,4453.08672230089,1120.64757980209,1148.29173148694,4340.93162926186,3654.4232464632,1353.93902741219,1011.80730203179,859.066054144429,3369.88150545224,3641.52390279659,4156.90318361187,573.918732316341,1102.15128679515,4566.40937768977,1145.81738432225,1395.45614186414,3398.9929317034,1073.45910377741,3618.30621422795,3327.79070907158,4203.09065524073,3353.30298001867,1371.67413494959,4315.41522765857,3415.02587820408,3229.56288153775,4459.07056119762,3682.84848490526,2727.39081993835,897.340952937628,1248.63074075372,4225.43623482981,944.521013332037,2700.63326841436,3530.95232159361,3017.51388499456,4550.59129226437,3551.6658029011,3592.93243008245,965.770184982319,3447.12828411604,3631.26099556292,1471.37632995552,2601.21018786565,4270.42859388121,924.933204833814,4227.02058520787,4306.04419678668,3159.22312097838,4402.12445378444,3528.78470361699,3528.82148107248,3233.78692861959,3467.32127008208,4444.2821890043,4327.67735371503,4008.43448678573,4366.21567063516,601.337532577855,4471.6586294232,4549.10308435872,4425.08468873366,1483.45031560381,3407.07177100384,3318.26431278078,2908.4671519813,2435.41738746855,3079.2452045257,236.391987231627,3191.35878932805,2740.7536307427,572.934945383938,378.936714772829,3227.54981248345,285.554344557187,1e+08,70.3355621339509,2685.13983835947,2268.12211007155,4913.21874992855,67.9754926472213,2326.53779293839,2956.36783429512,5321.53702476387,4711.55496445839,691.461856899038,2770.40782717851,2217.86282633186,2840.88417618492,178.865970470317,36.4703841945859,3200.28546643067,5016.10363472651,4884.25456087284,4782.73471220533,2294.08876953089,4865.41932053925,2562.21493659692,5022.75091547058,145.664465446828,2996.41270579907,5039.27659071346,2672.24093151852,2899.68727443196,2874.96431562864,2807.86337900121,2281.93697665742,4761.02623673338,3515.56817470709,4836.32251039339,3613.9312442851,206.731150229121,5233.62002301503,2389.38117428078,5147.56983047147,4809.85762145437,2566.61757026043,2776.45695804083,4903.57875528496,4670.30521099537,3461.01949068273,5278.25918034247,2174.97906970071,2675.00880593808,5092.28489270066,2901.46398242301,30.9075186875367,35.5297368590387,225.801210896909,2883.76718000622,4860.26925098245,3688.20578645817,4799.91587023679,3701.69574211337,3984.65772139325,3622.06558415412,4959.19684416761,2786.40172680961,3863.58495593708,4889.20386681127,3615.1067682568,2732.02042058425,4835.48826031204,3440.6579576217,5227.26771560791,2763.6563787149,4814.45539557276,5056.35445823244,3314.035915483,3191.47897194642,3450.59175288649,3459.38810247883,4881.64047075948,3475.10197363729,4925.5442398568,3717.14756875695,3899.96012452857,2883.36286187832,3712.5851134365,4595.47611929194,3739.684153197,3610.17163930018,3615.80092933789,2717.89816600995,3812.18237517412,3445.86110974071,2901.41597032966,3450.21183948266,3663.7566603905,3610.48141639407,4402.36829153098,3922.40788694457,5157.04152855351,2819.039414408,4826.05227098269,2694.82041781787,3641.04049207015,5286.90949313959,3411.39110293582,2881.45657809832,4921.42322911547,3461.80448498233,3404.87781880243,2703.9915143197,3816.9078304638,2765.57609089758,3670.68754657369,3596.67273712144,3037.62337821531,2802.78783199934,3483.28164191818,5028.41924043804,3362.12038098803,2670.89260064119,3898.67219206635,2967.70675363904,4946.52739073489,4888.49066973281,2820.89080437687,2882.8769354251,3490.15441170209,2717.8990226904,3721.64176329621,5059.83642849468,3672.42449253747,3736.90515743181,2813.42290652973,5083.88843448318,3449.73437449968,4820.28123165833,2782.98775280051,3543.62529263074,5210.80021461674,4883.81949255581,4944.6028154169,3658.69695558169,4015.68025042286,4895.70984034538,3206.2914550393,4882.85365290135,5180.75734456766,4506.66610871391,2797.20599210377,5156.47353121185,3570.27089862112,2741.80047535988,4427.42283053016,3439.76425134244,2734.70405303256,5130.28662416271,4975.91869176902,4829.37790274432,3620.45084748125,5016.18824154698,5191.81730689314,2942.04822849448,3438.11277331024,3738.01854192892,3687.42218372675,5145.91668445442,3559.01106288393,3669.79720994869,3853.54784756753,3908.76636323958,3664.71100933633,3996.93038751208,3960.2052517965,2830.1682518847,2856.90422627376,2785.82925692635,3282.52101236978,3574.18601202462,3429.41483478198,3551.14381565872,3776.40511539865,2855.17696002619,3835.39290335667,2742.66399999804,2758.2553805958,3421.95941859852,2703.24473561242,5096.03933963681,2772.70340786963,3510.81031607706,3928.94274618592,4537.85378961469,4694.58519538581,2763.88838189953,3953.33667696778,5250.16692819861,2882.39315725235,5090.88913622745,4802.66023287026,3651.22698496133,3603.25436998324,3667.04083816157,3803.79086279179,3812.52532867308,2677.85765443416,2699.32087348688,4709.18556006282,3411.41221013958,3546.46508315485,3688.4456413713,3574.04102519272,3577.1848055404,3415.10230792265,2927.55614126761,3543.51088705202,3613.62728273085,2607.52913603706,5389.2535165714,5277.13056290817,2612.38750505288,5188.19921491485,3478.74123373659,3721.69486197037,5475.22314343578,3224.69103750879,3185.42004452503,5433.7803617135,2508.29151780481,5435.90291213557,3698.15349834827,3645.76727417989,2889.29777058446,3193.74039215214,2698.50156343711,3104.81286270855,2495.59852207867,2671.57155925793,5457.34360951207,3074.29671754452,2545.35869328884,2598.4760270929,3638.5553455916,5298.98071165359,3030.96059016219,2440.13767017249,5365.94823269735,2393.8779625669,2562.00079973114,2468.67452004074,2982.49070407404,5267.27074598615,3403.63557984732,5240.15610502372,5374.73869343784,2844.59807455977,5361.26265798042,5502.17034752275,5417.07287048232,5431.95437491559,3576.54443307935,2446.39340012157,2500.08306883502,2853.50500346523,2526.60033526901,5428.80156036599,5251.32644228521,5327.61395698508,5385.80665707879,2424.170288132,3156.12636151002,2531.47765059722,3289.23680879093,3042.43513240267,5203.09461604279,2583.45230124345,3032.23984892444,2913.83171456858,2428.01168873523,2583.31060227418,3680.06043805631,3429.30567524082,3410.57350974012,3010.43252275353,3698.95137314501,5145.52804844524,2522.43580501566,2876.48894220568,2454.24261567524,5296.69452439741,3336.91177296239,2463.2580726959,5330.69403649745,2465.22122464966,2608.78703531541,5368.71951086715,2482.19260590291,2988.01827275061,2769.61822488579,3145.07903011394,5756.25266780317,3000.66023273172,2470.05532821719,3544.36208755064,3029.31092252454,3089.17214339645,5354.83692294817,5400.44767140958,3623.32552916314,2580.78583101399,3119.18581392412,5664.16632782713,5887.13622489641,2709.39349050199,2562.47699777409,3584.93390807941,5223.5127029997,2462.6963697999,2904.82093297958,2625.69265683576,2554.23093761764,2336.23389148939,3292.84184353621,5335.76252031171,2996.66776098654,3135.25613630271,2477.18394927168,3058.96030343341,5401.15259867696,5262.33691746666,3234.79562594124,2473.75931281598,3601.7288661211,2634.86296889062,2521.73256798199,2577.17265765425,2689.55948621684,5352.63232318728,5205.77670806076,2423.09866212277,2676.11951633619,2594.57880802088,3097.64258570054,2511.96986434105,5373.22665092212,3450.2829854728,2521.09418934947,3734.65528358787,5533.29881098169,3067.22460014838,3147.71044419548,3556.47996941358,5408.3127581608,3608.69358645935,3033.97279268246,3357.27545677398,3596.72088773428,5157.45388197701,3647.42027756418,2995.52656784299,3669.27860156147,5428.75416482323,3200.40544483771,3158.76327325075,2427.87810267025,2413.97244903214,3546.10934435147,5287.62613375292,2594.54281895344,3203.21885124148,2638.19252833448,2980.61664412852,3681.1730446338
3143.50469222666,3412.03159581461,1528.80321178446,1549.78574341229,4219.43676002356,4382.75116016694,1190.98314193604,1218.62729362089,4270.59606712791,3724.75880859715,1424.27458954614,1082.14286416574,929.401616278379,3440.21706758619,3711.85946493054,4227.23874574582,644.254294450291,1172.4868489291,4496.07381555582,1216.1529464562,1465.79170399809,3469.32849383735,1143.79466591137,3688.64177636191,3398.12627120553,4132.75509310678,3423.63854215263,1442.00969708354,4245.07966552462,3485.36144033803,3299.8984436717,4388.73499906367,3753.18404703921,2797.7263820723,967.676515071576,1318.96630288767,4155.10067269587,1014.85657546599,2770.96883054831,3601.28788372756,3087.84944712851,4480.2557301304,3622.00136503503,3663.2679922164,1036.10574711627,3517.46384624998,3701.59655769686,1541.71189208947,2671.5457499996,4200.09303174726,995.268766967767,4156.68502307391,4235.70863465273,3229.55868311233,4331.7888916505,3599.12026575095,3599.15704320644,3304.12249075354,3537.65683221603,4373.94662687034,4257.34179158108,3938.09892465178,4295.8801085012,671.673094711805,4401.32306728925,4478.76752222477,4354.74912659971,1553.78587773776,3477.40733313778,3388.59987491473,2978.80271411525,2505.7529496025,3149.58076665966,166.056425097676,3261.694351462,2811.08919287665,502.599383249988,449.272276906779,3297.88537461741,215.218782423235,70.3355621339509,1e+08,2755.47540049342,2338.4576722055,4842.88318779462,138.311054781172,2396.87335507234,3026.70339642906,5251.20146262991,4641.21940232444,621.126294765086,2840.74338931247,2288.19838846581,2911.21973831887,108.530408336366,33.865177939365,3270.62102856461,4945.76807259255,4813.91899873889,4712.39915007138,2364.42433166484,4795.0837584053,2632.55049873087,4952.41535333664,75.328903312877,3066.74826793302,4968.94102857951,2742.57649365248,2970.02283656591,2945.29987776259,2878.19894113517,2352.27253879137,4690.69067459943,3585.90373684104,4765.98694825944,3684.26680641905,136.39558809517,5163.28446088109,2459.71673641474,5077.23426833752,4739.52205932042,2636.95313239438,2846.79252017479,4833.24319315101,4599.96964886142,3531.35505281668,5207.92361820852,2245.31463183467,2745.34436807203,5021.94933056671,2971.79954455697,101.243080821487,105.86529899299,296.13677303086,2954.10274214017,4797.61327098611,3755.23925662501,4737.05507043133,3769.0884014692,4052.32715304647,3688.8674970662,4896.46392731138,2812.91545976336,3931.22851238597,4827.69151380769,3682.06468124514,2755.6761810001,4773.24446143151,3506.93357550992,5165.45556855204,2787.43234369825,4753.41939353157,4993.86405450907,3379.32942872799,3256.02257414529,3516.96739695494,3525.20015247563,4819.14296225027,3541.07581018704,4862.99524827871,3784.51315936342,3966.29400076619,2905.55341415213,3779.21051395153,4663.71078573364,3807.26002239839,3677.31273464819,3682.86024238835,2746.92664384193,3878.67083091296,3511.55696713045,2930.41796513009,3516.66896899974,3730.52203199752,3677.44709336466,4470.89211645938,3989.45765196487,5095.71773629431,2848.80102552318,4763.564373245,2718.66961915619,3708.13554830509,5224.51234118974,3477.76504333855,2921.88964927809,4859.72298140721,3528.18994509089,3471.00518714551,2736.94605393498,3884.34595402316,2788.40434922642,3738.22947219749,3663.60621843319,3103.20097726616,2828.03769866767,3550.323965234,4966.39459906335,3427.61971726759,2696.74783972112,3965.98381086601,3032.01451078632,4884.70270833185,4826.38014908675,2846.05364342678,2907.54390564958,3556.99218359862,2749.04536327895,3789.01686438478,4997.92687633677,3739.96335588335,3804.50357778838,2838.48621672199,5021.41317054098,3516.47360071065,4758.23075158332,2798.93670541587,3609.74241695162,5149.04574792066,4822.97242571225,4881.62315463029,3726.11393105331,4083.15727583709,4833.62695482533,3271.89941950949,4820.5585462511,5118.51677184049,4444.02435511673,2819.31553718835,5094.70954641443,3636.53945493528,2771.17786462906,4495.10123832486,3505.61369350209,2762.3431102014,5067.98677810584,4914.58306111879,4767.97022103446,3687.43737052281,4954.07613490437,5130.31612334494,2968.40759627235,3503.8808484059,3805.48667996827,3754.87730875989,5083.99940078583,3626.4166557304,3736.35689806072,3920.32478948089,3975.91136048402,3732.01252548389,4064.43731733849,4027.81750063188,2860.83275041978,2886.16714200762,2813.69320132764,3347.71727962334,3640.7794896848,3495.35617487304,3617.74796771897,3843.61003179868,2880.26775678565,3902.14525528751,2771.35324292331,2791.97164282348,3487.87631513722,2736.13910683914,5034.69126536651,2798.72173061264,3576.81056343112,3996.43950198228,4475.23106429879,4632.52503303337,2782.29711542116,4020.58480485579,5188.2457436435,2920.7504382584,5028.47791518406,4740.67016338183,3717.97790580593,3670.41432946757,3734.52941832293,3870.59974831105,3879.60414775312,2699.84499816871,2730.23634456713,4646.42989352038,3477.45974336735,3612.37619082378,3754.82246294338,3641.17244980346,3643.53385744328,3480.70737651739,2947.0803707843,3610.14641568502,3680.86087871671,2602.24113294612,5324.07961238236,5212.83566440846,2613.61263671082,5124.47556520204,3545.95458265723,3788.62486835069,5410.92791477837,3290.62681734486,3251.69374222205,5370.07735229868,2510.21337910476,5371.95588805836,3765.11955846485,3712.94688183571,2954.13265318858,3259.98519888579,2686.47897679437,3170.48704537693,2559.48786891463,2662.15035624105,5393.21719660638,3140.08893564934,2553.38105920181,2586.80790780552,3706.21760428997,5234.18962108229,3096.50986185297,2440.00453172987,5301.24711550157,2394.28112481598,2558.10535525731,2474.10950613845,3048.25063635473,5202.84367597869,3470.53835082836,5175.70162259916,5311.1119805678,2910.02796949711,5297.11631538517,5436.59511259134,5352.0910835553,5366.73890145501,3643.31024533128,2442.99895315723,2505.63478310809,2919.19804505933,2526.31616012435,5365.30184341266,5186.76273626696,5263.21610760395,5321.22242837712,2423.09205661964,3222.35983154825,2537.82166561219,3355.8471439896,3108.77517768757,5138.10128528286,2570.02455985276,3098.66013332096,2979.06177531482,2436.97015298493,2647.82160510984,3746.87538605685,3496.33477184328,3476.97245954868,3076.07090349593,3766.00388617955,5081.76560889815,2519.32348200541,2941.95739501123,2462.05922667819,5232.33743076528,3403.18622431041,2464.01244623066,5266.08403968132,2476.79609283551,2606.92328793483,5304.66419441101,2483.0197298056,3053.69158977589,2751.92867228683,3210.53865173533,5693.15547646678,3066.63501059031,2479.38434104596,3611.40384434305,3095.50744777837,3155.12452714041,5290.49510011237,5335.96901239459,3689.81160870105,2581.3648299678,3185.96762328448,5599.22342427896,5822.07202407483,2774.3458367124,2556.85222991348,3651.74152003864,5158.7999696296,2456.14917153141,2970.19914954404,2620.63331283487,2618.84160954702,2324.09299798991,3359.29079485771,5270.89185177594,3062.27720848658,3200.83186016078,2482.94471638045,3125.74486284818,5337.06695015126,5198.4036681788,3300.86811290725,2477.97598760133,3669.08905219983,2633.38045768436,2508.1448283389,2574.63654922539,2754.08611532656,5288.57192193834,5141.82858369075,2426.91391189612,2672.16038328237,2592.44299610963,3163.65440808343,2506.81895683237,5308.1438042599,3516.72799566319,2525.73706511637,3801.41926869359,5468.14729193748,3133.82169683109,3213.99879821629,3623.42135429947,5343.48565945756,3675.501382855,3099.88977544147,3423.93956328212,3662.76215925916,5093.67990502475,3713.42726380384,3061.30690232826,3736.0449714282,5364.35305229719,3267.28852662718,3224.68970134933,2422.24283497773,2420.8615731051,3612.52355774794,5223.02834076721,2659.56097790795,3269.76413406255,2621.04142724663,3046.07842472115,3748.05407787314
388.029291733243,656.556195321189,1226.67218870897,1205.68965708113,6974.91216051699,7138.22656066037,1564.49225855739,1536.84810687253,7026.07146762133,969.283408103727,1331.20081094728,1673.33253632768,1826.07378421504,684.741667092772,956.384064437115,1471.76334525239,2111.22110604313,1582.98855156432,7251.54921604923,1539.32245403722,1289.68369649533,713.853093343929,1611.68073458206,933.166375868481,642.650870712112,6888.2304936002,668.163141659202,1313.46570340988,7000.55506601805,729.886039844607,544.42304317828,7144.21039955709,997.708646545789,42.2509815788847,1787.79888542184,1436.50909760575,6910.57607318929,1740.61882502743,15.4934300548973,845.812483234143,332.374046635094,7235.73113062383,866.52596454162,907.792591722979,1719.36965337715,761.988445756564,946.12115720345,1213.76350840395,83.9296504938245,6955.56843224067,1760.20663352565,6912.16042356732,6991.18403514615,474.083282618911,7087.26429214391,843.644865257524,843.681642713018,548.647090260119,782.181431722613,7129.42202736377,7012.8171920745,6693.57432514519,7051.35550899464,2083.80230578162,7156.79846778267,7234.2429227182,7110.22452709314,1201.68952275566,721.931932644362,633.124474421314,223.327313621832,249.722450890927,394.105366166235,2921.5318255911,506.21895096858,55.6137923832319,3258.07478374341,2306.20312358664,542.409974123989,2970.69418291666,2685.13983835947,2755.47540049342,1e+08,417.017728287919,7598.35858828804,2617.16434571225,358.602045421079,271.227995935645,8006.67686312333,7396.69480281786,3376.60169525851,85.2679888190442,467.27701202761,155.744337825451,2864.00580882978,2721.61022255405,515.145628071199,7701.24347308597,7569.39439923231,7467.8745505648,391.051068828578,7550.55915889873,122.924901762552,7707.89075383005,2830.8043038063,311.272867439596,7724.41642907294,12.898906840941,214.547436072492,189.824477269165,122.72354064175,403.202861702052,7446.16607509285,830.428336347622,7521.46234875285,928.79140592563,2891.8709885886,7918.7598613745,295.758664078687,7832.70966883095,7494.99745981385,118.522268099042,91.3171196813613,7588.71859364442,7355.44504935485,775.879652323258,7963.39901870192,510.160768658754,10.1310324213908,7777.42473106013,216.324144063543,2654.23231967193,2649.61010150043,2459.33862746256,198.627341646748,7356.78954501219,1397.61825361829,7302.37518173385,1371.35718464337,1585.53792462469,1368.78444635834,7456.25874017883,3081.4425685309,1482.24059019977,7356.72303497472,1347.16220262695,3147.52493959642,7322.1116755909,1287.84200451313,7697.23202663626,3161.9696548638,7271.32040358351,7545.97778797566,1302.85362147612,1302.90771404229,1284.47105013793,1348.24946327861,7373.90522183253,1343.14652313948,7418.46800655249,1386.92763750082,1639.58908791714,3287.63450898018,1458.3350892685,2097.05756440527,1383.68265912372,1324.00437016731,1337.08781426014,2954.60917411556,1552.44723799758,1350.36834630028,3059.43425560885,1275.65296841127,1405.37841290107,1342.71803756862,1888.77168239437,1591.26106978072,7615.55665749006,2984.3114135831,7318.88600074224,3119.62689067053,1353.37125156698,7771.05641481478,1256.97663517574,2596.86527361344,7393.13921870685,1291.47322097004,1278.26078046868,2804.51224256554,1463.05762829795,3194.83703247129,1330.02570618998,1335.2827138541,1119.12630307331,3134.75127247068,1236.99637430801,7506.67482095585,1313.34210625003,3038.8086619915,1545.54060597011,1215.18523721062,7420.9775773149,7370.98990988829,3148.40944274736,3202.66097985237,1264.30252029707,2878.42991298955,1389.65186250384,7534.71808842382,1331.78077096306,1378.98079055704,3147.43132071229,7572.75048301416,1245.26359974263,7302.32712759607,3427.1263302061,1378.52413604353,7679.52454521866,7334.74557008745,7448.04169158672,1333.59233881962,1631.5092195309,7377.40892459882,1205.606169686,7370.04876809443,7662.32565081922,7008.11930106576,3237.67417772371,7626.23266892855,1383.23002037425,2955.23567711952,1986.90327530147,1330.78479122596,3012.84264616044,7614.06049626748,7437.59233040253,7295.2632941321,1348.38326178656,7496.83087285037,7654.33914268251,3179.11940928385,1337.79708689016,1393.56346786109,1353.02954287316,7619.73670425859,1255.08708551038,1430.82955240471,1559.1174352037,1570.41707703657,1350.72398704558,1612.11245021524,1569.58072407622,2957.44947335305,3024.05276508387,3033.68726680724,1292.86743334769,1353.20691496142,1314.30789390731,1334.61481050019,1452.57684185567,3171.28743745512,1546.33290788612,2980.24264015792,2804.0682044998,1311.62922507107,2806.36773459825,7556.12016870437,3090.7509636944,1366.16737980504,1553.56969580148,7038.35759165641,7178.85197494419,3337.69370402441,1598.89651360039,7722.60141433026,2685.01288233062,7578.03315557249,7283.47901698684,1396.92831458491,1316.53496782465,1332.75160675912,1514.6254927351,1495.36090189118,3171.08167575766,2876.98217868581,7210.35064038689,1291.00595405297,1401.05355747461,1463.60822006708,1296.65925061615,1380.35012708282,1338.23577684216,3404.51244797754,1325.59848232983,1316.90518914055,3905.09539168102,7943.4628816184,7809.92236964706,3738.84756197551,7707.40713263937,1214.69689869298,1435.27507186679,8006.08730500025,1182.06845168418,1122.21488661395,7949.78498887518,3649.95332134305,7958.17593437737,1412.54348847024,1348.28516430608,1132.93417596155,1130.27965724376,4141.53638502495,1142.52052522417,1138.96843195725,4056.41282860872,7984.02642526257,1114.2311545367,3509.43481886421,4057.1746838392,1290.64338028954,7844.20483275544,1118.95840179476,3657.58294142383,7908.26280247338,3613.28009873123,3837.20096768409,3530.95290665734,1074.31503024613,7803.52643120255,1194.28594736968,7777.37560906211,7889.41177869345,1056.56154062452,7889.41349014137,8065.78692103314,7966.1254911452,7986.87660976187,1337.19998737041,3743.96560494888,3548.00300541879,1031.46930608321,3719.86070211886,7939.61615644053,7791.2124885818,7862.53452031575,7924.94453039044,3670.82617600359,1109.83187917251,3546.75660770731,1148.89727121812,1037.61909521654,7754.32425117296,4088.37792102699,1023.41493583454,1102.081139894,3410.31611804043,1090.50405345132,1413.33861443124,1198.69568631109,1253.76103289205,1099.93685638199,1404.36565305241,7666.19912161582,3789.53336870799,1063.3879048663,3457.61187024291,7830.87742004318,1216.83166878226,3650.28441629632,7871.00523753043,3360.41001549582,3817.81453830372,7894.46079909834,3661.05632419235,1086.09248210878,4335.71515605384,1186.46545923232,8253.0415019736,1058.93007850781,3425.97266811066,1283.31883281063,1047.55192643328,1104.48505127596,7888.05926449428,7936.74079916835,1401.87569066485,3734.32569553687,1026.32801988612,8210.15163113687,8434.55439793892,1068.64785403668,3881.2895255957,1339.31444032373,7767.44733111666,3833.1657255793,1083.25063752991,3912.34029622294,1078.473863404,3875.15826128866,1169.08218488843,7882.68343620364,1096.77881517611,1169.0723461294,3527.66589451377,993.829613082824,7927.34473287005,7786.06512942722,1173.55565069378,3566.68048439534,1293.83344804802,3826.16048009861,4045.62813163987,3813.06277698836,1105.80936872842,7878.6679970607,7730.48999537101,3544.54966931205,3920.30801844715,3814.91944537911,1102.39784507981,3833.50136444079,7925.24175989395,1276.97870016464,3586.11443578876,1462.39840823255,8085.75250457768,1020.31435005235,1098.98405859685,1303.33971625649,7953.47411390561,1357.73106397071,1080.84925476097,1188.31527641988,1425.70199274398,7678.28284794499,1467.64231548895,1077.89638898758,1409.66208116168,7962.78754009221,1061.70914792479,1144.83390398997,3786.40312573493,3457.53348691927,1350.35515836871,7828.03224222683,1043.57932432776,1102.36670337682,4219.29460689418,1105.32035617308,1407.52572163814
805.047020021161,1073.57392360911,809.654460421045,788.671928793212,6557.89443222906,6721.20883237244,1147.47453026947,1119.83037858461,6609.05373933341,1386.30113639164,914.183082659357,1256.31480803975,1409.05605592712,1101.75939538069,1373.40179272504,1888.78107354031,1694.20337775521,1165.9708232764,6834.53148776131,1122.3047257493,872.66596820741,1130.87082163185,1194.66300629413,1350.1841041564,1059.66859900003,6471.21276531228,1085.18086994712,896.447975121964,6583.53733773013,1146.90376813253,961.4407714662,6727.19267126917,1414.72637483371,459.268709866804,1370.78115713393,1019.49136931783,6493.55834490136,1323.60109673951,432.511158342816,1262.83021152206,749.391774923014,6818.71340233591,1283.54369282954,1324.8103200109,1302.35192508923,1179.00617404448,1363.13888549137,796.745780116032,333.088077794095,6538.55070395276,1343.18890523774,6495.14269527941,6574.16630685822,891.10101090683,6670.24656385599,1260.66259354544,1260.69937100094,965.66481854804,1199.19916001053,6712.40429907585,6595.79946378658,6276.55659685728,6634.3377807067,1666.7845774937,6739.78073949475,6817.22519443026,6693.20679880522,784.67179446774,1138.94966093228,1050.14220270923,640.34504190975,167.295277396992,811.123094454154,2504.51409730318,923.2366792565,472.631520671151,2841.05705545549,1889.18539529872,959.427702411909,2553.67645462874,2268.12211007155,2338.4576722055,417.017728287919,1e+08,7181.3408600001,2200.14661742433,58.4156828668404,688.245724223565,7589.65913483541,6979.67707452995,2959.58396697059,502.285717106963,50.2592837396901,572.76206611337,2446.98808054187,2304.59249426614,932.163356359116,7284.22574479805,7152.3766709444,7050.85682227688,25.9666594593408,7133.54143061081,294.092826525367,7290.87302554212,2413.78657551838,728.290595727516,7307.39870078501,404.118821446977,631.565164360411,606.842205557085,539.741268929669,13.8148665858672,7029.14834680492,1247.44606463554,7104.44462046495,1345.80913421355,2474.85326030067,7501.74213308658,121.259064209232,7415.691940543,7077.97973152592,298.495460188878,508.33484796928,7171.7008653565,6938.42732106694,1192.89738061118,7546.38129041401,93.1430403708356,406.886695866528,7360.40700277222,633.341872351463,2237.21459138401,2232.59237321251,2042.32089917464,615.645069934667,6959.8604934821,1678.31111649958,6904.73203471381,1664.56827729443,1908.80131988403,1635.31636323425,7059.40029790163,2877.59751695627,1796.73916910609,6962.94785332144,1617.66298241892,2929.44663228602,6926.20859088963,1514.47649518637,7303.67710018902,2947.14160701426,6878.57109212386,7150.04933727425,1481.10016426662,1438.73280368395,1515.56795869335,1564.67867477832,6977.46095818259,1566.37850088744,7022.01148036881,1680.7345682739,1920.1710038323,3078.1882672055,1729.51530424352,2459.39675880391,1686.23064185252,1599.70129215773,1610.82919577797,2752.33213792604,1829.47031527328,1561.58338787292,2875.41383107356,1509.1288134529,1675.46580768963,1612.93067533686,2253.33571873085,1892.7325480996,7223.15735503486,2794.87188210523,6922.3055661542,2898.72682946859,1631.01882720215,7376.02037102528,1481.94006487269,2457.64046981631,6998.96045660236,1524.53908402414,1494.93523614066,2614.0860848707,1767.72994723272,2977.20933712217,1625.10678293137,1602.89417903368,1243.02671345453,2928.25948210073,1493.66468085267,7111.9420608126,1505.5537899822,2821.74795790745,1852.69075543096,1292.0192853811,7026.54063780856,6975.60360300383,2943.29801915479,3001.49232617338,1515.3121163041,2683.27923649973,1684.17637540693,7140.39519303625,1626.92932450156,1682.01504680952,2941.30358808543,7176.94037925999,1487.36239378894,6906.8921354665,3190.31309047217,1615.4156685144,7286.08313397674,6942.74689534901,7050.47771972024,1623.37547611227,1951.15127538082,6982.11879211647,1370.58200577266,6974.15029988687,7267.43687597374,6610.18218472723,3020.5723584171,7232.60273430613,1627.87735708062,2756.57886146025,2330.90945743128,1545.20901140829,2807.68580967346,7218.86481305059,7044.57923671291,6901.57163814743,1620.37620263909,7101.82255853013,7261.55126948808,2989.244174006,1549.7462659928,1692.51856015373,1646.88514575331,7225.64840840185,1533.60422953008,1695.59415425089,1847.63090962096,1873.54697806726,1637.38598967155,1931.45393021425,1889.66221498909,2772.40932626076,2836.61478661502,2834.32463028433,1462.69462963143,1607.77231663057,1529.64559623182,1586.57553675104,1746.79495677246,2969.06634218969,1832.62780727668,2779.35946928195,2622.47506270024,1525.10362343574,2615.64772025907,7163.46009530298,2883.96797370273,1595.29547654647,1868.22929837111,6640.56424149113,6782.99693064984,3106.5427613921,1908.09913128311,7328.8060637225,2536.55513762853,7182.41896624125,6888.1496353598,1665.21742027393,1592.05363702581,1625.71445281601,1799.73605249196,1788.9664388525,2943.1071939152,2679.05187286894,6812.72488745066,1506.45573232403,1632.66390972779,1725.25116950857,1567.8643818049,1628.16972245365,1542.14592966857,3189.95545245452,1577.5143008867,1595.95881088579,3604.37259733326,7540.81475863682,7409.53128117311,3452.8267192926,7308.41318525131,1476.46341592195,1716.2102210527,7606.09310024598,1359.92639466114,1301.46248032158,7551.39757729004,3359.22821687569,7559.09655170269,1692.20805552712,1629.09938614964,1197.85251615515,1310.49315773841,3830.60626403252,1286.04180848242,1056.96637622779,3749.88325256362,7584.47913958654,1253.27236907727,3234.7676922819,3742.59527174459,1586.60561653582,7442.469931468,1240.37027053237,3358.44182508372,7506.90583327274,3312.44761036666,3537.0790387927,3245.30043999416,1187.66278658539,7402.74637531112,1434.61929389952,7376.4648007529,7491.11116991819,1119.73101520878,7489.6128022371,7662.18405297349,7564.06854041581,7584.18332997876,1597.23951988621,3438.59670972401,3264.68438978698,1103.36909052574,3425.48112369833,7541.79840322422,7390.02018743008,7461.95693662412,7523.95508072716,3368.83481063465,1281.25211234829,3267.29663591009,1359.92097714489,1183.7102473938,7351.85009957836,3769.56528458111,1169.11195032747,1182.67261526662,3129.4932329093,1046.46767271285,1686.63381075034,1447.1651853017,1479.34460363228,1218.03358834736,1686.72053133186,7267.00032891593,3488.92518386201,1137.69819557668,3176.16027581795,7430.3521433685,1426.25414145437,3354.35315816618,7469.83773966537,3088.13577060535,3524.64813199492,7494.93293656169,3366.41553729652,1198.81643224751,4015.5188813277,1333.95640621326,7857.13196612063,1183.09069339662,3148.98718845161,1548.00359049969,1185.87062163428,1251.66496727914,7487.69375712819,7536.0782805537,1659.25368981061,3444.9934934423,1206.20499091232,7808.63310611949,8033.04351334221,1076.50885196336,3577.53464293986,1601.65085113953,7365.7872509995,3522.39828523028,1164.39332492054,3613.04647108552,1024.6225795977,3547.73981786685,1375.71508361705,7480.79370707163,1210.33228853499,1317.28944354922,3243.28734688542,1158.31265682264,7527.79836881882,7386.65333522776,1357.42331595539,3278.73094204827,1575.7130981828,3535.28897639981,3723.83726955391,3516.68213389761,1100.22597148266,7479.0920709661,7330.91298346835,3252.47796755085,3626.06430836356,3520.36887209821,1253.36074268168,3528.1059649096,7522.82254850374,1510.10084286776,3302.15295274663,1739.76270138504,7683.41117996453,1180.93630518312,1270.08976952074,1566.34066463389,7551.83947577479,1622.89445291182,1212.65930213302,1413.30732789897,1667.39266037924,7279.07950296535,1714.56693263894,1195.47330719955,1680.37505327843,7562.40019773659,1263.74388258792,1307.99639300465,3475.61077939352,3171.29145723435,1596.04871116457,7426.8158155554,1009.7218521748,1293.89639610913,3895.21687325645,1210.74027438962,1682.9007149569
7986.38788002129,8254.91478360921,6371.68639957906,6392.6689312069,623.446427771048,460.132027627666,6033.86632973065,6061.5104814155,572.287120666699,8567.64199639175,6267.15777734076,5925.02605196035,5772.284804073,8283.1002553808,8554.74265272515,9070.12193354041,5487.1374822449,6015.37003672371,346.809372238793,6059.03613425081,6308.6748917927,8312.21168163196,5986.67785370597,8531.5249641565,8241.00945900013,710.128094687829,8266.52172994724,6284.89288487816,597.803522269989,8328.24462813263,8142.7816314663,454.148188730939,8596.06723483382,7640.60956986691,5810.55970286618,6161.84949068229,687.782515098748,5857.7397632606,7613.85201834293,8444.17107152217,7930.73263492313,362.627457664198,8464.88455282965,8506.151180011,5878.98893491088,8360.34703404461,8544.47974549147,6384.59507988407,7514.42893779421,642.790156047355,5838.15195476239,686.198164720701,607.174553141881,8072.44187090694,511.094296144116,8442.00345354555,8442.04023100104,8147.00567854815,8380.54002001064,468.936560924261,585.541396213536,904.784263142829,547.0030792934,5514.55628250642,441.560120505366,364.115665569842,488.134061194897,6396.66906553237,8320.29052093241,8231.48306270936,7821.68590190986,7348.63613739712,7992.46395445425,4676.82676269692,8104.57753925662,7653.97238067126,4340.28380454462,5292.15546470139,8140.76856241201,4627.66440537138,4913.21874992855,4842.88318779462,7598.35858828804,7181.3408600001,1e+08,4981.19424257579,7239.75654286696,7869.58658422366,408.318274835307,201.663785470166,4221.75689302953,7683.62657710708,7131.08157626041,7754.10292611349,4734.35277945825,4876.74836573397,8113.50421635922,102.884884797947,28.9641890557117,130.484037723235,7207.30751945945,47.7994293893075,7475.43368652548,109.532165542018,4767.55428448174,7909.63145572763,126.057840784899,7585.45968144708,7812.90602436053,7788.1830655572,7721.08212892977,7195.15572658597,152.192513195184,8428.78692463564,76.8962395351697,8527.14999421365,4706.48759969944,320.40127308648,7302.59992420933,234.351080542905,103.36112847418,7479.83632018899,7689.67570796939,9.63999464360587,242.913538933185,8374.23824061128,365.040430413899,7088.19781962927,7588.22755586665,179.0661427721,7814.68273235158,4944.1262686161,4948.7484867876,5139.01996082548,7796.98592993477,2268.48782968009,8500.07902528192,2226.15460082553,8524.46465235841,8812.621620096,8427.87579148636,2280.09992402398,6475.23101750891,8692.13801223141,2438.46287822272,8425.79551959678,6350.29279119285,2323.26133732755,8233.89027705056,2498.90356587135,6375.8484123729,2485.85249103159,2342.9934995771,8081.18155896981,7940.34407828739,8246.60728178567,8238.40355841182,2296.48698722099,8258.61841863322,2299.15327685026,8538.87016583637,8686.40188971695,6409.47075314476,8511.44042980263,9436.42493035081,8567.63115072296,8426.52443749005,8429.57384776946,6500.95675398562,8605.05179737924,8221.70957228278,6635.29191440815,8248.66175899569,8467.75602242001,8421.48027588267,9254.63596314975,8731.3329683588,2543.49491653406,6597.30099255497,2286.03983160108,6330.47138069531,8455.52210241679,2435.06372971592,8208.11756913298,6963.33041218888,2420.27594803627,8257.89652114701,8194.43875785989,6605.36022136307,8639.56937675464,6348.16357001413,8498.46435768425,8406.9103016983,7819.94456573702,6448.36680928143,8298.61354648022,2403.10957702931,8134.10726783396,6373.55947322189,8716.26515471372,7717.06494230195,2409.17927005131,2354.12343553912,6458.52118139888,6487.10388722223,8299.25500435323,6563.19490190481,8543.59799204026,2428.99154340603,8500.08476730753,8565.58674479277,6450.17027624969,2353.52033282214,8256.58985186719,2347.64899727916,6144.75181873716,8330.04014785134,2501.2657902801,2527.44843678761,2239.18324074902,8482.79563174334,8837.08184752142,2359.77745771271,7985.22703376727,2326.24474394697,2419.8566474677,2222.15452788208,6347.66763692523,2480.93623414203,8360.7526397155,6528.77849749533,9250.85916507523,8220.32770456825,6471.93086153794,2394.20146671066,2485.4945713252,2438.96108826895,8431.92906905338,2386.94960915397,2530.64627482889,6582.76188384934,8216.28897682036,8562.64252032782,8512.3091617307,2455.29876138495,8384.13029925829,8467.3588217073,8654.83989941498,8720.92073779925,8485.18173719913,8819.52405235921,8786.6192385888,6632.82236711636,6610.26752323357,6515.66886193621,8047.64828902406,8374.46509690975,8212.93857169318,8352.15548698688,8592.30906553762,6480.63636553007,8636.19612350294,6508.9752742599,6668.89010460826,8204.91839675488,6603.05287139591,2519.81304966429,6450.4264154088,8294.36902243843,8752.04283499194,2226.88228193437,2323.54482235721,6210.08795053887,8768.17562272219,2491.51740856574,6902.99412071724,2365.20092206528,2352.58489650813,8454.9901847298,8420.2853358462,8493.22636994584,8606.87659977791,8623.95944146266,6262.9623920358,6542.6278356731,2226.66878771648,8198.47231630515,8326.58151100585,8480.02742517977,8390.64444248038,8369.98126977543,8188.95672369349,6354.27600600836,8345.60651524825,8432.74918687303,5354.33710294127,2015.95465353768,2128.17875082304,5573.68421395693,2192.31085149619,8299.25135446957,8529.85103995794,2208.95639820635,8012.58546864832,7983.83013710628,2289.96387242723,5546.11606197899,2250.55044413719,8507.79190249222,8462.76925032746,7655.51650327244,7991.15135328321,5153.01962300489,7888.12976379169,7251.38798883064,5236.53237817965,2229.75774041509,7861.66758938957,5755.89257773298,5130.29054638332,8470.42716239949,2049.65940219343,7812.66933280885,5450.04860438851,2091.83291518867,5446.06671346103,5381.8908176176,5636.04941320451,7771.23962585701,2101.82562400607,8216.13129377446,2087.34338893838,2277.68601233238,7628.08114255495,2185.95401943652,1990.20575146665,2062.77567057322,2026.37005248709,8382.0157553211,5349.73212858171,5655.60110679128,7643.76275575038,5484.30027286978,2320.89259790514,2072.30822506854,2129.6335097214,2120.53491644272,5413.46989290964,7954.02018567365,5696.40301358056,8095.23179728444,7845.7617972318,1979.10780610355,5063.05304854788,7838.00284215477,7689.99320451999,5721.34728679537,7351.25508936088,8485.31976436292,8245.1109653567,8208.05601009222,7795.13227433388,8511.2499414889,2172.0091720394,5390.79839739094,7660.11990560463,5701.04000582505,2124.80878845262,8132.19758558117,5488.2995746265,2093.88949905515,5819.56451340443,5469.99817915593,2204.32294081857,5499.30033074946,7774.25223172515,4964.07429301215,7921.3293568498,2542.4978159085,7794.86029147374,5755.05972764351,8358.71121332277,7828.95803853844,7880.66180503771,2150.03143282547,2145.03711150761,8419.45129415756,5537.45294616926,7933.27471377868,2186.39673050387,2287.84736714648,7484.36158712397,5324.37647844679,8391.53436145455,2036.31757728865,5254.46424642189,7685.24075545014,5369.75553843361,7325.70355938635,5029.8864855826,8094.09120663079,2049.567160936,7780.92518856741,7915.03966783545,5650.36304561456,7874.2660359766,2212.57278715602,2183.74754051246,8026.38894744401,5601.08656426005,8424.87590273419,5494.64027254461,5037.7706373409,5433.53319535471,7454.17934861584,2196.99138377873,2161.29217874822,5564.00307838617,5429.23875832883,5454.54912718744,7890.59907185169,5319.6165061746,2026.09001056288,8248.37062106509,5637.98417441037,8537.44755243652,2083.97190927042,7877.16481426149,7947.33622289164,8367.60351457588,2086.91582145281,8414.90488257452,7825.78395529796,8163.5706756767,8379.7567339893,2173.94765104562,8428.37984377937,7784.50914375446,8473.21736090416,2170.44860469685,8015.86703799965,7947.9025940526,5270.62676850143,5652.26395105602,8341.46628093581,2079.59690767337,7374.87387334275,8009.00184181697,4945.02376901411,7761.24247206897,8488.45283191833
3005.1936374455,3273.72054103343,1390.49215700328,1411.47468863112,4357.74781480474,4521.06221494812,1052.67208715486,1080.31623883972,4408.90712190909,3586.44775381598,1285.96353476497,943.831809384572,791.090561497208,3301.90601280502,3573.54841014936,4088.92769096464,505.943239669119,1034.17579414793,4634.38487033698,1077.84189167503,1327.48064921692,3331.01743905618,1005.48361113019,3550.33072158072,3259.81521642436,4271.06614788795,3285.32748737145,1303.69864230237,4383.39072030579,3347.05038555686,3161.58738889053,4527.04605384484,3614.87299225803,2659.41532729113,829.365460290406,1180.6552481065,4293.41172747704,876.545520684817,2632.65777576714,3462.97682894639,2949.53839234734,4618.56678491158,3483.69031025387,3524.95693743523,897.794692335096,3379.15279146882,3563.2855029157,1403.40083730829,2533.23469521843,4338.40408652843,856.957712186595,4294.99607785509,4374.0196894339,3091.24762833116,4470.09994643166,3460.80921096977,3460.84598842527,3165.81143597237,3399.34577743486,4512.25768165152,4395.65284636224,4076.40997943296,4434.19116328237,533.362039930634,4539.63412207042,4617.07857700594,4493.06018138088,1415.47482295659,3339.09627835661,3250.28882013356,2840.49165933408,2367.44189482132,3011.26971187848,304.367479878847,3123.38329668083,2672.77813809548,640.91043803116,310.961222125608,3159.57431983623,353.529837204407,67.9754926472213,138.311054781172,2617.16434571225,2200.14661742433,4981.19424257579,1e+08,2258.56230029117,2888.39234164789,5389.51251741109,4779.53045710562,759.437349546258,2702.43233453129,2149.88733368464,2772.90868353769,246.841463117538,104.445876841807,3132.30997378345,5084.07912737372,4952.23005352007,4850.71020485255,2226.11327688367,4933.39481318648,2494.2394439497,5090.72640811781,213.639958094049,2928.43721315185,5107.25208336069,2604.2654388713,2831.71178178475,2806.98882298141,2739.88788635399,2213.96148401019,4829.00172938059,3447.59268205987,4904.29800304061,3545.95575163788,274.706642876342,5301.59551566226,2321.40568163356,5215.54532311869,4877.8331141016,2498.64207761321,2708.48146539361,4971.55424793217,4738.2807036426,3393.0439980355,5346.23467298968,2107.00357705349,2607.03331329086,5160.26038534789,2833.4884897758,37.0679739596845,32.4457557881826,157.825718249688,2815.791687359,4921.02006254608,3623.5405406022,4860.86204403051,3636.67031327064,3919.34810527529,3557.63460727207,5020.0162955461,2762.23804090771,3798.30406562808,4948.87558196265,3550.51970043276,2710.69688342697,4895.85172752334,3376.76225937824,5287.20822597862,2742.19701106259,4873.68157217996,5116.9415459981,3251.13316794538,3129.3383201069,3386.59520843578,3395.95666934724,4942.2410948501,3411.5074579912,4986.19162803964,3652.14880062552,3835.9875232001,2863.39558612119,3648.32764282268,4529.59210075224,3674.4741775602,3545.40113091087,3551.11220670464,2691.29329168812,3748.0583541392,3382.54694643957,2874.74464942332,3386.13352689808,3599.36078668487,3545.8867286182,4336.19887496572,3857.71913358323,5216.52376804301,2791.65918695675,4886.64611794281,2673.32817997271,3576.31510260172,5347.40018748215,3347.39804801369,2843.48731522162,4981.27066502484,3397.79758855682,3341.1326429156,2673.51542136511,3751.833659382,2745.04635025098,3605.51346688407,3532.1108081229,2974.45279297993,2779.85871711263,3418.61464091714,5088.56810351541,3299.00806146539,2647.44105833119,3833.72234655752,2905.82222062272,5006.49107276936,4948.72628847611,2798.03770920418,2860.47927784599,3425.69243522332,2689.20342077893,3656.63334028327,5119.87545528452,3607.25343237433,3671.67267349837,2790.67157372653,5144.46020477015,3385.37291720248,4880.46320190164,2769.1847097984,3479.88387445977,5270.68689964262,4942.86416661041,5005.65539222917,3593.6484276667,3950.56213428068,4955.91910572113,3143.07923434176,4943.26348073822,5241.10404966805,4567.41881097483,2777.36406232818,5216.37132871857,3506.37650889607,2714.83868201895,4362.09522027814,3376.29629862703,2709.45988168386,5190.6911521483,5035.41987212426,4888.95369754308,3555.83491996324,5076.42009417257,5251.46560464174,2917.95841360038,3374.7265530311,3672.91648831531,3622.33459463412,5205.95958862562,3493.97698578212,3605.60712160523,3789.13393208168,3843.98281126044,3599.77799158604,3931.78284738589,3894.95334579172,2801.89186871932,2829.99710787639,2760.33638358806,3219.71794346602,3509.96576198223,3365.85518176821,3486.91377903821,3711.56546245473,2832.37692941166,3771.00416846903,2716.380436096,2726.99848450486,3358.42467500262,2672.8285543478,5155.5470537168,2749.03452752133,3447.18760078219,3863.80703439351,4598.5871518606,4754.78192802446,2747.69145777199,3888.44882770854,5310.2095261644,2846.48348662641,5151.40022813838,4862.78606026288,3586.84603917956,3538.46518079281,3601.92031559381,3739.34662040987,3747.81076907309,2658.20418799826,2670.86315208057,4770.03646534419,3347.74686314764,3482.93005257911,3624.43794937204,3509.28142620773,3513.2094408967,3351.88088889617,2910.17827428286,3479.24969160989,3548.76393762062,2614.42820484836,5452.36244904618,5339.41281664253,2613.00258972834,5249.9450912335,3413.9027280966,3657.13211702498,5537.50053141039,3161.14792728264,3121.53904153865,5495.49957610587,2508.30756848757,5497.85250387532,3633.55543508637,3580.957004247,2826.88832658562,3129.88802251267,2711.80410145284,3041.54041675596,2434.19073255862,2682.39824089992,5519.46203478871,3010.90731449688,2539.4332423604,2611.50374494248,3573.26156017723,5361.73055376737,2967.81903297687,2442.19195489311,5428.61152397625,2395.45148779878,2567.59142059174,2465.31805055403,2919.14002281824,5329.67796725134,3339.11176249004,5302.58991101076,5436.38754102252,2781.59117356722,5423.40244224627,5565.65570379092,5479.99985326711,5495.10159640033,3512.15132644952,2451.58771365246,2496.58953094457,2790.23132924421,2528.73461405059,5490.32892413582,5313.86298557247,5389.99201313242,5448.35913495188,2427.14944898703,3092.28747243488,2527.19216666604,3225.01186284725,2978.49531377345,5266.03758880621,2598.17342724418,2968.21967628082,2851.02110415153,2421.26457694231,2521.26026216624,3615.61433000915,3364.65397485411,3346.55538040723,2947.20253402813,3634.26670465996,5207.31182417562,2527.30077629514,2813.44049637562,2448.58514587797,5359.03493756503,3273.02219425923,2464.43701769779,5393.27221364631,2455.89773201072,2612.38705964897,5430.77316731062,2483.28670353212,2924.75461012874,2788.29395565203,3082.02001936284,5817.39043390148,2937.09151854093,2462.91514711496,3479.6934473505,2965.51666615105,3025.62037229671,5417.16139034248,5462.90013173393,3559.21097006661,2582.04738104628,3054.79640838639,5727.05115100236,5950.13121872339,2646.88205011051,2569.73130184815,3520.49858325476,5286.19053876287,2470.91060544703,2841.8614109503,2632.35940251198,2492.08283143536,2349.90905418109,3228.77901093475,5398.58654748957,2933.46792910041,3072.08087356837,2473.50494716372,2994.57117217836,5463.23401587186,5324.27834493779,3171.1144212644,2471.57999144211,3536.73898920987,2638.07747972757,2536.64903069953,2581.44297036876,2627.48134582662,5414.69121810922,5267.73381523518,2421.34792430309,2681.69377065756,2598.45102383183,3034.0303935505,2518.80492542354,5436.25001583304,3386.21683390079,2518.46622056054,3670.25830151563,5596.38346763574,3003.02411881094,3083.81674435578,3491.91156050571,5471.09393529353,3544.25720130868,2970.46021237634,3292.99337242309,3533.05310786102,5219.24817220967,3583.78460316073,2932.15439937986,3604.88153004473,5491.13270402624,3135.91014209092,3095.23341792531,2435.24300077096,2409.24772460394,3482.06996183434,5350.19389275119,2531.97643073453,3139.06351306044,2656.43305337699,2917.56696287729,3616.66071063232
746.631337154321,1015.15824074227,868.070143287888,847.087611660053,6616.3101150959,6779.62451523929,1205.89021313631,1178.24606145145,6667.46942220026,1327.88545352481,972.598765526198,1314.7304909066,1467.47173879396,1043.34371251385,1314.98610985819,1830.36539067347,1752.61906062205,1224.38650614324,6892.94717062815,1180.72040861614,931.08165107425,1072.45513876501,1253.07868916097,1291.76842128956,1001.25291613319,6529.62844817912,1026.76518708028,954.863657988805,6641.95302059697,1088.48808526569,903.025088599358,6785.60835413601,1356.31069196687,400.853026999963,1429.19684000076,1077.90705218467,6551.9740277682,1382.01677960635,374.095475475976,1204.41452865522,690.976092056172,6877.12908520275,1225.1280099627,1266.39463714406,1360.76760795607,1120.59049117764,1304.72320262453,855.161462982871,274.672394927254,6596.9663868196,1401.60458810458,6553.55837814624,6632.58198972506,832.685328039989,6728.66224672284,1202.2469106786,1202.2836881341,907.249135681199,1140.78347714369,6770.81998194268,6654.21514665341,6334.97227972412,6692.75346357355,1725.20026036054,6798.19642236159,6875.64087729711,6751.62248167206,843.087477334582,1080.53397806544,991.726519842394,581.929359042911,108.879594530152,752.707411587312,2562.92978017002,864.820996389659,414.215837804311,2899.47273832232,1947.60107816556,901.012019545067,2612.09213749557,2326.53779293839,2396.87335507234,358.602045421079,58.4156828668404,7239.75654286696,2258.56230029117,1e+08,629.830041356723,7648.07481770225,7038.09275739677,3017.99964983743,443.870034240123,108.674966606531,514.34638324653,2505.40376340871,2363.00817713298,873.747673492276,7342.64142766489,7210.79235381123,7109.27250514372,32.4490234074997,7191.95711347765,235.677143658527,7349.28870840898,2472.20225838522,669.874912860676,7365.81438365186,345.703138580138,573.149481493571,548.426522690244,481.325586062829,44.6008162809731,7087.56402967176,1189.0303817687,7162.86030333177,1287.39345134671,2533.26894316751,7560.15781595344,62.8433813423914,7474.10762340987,7136.39541439276,240.079777322038,449.919165102441,7230.11654822334,6996.84300393376,1134.48169774434,7604.79697328084,151.558723237676,348.471012999688,7418.82268563904,574.926189484622,2295.63027425085,2291.00805607935,2100.73658204148,557.229387067827,7015.32178439082,1635.49279499657,6960.29715582547,1620.23001842792,1861.27421066474,1594.09894704553,7114.85318718003,2903.40784476565,1750.10534830578,7017.94600246822,1575.92621578031,2957.42301552632,6981.51846796863,1477.74362586299,7358.65046451976,2974.64911182251,6933.41655720373,7205.36753564219,1450.24066504707,1413.09615738277,1478.29479010908,1529.36561867182,7032.8513963181,1530.23267877647,7077.40462118761,1636.35781236408,1877.81697131348,3105.00609459959,1687.95109666571,2407.57461199745,1640.82917979964,1557.30027137521,1568.68833914668,2777.78504654882,1787.39401730435,1526.90504154353,2898.28265079308,1471.54508221065,1633.91488008959,1571.21681708531,2201.14624209121,1847.79853736043,7277.95959806279,2818.46071920636,6977.71487866362,2927.09732532083,1588.45939442953,7431.21219579816,1445.29839962475,2473.3832055549,7054.01868127074,1487.05578083515,1459.35336176152,2637.61980322493,1722.21845285815,3005.15948746804,1580.46642898854,1561.46680721132,1217.85470560931,2954.51010467504,1453.24052189397,7167.08405744324,1473.03958943203,2849.4751006381,1807.01536639539,1273.33463757993,7081.63737636503,7030.83862585564,2969.35712808692,3027.01815823921,1475.63135153547,2707.59632737696,1639.72117023738,7195.47766885502,1582.28482210393,1636.54839856976,2967.51187569674,7232.24175183619,1448.66389215492,6962.13282563227,3221.28359726221,1577.74201763502,7341.03949079767,6997.48370440827,7106.03401738802,1579.35702585121,1904.10831836881,7037.33983116805,1340.8996913744,7029.46050884216,7322.60496885684,6665.78456383258,3048.48032623842,7287.58557585671,1589.29095544702,2781.49709669357,2281.2547118836,1510.07888083665,2833.62376846519,7274.07691940038,7099.46740326275,6956.55609044114,1578.46740243629,7157.00477188058,7316.41132150847,3013.08757313027,1514.93730501002,1647.55383795805,1602.434607837,7280.69829555493,1490.70263462311,1654.73211244841,1804.19199353087,1828.38496831721,1593.76781141603,1884.42328726451,1842.49114005342,2795.32206539929,2859.95009700636,2859.42686396947,1432.82051411088,1567.9276215503,1494.34984263565,1546.98798248025,1702.49401037931,2994.71953429346,1789.43191771429,2804.63263017151,2644.70511615461,1490.0218417907,2639.22706548767,7218.29921225611,2910.22120921033,1558.51469106351,1821.6774518515,6696.1460899762,6838.29664202794,3136.60984594002,1862.25558566461,7383.81518110657,2553.77195707889,7237.69171305517,6943.3743974441,1623.85960560406,1549.65516615386,1581.32526873465,1756.62526330565,1744.81363659991,2972.57228858299,2703.7783859139,6868.28562106587,1471.06531298591,1595.68727074451,1684.83507430834,1525.91827908948,1589.19774699826,1508.3076123986,3217.61789878714,1537.90687487692,1553.14953983524,3645.11881520574,7597.12417721566,7465.50826684707,3491.30401987798,7364.18381721496,1435.38021342404,1673.44203141194,7662.01480559375,1328.57813621094,1269.64587560533,7607.08325759109,3398.36913384201,7614.88365074317,1649.54252186061,1586.15806004958,1180.13012333331,1278.60427177423,3872.96047151487,1258.62255913635,1058.98736399046,3791.55211229907,7640.33511367277,1226.22679828821,3271.43072997177,3785.4692336174,1541.77936671846,7498.64429999032,1215.50176817855,3398.84980708615,7563.02569971626,3353.09033741995,3577.70904150358,3283.62186576843,1163.47749582705,7458.78026482111,1395.95140673299,7432.51747654276,7546.78317801803,1101.63155452848,7545.50447629821,7718.63468823626,7620.29167178755,7640.49989086665,1556.70662288669,3479.97705849911,3302.66444165016,1083.96214289006,3465.20163789302,7597.4005371208,7446.11431583543,7517.96200814962,7580.02135103159,3409.67705357687,1250.29721859842,3304.69766377255,1324.49088841209,1155.31978741092,7408.13162744309,3813.0832047936,1140.66957941914,1162.74392591016,3167.02384977566,1042.75055928525,1644.72159271405,1407.56831040231,1442.61819783662,1193.44534100402,1643.72109065506,7322.80032054934,3529.60906336129,1118.25637043823,3213.81187489141,7486.349095927,1391.30004124248,3394.2756118491,7525.92934510446,3124.35314124378,3564.22876970422,7550.78473238625,3406.14908852882,1174.79078762643,4059.31294190948,1306.29958170641,7912.46020719423,1157.48069014738,3185.95054881819,1506.78145864639,1158.4762319089,1223.5770035177,7543.66813186927,7592.0968410682,1619.20062621775,3483.96422425665,1173.76707493924,7864.78051244464,8089.19249895534,1065.62711691335,3618.72603477588,1560.85326720015,7421.9496122901,3564.62416787116,1144.25352504168,3653.58158344085,1022.13897592426,3592.48638839646,1340.88952048397,7536.99126941281,1186.27911581272,1289.44994823387,3281.41586360452,1127.45435252087,7583.65336744989,7442.48646425281,1325.31577300077,3317.41528470183,1532.52015898923,3574.52985162905,3767.78915169048,3556.74196904483,1091.45526231129,7534.95066713742,7386.76945506355,3291.7706055424,3665.84742330092,3560.15546048095,1224.80543528488,3569.5252973785,7579.09821468625,1472.56329244708,3340.24882824064,1697.4723682681,7739.67742031715,1150.71053629378,1239.11140649994,1525.3697892282,7608.00060640051,1581.81102255265,1186.2746247965,1376.40648084501,1629.27305472476,7334.88035912937,1675.92422629382,1170.79705828469,1638.75986591075,7618.37883502591,1228.93779030203,1278.21959479141,3517.82304326508,3209.66280967298,1557.24697136854,7482.91399432555,1004.15562162642,1260.52750298967,3939.56068887828,1187.74674944455,1640.73014728386
116.801295797598,385.328199385543,1497.90018464461,1476.91765301678,7246.14015645263,7409.45455659602,1835.72025449303,1808.07610280818,7297.29946355698,698.055412168082,1602.42880688292,1944.56053226332,2097.30178015068,413.513671157127,685.156068501471,1200.53534931675,2382.44910197877,1854.21654749996,7522.77721198487,1810.55044997286,1560.91169243097,442.625097408285,1882.9087305177,661.938379932838,371.422874776468,7159.45848953583,396.935145723557,1584.69369934553,7271.78306195368,458.658043908962,273.195047242635,7415.43839549274,726.480650610145,228.97701435676,2059.02688135749,1707.7370935414,7181.80406912492,2011.84682096308,255.734565880748,574.584487298496,61.1460506994488,7506.95912655947,595.297968605975,636.564595787335,1990.59764931279,490.760449820918,674.893161267803,1484.99150433959,355.157646429469,7226.79642817633,2031.4346294613,7183.38841950298,7262.41203108179,202.855286683266,7358.49228807956,572.416869321878,572.453646777373,277.419094324474,510.953435786966,7400.65002329942,7284.04518801014,6964.80232108084,7322.58350493026,2355.03030171726,7428.02646371832,7505.47091865384,7381.45252302879,1472.9175186913,450.703936708716,361.896478485669,47.9006823138133,520.950446826572,122.877370230589,3192.75982152674,234.990955032936,215.614203552413,3529.30277967905,2577.43111952228,271.181978188344,3241.9221788523,2956.36783429512,3026.70339642906,271.227995935645,688.245724223565,7869.58658422366,2888.39234164789,629.830041356723,1e+08,8277.90485905898,7667.9227987535,3647.82969119415,185.960007116601,738.505007963254,115.483658110195,3135.23380476543,2992.8382184897,243.917632135554,7972.47146902161,7840.62239516795,7739.10254650043,662.279064764224,7821.78715483437,394.152897698197,7979.1187497657,3102.03229974195,40.0448715039516,7995.64442500859,284.126902776586,56.6805598631526,81.4035186664795,148.504455293895,674.430857637698,7717.3940710285,559.200340411977,7792.6903446885,657.563409989985,3163.09898452424,8189.98785731017,566.986660014333,8103.93766476659,7766.22545574949,389.750264034687,179.910876254284,7859.94658958007,7626.67304529048,504.651656387614,8234.62701463758,781.388764594399,281.359028357036,8048.65272699579,54.9038518721017,2925.46031560758,2920.83809743607,2730.5666233982,72.600654288897,7616.10423678508,1256.3674636863,7562.12227156482,1219.97054039689,1402.11137534726,1240.75583826757,7715.51655722243,3236.04902115425,1308.81419642193,7614.16255697866,1216.51365225348,3309.91389330115,7580.82204111288,1196.71997097987,7954.48315192023,3322.39567293187,7528.1654138485,7804.66840811674,1249.54046916529,1281.42188416084,1189.8221887713,1262.69896306951,7632.92911600401,1252.3100438893,7677.49236442992,1234.51800787749,1491.74473884523,3444.18174595424,1323.31189484917,1873.63939323381,1223.58530012868,1189.70604812839,1204.00362269093,3109.21159954618,1409.76060171663,1268.91270349991,3202.6757675347,1179.44305599425,1273.01400132052,1212.48486727964,1664.92821384369,1426.76310375088,7872.13152769428,3131.26921871492,7577.9993429766,3283.81176670783,1216.28896186168,8029.1808302279,1168.7233805765,2718.10133163873,7650.81255232214,1194.86692526913,1195.74653745419,2953.48441595597,1298.8459056211,3356.67644044331,1178.3417992121,1207.57987899057,1117.48008194135,3290.53370958318,1122.93524053706,7764.65919857048,1248.65392687691,3201.31225684896,1377.13538831984,1240.18330532523,7678.79985793387,7629.38519769197,3303.303426886,3354.91577400217,1153.83810888802,3029.51397046098,1236.52167780443,7792.45370759689,1179.97651421064,1218.5885075301,3302.92046104003,7831.36653270297,1143.2721891265,7560.76256988653,3598.76439873384,1275.03405171958,7936.71075666448,7591.13239780902,7707.72050516606,1186.51858544801,1450.40575877987,7635.7459764122,1167.78952020718,7628.74875196292,7920.37856151795,7268.08564512054,3398.95393186497,7883.54010932777,1273.13554450595,3107.74700691739,1779.99519833836,1247.62563184333,3168.68234327522,7872.30392220554,7694.56413788739,7552.66398503524,1216.39776922546,7754.98096828251,7911.13933631812,3324.94089293561,1256.31212366047,1236.37873979975,1201.66817893323,7877.31867786461,1121.04911714785,1302.13907126716,1406.50133156749,1404.95019142381,1205.82312977951,1431.63588222839,1389.28304747402,3102.05854099252,3169.54850867739,3186.03318526877,1246.51947429524,1235.95861537025,1231.1642900331,1220.31060568396,1297.85271860754,3324.35589253941,1395.93492082526,3133.85293448064,2947.94646479785,1230.11405797206,2955.49329857198,7812.86088739349,3246.99274484775,1269.5485869596,1378.3919067787,7298.23409995043,7437.55725397781,3506.52246231393,1427.53869960679,7979.9920747522,2810.71940535164,7836.53162463003,7541.85483578603,1266.39292719729,1182.67710073941,1182.87106100327,1366.07503710799,1339.99923142579,3339.01307452814,3029.67768138468,7470.10121380195,1208.86895707152,1301.00954863644,1336.4747615328,1167.35547912194,1267.72226462363,1263.14751330948,3563.37190458918,1211.7012313229,1179.93088268184,4111.59547508937,8206.11527505798,8071.24020097869,3937.44884631807,7967.90322627233,1097.26143930917,1292.61233994571,8267.14620908637,1135.73886377495,1078.6470298706,8209.88900737901,3851.51638870456,8218.69290602022,1271.69813581566,1208.61527173167,1171.23820395764,1085.41184923924,4353.29658892342,1124.867889941,1265.3215958935,4265.84940868602,8244.82036254329,1101.85470848245,3702.37906024247,4271.20451333472,1139.55246615988,8106.32139269847,1119.12118916534,3863.88797370995,8170.14702306146,3820.67544261668,4043.54242137917,3730.04656943692,1083.54435560639,8065.07719694543,1096.38468507799,8039.00728320899,8149.47125961898,1101.62607111571,8150.36966349682,8328.99930599556,8228.42233030084,8249.55195027113,1215.92558089687,3953.54154647781,3745.71383130012,1072.73845363399,3923.2782982652,8199.38063538127,8053.01066612371,8123.95791283999,8186.60735752698,3878.70222183907,1073.22531244686,3742.28271913683,1078.10111965303,1025.79704766269,8016.89105701002,4304.75239035834,1013.05632312279,1132.03147175905,3607.13237295092,1198.78108541874,1277.95712839596,1093.59965097847,1165.15607948211,1103.85200136927,1261.45030090669,7926.82250962986,3996.28387762466,1100.49255989418,3654.60017322337,8092.27304912078,1143.39006303867,3854.79631219406,8132.78013072128,3552.60190407562,4020.24935325155,8155.25332600741,3864.80379627666,1094.87396360505,4552.39354731608,1163.01022432226,8511.62282051681,1061.5801214439,3620.55889383851,1160.24326973631,1040.72694065919,1086.74496953525,8149.35314319177,8198.20693386611,1280.42909404555,3934.82839213555,989.359678449062,8472.10269789411,8696.48013491075,1147.91638008036,4089.57939196298,1215.99227271139,8029.52717038343,4045.56039039809,1114.2188878968,4118.00599563658,1193.07920176545,4096.85845421638,1100.64504098701,8144.88857284335,1104.17543188315,1146.17436855937,3726.05029949949,971.665273499315,8188.14454793461,8046.80102088929,1123.0455134558,3766.94897297831,1155.24464822012,4027.26130538887,4263.78581422924,4017.34276562808,1190.58680784526,8139.49107200149,7991.33113339099,3747.22417138586,4123.06682700276,4018.15170092973,1081.96564509757,4042.84953393017,8187.75907803834,1181.0005367036,3784.05480827933,1321.97530614918,8348.20812220403,998.875251369942,1063.38624679644,1180.88568809544,8215.51971209808,1231.28402385754,1076.23700133579,1103.65627438233,1316.46396792022,7938.90745170349,1352.62116964181,1083.82801133456,1276.61709943748,8224.08633183888,1004.15426373391,1112.2139994918,3998.93198757813,3657.22684256604,1240.68468816755,8089.84089705809,1149.32362654502,1050.41874761021,4438.41124617297,1117.85680259009,1270.54847772666
8394.70615485659,8663.23305844452,6780.00467441436,6800.9872060422,1031.76470260636,868.450302462973,6442.18460456595,6469.8287562508,980.605395502007,8975.96027122706,6675.47605217606,6333.34432679566,6180.60307890829,8691.4185302161,8963.06092756046,9478.44020837572,5895.4557570802,6423.68831155901,755.127647074099,6467.35440908612,6716.99316662801,8720.52995646727,6394.99612854128,8939.84323899182,8649.32773383545,1118.44636952313,8674.84000478253,6693.21115971346,1006.1217971053,8736.56290296794,8551.09990630161,862.466463566246,9004.38550966914,8048.92784470223,6218.87797770149,6570.1677655176,1096.10078993405,6266.0580380959,8022.17029317824,8852.48934635748,8339.05090975842,770.945732499506,8873.20282766495,8914.46945484632,6287.30720974619,8768.6653088799,8952.79802032679,6792.91335471939,7922.74721262951,1051.10843088266,6246.47022959769,1094.51643955601,1015.49282797719,8480.76014574226,919.412570979422,8850.32172838086,8850.35850583635,8555.32395338346,8788.85829484594,877.254835759568,993.859671048843,1313.10253797814,955.321354128707,5922.87455734173,849.878395340674,772.433940405147,896.452336030202,6804.98734036768,8728.60879576771,8639.80133754465,8230.00417674518,7756.95441223241,8400.78222928958,5085.14503753224,8512.89581409191,8062.29065550656,4748.60207937993,5700.4737395367,8549.08683724734,5035.98268020667,5321.53702476387,5251.20146262991,8006.67686312333,7589.65913483541,408.318274835307,5389.51251741109,7648.07481770225,8277.90485905898,1e+08,609.982060305472,4630.07516786482,8091.94485194239,7539.39985109574,8162.42120094877,5142.67105429356,5285.06664056928,8521.82249119454,305.433390037359,437.282463891018,538.802312558542,7615.62579429475,456.117704224613,7883.75196136079,298.786109293289,5175.87255931703,8317.94973056295,282.260434050408,7993.77795628241,8221.22429919583,8196.50134039249,8129.40040376509,7603.47400142127,560.510788030491,8837.10519947095,485.214514370476,8935.46826904897,5114.80587453474,87.9170017488271,7710.91819904464,173.967194292402,511.679403309486,7888.15459502428,8097.99398280471,417.958269478913,651.231813768493,8782.55651544661,43.2778444214084,7496.51609446459,7996.54583070195,229.252132063207,8223.00100718687,5352.44454345141,5357.06676162291,5547.33823566077,8205.30420477009,2404.87738335419,8904.95753762313,2371.87743866994,8929.70547959556,9217.91041602618,8832.58858101013,2399.98184045266,6851.33428746089,9097.50131604551,2574.20776084678,8830.67565399282,6725.33674707513,2464.91603548646,8638.30697422235,2581.77069122685,6750.40428606147,2634.30832878679,2448.25865292101,8484.86410080477,8343.5738451988,8651.1073509662,8642.34513252721,2429.93220599842,8662.69433450695,2425.29564846838,8944.06770951785,9090.27453507229,6780.66198431149,8915.86290188786,9841.96125423979,8973.03009508416,8831.59672451515,8834.55675733668,6879.94785257982,9009.20566447836,8625.55916490072,7011.36889872094,8653.24111684883,8872.38276715439,8826.37343784041,9660.6621821241,9135.98020819503,2640.01488150812,6975.23896874299,2428.49012617585,6706.31734223782,8860.51478139652,2504.44897813679,8612.66750878651,7348.50211134043,2550.40529427016,8662.39141337839,8598.76255331659,6987.27496084907,9044.74994142423,6722.01893009241,8903.88984345127,8811.78602549033,8224.33246388808,6823.27890931425,8703.72248658576,2515.23592982633,8537.90184411769,6751.16629595233,9121.22889565779,8120.54533481255,2534.94278850233,2487.83626117739,6833.05405895155,6860.17618078965,8704.1561201495,6943.65489237454,8948.80124228302,2536.83457105927,8905.50549365778,8971.01207148377,6824.76128176628,2454.44805434265,8661.44246898108,2492.2667165371,6513.45639672997,8734.16037946896,2587.00947868881,2666.37155464532,2360.43282502916,8888.10277156518,9242.12314583841,2492.45394115843,8389.37057339761,2460.1992633508,2506.91931179638,2415.23072009381,6720.42382754217,2574.82457154669,8764.98840636446,6907.63880713458,9655.79145480626,8624.33480370533,6849.68785877677,2488.79965557366,2608.8848660843,2584.08539811614,8836.83255887179,2500.55626134616,2620.90739519023,6956.11333061294,8620.22012066734,8967.9287242297,8917.62884731086,2549.84124497813,8789.521125722,8871.76469550463,9059.25976248565,9125.68867810994,8890.36347610677,9224.61656883351,9191.86402348912,7011.25822580756,6987.24455133485,6892.75186112464,8451.29547445275,8779.02325946396,8617.04938046262,8756.75267494979,8997.27717553825,6854.51582988401,9040.60989593364,6887.33864684059,7050.58681255985,8609.01667267174,6984.93648888337,2625.22083055965,6826.40821898131,8698.41949005641,9157.18514026192,2415.09400909361,2487.73672989901,6580.8981716876,9173.01476990934,2570.15123144914,7286.55350465982,2465.37899656027,2500.12265052166,8859.61660087782,8825.3840321432,8898.59984754284,9011.38815992361,9028.75417951961,6637.87932595617,6923.20430101163,2387.46378891701,8602.71077994026,8730.49181696966,8884.21901964145,8795.74479037616,8774.28905383986,8592.76695513643,6722.57359184837,8750.24438339748,8837.91222160683,5714.83270047639,2039.84463278768,2182.67689667666,5937.46097489284,2267.49513394423,8704.53204796552,8934.58433802778,2228.57016207448,8416.99194852472,8388.59131930329,2323.53847140304,5913.18130619048,2281.02695810996,8912.58906118356,8867.84408397498,8059.56775631062,8395.87573668025,5507.09426496072,8292.49151940458,7655.57693944033,5592.84128573682,2254.50086238845,8266.17662367,6125.20017498863,5488.07480301169,8876.00552776741,2095.13010332328,8217.04461018615,5818.03888086583,2125.88620813862,5815.5969368983,5744.5000033784,6005.94077422274,8175.86399379496,2156.84506520106,8621.19434253335,2147.07883513383,2321.87936327463,8032.66920038773,2227.02949457335,1986.71417929414,2083.94420653929,2041.60875135604,8786.74485236791,5716.0828588488,6024.73843583724,8048.53692402158,5849.74632929915,2357.49551850232,2128.95971273918,2174.00444771514,2152.34735663202,5781.49060640569,8358.78651050402,6065.14816305624,8500.15875607647,8250.77391282179,2040.9312868222,5420.61816363536,8243.09495274961,8094.30856620565,6094.02525917813,7755.66600671241,8889.97922264146,8650.26596863619,8612.63087568068,8199.61380090813,8916.13687621929,2254.37652338565,5754.99189472104,8064.68433342729,6072.50080937433,2175.16967289442,8536.75332057808,5856.05063339178,2135.42859489517,6192.71594387161,5832.2179954084,2245.07407621835,5866.55470280591,8178.79782396875,5312.75146003476,8325.44223960176,2533.91491236131,8199.63143770944,6126.91446421521,8763.75334833124,8233.86961013565,8285.28330645636,2190.13208663773,2175.47159793959,8823.8391222676,5901.7840496374,8338.5608304409,2164.30412522599,2227.51048571049,7888.83545598905,5686.13576041477,8796.29590229467,2096.78820484775,5618.96393450746,8089.68762614655,5729.79087451377,7730.23841838412,5396.44422127983,8498.86621318675,2087.25954707572,8185.40513720247,8319.26869990796,6020.19951936364,8279.62662608348,2247.39752402389,2244.22760486368,8430.90279202775,5970.23473872651,8830.17961808171,5856.28291731732,5397.47079491243,5796.35680701867,7858.38881288377,2240.47790627102,2231.61036522091,5934.2960750877,5788.26637480291,5817.0534460275,8295.25841479069,5683.18255282655,2054.18431796881,8652.93816937627,6006.09794391848,8941.99043533704,2081.4065030094,8282.35860390105,8352.16163593976,8772.53201503075,2111.68269326574,8819.63913680803,8230.45811066695,8568.4633886974,8783.72614794443,2254.13548995176,8832.2424014503,8189.12983895591,8877.83871122647,2196.81091654191,8421.14545869621,8352.39857241127,5636.59085480545,6024.26489640828,8745.87992870394,2129.19074055665,7779.60413588425,8413.97866110448,5299.05009642337,8165.62890418155,8893.17994207082
7784.72409455112,8053.25099813904,6170.0226141089,6191.00514573673,421.782642300882,258.468242157501,5832.20254426048,5859.84669594535,370.623335196533,8365.9782109216,6065.49399187058,5723.36226649019,5570.62101860282,8081.43646991063,8353.07886725497,8868.45814807027,5285.47369677474,5813.70625125355,145.145586768627,5857.37234878065,6107.01110632254,8110.54789616178,5785.0140682358,8329.86117868635,8039.34567352999,508.464309217663,8064.85794447707,6083.22909940798,396.139736799825,8126.58084266247,7941.11784599616,252.484403260774,8394.40344936364,7438.94578439675,5608.89591739601,5960.18570521211,486.118729628581,5656.07597779043,7412.18823287276,8242.50728605201,7729.06884945295,160.963672194033,8263.22076735949,8304.48739454084,5677.32514944071,8158.68324857442,8342.81596002131,6182.93129441391,7312.76515232405,441.126370577191,5636.48816929221,484.534379250534,405.510767671716,7870.77808543679,309.43051067395,8240.33966807538,8240.37644553088,7945.341893078,8178.87623454048,267.272775454096,383.877610743369,703.120477672664,345.339293823235,5312.89249703625,239.8963350352,162.451880099676,286.470275724731,6195.00528006221,8118.62673546223,8029.81927723918,7620.0221164397,7146.97235192693,7790.80016898409,4475.16297722676,7902.91375378644,7452.3085952011,4138.62001907446,5090.49167923123,7939.10477694185,4426.00061990121,4711.55496445839,4641.21940232444,7396.69480281786,6979.67707452995,201.663785470166,4779.53045710562,7038.09275739677,7667.9227987535,609.982060305472,1e+08,4020.09310755936,7481.96279163691,6929.41779079026,7552.43914064333,4532.68899398808,4675.0845802638,7911.84043088905,304.548670268114,172.699596414454,71.1797477469308,7005.64373398929,153.864356080859,7273.76990105531,311.195951012184,4565.89049901156,7707.96767025747,327.721626255065,7383.79589597691,7611.24223889034,7586.51928008704,7519.41834345962,6993.49194111582,49.4712722749819,8227.1231391655,124.767545934996,8325.48620874348,4504.82381422928,522.065058556646,7100.93613873917,436.014866013071,98.3026569959859,7278.17253471883,7488.01192249922,192.02379082656,41.249753463019,8172.57445514113,566.704215884065,6886.5340341591,7386.56377039647,380.729928242266,7613.0189468814,4742.46248314593,4747.08470131744,4937.3561753553,7595.32214446462,2225.81323409332,8300.23842342968,2178.95646092761,8324.4317381358,8612.55963731653,8228.12414339356,2246.055910534,6290.95989707778,8492.0381053504,2394.37856237563,8225.95518042803,6166.6223568552,2277.18372445163,8034.2990371093,2481.85270892714,6192.43433562355,2434.55546613178,2315.93094143711,7881.98349169449,7741.39024194827,8046.97154421448,8039.06451511336,2255.07411273356,8059.20764874096,2261.58849691628,8338.8599887767,8487.0906977727,6227.85814552464,8311.84126852689,9236.22555085286,8367.51392184965,8226.58220747746,8229.67896123443,6315.12628441362,8405.59326179276,8022.41971290018,6450.9981318981,8048.98388580918,8268.04934346885,8221.63309510414,9054.18024892048,8531.61131330868,2518.98375207961,6412.01613245369,2239.9331622203,6146.37382943477,8255.62165515371,2425.54664347718,8008.45602674275,6774.09874945183,2379.34532625201,8058.26333277348,7994.89758553839,6417.93628732905,8439.56684665822,6165.13382390944,8298.33393671811,8207.0725899112,7620.37658580248,6264.74288943151,8098.65373150375,2371.83032492092,7934.84848818461,6188.50273701364,8516.37631426286,7517.98325157858,2370.66676163499,2311.95783504964,6275.0987239702,6304.45946285326,8099.4054879853,6376.56141201859,8343.58472849578,2399.6914647447,8299.95684803076,8365.45556840433,6266.71862610081,2328.60605295132,8056.766756556,2299.73386335235,5964.55688164071,8130.60448044574,2482.71310874641,2480.85582207589,2204.88330432021,8282.72813114749,8637.15036657082,2318.10412851974,7785.785815973,2284.24196350206,2401.43076757041,2149.13227915472,6165.22985131511,2458.37716600915,8161.25510798563,6343.01245728696,9050.97991584835,8020.95423260048,6286.77079972867,2372.14530958378,2447.49619091383,2389.87747147706,8232.07625410859,2355.05975554625,2509.48819793562,6399.94352234932,8016.9559225693,8362.58506636647,8312.23462621331,2432.65204429983,8184.01972465214,8267.76920630548,8455.23973536785,8521.13539912985,8285.1806639225,8619.56573169153,8586.58084441102,6447.26254052542,6425.49603894021,6330.86151193709,7848.46977792745,8174.79632183098,8013.51017002951,8152.46638656754,8392.41965723966,6297.55972744646,8436.59948840985,6323.48078999294,6481.57155355579,8005.49680922605,6415.64610352224,2490.90748734828,6266.22651642634,8094.97106138137,8552.05907047549,2156.50598886844,2265.32841838977,6028.73746956156,8568.35194495865,2476.71022063702,6714.6357281041,2340.55227685775,2303.05528065913,8255.28388700701,8220.32919244412,8293.12357678936,8407.22868213006,8424.1613563203,6079.38285983318,6355.93580090139,2171.32093482345,7998.97639414087,8127.25728696884,8280.55114022089,8190.68784843376,8170.44537160794,7989.68845596818,6174.2353222436,8145.89594287235,8232.75875399418,5178.91205076371,2034.5097977618,2129.81807082524,5396.37048453494,2182.57500791787,8099.20036453317,8330.08691898508,2226.9964677748,7813.0037891807,7784.06022975741,2300.09656328304,5367.02578301097,2262.69292263013,8307.99428915838,8262.8251511176,7456.13166082336,7791.40090173534,4981.20983748097,7688.5743381798,7051.93914746435,5063.45361706148,2245.0014853305,7662.03422302804,5575.50327215416,4956.46726147262,8270.21606104646,2056.94761419096,7613.10822838913,5270.49414397024,2104.2434202802,5265.67409631876,5205.30023184993,5455.38682058004,7571.54653225438,2103.55873201476,8016.19707829103,2086.88451655542,2282.64583371393,7428.41026064732,2193.60008542516,2022.56970619696,2081.99452763857,2049.04133004247,8182.25619475252,5171.11549148809,5475.34110766822,7443.9921757051,5306.11744310133,2329.15841492805,2073.62560949746,2136.36114482597,2133.66935820079,5233.91414522053,7754.24806736633,5516.34080465749,7895.3718104403,7645.86062992591,1979.1744367961,4889.38939632427,7638.05916873296,7490.46662061221,5539.13996508381,7151.68491459195,8285.59546622509,8045.12748001296,8008.38122931473,7595.51488018071,8311.40471016158,2158.83496719071,5213.3399641564,7460.46099281128,5519.50098738055,2128.58444140093,7932.53431339422,5308.85965053577,2102.52637200473,5637.06801886546,5293.57789897867,2211.89963959312,5320.12640359196,7574.60109009032,4795.34109212165,7721.90579348212,2570.76357226525,7595.08848167774,5573.28821299525,8158.7859633989,7629.11075141216,7680.96815420569,2158.63113708483,2158.53025413233,8219.87207310614,5359.85366855516,7733.22616306729,2225.04240539661,2343.46179747715,7284.75475020595,5148.27746877947,8191.75744191394,2036.21271505174,5076.90323652641,7485.64408222266,5194.57346580454,7126.06756957509,4851.30907216075,7894.31203424597,2060.75867539941,7581.30891967833,7715.55438477825,5469.72499671979,7674.17870701279,2223.01150981715,2181.62763339745,7826.74988445246,5420.84130938728,8224.81098635942,5318.52242548769,4862.95222869655,5256.80130121822,7254.71462651653,2203.2876966611,2154.44482101439,5383.14889353337,5254.57517787126,5277.98123627244,7690.88507641539,5142.5339710782,2042.40944330532,8048.69902339374,5458.2871376381,8337.78417442943,2114.52780765193,7677.16631798879,7747.53276280804,8167.73841261786,2104.01315377167,8215.14206076942,7626.06327708444,7963.72778100937,8180.40010790678,2161.87198041829,8229.07892028534,7584.81775262569,8273.51345241029,2185.63412027587,7815.82133899234,7748.27451945006,5092.25755379086,5470.44830627115,8141.87473501692,2084.38126153193,7175.13215665554,7809.11674512925,4773.37397358226,7561.67647448777,8288.6926346919
3764.63098699176,4033.1578905797,2149.92950654954,2170.91203817737,3598.31046525848,3761.62486540185,1812.10943670112,1839.75358838598,3649.46977236282,4345.88510336224,2045.40088431123,1703.26915893083,1550.52791104347,4061.34336235128,4332.98575969562,4848.36504051091,1265.38058921538,1793.61314369419,3874.94752079073,1837.27924122129,2086.91799876318,4090.45478860243,1764.92096067645,4309.76807112699,4019.25256597061,3511.62879834169,4044.76483691772,2063.13599184862,3623.95337075954,4106.48773510312,3921.02473843678,3767.60870429858,4374.31034180431,3418.85267683739,1588.80280983666,1940.09259765276,3533.97437793077,1635.98287023107,3392.09512531341,4222.41417849265,3708.97574189361,3859.12943536533,4243.12765980013,4284.39428698148,1657.23204188135,4138.59014101507,4322.72285246196,2162.83818685456,3292.67204476468,3578.96673698217,1616.39506173285,3535.55872830882,3614.58233988764,3850.68497787742,3710.66259688541,4220.24656051603,4220.28333797152,3925.24878551863,4158.78312698111,3752.82033210526,3636.21549681599,3316.9726298867,3674.75381373613,1292.79938947689,3780.19677252416,3857.64122745969,3733.62283183462,2174.91217250285,4098.53362790286,4009.72616967982,3599.92900888033,3126.87924436758,3770.70706142474,455.069869667411,3882.82064622709,3432.21548764174,118.526911515098,1070.39857167187,3919.0116693825,405.907512341851,691.461856899038,621.126294765086,3376.60169525851,2959.58396697059,4221.75689302953,759.437349546258,3017.99964983743,3647.82969119415,4630.07516786482,4020.09310755936,1e+08,3461.86968407755,2909.3246832309,3532.34603308396,512.595886428721,654.991472704452,3891.74732332971,4324.64177782748,4192.79270397382,4091.27285530629,2985.55062642993,4173.95746364021,3253.67679349596,4331.28905857154,545.79739145221,3687.87456269811,4347.81473381443,3363.70278841756,3591.149131331,3566.42617252767,3499.32523590025,2973.39883355645,4069.56437983434,4207.03003160613,4144.86065349436,4305.39310118413,484.730706669916,4542.158166116,3080.84303117982,4456.10797357243,4118.39576455534,3258.07942715947,3467.91881493987,4212.11689838591,3978.84335409634,4152.48134758177,4586.79732344342,2866.44092659976,3366.47066283712,4400.82303580162,3592.92583932205,722.369375586573,726.991593758076,917.263067795946,3575.22903690526,4254.73713126207,4351.73210352491,4192.2591992982,4368.25579316129,4653.34263745125,4283.70184004023,4352.5768664921,3106.92827453959,4532.14094805724,4296.25201669334,4278.07115669032,3028.13890326335,4234.58708412329,4098.08593203596,4630.17029469888,3060.1941691933,4226.98115123044,4452.18884924346,3963.42656176081,3834.85367131158,4108.84728124979,4112.88482133615,4277.81160446201,4129.93785443616,4321.03834295716,4383.46367217769,4557.29404391058,3163.24778187532,4372.62013318585,5268.68333211223,4407.76543718677,4274.69089030226,4279.62247800051,3062.02314206274,4470.93717205075,4098.40067761285,3241.9819865184,4109.15351734993,4325.03571330331,4273.51658166163,5078.17005749184,4585.84236801951,4565.46837376433,3167.77279272838,4222.46925803773,2993.45690828678,4305.13792650376,4683.26587431175,4069.68744709387,3322.50949846362,4326.30930298242,4120.12707459238,4061.11208620823,3082.81865932466,4483.75154982594,3053.57715152911,4338.54094390915,4259.45091720712,3689.92538220186,3111.72595802243,4147.10617538318,4429.45450558093,4013.14968896678,2987.89234742518,4564.36616570621,3609.68294495747,4349.97389506895,4288.92803774647,3128.6995839113,3185.06404859743,4152.24877041198,3080.65248788996,4388.03445074731,4462.06315075109,4340.25040577583,4405.18027867556,3120.48635819073,4479.82714289045,4111.04946430088,4221.56234106472,3008.27361834075,4199.57005938561,4614.37332067814,4298.22701674884,4335.28620511374,4325.50299400883,4682.69332928659,4296.43431412401,3858.51370865477,4281.26276665444,4579.06141374782,3902.23877025975,3078.08953768225,4560.06927324164,4227.4589125022,3088.54935744985,5095.88726378718,4093.60696480622,3066.22429993258,4528.05205101678,4384.6816731924,4237.75016868693,4283.65148360908,4416.28891853819,4598.21342387972,3258.33493962285,4091.27308626843,4405.18641090312,4354.52500153233,4547.85301961223,4225.81629238451,4329.32460855187,4514.71903827963,4573.0276348157,4330.53334690717,4664.21434207739,4628.41911736176,3186.68235241475,3200.55592127382,3118.3639584502,3931.15768852588,4234.11616158781,4084.0472581463,4211.19287857148,4441.30035738668,3161.68542008982,4496.37325567987,3083.32130662338,3142.7921904861,4076.39788659832,3081.56000523915,4504.35233176734,3089.08531282344,4165.81552540144,4596.19342941478,3933.54891184205,4096.10521070724,3012.02287392126,4618.44043674607,4651.82207506297,3305.44445423623,4487.51759112826,4204.65832666013,4312.39783870974,4267.94034303112,4334.44565050211,4465.28657847844,4476.31231508997,2960.20709926086,3060.39324078034,4102.92782676777,4066.96557028462,4200.66444894239,4346.39798057652,4238.51663760573,4235.04436246623,4066.92864489291,3182.39724004657,4203.83442471007,4278.92525420099,2637.77541030683,4754.92502523666,4652.64751491513,2704.99470032212,4570.16516645289,4144.00986409023,4384.30773718092,4850.42635825444,3879.61323263925,3843.22250586005,4815.54285165614,2610.71431459846,4814.98617849902,4361.09738491477,4310.57580727603,3535.8228154197,3851.28889308972,2659.87399457427,3757.77986127463,3135.68893975354,2659.46917077619,4834.42553467818,3728.30116349351,2703.78599512617,2566.47008209089,4307.45547516812,4668.99659849141,3683.0422415647,2525.34542499029,4736.85555663149,2485.78246405838,2607.15459211976,2605.36675876525,3636.41105674767,4641.34747639776,4066.38213889499,4613.97434165342,4757.43816235526,3496.11194096447,4738.27767645298,4863.28492038565,4784.82024291497,4797.11184339869,4237.92836492654,2500.23288913919,2636.87396250172,3507.15167340243,2607.50418521805,4812.8008024472,4623.92232812856,4701.91660246975,4757.97016321876,2500.9409858532,3813.6428533412,2674.7005682355,3949.68701817417,3701.02787851831,4571.02229920096,2534.44610391143,3691.51249218439,3563.54280167502,2598.68884289222,3228.09063147966,4341.74165301406,4093.08161887993,4069.08110829439,3663.29284221575,4362.62814821974,4527.14538246447,2576.4132332721,3528.24405245474,2613.53818104413,4671.49488486208,3994.4826715451,2556.1038618191,4702.65689915303,2658.78914919784,2672.0200329979,4746.72268921344,2575.09985498608,3641.21327897566,2672.08719184392,3796.18475134615,5144.10704777793,3656.31544529611,2642.83642966946,4208.11306768238,3686.7419810584,3744.47489426177,4729.71315310593,4773.74964877069,4282.28571582247,2668.20614356613,3781.30901203589,5032.01609744827,5253.39741595352,3357.36282570328,2590.88640618456,4246.66130383716,4594.5081164248,2485.50956504369,3555.77024061485,2657.59398984008,3199.90912386374,2308.94703216566,3951.93851030722,4704.8475525438,3649.31797708346,3787.34625635356,2616.64575818252,3721.19681201952,4778.77033684879,4641.86127103181,3890.8406914972,2598.89169890887,4268.10886308469,2700.96397958289,2473.2025278268,2634.93035369231,3334.12930029314,4730.6058861555,4585.23632139996,2546.13497831256,2717.15584987884,2655.63790468221,3753.42223963406,2546.63229298111,4739.92235776058,4109.12259990731,2648.72739856529,4395.84327204746,4899.02807760465,3727.89954974308,3805.69674402397,4219.37023602417,4777.77325760092,4270.39501056209,3689.08682213257,4018.0811267958,4251.94898874583,4538.92170544641,4302.2869651905,3649.58858578695,4330.55985333942,4802.86533284727,3863.25302205623,3813.72379957742,2460.7685238465,2565.96833306616,4204.56063816244,4659.78944261889,3243.37670057429,3863.2527261855,2550.05520565339,3632.08335260126,4343.41367828264
302.761302914199,571.288206502144,1311.94017752801,1290.95764590018,7060.18014933602,7223.49454947941,1649.76024737643,1622.11609569157,7111.33945644038,884.015419284683,1416.46879976632,1758.60052514672,1911.34177303408,599.473678273729,871.11607561807,1386.49535643335,2196.48909486217,1668.25654038337,7336.81720486827,1624.59044285626,1374.95168531437,628.585104524887,1696.9487234011,847.898387049439,557.382881893069,6973.49848241924,582.895152840158,1398.73369222893,7085.82305483709,644.618051025562,459.155054359235,7229.47838837614,912.440657726744,43.0170072401594,1873.06687424089,1521.77708642479,6995.84406200833,1825.88681384648,69.7745587641469,760.544494415096,247.106057816049,7320.99911944287,781.257975722578,822.524602903937,1804.63764219619,676.720456937519,860.853168384405,1299.03149722299,169.197639312868,7040.83642105972,1845.4746223447,6997.42841238637,7076.4520239652,388.815293799866,7172.53228096296,758.376876438479,758.413653893973,463.379101441075,696.913442903567,7214.69001618282,7098.08518089353,6778.84231396425,7136.62349781368,2169.07029460066,7242.0664566017,7319.51091153723,7195.49251591218,1286.9575115747,636.663943825318,547.856485602269,138.059324802788,334.99043970997,308.83737734719,3006.79981441014,420.950962149537,29.6541964358121,3343.34277256245,2391.47111240568,457.141985304946,3055.9621717357,2770.40782717851,2840.74338931247,85.2679888190442,502.285717106963,7683.62657710708,2702.43233453129,443.870034240123,185.960007116601,8091.94485194239,7481.96279163691,3461.86968407755,1e+08,552.545000846653,70.4763490064066,2949.27379764883,2806.8782113731,429.877639252154,7786.51146190501,7654.66238805135,7553.14253938383,476.319057647622,7635.82714771776,208.192890581596,7793.15874264909,2916.07229262534,226.004878620553,7809.68441789196,98.1668956599852,129.279447253448,104.556488450122,37.4555518227056,488.470850521096,7531.43406391188,745.160347528578,7606.73033757191,843.523417106588,2977.13897740764,8004.02785019354,381.026652897731,7917.97765764997,7580.2654486329,203.790256918085,6.04913086231735,7673.98658246346,7440.71303817388,690.611663504213,8048.66700752097,595.428757477799,95.3990212404348,7862.69271987918,131.056155244499,2739.50030849098,2734.87809031948,2544.6066162816,113.359352827704,7438.22068142958,1348.93560178688,7383.94485704165,1319.634863003,1525.05433369456,1323.88904649018,7537.67278302504,3128.3369789832,1424.43273708614,7437.55061097473,1301.41914265374,3196.98582327626,7403.34783688126,1253.59724026757,7778.00365473271,3210.79901628929,7351.95536682025,7627.2104316272,1280.15304972801,1290.06038694131,1249.15398185884,1315.94008822443,7455.2429681769,1309.2241318565,7499.80645797267,1334.95597683904,1589.60839767439,3335.26462590576,1411.6687731289,2025.56203404171,1329.47163472471,1277.10662780033,1290.59345863659,3001.42999708442,1503.78151097192,1319.30441756778,3102.62410310074,1239.82928196264,1359.32987827481,1297.08102925782,1817.00945103529,1536.287684849,7696.10973131226,3028.66297642914,7400.25184735873,3169.65859762621,1305.76271953701,7852.10972889352,1223.45133339014,2632.57039458824,7474.04255219175,1255.60120389906,1246.56202920231,2849.40338427263,1407.87050665786,3244.14234390441,1278.08368206641,1290.36252024154,1111.49886390755,3182.05660144126,1195.6925011588,7587.67976596322,1287.20977051634,3088.25091249576,1489.33026153213,1216.59979098952,7501.92922367771,7452.12529364927,3195.43314130354,3248.85557084963,1224.18478069379,2924.05788253423,1337.47899303606,7615.64337942923,1279.80969798638,1324.67069509348,3194.64794092318,7653.95946830116,1207.57585411764,7383.47452406473,3479.71975302717,1340.94703648836,7760.27506829169,7415.23402347817,7529.59111580361,1283.00059147799,1571.78163274599,7458.52564980133,1187.18709530287,7451.28220913788,7743.35463461567,7089.75594516506,3286.81803860175,7707.02146382998,1343.69965916798,3001.37602833863,1920.13067217101,1299.1240830085,3060.10011876325,7695.15014337637,7518.27055266071,7376.07749011917,1302.2518278894,7577.88900362428,7734.96520885536,3223.21414274602,1306.6718048426,1340.22505401231,1301.25639553139,7700.6136988874,1207.99845984919,1385.94659986211,1507.54870477009,1515.11633775633,1300.82242993444,1552.53167354392,1509.97160928643,3001.02105108177,3067.95333842782,3079.81982002543,1272.26136250609,1311.44015427744,1282.58100221151,1293.64981515619,1400.12043508698,3217.72998713315,1495.38405061213,3026.75558533983,2847.30007571442,1280.38225119806,2851.31012400588,7636.72574081707,3138.18229577432,1330.60046093052,1495.41080889002,7119.96567235864,7260.08459258332,3389.33713731641,1541.93916586058,7803.41823421832,2722.24636525637,7659.20438504236,7364.60696487522,1351.39058710243,1269.73866507091,1281.34171573735,1464.13884755775,1442.83142136663,3222.35869887952,2923.13419668536,7291.92031475069,1259.47929756982,1364.59168145733,1419.28825124683,1251.12192949251,1340.05520957692,1309.04932689409,3452.94621573593,1284.71883186047,1269.19855547879,3969.17485559492,8025.973416222,7892.00275523421,3800.31580620253,7789.22229861839,1172.29551205063,1386.29450703082,8088.08623462969,1160.89214298356,1101.52855095139,8031.47653778412,3712.36416523422,8040.00027239106,1364.02645505748,1299.90203918657,1138.16962019264,1109.24405987143,4207.37337813492,1130.00603282106,1173.41267045828,4121.47841037781,8065.94000974093,1103.1917844579,3568.99505780309,4123.73552981541,1238.73750043488,7926.54231905994,1111.90197708704,3721.54290551201,7990.52613353197,3677.58532002539,3901.21413156486,3592.5258698085,1069.83987650189,7885.68165288764,1157.5665530967,7859.55661274692,7971.08841191911,1063.50434550689,7971.37834254739,8148.47832341712,8048.52192044827,8069.39485021419,1294.18199464308,3809.01295934656,3609.12953532246,1037.00177459123,3782.89378041727,8021.19848848387,7873.44715383707,7944.64931809772,8007.13683961685,3735.30210671018,1091.21360235468,3607.17009309775,1120.06375944101,1026.22029167746,7836.80577682357,4155.70761462175,1012.36845842395,1104.42843268812,3471.10954470709,1118.60163378738,1366.4280588293,1159.86113759306,1220.11490093451,1093.94567948372,1355.21695825902,7748.05480928032,3853.66929693165,1067.79154552852,3518.47601030161,7912.98300842799,1187.57279868569,3713.657380151,7953.23310770548,3419.67671445478,3880.55064509527,7976.37309739118,3724.18254360637,1081.55510218353,4403.18259248148,1172.39894611277,8334.24701643263,1052.25619600174,3486.0426780523,1239.55799236194,1037.79956892416,1091.70056362199,7970.13265713054,8018.86999020775,1359.03951394349,3796.41224350821,1007.00864633653,8292.43887826822,8516.83520773221,1086.9172559629,3945.94698804322,1295.69989226825,7849.77236282474,3899.1514743946,1085.80360138574,3976.14960145146,1108.64421910346,3944.18879227211,1141.07988747166,7965.04971684953,1091.87237296028,1155.07885319919,3589.00642231222,978.84899435583,8009.25968155463,7867.95818460266,1151.04653243025,3628.64684427468,1245.56981704881,3888.46413526178,4113.53161494043,3876.39885558284,1126.12688273021,7960.58996596401,7812.41635143412,3607.29550325081,3983.17284009711,3877.91462290803,1088.75776860752,3898.49371946943,8007.70873492927,1241.23028770604,3647.3265893929,1414.15489680788,8168.20088442583,1005.7711756458,1080.60636207716,1259.84255472616,8035.78969083069,1313.26250110984,1072.03121440632,1155.52420716972,1386.57791884374,7760.13904877663,1426.93259174648,1072.39699077735,1363.4271102182,8044.86317615504,1036.33499584736,1127.67117737187,3852.42312168849,3519.28112867244,1310.82757143485,7910.27059632208,1070.56126935622,1078.98016285411,4287.53771211999,1102.10643266576,1360.12773963275
855.306303760852,1123.8332073488,759.395176681357,738.412645053522,6507.63514848937,6670.94954863276,1097.21524652977,1069.57109484492,6558.79445559372,1436.56042013134,863.923798919666,1206.05552430007,1358.79677218743,1152.01867912038,1423.66107646472,1939.04035728,1643.94409401552,1115.71153953671,6784.27220402162,1072.04544200961,822.406684467721,1181.13010537154,1144.40372255445,1400.44338789609,1109.92788273972,6420.95348157258,1135.44015368681,846.188691382273,6533.27805399043,1197.16305187222,1011.70005520589,6676.93338752947,1464.9856585734,509.527993606495,1320.52187339423,969.23208557814,6443.29906116168,1273.34181299982,482.770442082507,1313.08949526175,799.651058662703,6768.45411859623,1333.80297656923,1375.06960375059,1252.09264134954,1229.26545778417,1413.39816923106,746.486496376342,383.347361533784,6488.29142021307,1292.92962149805,6444.88341153972,6523.90702311853,941.360294646521,6619.9872801163,1310.92187728513,1310.95865474063,1015.92410228773,1249.45844375022,6662.14501533616,6545.54018004688,6226.29731311758,6584.07849696701,1616.52529375401,6689.52145575506,6766.96591069058,6642.94751506552,734.412510728051,1189.20894467197,1100.40148644892,690.604325649442,217.554561136683,861.382378193845,2454.25481356348,973.495962996189,522.89080441084,2790.7977717158,1838.92611155903,1009.6869861516,2503.41717088905,2217.86282633186,2288.19838846581,467.27701202761,50.2592837396901,7131.08157626041,2149.88733368464,108.674966606531,738.505007963254,7539.39985109574,6929.41779079026,2909.3246832309,552.545000846653,1e+08,623.02134985306,2396.72879680217,2254.33321052645,982.422640098808,7233.96646105836,7102.11738720472,7000.59753853718,76.2259431990307,7083.28214687112,344.352110265057,7240.61374180243,2363.52729177868,778.549879467207,7257.13941704533,454.378105186669,681.824448100103,657.101489296775,590.000552669359,64.0741503255572,6978.88906306523,1297.70534837523,7054.18533672525,1396.06841795324,2424.59397656098,7451.48284934689,171.518347948922,7365.43265680332,7027.72044778625,348.754743928568,558.594131708971,7121.44158161681,6888.16803732723,1243.15666435087,7496.12200667431,42.8837566311455,457.145979606219,7310.14771903252,683.601156091152,2186.95530764432,2182.33308947282,1992.06161543495,665.904353674358,6912.18204273493,1715.887461817,6856.96321946233,1703.39547456834,1950.16582440479,1671.59929807016,7011.7286290205,2856.16060963726,1837.40082401572,6915.67377790653,1654.38044588422,2906.10078790972,6878.66255375934,1547.14802986197,7256.42254328905,2924.20181027069,6831.43089989935,7102.49474190842,1508.95617105712,1462.29854350236,1548.68261653371,1596.14716946236,6929.84427503356,1598.53205062131,6974.39218357498,1719.58689428945,1957.27318546534,3055.82034825492,1766.03969305346,2504.21544407749,1725.91945716495,1636.97152491992,1647.88104788751,2731.24332402701,1866.37584888436,1592.5306037687,2856.547742029,1542.50279389406,1712.00340150013,1649.63168485082,2298.47793583325,1931.9698273353,7176.0526034395,2775.40033993343,6874.67271964584,2875.04354395417,1668.40401276171,7328.57480461095,1514.559655512,2445.13184297945,6951.63370061994,1557.82032182773,1526.67447649908,2594.72014014523,1807.48071545347,2953.87474348722,1664.19698028996,1639.36542164985,1266.44124637354,2906.42413055902,1529.37538078507,7064.54148286149,1534.75676820218,2798.64834040599,1892.54950882563,1309.96786085833,6979.18008590126,6928.12263093078,2921.6262823209,2980.2720564535,1550.40134623686,2663.20534697808,1723.09159220924,7093.04639618834,1666.02216470265,1721.75870709123,2919.50190899537,7129.40031948046,1521.66496134114,6859.4066326568,3164.28742472874,1648.79677196493,7238.8435211247,6895.70112821491,7002.71581867985,1661.95808670971,1992.10765636125,6934.64999028266,1397.57018279822,6926.6036885462,7220.01261955326,6562.3825108693,2997.26436318111,7185.3403332598,1662.00253643168,2735.95655043998,2373.95027278078,1576.54018454032,2786.15653665335,7171.4024236159,6997.40064574932,6854.30992459033,1657.23333457864,7054.38693645742,7214.39583484129,2969.49650692611,1580.80950379556,1731.84771511381,1685.81130347089,7178.32754299368,1571.31638978321,1731.55639565565,1885.65212868956,1912.97755800085,1675.63517780746,1972.40500146176,1930.73914117065,2753.53516366935,2817.35248399334,2813.51887305259,1489.75185911442,1642.94275188504,1561.12421403842,1621.54655989712,1785.56024310944,2947.74290959161,1870.45420787223,2758.41996719614,2604.24587006841,1556.4092627056,2596.24133967473,7116.32354665118,2862.14194219935,1627.9534806524,1908.80345415155,6592.78232834543,6735.46064713723,3081.32541152586,1948.0802455112,7281.52016528844,2522.73094939934,7134.90385967656,6840.67815776254,1701.60121991824,1629.32548907049,1664.59914078332,1837.50430706791,1827.59505220208,2918.45398017602,2658.62114362974,6764.96042049842,1538.0290100574,1665.4606525168,1760.8328107935,1604.77820739997,1662.61189676052,1572.41394489056,3166.82448294282,1612.50674939638,1633.5648876049,3569.70848697399,7492.39345930037,7361.40051563683,3420.17396840274,7260.4629243656,1512.72295606171,1753.72949182567,7558.00976247115,1388.2989289058,1330.28133258422,7503.52033799451,3326.00491409924,7511.13081619254,1729.65312720385,1666.79819790347,1215.14268621222,1339.36163944618,3794.50722146651,1311.25744608386,1057.80934887123,3714.39363699819,7536.45322181212,1278.22131229189,3203.74048982411,3706.0476287862,1625.86366982533,7394.16681265451,1263.53735265301,3324.10436217136,7458.65002295696,3277.90957245959,3502.52461413585,3212.81396448458,1210.34219438467,7354.5659858369,1468.93300258097,7328.26812455723,7443.24612656017,1137.47579034027,7441.55613622565,7613.63916974286,7515.72243413496,7535.75565163866,1632.98036842793,3403.39396165867,3232.49512422394,1122.23331730488,3391.73959372804,7493.99408017865,7341.78728537106,7413.8014529003,7475.74596225602,3334.11396428661,1309.38575062307,3235.61587407561,1391.64513267453,1209.86194786618,7303.45380850562,3732.44926244529,1195.32734486451,1201.82827726529,3097.7206426567,1052.25379745176,1723.46299643863,1482.22950613411,1512.03563730655,1241.00070397354,1724.44183446037,7219.02463571599,3454.32900692071,1156.52711481999,3144.27361345092,7382.20387101178,1457.53103250854,3320.4433050927,7421.60672715411,3057.52522450034,3491.01717794048,7446.91103729683,3332.67021628634,1221.34665191053,3978.14031222888,1359.31122588199,7809.56502235849,1206.95403218922,3117.7101794393,1584.33560677893,1211.20018921525,1277.4756880666,7439.56495076014,7487.91073507282,1694.5684314795,3411.9083387491,1235.64329769527,7760.35218545905,7984.7604629552,1088.2962217132,3542.48229485043,1637.60645154874,7317.49490167747,3486.44230927892,1183.7556248965,3578.56685552969,1029.410962455,3509.56264801673,1406.9298074326,7432.47020901625,1232.86793165626,1342.81456196713,3210.97079949793,1186.52284605224,7479.77353733431,7338.64818821348,1386.42317582939,3245.92039133361,1613.64246205203,3501.95514394621,3686.343709703,3482.63113930901,1110.17913944541,7431.06430619265,7282.88771299783,3219.13619309514,3592.24364211276,3486.55751248526,1279.55430011948,3492.85869537989,7474.43075773175,1543.43626245101,3269.85630487802,1776.87973239286,7635.02705733549,1208.59752741872,1298.2555853063,1602.45703211438,7503.5474998781,1659.07363017111,1237.11838968453,1446.19111809042,1701.11176390735,7231.10299994629,1748.69261089103,1218.5467258893,1716.96316411143,7514.26737450586,1295.0509397837,1335.1303919491,3439.67187474578,3138.77247460366,1630.36896318565,7378.57923488599,1017.17484967816,1323.9964316062,3857.36467049444,1232.39735194906,1719.943639723
232.284953907792,500.811857495738,1382.41652653441,1361.43399490658,7130.65649834242,7293.97089848581,1720.23659638283,1692.59244469798,7181.81580544679,813.539070278275,1486.94514877273,1829.07687415312,1981.81812204049,528.997329267321,800.639726611665,1316.01900742694,2266.96544386858,1738.73288938977,7407.2935538747,1695.06679186267,1445.42803432078,558.10875551848,1767.4250724075,777.422038043031,486.906532886662,7043.97483142566,512.418803833751,1469.21004123533,7156.29940384349,574.141702019156,388.678705352829,7299.95473738253,841.964308720339,113.493356246566,1943.54322324729,1592.2534354312,7066.32041101473,1896.36316285288,140.250907770553,690.068145408691,176.629708809643,7391.47546844929,710.781626716171,752.04825389753,1875.1139912026,606.244107931114,790.376819377999,1369.5078462294,239.673988319275,7111.31277006613,1915.95097135111,7067.90476139277,7146.92837297161,318.33894479346,7243.00862996936,687.900527432073,687.937304887568,392.902752434669,626.437093897161,7285.16636518922,7168.56152989995,6849.31866297064,7207.09984682008,2239.54664360706,7312.54280560813,7389.98726054365,7265.96886491859,1357.43386058111,566.187594818911,477.380136595863,67.5829757963811,405.466788716377,238.361028340784,3077.27616341655,350.47461314313,100.130545442219,3413.81912156886,2461.94746141209,386.665636298539,3126.43852074211,2840.88417618492,2911.21973831887,155.744337825451,572.76206611337,7754.10292611349,2772.90868353769,514.34638324653,115.483658110195,8162.42120094877,7552.43914064333,3532.34603308396,70.4763490064066,623.02134985306,1e+08,3019.75014665523,2877.35456037951,359.401290245748,7856.98781091142,7725.13873705776,7623.61888839024,546.795406654028,7706.30349672417,278.669239588002,7863.63509165551,2986.54864163175,155.528529614146,7880.16076689839,168.643244666392,58.8030982470419,34.0801394437151,33.020797183701,558.947199527502,7601.91041291831,674.683998522171,7677.20668657832,773.047068100181,3047.61532641404,8074.50419919997,451.503001904138,7988.4540066564,7650.74179763929,274.266605924492,64.4272181440892,7744.46293146988,7511.18938718029,620.135314497809,8119.14335652737,665.905106484206,165.875370246841,7933.16906888558,60.5798062380929,2809.97665749739,2805.35443932588,2615.08296528801,42.8830038212975,7505.59009079202,1311.5216097134,7451.42695259976,1279.59866653709,1476.91038248465,1289.86072399559,7605.02749929874,3168.30501353367,1378.80552629685,7504.43102164408,1266.70074220546,3238.99108373484,7470.55960021796,1229.04386282503,7844.83547376624,3252.2921174106,7418.68059959411,7694.4173701385,1265.42643931531,1283.62697830654,1223.68463990487,1292.87606327226,7522.53656848822,1284.78694664552,7567.10024265618,1294.66693886871,1550.62298468356,3375.75089615903,1375.89465396818,1967.29757693492,1287.20746594797,1241.43168891174,1255.24059306484,3041.38937274214,1466.08413795636,1297.30338332543,3139.62152606426,1213.94866270586,1324.20849739677,1262.46647957122,1758.60652493588,1493.00021505028,7762.76509716199,3066.62649881996,7467.56869482152,3212.13171454833,1269.39208640663,7919.16934988444,1199.61569661034,2663.78123317771,7540.983992471,1229.63080736985,1224.2316346635,2887.88114690339,1364.59593124616,3286.00645624047,1237.94349419044,1256.39458128285,1110.10968400925,3222.3349296684,1165.16427547214,7654.70249008486,1269.53365918145,3130.28028253701,1445.01994160981,1222.26613651225,7568.90954817232,7519.25496498124,3235.48010181484,3288.21605884825,1194.60887388774,2963.09276347848,1297.00660917319,7682.601280799,1239.63982993999,1282.32799483412,3234.85034243025,7721.14700004743,1180.17366392864,7450.61456272835,3524.15463337634,1313.26026407399,7827.08993506599,7481.83988324218,7597.05560332426,1244.04691552144,1524.25015414933,7525.64014440223,1176.41910409667,7518.4913360472,7810.39545763804,7157.29480826276,3328.53810077493,7773.86785819736,1314.30904575069,3040.78893375434,1866.07910463556,1276.66715938836,3100.38639315318,7762.24057258201,7585.02913055333,7442.9476740055,1267.18992354258,7644.95492531162,7801.67938739361,3260.89283023289,1284.6540937214,1298.71420295892,1261.21467748429,7767.53166601102,1172.33662312288,1351.7878248887,1467.29987998008,1471.57110448925,1262.4389935323,1505.15364288829,1462.6227746339,3038.36908781633,3105.53741660003,3119.19435147494,1259.34002921318,1280.18134322781,1260.11575081397,1263.13756628438,1359.27556857963,3257.30129233311,1455.69952534549,3066.45725783815,2884.44632553163,1258.33717653246,2889.82811503706,7703.42425455465,3178.57817184389,1304.68267535985,1449.36727880619,7187.48114825866,7327.29481256734,3433.03422386385,1496.89415852653,7870.28647282402,2754.63378307169,7726.36126494157,7431.73142583338,1316.73500062199,1234.17160360967,1241.66647179043,1424.91374113187,1401.84560818109,3265.81350927633,2962.59018243068,7359.40319112702,1237.25693945336,1337.81134526681,1385.55046623094,1216.71252069615,1310.00821772593,1288.6911559712,3494.04215775236,1254.30496618796,1232.82966952552,4022.73213459486,8094.21379755714,7959.89504844433,3851.80545202796,7856.90021979579,1140.87629485917,1348.54029278899,8155.91122343218,1147.88434920186,1089.183298589,8099.05251266978,3764.62533150216,8107.6839203545,1326.72610235779,1262.86207649932,1147.27241155173,1096.56791487373,4262.30947899323,1124.44825598087,1205.69690672063,4175.8059478729,8133.69589489469,1098.98856908095,3618.99989757363,4179.26293778856,1198.72110564197,7994.64290199277,1110.98658183311,3775.04344344115,8058.56620057024,3731.36970619682,3954.72844576969,3644.13841091055,1071.26223284234,7953.63467355969,1131.17586983757,7927.53070238729,8038.65270555116,1074.32937867817,8039.17642508154,8216.86480806487,8116.66962117313,8137.64125243905,1261.87284159236,3863.37030267746,3660.38118620969,1046.80826770677,3835.64134254177,8088.68592805921,7941.4646712743,8012.56918908297,8075.11920030662,3789.21352369799,1080.67228392765,3657.85078487984,1100.65704557204,1022.0861358349,7905.023671068,4211.84807572603,1008.60251835694,1111.3142263389,3522.12319992195,1146.10161467303,1330.53462901514,1131.61371517698,1196.18540174772,1093.99708121066,1317.37900757977,7815.76587392095,3907.28939416765,1076.52774988515,3569.53611304674,7980.89560796355,1167.54404409645,3766.68913792743,8021.24463364654,3469.48000412997,3933.04384673786,8044.12851873784,3777.01481584041,1082.87047604807,4459.40652019452,1165.36284913431,8401.42638094098,1051.93810546279,3536.47396590232,1206.74313947563,1034.9855399758,1086.08466861087,8038.01878660753,8086.80108053994,1326.73045735806,3848.39855360369,996.280278912453,8360.49665447994,8584.88657782781,1106.75869258298,3999.97133435345,1262.86414493109,7917.8632969049,3954.24729965476,1092.94220522967,4029.48906411106,1137.8082690623,4001.71705433184,1122.30640069866,8033.17343102912,1092.83389036587,1148.17346105393,3640.43350787253,971.9548065602,8077.01703858654,7935.69872010982,1136.94175932478,3680.56743400174,1208.76819745231,3940.60903435973,4170.13718966697,3929.37401555804,1147.44016151062,8028.35333481221,7880.18426652334,3659.84428181858,4035.7531115021,3930.61609267363,1082.43563386521,3952.79353244929,8075.91388253854,1215.41074154677,3698.63933145828,1376.99272528965,8236.3900880329,999.098454731708,1070.31730533491,1227.20374671197,8103.87187599717,1279.63419255763,1069.83001543945,1132.55818791431,1357.43639308323,7827.85044443505,1396.32270337047,1072.95742913812,1328.13313061971,8112.75066317106,1020.27712680372,1118.20482421273,3907.55303406282,3571.04824779134,1281.52357127291,7978.29088236727,1097.37225058783,1064.42936533258,4344.39664453486,1104.42341528775,1323.819807515
3252.03510056303,3520.56200415097,1637.33362012082,1658.31615174865,4110.9063516872,4274.22075183058,1299.5135502724,1327.15770195726,4162.06565879155,3833.28921693351,1532.80499788251,1190.67327250211,1037.93202461475,3548.74747592256,3820.38987326691,4335.76915408218,752.784702786657,1281.01725726546,4387.54340721945,1324.68335479257,1574.32211233446,3577.85890217372,1252.32507424773,3797.17218469826,3506.6566795419,4024.22468477042,3532.16895048899,1550.5401054199,4136.54925718825,3593.89184867439,3408.42885200806,4280.2045907273,3861.71445537558,2906.25679040867,1076.20692340794,1427.49671122404,4046.5702643595,1123.38698380235,2879.49923888469,3709.81829206393,3196.37985546488,4371.72532179404,3730.53177337141,3771.79840055277,1144.63615545264,3625.99425458635,3810.12696603324,1650.24230042583,2780.07615833596,4091.56262341089,1103.79917530413,4048.15461473754,4127.17822631636,3338.0890914487,4223.25848331413,3707.65067408731,3707.6874515428,3412.6528990899,3646.1872405524,4265.41621853399,4148.81138324471,3829.56851631541,4187.34970016485,780.203503048172,4292.79265895288,4370.23711388841,4246.21871826335,1662.31628607412,3585.93774147415,3497.13028325109,3087.33312245162,2614.28335793886,3258.11117499602,57.5260167613101,3370.22475979837,2919.61960121302,394.068974913622,557.802685243145,3406.41578295378,106.68837408687,178.865970470317,108.530408336366,2864.00580882978,2446.98808054187,4734.35277945825,246.841463117538,2505.40376340871,3135.23380476543,5142.67105429356,4532.68899398808,512.595886428721,2949.27379764883,2396.72879680217,3019.75014665523,1e+08,142.395586275731,3379.15143690098,4837.2376642562,4705.38859040253,4603.86874173501,2472.95474000121,4686.55335006893,2741.08090706724,4843.88494500026,33.2015050234887,3175.27867626938,4860.41062024315,2851.10690198884,3078.55324490228,3053.83028609895,2986.72934947153,2460.80294712774,4582.16026626306,3694.43414517741,4657.45653992307,3792.79721475541,27.8651797588049,5054.75405254473,2568.2471447511,4968.70386000114,4630.99165098407,2745.48354073074,2955.32292851115,4724.71278481464,4491.43924052506,3639.88546115305,5099.39320987215,2353.84504017103,2853.8747764084,4913.41892223034,3080.32995289333,209.773489157854,214.395707329355,404.667181367226,3062.63315047653,4701.35898856235,3858.90504878922,4640.47946534895,3873.28312010499,4156.91728746408,3792.19607996863,4800.07821797335,2856.74347355735,4035.78563529305,4733.25788538978,3785.62359809795,2795.2592013717,4677.64994600035,3609.50083024182,5070.51296135585,2827.16207486472,4659.75298233878,4897.85646185412,3480.46528571464,3356.07251000086,3619.68095517023,3627.08376786408,4723.13948101894,3643.19611144151,4766.90570538502,3888.6671381324,4068.91338156325,2942.76578665919,3882.27281696872,4769.11920132066,3911.72301972561,3781.14184651778,3786.56852162466,2794.60175622304,3981.52440427093,3613.27086461604,2977.87562016805,3619.50240905739,3833.79400758609,3781.01774354689,4576.73479611751,4093.13434153014,5001.55827970949,2897.47571359394,4667.58137547891,2758.5855928423,3811.89496260765,5128.63430960688,3580.47930985922,2986.45622865112,4764.98667954347,3630.91703739991,3573.35751536064,2790.51218634813,3988.60187361695,2826.7029176564,3842.64586702591,3767.13032007878,3204.78559228235,2869.94685972465,3654.01571386629,4871.13134677387,3529.05289051174,2739.70921070919,4070.04881691469,3131.7522902889,4789.76567314994,4730.99308661347,2887.81324610836,2948.49441286117,3660.38255897029,2799.89356828527,3893.18463290326,4902.84405315591,3844.37514815249,3908.99997528918,2880.10350928084,4925.42735594281,3619.72194112966,4662.94606474445,2826.80549360569,3712.06787064941,5054.19631791071,4729.59950459121,4784.8453065949,3830.34679283431,4187.46143744043,4738.28326047771,3373.50876850898,4724.87770898043,5022.89645821973,4347.82749132187,2856.49521940596,4999.84975158538,3739.08585494538,2819.35182925575,4599.68798722589,3607.55413239359,2807.91568216121,4972.27635869363,4820.42223832488,4673.70965096066,3791.03810705728,4858.67467166467,5035.87128407572,3011.85240909916,3605.70173349212,3909.79083944754,3859.1648827858,4988.89657850711,3730.63826533613,3839.32515012101,4023.60204704427,4079.7295617201,3836.07487761987,4168.78654960042,4132.32410647624,2910.85116477216,2934.05768937754,2859.55134849283,3448.7138522177,3743.80426257756,3597.43274470056,3720.79012295137,3947.52375464499,2921.88440104994,4005.3872601503,2818.49408210831,2846.62451757403,3589.91761311252,2789.61605981606,4940.49891074454,2841.81862613369,3678.96664498055,4100.77673609905,4379.06133639419,4537.23767481286,2813.91738733336,4124.55325448456,5093.12775430476,2982.2247679767,4932.59349857269,4645.48359252134,3821.22939778524,3774.27164717572,3838.86737438926,3973.92716352329,3983.32971457066,2736.97393437076,2780.75763565345,4550.03057728822,3579.69410888083,3714.39793089394,3857.51966421786,3744.98951972835,3746.19832028867,3582.29067724566,2980.21442817455,3713.23532529214,3784.8260569079,2597.79940282583,5223.77655042881,5113.93824828564,2619.21033290673,5026.49358290447,3649.89816072186,3892.13603007791,5312.01833786107,3392.71494136553,3354.28112494463,5272.11207716189,2517.03516102814,5273.60240639248,3868.68533261094,3816.83062941694,3054.65291245923,3362.52943964314,2671.45714743809,3272.20493228774,2658.71010990642,2651.21088637119,5294.57713247531,3241.98310777377,2569.49091598925,2572.47544322894,3810.81294369924,5134.50083550913,3198.05387929662,2443.77411945974,5201.69785833501,2398.95251905967,2555.88328865974,2486.37936486825,3150.10855429533,5103.73639724972,3574.03046413432,5076.55231921235,5213.271824725,3011.4227059811,5198.45025557823,5335.64797743254,5252.09239081957,5266.36755237564,3746.58870116639,2441.73029299427,2518.03486096888,3020.97504188412,2529.71738929856,5267.66016803054,5087.43880620832,5164.15176632814,5221.85810478884,2425.43251215673,3324.89115666675,2551.38684690304,3458.9187744121,3211.47399628734,5038.09569188724,2552.97103959155,3201.47727677249,3080.15510936658,2454.68649006196,2747.9253435316,3850.21941624442,3600.0107222288,3579.72355906971,3177.74775120473,3869.69712426815,4983.72479492584,2518.37060467156,3043.40381269662,2477.99215909006,5133.33980742966,3505.76068791585,2469.11020534075,5166.68180450001,2498.43910515976,2607.76952951138,5206.14252529314,2488.19942778015,3155.42228324404,2727.96804295833,3311.93757156543,5596.13277726892,3168.80462856466,2497.60012266476,3715.09076494765,3197.99788688421,3257.25137449881,5191.51833360728,5236.77186146313,3792.67459596999,2586.01406334198,3289.30512372221,5499.27436719953,5721.92026518364,2875.06677917044,2551.95491708962,3755.08097725886,5059.24028679254,2449.97717477651,3071.50997246253,2616.51955143739,2719.09580071647,2309.44036036868,3462.12530609553,5171.07433428966,3163.91349085528,3302.40202328684,2495.69986971113,3229.09180409944,5238.49505710391,5100.08297910245,3403.15571197777,2488.37211734906,3773.24138286791,2634.77770490426,2490.93245554045,2574.49123694805,2854.19169416598,5190.04314726499,5043.48791303597,2436.77572059996,2669.67795509429,2592.88999759824,3265.8673093073,2502.73133359346,5207.98651260543,3619.5436050252,2536.71367732304,3904.6846496137,5367.87278476205,3236.89382018624,3316.61133369526,3726.95971621895,5243.73360139809,3778.83952229465,3201.97107185409,3527.08458487441,3764.97151811239,4995.61988411687,3815.58199877233,3163.19303218942,3839.31805879189,5265.27768111816,3370.76738922125,3326.77099659293,2417.53983731056,2435.44211439571,3715.28637302507,5123.64800492399,2760.39804214062,3372.74781984291,2598.09276754268,3147.50099592305,3851.49549741496
3109.6395142873,3378.16641787525,1494.93803384509,1515.92056547292,4253.30193796293,4416.6163381063,1157.11796399667,1184.76211568153,4304.46124506728,3690.89363065779,1390.40941160678,1048.27768622638,895.536438339017,3406.35188964683,3677.99428699117,4193.37356780645,610.389116510926,1138.62167098973,4529.93899349518,1182.28776851684,1431.92652605873,3435.46331589798,1109.929487972,3654.77659842254,3364.26109326617,4166.62027104615,3389.77336421325,1408.14451914417,4278.94484346399,3451.49626239866,3266.03326573234,4422.60017700303,3719.31886909985,2763.86120413295,933.811337132213,1285.10112494831,4188.96585063522,980.991397526624,2737.10365260895,3567.4227057882,3053.98426918915,4514.12090806977,3588.13618709568,3629.40281427703,1002.2405691769,3483.59866831062,3667.73137975751,1507.84671415011,2637.68057206023,4233.95820968662,961.403589028402,4190.55020101328,4269.57381259209,3195.69350517297,4365.65406958986,3565.25508781158,3565.29186526707,3270.25731281418,3503.79165427666,4407.81180480971,4291.20696952044,3971.96410259114,4329.74528644057,637.807916772441,4435.18824522861,4512.63270016414,4388.61430453908,1519.9206997984,3443.54215519842,3354.73469697536,2944.93753617588,2471.88777166312,3115.71558872029,199.921603037041,3227.82917352263,2777.22401493729,536.464561189352,415.407098967415,3264.02019667805,249.083960362601,36.4703841945859,33.865177939365,2721.61022255405,2304.59249426614,4876.74836573397,104.445876841807,2363.00817713298,2992.8382184897,5285.06664056928,4675.0845802638,654.991472704452,2806.8782113731,2254.33321052645,2877.35456037951,142.395586275731,1e+08,3236.75585062525,4979.63325053193,4847.78417667826,4746.26432801075,2330.55915372548,4828.94893634467,2598.6853207915,4986.28053127599,109.194081252242,3032.88308999365,5002.80620651888,2708.71131571311,2936.15765862654,2911.43469982322,2844.3337631958,2318.40736085201,4724.55585253879,3552.03855890168,4799.85212619881,3650.40162847968,170.260766034536,5197.14963882045,2425.85155847537,5111.09944627688,4773.3872372598,2603.08795445501,2812.92734223542,4867.10837109036,4633.8348268008,3497.48987487732,5241.78879614787,2211.4494538953,2711.47919013267,5055.81450850608,2937.9343666176,67.3779028821224,72.0001210536245,262.271595091495,2920.2375642008,4827.7544748583,3722.94876135383,4767.2952292289,3736.62663241972,4019.73423810404,3656.68715850038,4926.64294924058,2799.9604176079,3898.64758886394,4857.27859514877,3649.80991422765,2744.08682166684,4803.18573527138,3475.00325678074,5195.18982767422,2775.78764376712,4782.77513204532,5023.92605298032,3347.86639944335,3224.91587127564,3484.98944995814,3493.49095002684,4849.20747152631,3509.28956819943,4893.08495019842,3752.06435773396,3934.33820296583,2894.67700895077,3747.11477724275,4630.84929996994,3774.71099578599,3644.97058915526,3650.55712117615,2732.76252939844,3846.64087682178,3479.90307507377,2916.27833287165,3484.65217423601,3698.35930900707,3645.18860364344,4437.89217773092,3957.16028014104,5125.21502816965,2834.29253549477,4793.6239130774,2706.98481033439,3675.81548606399,5254.53030039711,3445.78768782471,2902.27946916738,4889.40131778702,3496.20738061204,3439.1453274574,2720.90196498212,3851.86289860447,2777.21406739257,3705.69639984873,3631.36302176899,3071.60038390084,2815.68933973917,3518.02836355828,4996.23074972597,3396.05893959972,2684.10007909952,3933.5613927133,3001.01784259462,4914.4414962856,4856.25713077106,2833.74821075235,2895.48020989235,3524.79413035474,2733.86743430964,3756.56354252426,5027.70743175615,3707.43175010625,3771.94378488976,2826.22797884223,5051.46797392096,3484.32232630472,4788.07823184999,2791.04772884912,3577.88825055808,5178.75197739505,4852.23705971755,4911.92169033284,3693.64040747782,4050.6562865764,4863.49058430229,3240.2857273642,4850.52496030781,5148.45835237011,4474.15657251608,2808.47207999522,5124.42009763124,3604.61322017719,2756.84831674539,4462.50516921463,3473.88654018506,2748.84549585798,5097.95682055611,4944.08503092819,4797.50619797567,3655.16898245797,4983.95460260272,5159.89954694932,2955.53649214274,3472.19247599754,3772.98903669866,3722.38569439621,5113.78416782118,3593.94818246763,3704.29230995636,3888.15735168093,3943.56849167649,3699.59409032341,4031.92199826155,3995.25180636739,2845.89265994307,2871.89982664696,2800.09134090656,3316.30035201172,3608.69832679936,3463.585145724,3585.66160094607,3811.23809468342,2867.99912269028,3869.98947762689,2757.35324887638,2775.56657177316,3456.11689202698,2720.12375529052,5064.19997380551,2786.00310484672,3545.01194100569,3963.9288311839,4505.35425157412,4662.37643635547,2773.22625833656,3988.19286985617,5218.03294338552,2902.13266826721,5058.50172168088,4770.48825563686,3685.82201903175,3638.06315963932,3702.02177499113,3838.41686607693,3847.29250676308,2689.05132920272,2715.16766548852,4676.61857476632,3445.63797969663,3580.62028443603,3722.84519314796,3608.834765067,3611.56927167996,3449.09656382628,2937.48582016175,3578.04504969765,3648.47463571426,2604.55145282206,5355.44325107296,5243.7730230039,2612.78649023943,5155.13577516816,3513.57743095811,3756.38386362173,5441.86613803285,3258.85708144767,3219.76275877962,5400.72853959872,2509.04211181039,5402.72529084658,3732.86125811945,3680.58651441051,2922.88418936693,3228.06803316776,2692.04493168248,3138.84101602829,2528.68370341351,2666.45904871286,5424.07357830696,3108.38645071853,2549.2793715151,2592.19421242806,3673.62703351759,5265.36748420724,3064.92269900972,2439.81554079419,5332.38160870903,2393.82906175267,2559.7404355448,2471.24428320639,3016.56276462439,5233.84504158227,3438.30889001188,5206.71617249096,5341.72597860957,2878.49589059541,5327.98200620076,5468.15351799825,5383.36172633152,5398.12280916356,3611.14691321881,2444.38127772253,2502.71654502649,2887.5408483521,2526.2085481238,5395.85453263251,5217.83025275699,5294.20353180718,5352.30035593203,2423.35644941422,3190.44781070481,2534.52549158782,3323.75642938236,3076.81160667266,5169.37682704586,2576.25879426355,3066.65828902344,2947.62548424296,2432.40708214025,2616.72336933746,3714.68908818159,3464.04522450067,3444.98317823999,3044.44113752013,3733.70435132422,5112.44443691559,2520.57749674369,2910.40728441377,2458.04756779418,5263.30499669558,3371.25584840036,2463.39858654042,5297.17426418856,2470.97988737884,2607.58399852151,5335.48581234967,2482.37276366082,3022.04499809085,2760.23627386593,3178.9951429355,5723.51445784047,3034.84501433578,2474.64746278379,3579.10878674248,3063.61210831544,3123.34588790903,5321.45547604914,5366.99584289273,3657.78190596734,2580.84680347263,3153.79422007236,5630.47597074486,5853.38392497899,2743.03942836514,2559.32070858756,3619.55829406379,5189.93960310917,2459.05257777863,2938.6922572336,2622.83506854123,2587.69558559523,2329.68143557249,3327.27699804334,5302.10839611454,3030.6610978128,3169.23296956999,2479.92368915564,3093.56977489627,5367.9033820153,5229.16573876559,3269.03331583151,2475.69721127926,3636.64239591424,2633.85991078479,2514.45063663883,2575.61819494678,2722.98191032089,5319.39594366353,5172.59763782462,2424.82303400689,2673.83641320075,2593.23344329781,3131.84752776884,2509.05422472789,5339.46327447714,3484.71697877114,2523.25795234899,3769.25751789609,5499.50051346487,3101.73591391643,3182.06057937296,3591.17420934997,5374.68132943191,3643.3181777396,3068.12756147105,3391.82360708764,3630.94446329799,5124.36437398,3681.62619918853,3029.60942888615,3703.8817969206,5395.34241095756,3235.06736959846,3192.92394568236,2424.70306662258,2417.29159367476,3580.52773634322,5254.11250268628,2628.22184044654,3237.70389769882,2629.07843055511,3014.53246969212,3715.83626308535
127.116336337956,141.410567249989,1741.81781678016,1720.83528515233,7490.05778858817,7653.37218873157,2079.63788662858,2051.99373494373,7541.21709569253,454.137780032528,1846.34643901847,2188.47816439888,2341.21941228624,169.596039021573,441.238436365917,956.617717181195,2626.36673411433,2098.13417963552,7766.69484412044,2054.46808210842,1804.82932456653,198.707465272731,2126.82636265325,418.020747797283,127.505242640914,7403.37612167141,153.017513588003,1828.61133148108,7515.70069408923,214.740411773408,29.2774151070812,7659.3560276283,482.563018474591,472.894646492315,2302.94451349304,1951.65472567695,7425.72170126048,2255.76445309863,499.652198016301,330.666855162943,182.771581436105,7750.87675869503,351.380336470422,392.646963651782,2234.51528144835,246.842817685365,430.97552913225,1728.90913647515,599.075278565024,7470.71406031186,2275.35226159686,7427.30605163853,7506.32966321736,41.0623454522881,7602.40992021513,328.499237186325,328.53601464182,33.5014621889205,267.035803651413,7644.56765543496,7527.96282014569,7208.71995321641,7566.50113706582,2598.94793385281,7671.94409585385,7749.38855078939,7625.37015516432,1716.83515082686,206.786304573163,117.978846350115,291.818314449367,764.868078962126,121.040261904965,3436.67745366229,8.926677102618,459.531835687967,3773.22041181461,2821.34875165784,27.2643460527902,3485.83981098785,3200.28546643067,3270.62102856461,515.145628071199,932.163356359116,8113.50421635922,3132.30997378345,873.747673492276,243.917632135554,8521.82249119454,7911.84043088905,3891.74732332971,429.877639252154,982.422640098808,359.401290245748,3379.15143690098,3236.75585062525,1e+08,8216.38910115717,8084.54002730353,7983.020178636,906.196696899776,8065.70478696992,638.070529833752,8223.03638190125,3345.94993187749,203.872760631602,8239.56205714412,528.04453491214,300.598191998707,325.321150802033,392.422087429449,918.348489773252,7961.31170316403,315.282708276424,8036.60797682406,413.645777854432,3407.01661665979,8433.90548944571,810.904292149886,8347.85529690212,8010.14308788504,633.667896170241,423.828508389837,8103.86422171562,7870.59067742603,260.73402425206,8478.54464677313,1025.30639672995,525.27666049259,8292.57035913134,298.821484007655,3169.37794774313,3164.75572957162,2974.48425553376,316.51828642445,7849.99579776119,1169.17993748298,7796.38283309989,1123.02686449604,1264.41116786144,1168.1921769429,7949.35154359725,3387.63094143478,1184.62826493928,7846.47354945576,1142.07867988557,3467.59469772238,7814.20749378973,1163.69663052833,8186.60186552098,3478.43090324929,7759.98425419814,8038.01699969195,1250.8517219004,1310.63333015932,1153.56913928754,1232.55226698251,7866.57407647777,1217.33753049228,7911.13375832948,1135.95065999101,1390.90639676032,3596.63380644201,1240.58011820808,1684.74861352508,1116.88303084704,1112.41118953135,1127.45310279442,3261.2780973918,1316.42304021868,1242.54593255909,3345.06495690435,1142.067533999,1194.73489252905,1138.64297387085,1477.24875965413,1309.51762933107,8103.68658833663,3277.00131085405,7811.72461104797,3443.04498648976,1135.00049454952,8262.03133769107,1139.75749814401,2844.85700659268,7883.31705592118,1156.43835770544,1171.27165834657,3101.6339659131,1185.23591849502,3513.75302935496,1082.5777237066,1136.60421594363,1170.94134256089,3442.88032065719,1069.84296684063,7997.41521493204,1239.25242258702,3359.46273881451,1256.78989955636,1311.07086364533,7911.42726157133,7862.50054369556,3454.87683093455,3504.14080128225,1103.07459968708,3179.04502258677,1137.09509949349,8024.997094678,1084.01819762548,1111.72483312139,3454.98289113386,8064.64981643542,1101.65500257292,7793.91824994725,3763.14278904032,1226.53967652931,8168.77626606278,7822.55817893219,7941.91124131434,1095.51714405555,1314.30020303274,7868.81162446747,1186.87364443164,7862.12103296623,8153.1782047032,7502.55656750727,3555.43515175481,8115.71314958192,1217.99975377141,3258.11468664152,1610.31470393405,1220.40751322652,3321.52510180937,8105.26885038887,7926.4724275677,7784.948521111,1140.54733823434,7987.87776417819,8142.88097511543,3468.97934821996,1230.39693892124,1132.48544654186,1105.40157449475,8109.72429262779,1046.89123215424,1226.75431068064,1302.64002127929,1287.16211996481,1116.47544405342,1296.61927807658,1255.38869253604,3245.9895488605,3313.92456729489,3335.9555477475,1254.43988774206,1174.83573491561,1204.61164270059,1162.83196786343,1194.72467452428,3474.35719267689,1294.73293574131,3285.01248888238,3091.97348460735,1205.19932451992,3103.75840576879,8044.56204951344,3399.87184196673,1228.1649309335,1250.48768007915,7532.62680879653,7670.95196667335,3668.85598984885,1302.74152616398,8212.22640010956,2940.59235309476,8069.71515827428,7774.9620914648,1190.27419655578,1106.13032480908,1088.9256996556,1267.66462410979,1234.94939589698,3501.11836090444,3180.51954882593,7704.37268354931,1184.2129267088,1255.05903630558,1261.61731758583,1096.28759308463,1210.18884100259,1243.19338954077,3717.35522243233,1154.98073921863,1100.14742043086,4303.44376619552,8442.78393182202,8306.78815483686,4123.12652590559,8202.7637132749,1041.85806318789,1202.71268543021,8502.46240584553,1148.47088594133,1096.76828598023,8444.40053995392,4039.75287573069,8453.55344217874,1184.42983440018,1124.82937891189,1255.71659732675,1101.98404398566,4549.12970970952,1164.03853372366,1414.17553644376,4459.8886160132,8479.91364506088,1146.7655937281,3883.89388514303,4468.99069571888,1045.95620515501,8342.54252224563,1174.05833921364,4055.95314016042,8406.1678118327,4013.69390205948,4235.36014202665,3916.4981674856,1147.88140838818,8300.82248906219,1061.14747867177,8274.82263473977,8383.9494097938,1194.4445509722,8385.60651296508,8566.13553763915,8464.78886245114,8486.23765869079,1151.38018513025,4148.1223876926,3931.01387438521,1163.83667835406,4112.90221220548,8433.60545861653,8288.96587485151,8359.59173331956,8422.43982140231,4072.01771273673,1097.99732734395,3925.8152324006,1070.59214068385,1075.16283912182,8253.49801801561,4504.41378842863,1064.40842172814,1211.33119136453,3791.98300111682,1336.28106197067,1196.3122632241,1051.17070964973,1135.99945990132,1162.71308311775,1172.29945243421,8161.79351451441,4188.50501496734,1186.98883187702,3839.49306441698,8327.88542183752,1130.09255440837,4045.42170173874,8368.71070855679,3733.82872294714,4208.91767755727,8390.35138339333,4054.79205104854,1158.28569810071,4752.03990859183,1195.2770552875,8744.82157692783,1121.45399761406,3803.57644619127,1096.06433115785,1093.59421026594,1127.70087910901,8384.8757776574,8433.87222995527,1213.34081407046,4122.06036808845,1018.56381155008,8708.16261559656,8932.50635778602,1265.45525939723,4282.91847683948,1149.30190284598,8265.72188955088,4242.3005798546,1195.13027717157,4309.1640106027,1335.36884457778,4301.08567157314,1094.24848326552,8381.18233372153,1165.97464881589,1179.70014232719,3911.93437466162,1015.1892065385,8423.24656702125,8281.8585953817,1132.50301127397,3954.2846898568,1074.7114507191,4214.82991364238,4464.94739275939,4207.52010795009,1310.81262846426,8374.61603833451,8226.48153259341,3936.54557562519,4311.84229169978,4207.47367886017,1120.7878508932,4237.11633769547,8424.31446771112,1143.79080776761,3969.46894221285,1233.55212346873,8584.70244002371,1041.38089158481,1089.59559339116,1116.49962436957,8451.67435974378,1160.73419643498,1129.15540973966,1081.30108439589,1260.69176080819,8173.87861104637,1289.77149687079,1145.36792000912,1197.49534649994,8459.60836500986,1013.43506690303,1138.62275504869,4195.84478856176,3844.30385021622,1187.18305343294,8325.80267382187,1286.52082572599,1062.29019604662,4640.1700704554,1183.35173403545,1187.45463730861
8089.27276481924,8357.79966840718,6474.57128437701,6495.55381600485,726.331312568995,563.016912425614,6136.75121452859,6164.39536621344,675.172005464647,8670.5268811897,6370.0426621387,6027.9109367583,5875.16968887093,8385.98514017874,8657.6275375231,9173.00681833835,5590.02236704284,6118.25492152165,449.69425703674,6161.92101904876,6411.55977659065,8415.09656642989,6089.56273850392,8634.40984895447,8343.89434379809,813.012979485777,8369.40661474519,6387.7777696761,700.688407067938,8431.12951293058,8245.66651626424,557.033073528887,8698.95211963178,7743.49445466487,5913.44458766413,6264.73437548022,790.667399896694,5960.62464805855,7716.73690314087,8547.05595632013,8033.61751972108,465.512342462145,8567.7694376276,8609.03606480896,5981.87381970883,8463.23191884254,8647.36463028942,6487.47996468203,7617.31382259214,745.675040845303,5941.03683956032,789.083049518649,710.059437939829,8175.3267557049,613.979180942063,8544.88833834351,8544.92511579899,8249.89056334609,8483.4249048086,571.821445722209,688.426281011484,1007.66914794078,649.887964091347,5617.44116730436,544.445005303313,467.000550367789,591.018945992844,6499.55395033032,8423.17540573034,8334.36794750728,7924.57078670782,7451.52102219505,8095.34883925222,4779.71164749489,8207.46242405456,7756.85726546922,4443.16868934257,5395.04034949933,8243.65344720996,4730.54929016932,5016.10363472651,4945.76807259255,7701.24347308597,7284.22574479805,102.884884797947,5084.07912737372,7342.64142766489,7972.47146902161,305.433390037359,304.548670268114,4324.64177782748,7786.51146190501,7233.96646105836,7856.98781091142,4837.2376642562,4979.63325053193,8216.38910115717,1e+08,131.849073853659,233.368922521183,7310.19240425739,150.684314187255,7578.31857132343,6.64728074407023,4870.43916927968,8012.51634052557,23.1729559869517,7688.34456624505,7915.79090915846,7891.06795035514,7823.96701372771,7298.04061138392,255.077397993131,8531.67180943359,179.781124333117,8630.03487901161,4809.37248449738,217.516388288532,7405.4848090073,131.466195744958,206.246013272128,7582.72120498694,7792.56059276735,112.524879441553,345.798423731132,8477.12312540924,262.155545615951,7191.08270442723,7691.11244066458,76.181257974152,7917.56761714953,5047.01115341405,5051.63337158555,5241.90484562341,7899.87081473271,2296.78454103367,8602.06654020066,2256.80546280905,8626.54675409357,8914.71710377151,8529.81980695207,2304.08377373426,6569.63612518878,8794.2525601628,2467.00827925916,8527.78319080291,6444.41230242517,2353.08806644169,8335.75622289589,2513.79795113323,6469.84110948841,2517.84962429747,2363.31901229597,8182.8550155563,8041.89840686326,8348.49505106545,8340.14546543506,2324.08077824926,8360.3954969641,2324.83225053584,8640.9410242994,8788.12787921259,6502.58122907064,8613.30903707354,9538.58647134792,8669.75462318499,8528.56224841809,8531.58834865895,6596.12212300333,8706.85074504368,8323.42738056375,6729.69874314118,8350.57023950592,8569.67774179188,8523.47133068316,9356.9245141786,8833.2610136604,2562.03175443594,6692.19451446701,2315.98245475667,6424.80064469105,8557.53924293703,2446.31747210135,8310.01819974633,7060.13784259376,2447.30357545844,8359.78298607037,8296.28027099793,6701.29872761202,8741.6361275861,6441.97042231504,8600.59454601213,8508.8967534178,7921.80110461211,6542.45738400623,8400.66048190895,2425.37994111526,8235.81026791693,6468.35426890362,8818.27563387479,7818.68347696533,2435.03473569044,2381.93358706853,6552.51269354405,6580.71336615979,8401.24768751755,6658.74928102259,8645.67035395438,2450.20694669561,8602.21371897078,8667.71709138152,6544.17657755556,2372.74205561824,8358.56971276452,2378.31793457409,6237.19008435309,8431.82912195519,2516.9104922227,2557.02554094657,2263.41388868228,8584.89489974476,8939.11292541683,2387.32886842949,8087.02047504743,2354.04888156649,2435.6441160152,2265.42586540519,6441.18547470402,2498.64474396533,8462.5719039722,6623.91088504349,9352.86312922927,8322.08663442202,6566.77039486125,2411.88059180819,2510.90577210699,2469.97691722497,8533.92285626332,2409.56684168737,2547.53006245481,6676.45029777574,8318.02805342559,8664.73657629812,8614.4117943251,2473.11552454451,8486.25109477889,8569.22292079695,8756.70839388901,8822.88020235078,8587.24829961185,8921.56841885886,8888.70317823747,6727.84839890404,6704.90935486165,6610.33358548698,8149.31232824689,8476.36855517787,8314.72454829888,8454.06904094774,8694.32026825777,6574.45749583543,8738.06295741382,6603.97608207922,6764.77410674121,8306.70106309014,6698.98309994837,2540.60713108453,6544.79822598225,8396.1396230726,8854.09996506248,2268.85917119504,2359.34047597945,6303.08492174092,8870.1538062612,2505.29920542104,6999.37647681032,2384.25772333411,2384.0370539763,8556.91176914301,8522.33001644298,8595.34297555818,8708.76881436136,8725.92555000268,6357.04324679616,6638.21185949113,2261.32153033414,8300.29156263494,8428.31567710791,8581.8356805082,8492.68945301044,8471.81936849106,8290.66409029541,6446.6224438491,8447.53066064302,8534.81069694719,5444.53562946338,2014.21523819426,2134.69367359904,5664.77377248657,2204.37985316133,8401.34313068164,8631.80078688811,2206.80644817318,8114.44776630684,8085.78502420504,2291.62380839013,5638.07168647662,2251.30004161481,8609.75822492262,8564.80784910064,7757.28410466576,8093.09665168856,5241.49311400194,7989.97979034907,7353.18939828928,5325.60866661295,2228.98016458882,7963.5560100266,5848.45904899973,5219.74333078496,8572.59715091858,2053.57432660162,7914.52253511196,5542.23962854652,2092.97170181148,5538.66474099341,5472.65149446648,5728.75986242389,7873.15780370508,2108.38469407045,8318.16595418638,2095.06875706534,2282.02706998893,7729.98914730537,2189.21089661875,1981.41253701809,2060.51865108982,2022.46657554802,8483.96385140587,5441.47932670607,5748.11408160992,7745.71956294482,5575.82189393178,2323.41696144999,2079.18453671461,2133.54871951284,2121.20122775717,5505.66543388727,8055.97629254495,5788.81597034729,8197.23045694325,7947.78173670865,1986.97423398396,5152.43861982395,7940.04367624656,7791.83012287772,5814.80069696725,7453.11527425121,8587.25008471972,8347.16974114287,8309.96314984124,7897.01318947614,8613.2396929911,2185.87873678923,5481.97910222566,7762.02187666748,5794.1703865767,2130.2470949614,8234.09940984088,5580.4309933133,2096.95392436302,5913.1503517176,5560.66556621467,2207.5557189652,5591.30147907769,7876.1498112322,5051.08898885787,8023.11446756103,2534.14524875709,7896.8169788559,5848.29841275531,8460.7409208351,7930.95160841511,7982.57972593094,2152.92006196049,2145.43519731388,8521.31048820084,5628.68527313164,8035.3666454062,2173.63452149782,2265.87138017559,7586.23897123786,5414.90581950642,8493.49096024018,2044.05004960272,5345.71110074526,7787.1120737723,5459.83415115994,7427.59610829295,5121.6534798456,8196.05015926607,2051.48490518138,7882.80562377706,8016.85511730881,5743.06022335029,7976.37723216122,2214.31468200041,2191.98724463899,8128.27936781117,5693.59762300877,8526.97409450052,5585.1578190029,5127.71889462168,5524.3562334138,7555.98728786785,2200.90203745429,2172.00227337756,5656.81342497226,5519.0579521191,5545.29003582312,7992.52693301085,5410.62343133952,2025.4630233356,8350.276016845,5730.22527207129,8639.3476668668,2075.77019248336,7979.23239470274,8049.3077504423,8469.60359625843,2085.66411337316,8516.85444950185,7927.71540454694,8265.56065227114,8481.50657531565,2187.25714701334,8530.10203020885,7886.42642113398,8575.13769407085,2169.89227865976,8117.95725240161,8049.78799381431,5362.26325067811,5745.53306216584,8443.33188764022,2084.68054385881,7476.81790857385,8111.01319709496,5033.45372033084,7863.098343641,8590.40081134964
7957.42369096557,8225.95059455352,6342.72221052335,6363.70474215118,594.482238715337,431.167838571955,6004.90214067494,6032.5462923598,543.322931610988,8538.67780733606,6238.19358828505,5896.06186290465,5743.32061501729,8254.1360663251,8525.77846366944,9041.15774448473,5458.1732931892,5986.40584766799,317.845183183082,6030.07194519511,6279.710702737,8283.24749257624,5957.71366465026,8502.56077510081,8212.04526994442,681.163905632117,8237.55754089152,6255.92869582244,568.839333214279,8299.28043907693,8113.81744241061,425.183999675229,8567.10304577812,7611.6453808112,5781.59551381048,6132.88530162657,658.818326043034,5828.77557420487,7584.88782928723,8415.20688246644,7901.76844586743,333.663268608487,8435.92036377394,8477.18699095531,5850.02474585516,8331.38284498888,8515.51555643576,6355.63089082836,7485.46474873849,613.825966991644,5809.18776570667,657.233975664988,578.21036408617,8043.47768185122,482.130107088405,8413.03926448985,8413.07604194533,8118.04148949243,8351.57583095494,439.972371868549,556.577207157824,875.82007408712,518.038890237689,5485.5920934507,412.595931449654,335.151476514131,459.169872139185,6367.70487647666,8291.32633187667,8202.51887365362,7792.72171285414,7319.67194834138,7963.49976539854,4647.86257364122,8075.61335020089,7625.00819161556,4311.31961548892,5263.19127564569,8111.8043733563,4598.70021631566,4884.25456087284,4813.91899873889,7569.39439923231,7152.3766709444,28.9641890557117,4952.23005352007,7210.79235381123,7840.62239516795,437.282463891018,172.699596414454,4192.79270397382,7654.66238805135,7102.11738720472,7725.13873705776,4705.38859040253,4847.78417667826,8084.54002730353,131.849073853659,1e+08,101.519848667523,7178.34333040375,18.8352403335959,7446.46949746977,138.496354597729,4738.59009542603,7880.66726667193,155.022029840611,7556.49549239138,7783.94183530481,7759.21887650149,7692.11793987408,7166.19153753028,123.228324139473,8399.82273557993,47.932050479458,8498.18580515795,4677.52341064373,349.365462142192,7273.63573515362,263.315269598616,74.3969394184683,7450.87213113328,7660.71151891369,19.3241944121058,213.949349877473,8345.27405155558,394.004619469611,7059.23363057356,7559.26336681094,208.030331827811,7785.71854329585,4915.16207956039,4919.78429773189,5110.05577176976,7768.02174087906,2261.30239418429,8471.37137888453,2218.31027057661,8495.7299567834,8783.88298651136,8399.18061523606,2274.14212910561,6448.70085595943,8663.39397682486,2431.15182525475,8397.08786314793,6323.8454906645,2315.61992260804,8205.21752663025,2495.45973954357,6349.43729179468,2477.54090569254,2338.05639499736,8052.56396280224,7911.76066986016,8217.92828292533,8209.76627981878,2289.49291891855,8229.971069093,2292.70521213161,8510.13867820985,8657.76889379205,6383.31239651612,8482.76676853706,9407.66722123681,8538.88461231952,8397.80244561448,8400.85851892082,6474.20836337406,8576.39799680491,8193.07919639497,6608.76012606483,8219.97683575861,8439.06720057077,8392.77165407971,9225.84204645534,8702.64221119686,2539.00415824495,6570.62992577786,2278.37759389574,6303.96405475754,8426.80600713818,2432.67122412594,8179.43491283511,6936.108712888,2413.40381922428,8229.21788916717,8165.77301784716,6578.389450781,8610.8390217187,6321.80598181691,8469.71592634272,8378.20300281594,7791.27475162067,6421.92705563701,8269.88900292573,2397.59922262593,8105.48118461162,6346.91826156668,8687.55084872855,7688.46333261836,2402.6450838635,2347.04854554218,6432.1097613865,6460.80180031771,8270.54597505474,6536.33454462023,8514.86607269617,2423.7733960844,8471.33668886061,8536.83824230467,6423.75467857918,2348.89369824038,8227.88451030903,2339.75875851488,6118.78872056211,8301.38935403563,2497.60843433196,2519.81712447065,2233.16958123555,8454.05604594901,8808.36160547704,2352.77467089133,7956.57517296019,2319.18063905447,2416.18394439978,2210.68383313369,6321.39296046413,2476.69916719724,8332.09316712368,6502.03938363006,9222.14650354706,8191.68556876123,6445.27612425125,2389.99990232938,2479.06415118123,2430.94369984053,8403.21966116315,2381.3456079478,2526.62863086137,6556.43642611731,8187.65252161604,8533.90439217175,8483.56860217239,2451.03877166679,8355.38459869348,8438.68647233412,8626.16619682467,8692.22100740739,8456.45150015717,8790.8000208124,8757.88391329594,6606.11307585148,6583.6685335241,6489.06395762389,8019.03341032314,8345.78154351309,8184.28870492197,8323.46905849827,8563.59460659377,6454.27363720477,8607.52290491091,6482.27402881818,6641.9345996652,8176.26948162128,6576.08448799483,2514.68750025421,6423.90598481064,8265.72350378163,8723.31518371415,2215.7833501527,2314.192958184,6183.96390920576,8739.47052248996,2488.39124098497,6875.89451929535,2360.61730058526,2344.46892600013,8426.30140785114,8391.56138265488,8464.48182357456,8578.19614219447,8595.25785659806,6236.52687418881,6515.75910270399,2217.6768060553,8169.81294264753,8297.94639126985,8451.37103302084,8361.92040807368,8341.31640672668,8160.32935540431,6328.33725098903,8316.91706162622,8404.02041662395,5329.02729876975,2017.39078106433,2127.2388755349,5548.11503977118,2189.77333729268,8270.51398738784,8501.15417573918,2210.42528303007,7983.91388919357,7955.13208103687,2290.33020244266,5520.29826712139,2251.1877290327,8479.0903106017,8434.04701719514,7626.87226026826,7962.45603694588,5128.20954028438,7859.46177118164,7222.73435888287,5211.5473398957,2230.83269552494,7832.9886243573,5729.89672314822,5105.19905309764,8441.66736369063,2049.48780572578,7784.00047831209,5424.16433141516,2092.42496479846,5420.06541010771,5356.41890679516,5610.01352492762,7742.5521971549,2100.88449290846,8187.41029881374,2086.07890853888,2277.30104834231,7599.39671389905,2185.90996785727,1993.63222585366,2064.33580047606,2028.40917738711,8353.31943505011,5323.97687327682,5629.62176072176,7615.06434276656,5458.60807674049,2321.00427160373,2071.29035422283,2129.42688530344,2121.24764411331,5387.58479151991,7925.32179680038,5670.4519454217,8066.52115905619,7817.04519770271,1977.85325158833,5037.98212548903,7809.28026594375,7661.32909075834,5695.09690291279,7322.58454252626,8456.6284750052,8216.38305983575,8179.37149211766,7766.45549802921,8482.54165059089,2168.96913057049,5365.2055412323,7631.43718468436,5674.8826861093,2124.17438646244,8103.51462947831,5462.43195859318,2093.93808483533,5793.27508304928,5444.55181217908,2204.27841021136,5473.47003935242,7745.5706978514,4939.6879419113,7892.679921029,2545.59449903328,7766.16182517057,5728.87070971205,8329.99156888685,7800.24899580628,7851.97438559639,2150.10578100732,2145.81506220941,8390.78037264532,5511.84321741886,7904.53746638757,2190.84786761523,2294.82829688462,7455.68602130991,5298.97197824654,8362.83560538811,2035.07391404087,5228.85434297532,7656.56679544371,5344.47998234516,7297.02375651239,5004.13022093315,8065.39192843502,2049.95862303278,7752.24855839957,7886.38155385639,5624.33080955544,7845.52330267206,2212.94518413241,2182.29743010757,7997.70931347359,5575.1084040567,8396.13664834718,5469.23663056674,5012.53814698807,5408.04259610628,7425.52369683829,2196.75858374192,2159.1520154084,5537.93929610151,5404.03687256066,5429.08184248623,7861.90880178235,5294.07467741733,2027.20861547963,8219.68658019485,5612.08318479685,8508.76487163535,2087.19008657545,7848.43456300419,7918.63342480422,8338.89233711938,2088.18267555164,8386.20812552996,7797.0926955716,8134.8624870727,8351.11709987134,2171.06571040631,8399.74808687232,7755.82196492956,8444.52893260876,2171.48470377851,7987.13024360534,7919.22444230968,5244.90448761823,5626.06727414782,8312.7935681348,2079.08213077512,7346.17928470503,7980.2876148443,4920.23032652388,7732.57288598901,8459.75649286059
7855.90384229805,8124.43074588598,6241.20236185583,6262.18489348366,492.962390047813,329.647989904431,5903.38229200741,5931.02644369228,441.803082943464,8437.15795866853,6136.67373961752,5794.54201423712,5641.80076634976,8152.61621765755,8424.25861500191,8939.63789581718,5356.65344452168,5884.88599900047,216.325334515558,5928.55209652757,6178.19085406946,8181.72764390874,5856.19381598275,8401.04092643328,8110.52542127692,579.644056964594,8136.03769222399,6154.4088471549,467.319484546755,8197.76059040939,8012.29759374307,323.664151007706,8465.58319711059,7510.12553214367,5680.07566514295,6031.36545295904,557.298477375512,5727.25572553736,7483.36798061969,8313.68703379894,7800.24859719989,232.143419940963,8334.40051510642,8375.66714228779,5748.50489718764,8229.86299632136,8413.99570776825,6254.11104216084,7383.94490007097,512.306118324121,5707.66791703913,555.714126997465,476.690515418646,7941.95783318372,380.610258420881,8311.51941582231,8311.5561932778,8016.5216408249,8250.05598228741,338.452523201026,455.057358490301,774.300225419595,416.519041570166,5384.07224478319,311.076082782131,233.631627846606,357.650023471662,6266.18502780914,8189.80648320915,8100.99902498611,7691.20186418663,7218.15209967386,7861.97991673104,4546.3427249737,7974.09350153337,7523.48834294803,4209.79976682139,5161.67142697816,8010.28452468878,4497.18036764813,4782.73471220533,4712.39915007138,7467.8745505648,7050.85682227688,130.484037723235,4850.71020485255,7109.27250514372,7739.10254650043,538.802312558542,71.1797477469308,4091.27285530629,7553.14253938383,7000.59753853718,7623.61888839024,4603.86874173501,4746.26432801075,7983.020178636,233.368922521183,101.519848667523,1e+08,7076.82348173622,82.6846083339274,7344.94964880225,240.016203265252,4637.0702467585,7779.14741800438,256.541878508134,7454.97564372387,7682.42198663728,7657.69902783395,7590.59809120655,7064.67168886275,21.708475471949,8298.30288691243,53.5877981880654,8396.66595649043,4576.0035619762,450.885310809714,7172.11588648611,364.835118266141,27.1229092490552,7349.35228246576,7559.19167024616,120.844043079629,112.42950120995,8243.75420288805,495.524468137133,6957.71378190604,7457.7435181434,309.550180495335,7684.19869462835,4813.64223089286,4818.26444906436,5008.53592310224,7666.50189221155,2238.89532575454,8370.76466997383,2193.61549517379,8395.02693859752,8683.16554652987,8298.61841667885,2256.07331296706,6355.88009207474,8562.65748363387,2408.1030747518,8296.48124340082,6231.32407162451,2291.52743935326,8104.73553714953,2486.01705465669,6257.04437068706,2450.88984497738,2323.52117801326,7952.27874045836,7811.59760928577,8117.42401846275,8109.41058927002,2267.73068693858,8129.57947399525,2272.8760172563,8409.44705564299,8557.42748053374,6291.82110424342,8382.28099553573,9306.88119781642,8438.13938431626,8297.14479550611,8300.22458189899,6380.6076666296,8475.98272194826,8092.7481233079,6515.9294342183,8119.45147183399,8338.52754889062,8292.16160531556,9124.92751366319,8602.09521373746,2525.82451163284,6477.30300451488,2254.25555125205,6211.2287771606,8326.16929948658,2426.99739102811,8078.91770019301,6840.80930522114,2391.93151266757,8128.71490885505,8065.31607339062,6483.99232769511,8510.15128011673,6229.60505829886,8368.96405803758,8277.59768804289,7690.80410745939,6329.4298474254,8169.22247566234,2380.96798082368,8005.1656049817,6253.70355249962,8586.92009501023,7588.23604539163,2382.38279204948,2324.93137791717,6339.71344480838,6368.7950384796,8169.93468535221,6442.33258362709,8414.17290659683,2408.14632338067,8370.58607431687,8436.08602733726,6331.34367677833,2335.44257880407,8127.28642648713,2314.75391656814,6028.00363561043,8200.98534236993,2487.41103324869,2495.54033788914,2214.95486580838,8353.33568399209,8707.70955285761,2330.90678855367,7856.16812298361,2297.13427125006,2406.02116529854,2173.05033848965,6229.48817781069,2464.47961528314,8231.65819442048,6408.47114914444,9121.52081874773,8091.31262315053,6352.01058778703,2378.00158494417,2459.08744589461,2405.38657278286,8302.60679657808,2364.4014710684,2515.13080267704,6464.34355114073,8087.29981321509,8433.18910170152,8382.84473132494,2438.76601892298,8254.64261464631,8338.20545213689,8525.68001150335,8591.64210304133,8355.764409784,8690.13451397326,8657.17827784447,6512.64885967952,6490.59859522592,6395.97526513599,7918.7579516706,8245.26081728143,8083.88824623213,8222.93813871854,8462.96350265486,6362.05055643987,8507.03847574433,6388.84149367556,6547.59065671141,8075.87242929514,6481.6959369539,2499.29081142228,6331.12062799911,8165.33834974489,8622.63689778827,2179.47572996542,2284.01360189158,6092.60156370402,8638.87243843744,2480.07490807803,6781.0317846093,2347.30428626765,2318.65610887064,8325.76193928749,8290.89676083811,8363.74379031354,8477.68600751006,8494.67251331347,6144.05006438283,6421.7276933824,2188.89576138696,8069.37866093861,8197.59818940237,8350.94678363007,8261.25554448813,8240.86222555588,8060.00906885925,6237.63183225552,8216.37538421366,8303.33862803851,5240.61492301331,2025.68870088409,2127.05746007492,5458.76253982062,2183.89094208262,8169.80180046622,8400.58579066423,2218.55350642187,7883.43653054489,7854.5604568221,2294.50217125221,5430.05718779549,2256.35733116647,8378.50513745168,8333.38845052882,7526.49316075884,7861.89415904415,5041.59971473148,7758.99746462193,7122.32285897019,5124.305222892,2237.55838831986,7732.48527640838,5639.00933766775,5017.58245696214,8340.87507340098,2052.11636184758,7683.53327064905,5333.68968589859,2097.65866615142,5329.17178738872,5267.42448498316,5518.9878084213,7642.01888105226,2100.73772557834,8086.75654468541,2084.82019422353,2278.85952262908,7498.87440886934,2188.78370006597,2008.89557035544,2072.99232933303,2038.79147062325,8252.75324588653,5233.96925106026,5538.79759368142,7514.49214409766,5368.81959551226,2324.24707578115,2070.91949168811,2131.81168910454,2126.8603073818,5297.10890540533,7824.74904559798,5579.7272558727,7965.90450270856,7716.40776527461,1976.80311082455,4950.44374172955,7708.62154832954,7560.87906696763,5603.30010680988,7222.11241453419,8356.08000932742,8115.70464904177,8078.84765004295,7665.96009656342,8381.93262924935,2161.34657549306,5275.77751053208,7530.92089573973,5583.41972970408,2125.06836599351,8002.99649950855,5372.01517874262,2097.2688391928,5701.33495705893,5355.64414534794,2207.12526456583,5383.18639507103,7645.0583858829,4854.61068132439,7792.28165971528,2559.00836010087,7665.58911908602,5637.29223589292,8229.3423854818,7699.63852683937,7751.4408697994,2153.44425692979,2151.62008347636,8290.30452711732,5422.34734945266,7803.82629908952,2209.37814082691,2321.98485606459,7355.19565803259,5210.22215727735,8262.26072813802,2033.96783020463,5139.37252629803,7556.08168201155,5256.18936349362,7196.51866941727,4914.13621745003,7964.81573759422,2054.5563880293,7651.75370947066,7785.95238612963,5533.3175687609,7744.79268671007,2217.23917115463,2180.24716296827,7897.20323239086,5484.29080565988,8295.41755163171,5380.48060090817,4924.42220980222,5318.97849537999,7325.10443640099,2198.95653429425,2154.710003529,5446.8167571419,5316.00661045226,5340.10010553015,7761.36510733699,5204.83320857892,2034.38279513395,8119.16435875413,5521.54020167736,8408.24695058682,2101.58484259857,7747.74842282746,7818.04497692354,8238.27328192145,2095.77967867227,8285.64032293473,7696.54560940858,8034.25443160634,8250.75271002002,2163.99700162029,8299.41163101884,7655.28951085981,8343.99067186428,2178.15528478135,7886.42055138513,7818.72380689797,5155.01909777975,5534.46536606531,8212.31149823793,2080.46286283165,7245.62132707903,7879.65833205306,4833.69522120799,7632.10318858128,8359.19004868871
779.080360561821,1047.60726414977,835.621119880387,814.638588252553,6583.8610916884,6747.17549183178,1173.4411897288,1145.79703804395,6635.02039879274,1360.33447693231,940.149742118696,1282.2814674991,1435.02271538646,1075.79273592135,1347.43513326569,1862.81441408098,1720.17003721455,1191.93748273574,6860.49814722066,1148.27138520864,898.632627666752,1104.90416217251,1220.62966575348,1324.21744469706,1033.70193954069,6497.17942477161,1059.21421048778,922.414634581306,6609.50399718946,1120.93710867319,935.474112006857,6753.15933072852,1388.75971537437,433.302050407463,1396.74781659326,1045.45802877717,6519.52500436071,1349.56775619886,406.544498883476,1236.86355206272,723.425115463673,6844.68006179526,1257.5770333702,1298.84366055156,1328.31858454857,1153.03951458514,1337.17222603203,822.712439575374,307.121418334754,6564.5173634121,1369.15556469708,6521.10935473876,6600.13296631758,865.13435144749,6696.21322331533,1234.6959340861,1234.73271154159,939.698159088697,1173.23250055119,6738.37095853519,6621.76612324592,6302.52325631662,6660.30444016604,1692.75123695303,6765.7473989541,6843.19185388961,6719.17345826454,810.638453927082,1112.98300147294,1024.17554324989,614.378382450409,141.328617937652,785.156434994813,2530.48075676251,897.27001979716,446.664861211811,2867.02371491483,1915.15205475806,933.461042952567,2579.64311408808,2294.08876953089,2364.42433166484,391.051068828578,25.9666594593408,7207.30751945945,2226.11327688367,32.4490234074997,662.279064764224,7615.62579429475,7005.64373398929,2985.55062642993,476.319057647622,76.2259431990307,546.795406654028,2472.95474000121,2330.55915372548,906.196696899776,7310.19240425739,7178.34333040375,7076.82348173622,1e+08,7159.50809007015,268.126167066027,7316.83968500148,2439.75323497772,702.323936268174,7333.36536024434,378.152161987637,605.598504901071,580.875546097745,513.774609470328,12.1517928734735,7055.11500626426,1221.4794051762,7130.41127992429,1319.84247475421,2500.81991976001,7527.70879254592,95.2924047498911,7441.65860000234,7103.94639098527,272.528800729537,482.36818850994,7197.66752481585,6964.39398052627,1166.93072115184,7572.34794987334,119.109699830176,380.920036407188,7386.37366223155,607.375212892122,2263.18125084336,2258.55903267186,2068.28755863398,589.678410475326,6984.50793379883,1659.16023091037,6929.4257872531,1644.75067034232,1887.59934814678,1616.86375921846,7084.044070885,2888.95324168603,1775.92368622089,6987.38851861226,1598.98138233827,2941.77219797515,6950.78839869531,1497.97814966036,7328.10702074896,2959.25831589209,6902.94350328701,7174.63305559779,1467.17564966419,1427.09859132879,1498.83283215003,1548.80888422785,7002.07677980116,1550.14342077862,7046.62854699761,1660.90115837533,1901.2388928119,3090.00159482451,1710.91780948933,2436.32419319981,1665.94887674964,1580.72729654343,1591.97003192513,2763.52283944816,1810.65480504306,1545.99187375052,2885.45574201986,1492.25682601331,1656.87016841353,1594.25872832663,2230.09857850405,1872.66684029321,7247.51081644546,2805.23178850942,6946.92976669515,2911.22736805314,1611.97789015988,7400.54786643995,1465.47792696162,2464.47982848888,7023.42797774076,1507.71281698491,1478.93938935543,2624.41270847201,1747.40464490778,2989.52494409366,1605.15427924802,1584.34691354873,1231.55884063076,2939.81391745142,1475.54674418695,7136.44708563154,1490.90571229767,2833.95792917057,1832.29799613023,1283.41903194615,7051.02537945244,7000.15003526585,2954.76748396837,3012.72581102059,1497.52190376902,2693.9592702356,1664.3088301564,7164.87367241628,1606.97512893263,1661.70448979241,2952.83961652462,7201.51660898459,1469.99951040759,6931.4410348901,3203.98542205411,1598.51522974324,7310.5054470324,6967.07086283101,7075.16765224058,1603.6950742767,1930.16325183952,7006.65898707268,1357.15750782842,6998.73029883988,7291.95368686573,6634.8923191057,3032.87067161217,7257.0368209627,1610.57767471811,2767.53086998395,2308.7865390443,1529.4173058027,2819.09564951377,7243.40122954106,7068.97088102758,6926.00612743089,1601.61945259117,7126.34552804316,7285.93057204668,2999.72588313076,1534.09605383058,1672.42840716182,1627.01720214123,7250.11241714824,1514.40568011182,1677.30208673541,1828.21863893071,1853.3803337086,1617.88183363005,1910.47051488562,1868.61551189469,2782.46627357115,2846.86331861583,2845.36223435874,1449.2004682723,1589.9190508534,1513.77940370611,1568.83306248006,1726.99886999244,2980.35548176788,1813.32128590256,2790.47105946013,2632.21978808918,1509.33079232985,2625.99480777101,7187.82995931193,2895.52182703795,1578.78480850924,1847.45307498163,6665.26523461362,6807.57206726888,3119.80877548357,1887.63524968292,7353.25196556685,2544.05706494008,7206.98242176053,6912.69140565065,1646.70564698106,1573.08014497524,1605.87192769244,1780.46490734822,1769.23776425439,2956.09862064513,2689.91462815955,6837.41660297822,1490.54525971734,1616.07100069636,1707.15695396445,1549.08697097553,1610.70094992594,1526.92096433079,3202.14976860224,1559.762273525,1576.80575178383,3622.42519441567,7565.84120844136,7434.40926989721,3469.86172695762,7333.19899444645,1458.05528770768,1697.08393303165,7630.9465352623,1345.76873693664,1287.08931324354,7576.14563294171,3376.558196075,7583.88987875475,1673.12510332766,1609.89103664508,1189.6531478324,1296.08989743463,3849.38144339554,1273.59564836764,1057.46688624662,3768.35078162285,7609.30322372568,1240.98351477333,3250.986427797,3761.601732387,1566.56910079871,7467.43604635116,1229.03521342812,3376.33871508475,7531.84765714424,3330.44865679465,3555.078516809,3262.26133174257,1176.61541233569,7427.64976038436,1417.26382981121,7401.37655565371,7515.85308233768,1111.34288734096,7514.45276119886,7687.27359376914,7589.0564883401,7609.2129901755,1579.08369020842,3456.93018877227,3281.49298680188,1094.3999923216,3443.07170979126,7566.50916305571,7414.95045431182,7486.84749424825,7548.87299168337,3386.92622578614,1267.25311746174,3283.846260112,1343.97362188362,1170.81545022548,7376.86399796691,3788.86017898909,1156.19091776256,1173.49682669833,3146.0975280088,1044.41368906472,1667.88063353694,1429.40446943317,1462.84500813064,1206.81652576933,1667.49087318497,7291.79921552274,3506.94792556849,1128.72415157498,3192.81985173536,7455.23905764516,1410.52478577134,3372.03271236689,7494.76692752628,3104.15139336139,3542.17799485398,7519.75509922167,3384.0108081958,1187.84202633309,4034.9402798448,1321.41519326199,7881.72070983629,1171.41617169744,3165.33815922645,1529.54145285822,1173.41335615614,1238.9180347931,7512.57062864872,7560.97490350518,1641.31348969322,3462.24904990667,1191.54132127973,7833.58738664176,8057.99861265729,1071.29220884506,3595.78593661316,1583.37941776496,7390.74796189312,3541.1115249064,1155.11955355911,3631.00478622959,1023.10762578122,3567.58154976362,1360.03493390846,7505.77019651789,1199.34860827768,1304.66481490796,3260.16188176987,1144.33027798693,7552.62198195528,7411.46709520426,1342.93210274546,3295.85495251881,1556.39048770035,3552.66706895404,3743.32571664172,3534.42619927453,1095.95157653652,7503.91725883029,7355.73712609279,3269.87359520776,3643.68651209915,3537.99077741328,1240.40901724119,3546.45841786575,7547.83392329016,1493.24920665022,3319.01420071688,1720.84750235881,7708.41843147188,1167.23621900814,1256.0783585023,1547.99021515449,7576.79974327078,1604.49955107219,1200.65163839701,1396.72308242605,1650.30134612644,7303.87878386578,1697.25006684375,1184.2120974386,1661.7516155661,7587.27901697889,1248.05434279352,1294.51929175125,3494.31716396384,3188.27298327811,1578.65162938226,7451.74791227228,1006.83302542018,1278.84149575687,3914.88277199179,1200.22270920065,1664.03402568459
7938.58845063196,8207.11535421992,6323.88697018975,6344.86950181759,575.646998381741,412.332598238359,5986.06690034135,6013.71105202621,524.487691277391,8519.84256700244,6219.35834795146,5877.22662257105,5724.48537468369,8235.30082599151,8506.94322333584,9022.32250415112,5439.3380528556,5967.57060733439,299.009942849485,6011.2367048615,6260.8754624034,8264.41225224265,5938.87842431668,8483.72553476721,8193.21002961082,662.328665298521,8218.72230055793,6237.09345548885,550.004092880682,8280.44519874334,8094.98220207701,406.348759341633,8548.26780544451,7592.81014047761,5762.76027347689,6114.05006129297,639.983085709439,5809.9403338713,7566.05258895361,8396.37164213286,7882.93320553382,314.828028274891,8417.08512344034,8458.35175062171,5831.18950552156,8312.54760465529,8496.68031610216,6336.79565049478,7466.6295084049,594.990726658049,5790.35252537307,638.398735331394,559.375123752574,8024.64244151765,463.294866754808,8394.20402415626,8394.24080161174,8099.20624915885,8332.74059062134,421.137131534953,537.741966824228,856.984833753523,499.203649904094,5466.75685311711,393.760691116059,316.316236180534,440.334631805589,6348.86963614306,8272.49109154309,8183.68363332002,7773.88647252056,7300.83670800779,7944.66452506497,4629.02733330762,8056.7781098673,7606.17295128197,4292.48437515532,5244.35603531209,8092.96913302272,4579.86497598207,4865.41932053925,4795.0837584053,7550.55915889873,7133.54143061081,47.7994293893075,4933.39481318648,7191.95711347765,7821.78715483437,456.117704224613,153.864356080859,4173.95746364021,7635.82714771776,7083.28214687112,7706.30349672417,4686.55335006893,4828.94893634467,8065.70478696992,150.684314187255,18.8352403335959,82.6846083339274,7159.50809007015,1e+08,7427.63425713617,157.331594931325,4719.75485509242,7861.83202633833,173.857270174207,7537.66025205779,7765.10659497121,7740.38363616788,7673.28269954047,7147.35629719666,104.393083805876,8380.98749524633,29.0968101458621,8479.35056482436,4658.68817031014,368.200702475787,7254.80049482003,282.150509932212,55.5616990848723,7432.03689079969,7641.8762785801,38.1594347457016,195.114109543878,8326.43881122199,412.839859803206,7040.39839023995,7540.42812647734,226.865572161407,7766.88330296228,4896.32683922679,4900.94905739829,5091.22053143616,7749.18650054548,2256.81694542316,8452.70390594321,2213.39761798139,8477.0447928735,8765.19522032717,8380.52130547974,2270.45769658567,6431.45971881574,8644.70268969964,2426.57118885683,8378.42039196044,6306.65883405619,2310.83200722174,8186.57290811187,2493.39823326222,6332.2742768482,2472.30302302639,2335.03301526978,8033.95544272608,7893.17453858551,8199.27957592499,8191.14486097607,2285.13023272818,8211.3430604393,2288.69902041797,8491.45561063665,8639.15021120778,6366.31480836968,8464.12151828693,9388.96693473304,8520.19169997201,8379.12559938261,8382.18602978824,6456.82430264875,8557.76572161807,8174.46229480639,6591.51765034766,8201.32425366792,8420.41204157549,8374.103552065,9207.11810638652,8683.98575611139,2536.25707269188,6553.29633547516,2273.57903230169,6286.73813027776,8408.13301395604,2431.29928632428,8160.7838187052,6918.41419663634,2409.11125825023,8210.56942064299,8147.13298995952,6560.85963797719,8592.15668478342,6304.67807151928,8451.02178259313,8359.53576761009,7772.63211282225,6404.74515843738,8251.21050168989,2394.19709348335,8086.86710449633,6329.60458997922,8668.87899800517,7669.86533572903,2398.57407334021,2342.62848731452,6414.94639600383,6443.70996075636,8251.87762051576,6518.87708090084,8496.18272234078,2420.5600086013,8452.64277573273,8518.14404580116,6406.58859343156,2346.07201362816,8209.21857269783,2334.80628481187,6101.91956763579,8282.75908252008,2495.40760159338,2515.02109512328,2229.45215213481,8435.3676882209,8789.68586149474,2348.40128864762,7937.94425426611,2314.76980460599,2413.97909521662,2203.39677382577,6304.31933930066,2474.12188662643,8313.45721542874,6484.66135253675,9203.47567588948,8173.06097576453,6427.95342930803,2387.45224061741,2475.05540595567,2425.90139063136,8384.55104389518,2377.88358932542,2524.1908926511,6539.32910857683,8169.03164465495,8515.21697988572,8464.87960478894,2448.44840905641,8336.69225169987,8420.04208555163,8607.52090186779,8673.55868639575,8437.76925579963,8772.12180094347,8739.19831251911,6588.75440600017,6566.38210745206,6471.77381622161,8000.42667341689,8327.12984137172,8165.65905652355,8304.81547884542,8544.92266879231,6437.14210916869,8588.87792869485,6464.92082262028,6624.41469320657,8157.64045682356,6558.55624129813,2511.52801527427,6406.67126248759,8247.0966873943,8704.63460370656,2208.73966790665,2308.28619029454,6166.98921353829,8720.80468542506,2486.53724787194,6858.27998807458,2357.82274533083,2339.36848333225,8407.64627980071,8372.88325443746,8445.79022087851,8559.54643606829,8576.59433363991,6219.34810013046,6498.29618578447,2212.01327295288,8151.17707822544,8279.32637119407,8432.737079717,8343.24222989767,8322.67692847164,8141.714426065,6311.48355437466,8298.26150434072,8385.33913687337,5312.5885160577,2018.54716060488,2126.83912319886,5531.50551730865,2188.32734570757,8251.82709910535,8482.49375023965,2211.58352098769,7965.27006726024,7936.47094294357,2290.76491108486,5503.52591378012,2251.80197332467,8460.4267960579,8415.3700093383,7608.24637888247,7943.79669014871,5112.09913807651,7840.8203138595,7204.10240608703,5195.32188972368,2231.73317101633,7814.33999248504,5713.00709586861,5088.90427741888,8422.96578879767,2049.59585363649,7765.35846844782,5407.34870558886,2093.02496709983,5403.17309004451,5339.87377750926,5593.09799263663,7723.89804089754,2100.48657634007,8168.73412767531,2085.47207787113,2277.24835799154,7580.74454166896,2186.08724958563,1996.08281819684,2065.56765656191,2029.95587806815,8334.65938258173,5307.24613666194,5612.74322458195,7596.40301757432,5441.91822768362,2321.27082447228,2070.84556006405,2129.50390889216,2121.92315452433,5370.76873686906,7906.66044490219,5653.59182433373,8047.85177633944,7798.37194602374,1977.26467463352,5021.7011321665,7790.60310499893,7642.69020172674,5678.04059438707,7303.94149931803,8437.9717002947,8197.70236555833,8160.71918033656,7747.80830786242,8463.87375494914,2167.19764493828,5348.5811112076,7612.78612508512,5657.88740965551,2123.97368838819,8084.86334926629,5445.62713178355,2094.18464598127,5776.19295163473,5428.02311224946,2204.45366456899,5456.6896403641,7726.92039801697,4923.85625804001,7874.05059862907,2547.78292577981,7747.50044398065,5711.85452557962,8311.3162651862,7781.58069031173,7833.32021991377,2150.36347789776,2146.53053158225,8372.13692577369,5495.2072385267,7885.85069590465,2193.94276079292,2299.55234828286,7437.03967127127,5282.47124165415,8344.17395881225,2034.48603445095,5212.21922009592,7637.92146455309,5328.06358724948,7278.3746593889,4987.39996088139,8046.72997670582,2050.4327025371,7733.60146595395,7867.7465551738,5607.41763101901,7826.83294983269,2213.39070625513,2181.56027069384,7979.06022070795,5558.23079879447,8377.4485130513,5452.73584249125,4996.1513294819,5391.48503618807,7406.89038437484,2196.81210526567,2157.96775316828,5521.00568502111,5387.66853228915,5412.53948843148,7843.25276977912,5277.48394409702,2028.15767226911,8201.03457525136,5595.25604224886,8490.11372008881,2089.49563745446,7829.7523760029,7899.96918931035,8320.22256983063,2089.22156843895,8367.54778351439,7778.43602508597,8116.19469842101,8332.4941196309,2169.39706011127,8381.1302510323,7737.16797025902,8425.87403032144,2172.36543724231,7968.4437602212,7900.57633015995,5228.1956367182,5609.04633459657,8294.14895993951,2078.96384672206,7327.52050225912,7961.61589505984,4904.13183000153,7713.93040530394,8441.0964155682
510.954193495794,779.48109708374,1103.74728694641,1082.76475531858,6851.98725875443,7015.30165889781,1441.56735679483,1413.92320510997,6903.14656585878,1092.20830986628,1208.27590918473,1550.40763456512,1703.14888245249,807.666568855325,1079.30896619967,1594.68824701495,1988.29620428057,1460.06364980177,7128.62431428668,1416.39755227467,1166.75879473278,836.777995106482,1488.7558328195,1056.09127763103,765.575772474666,6765.30559183764,791.088043421754,1190.54080164733,6877.63016425549,852.810941607158,667.347944940831,7021.28549779454,1120.63354830834,165.175883341437,1664.87398365929,1313.5841958432,6787.65117142673,1617.69392326488,138.418331817449,968.737384996693,455.298948397646,7112.80622886128,989.450866304171,1030.71749348553,1596.4447516146,884.913347519114,1069.046058966,1090.8386066414,38.9952512687274,6832.64353047812,1637.2817317631,6789.23552180478,6868.25913338359,597.008184381463,6964.33939038135,966.569767020077,966.606544475569,671.571992022671,905.106333485165,7006.49712560122,6889.89229031193,6570.64942338265,6928.43060723208,1960.87740401907,7033.87356602012,7111.31802095564,6987.29962533059,1078.76462099311,844.856834406914,756.049376183866,346.252215384383,126.797549128375,517.030267928786,2798.60692382854,629.143852731133,178.538694145784,3135.14988198086,2183.27822182409,665.334875886541,2847.7692811541,2562.21493659692,2632.55049873087,122.924901762552,294.092826525367,7475.43368652548,2494.2394439497,235.677143658527,394.152897698197,7883.75196136079,7273.76990105531,3253.67679349596,208.192890581596,344.352110265057,278.669239588002,2741.08090706724,2598.6853207915,638.070529833752,7578.31857132343,7446.46949746977,7344.94964880225,268.126167066027,7427.63425713617,1e+08,7584.96585206749,2707.87940204374,434.197769202149,7601.49152731039,110.025994921611,337.472337835045,312.749379031718,245.648442404302,280.2779599395,7323.24117333028,953.353238110176,7398.53744699031,1051.71630768818,2768.94608682604,7795.83495961195,172.833762316135,7709.78476706839,7372.0725580513,4.40263366351043,214.242021443914,7465.79369188188,7232.5201475923,898.80455408581,7840.47411693937,387.235866896202,112.793869341161,7654.49982929758,339.249045826095,2531.30741790938,2526.68519973788,2336.41372570001,321.5522434093,7239.55145623554,1473.66500719228,7184.93302154285,1451.50438510391,1676.52932883287,1439.94433084985,7339.04385358385,3016.79830355042,1569.98862116531,7240.37884502806,1419.54135478004,3078.97944720336,7205.16315824025,1345.21210721452,7580.9625373695,3094.35619871039,7155.26367239019,7429.02953566203,1344.4518147364,1330.85882325494,1343.30016506703,1402.66238839363,7256.80508401563,1399.76604874318,7301.36585539098,1467.34267653494,1716.54303599693,3221.70316899798,1531.47460358876,2201.85407723153,1467.04086307359,1398.01240780257,1410.50460860965,2890.20499091731,1627.91380232584,1403.08299970136,3000.34280967139,1335.21287588964,1477.90920201203,1414.9772616095,1994.09895560249,1674.98243275174,7499.61239715549,2923.56731484955,7201.74544955618,3050.25169020576,1428.18505622137,7654.36869503867,1313.56923204229,2549.53399158491,7276.68195658654,1351.00519538341,1332.26189256828,2743.16966613811,1547.42983166182,3126.48252125047,1410.6235488149,1406.62871796676,1141.29908743747,3069.44158218358,1304.07298720103,7390.06446301415,1359.5700026989,2970.39207275643,1631.01722184075,1223.64545571016,7304.44811490537,7254.18953826954,3083.50775396815,3138.94685848938,1329.65201181311,2815.89612877333,1470.32063059533,7418.22498144308,1412.40945696112,1462.48510883109,3082.24230642707,7455.83667218617,1307.4940461087,7185.51055531192,3353.67083769645,1439.87528456087,7563.2866799362,7218.90414044966,7330.62651513204,1412.40955186832,1721.40467842706,7260.63603743293,1242.02067021202,7253.10319570952,7545.67624790214,6890.58426149043,3169.52420824601,7509.93942069055,1447.17659049507,2891.84926094362,2085.53908138217,1384.41946792082,2947.72398525119,7497.32239105581,7321.46726623501,7178.94045777818,1421.27005874955,7380.14201212221,7538.28596625438,3118.55846069801,1390.66656024598,1475.74519723696,1433.31465817928,7503.31311396405,1329.67692380103,1501.70693541698,1638.42135520427,1654.62700353085,1428.56520230587,1701.85804982356,1659.46223258808,2897.89984630241,2963.93892702526,2970.22981268226,1331.65267992163,1420.28355003893,1368.12827809372,1400.71572964437,1533.39503930215,3107.23226565434,1624.85379700909,2916.27197693742,2745.20903196098,1364.81667794379,2744.9461363745,7440.0996915098,3025.294843019,1424.87908134544,1641.58715984425,6920.86423839033,7061.91203614023,3265.72488117273,1685.21828154592,7606.2645089385,2635.26873326722,7461.17510671907,7166.69169847385,1468.81720610087,1390.44384524105,1412.6429037557,1592.63494996721,1576.13450763515,3099.79547379703,2813.66536638429,7092.91044252748,1344.69604452642,1460.7936297366,1533.60295500503,1369.00473917281,1445.33314801158,1388.47197551016,3337.28704086095,1391.63146479172,1392.0098712277,3814.17694874635,7824.61726998077,7691.7148717299,3651.91650978651,7589.59370579382,1283.35131960446,1511.56967853386,7887.99718121116,1222.45849181569,1162.4435120426,7832.15017089763,3561.64834715321,7840.34466923894,1488.31264947718,1424.14098469447,1136.65765003895,1170.91373927348,4047.90057259051,1171.30034782465,1099.09868792766,3963.96100062122,7866.06280782369,1141.22423377063,3425.48444802692,3962.4802959039,1371.35833053616,7725.61652499828,1140.33064961433,3566.94559465607,7789.7832352151,3522.14285102368,3746.40852424205,3443.96599866913,1092.50992010788,7685.2083359443,1255.5509441305,7659.01978017413,7771.80005740173,1058.62870360218,7771.37558938101,7946.67234903648,7847.44829452316,7868.01903064692,1406.01698867051,3651.65658615777,3461.67844791981,1035.86841037578,3630.58914594882,7822.14297273938,7672.77706279249,7744.27530020309,7806.56973902942,3579.40693277338,1147.3432021313,3461.50417344369,1199.94646629596,1065.90818471567,7635.52414004488,3992.52025072991,1051.37526081165,1110.27395717228,3324.56744788516,1060.80556320078,1486.97924460475,1262.73804634313,1310.53609529341,1120.00083759749,1481.00071054612,7548.32646250153,3698.57574410129,1069.04457453226,3371.73027153559,7712.63231370949,1267.94728128675,3560.53309676972,7752.57866175271,3276.98832547465,3728.94655103596,7776.5005286639,3571.67108624561,1104.24998884782,4239.58085364432,1217.0156538545,8136.11947949857,1080.38756711305,3341.30349109706,1353.3883077342,1073.44105365198,1134.00005457781,7769.86088020956,7818.45915904278,1470.15131453768,3646.46890560368,1065.63246456508,8091.63248716535,8316.04182698103,1053.95809009671,3789.5127602032,1408.91253970808,7648.87857276099,3739.41159741703,1091.34824088186,3821.82431538867,1045.7391504587,3776.80945267699,1218.85359083506,7764.05198866889,1115.34604119726,1199.67010809627,3441.03021034986,1027.56623452196,7809.38000912326,7668.13511824074,1215.83629056892,3479.08388457835,1369.77533041344,3737.93761057555,3948.92200371256,3723.29647314872,1087.67287277224,7760.69368448105,7612.51166150231,3455.79153100115,3831.20500649486,3725.66396781342,1133.1195274089,3741.2399024931,7806.46080725505,1336.42997597709,3499.64166350317,1537.61616234839,7966.99690237306,1053.14392478466,1136.26747456402,1372.95867101793,7834.91664074833,1428.37519751748,1105.07709138097,1244.3812348792,1488.90487345001,7560.4092169707,1532.78958879411,1097.49735898972,1482.42234333115,7844.58468551828,1108.85759158488,1180.02702064413,3692.61487590437,3370.32238484189,1414.45975818966,7709.59080347125,1016.07779617806,1146.45016678735,4122.02931898219,1121.40662855549,1481.83518048212
8095.92004556328,8364.44694915124,6481.21856512107,6502.20109674892,732.978593313066,569.664193169685,6143.39849527267,6171.04264695752,681.819286208717,8677.17416193379,6376.68994288276,6034.55821750238,5881.81696961501,8392.63242092283,8664.27481826717,9179.65409908244,5596.66964778692,6124.90220226574,456.34153778081,6168.56829979283,6418.20705733472,8421.74384717397,6096.210019248,8641.05712969853,8350.54162454216,819.660260229847,8376.05389548925,6394.42505042016,707.335687812008,8437.77679367465,8252.31379700833,563.680354272958,8705.59940037584,7750.14173540895,5920.09186840821,6271.3816562243,797.314680640765,5967.27192880262,7723.38418388494,8553.70323706419,8040.26480046514,472.159623206217,8574.41671837166,8615.68334555302,5988.52110045289,8469.8791995866,8654.01191103349,6494.1272454261,7623.96110333623,752.322321589372,5947.6841203044,795.730330262719,716.706718683898,8181.97403644895,620.626461686133,8551.53561908756,8551.57239654308,8256.53784409017,8490.07218555266,578.46872646628,695.073561755554,1014.31642868485,656.535244835418,5624.08844804844,551.092286047384,473.647831111859,597.666226736916,6506.20123107439,8429.82268647441,8341.01522825135,7931.21806745189,7458.16830293912,8101.99611999627,4786.35892823896,8214.10970479862,7763.50454621327,4449.81597008663,5401.6876302434,8250.30072795404,4737.19657091339,5022.75091547058,4952.41535333664,7707.89075383005,7290.87302554212,109.532165542018,5090.72640811781,7349.28870840898,7979.1187497657,298.786109293289,311.195951012184,4331.28905857154,7793.15874264909,7240.61374180243,7863.63509165551,4843.88494500026,4986.28053127599,8223.03638190125,6.64728074407023,138.496354597729,240.016203265252,7316.83968500148,157.331594931325,7584.96585206749,1e+08,4877.08645002375,8019.16362126965,16.5256752428815,7694.9918469891,7922.43818990255,7897.71523109922,7830.61429447179,7304.687892128,261.724678737201,8538.31909017767,186.428405077188,8636.68215975568,4816.01976524146,210.869107544462,7412.13208975135,124.818915000887,212.893294016198,7589.36848573102,7799.20787351142,119.172160185623,352.445704475203,8483.77040615332,255.508264871881,7197.7299851713,7697.75972140867,69.5339772300819,7924.21489789358,5053.65843415811,5058.28065232961,5248.55212636749,7906.51809547679,2298.75915231907,8608.6565773175,2258.93264146632,8633.14282338475,8921.31400594911,8536.40707557202,2305.78265308412,6575.74428652217,8800.8506873861,2468.98866735706,8534.37324428166,6450.50246863173,2355.15672605313,8342.33853117961,2514.90198681925,6475.92317292036,2520.04741528395,2364.78016280042,8189.42506791082,8048.46088416457,8355.07874972273,8346.71986331485,2326.00884041547,8366.97213546893,2326.63806708347,8647.53637521262,8794.70121225508,6508.60711867669,8619.8914874519,9545.18755203236,8676.35332864243,8535.155500082,8538.18011319776,6602.27861808579,8713.42874187537,8330.00024362749,6735.80680608996,8357.15525871464,8576.26358450466,8530.06160036399,9363.53371583497,8839.84723648062,2563.36681147529,6698.33359687663,2318.06076533834,6430.90417946484,8564.13117367998,2447.19154930351,8316.60272241019,7066.39837220698,2449.18818669405,8366.36660041326,8302.86102541631,6707.50429175449,8748.23120876876,6448.04070487153,8607.19368486497,8515.4867307543,7928.38285834103,6548.54557141749,8407.25432612012,2426.96178169701,8242.38219728793,6474.48735275845,8824.86711843515,7825.25007837578,2436.84519070035,2383.87192910105,6558.59456439157,6586.77088919279,8407.83807177942,6664.93045192607,8652.26580042129,2451.71982707264,8608.8127788169,8674.31623554734,6550.25940099988,2374.1319410514,8365.159283161,2380.4387683456,6243.17366064655,8438.40651127442,2518.06251418323,2559.06698939191,2265.1312124852,8591.49206727695,8945.70571524921,2389.25038101806,8093.59818806792,2355.98851539083,2436.81000821477,2268.3536837816,6447.23737433058,2499.93018375226,8469.15122194235,6630.06524840891,9359.45415786591,8328.66211991325,6572.90619757735,2413.16922881684,2512.68361082151,2472.11469775761,8540.51329933415,2411.17180732886,2548.75989537316,6682.51270828398,8324.60227337495,8671.33340537212,8621.00917429197,2474.40936257147,8492.84964286509,8575.80508785794,8763.29082348442,8829.46843107892,8593.84338061714,8928.16205812897,8895.2993455053,6733.99587112913,6711.03240494693,6616.45821133729,8155.88178451055,8482.95324185184,8321.30175934011,8460.65437367681,8700.91180892994,6580.52849513471,8744.64528279404,6610.12209841013,6770.97613615466,8313.27806394332,6705.18813987017,2542.08797531125,6550.90430220306,8402.71584449277,8860.69442391392,2271.70483247749,2361.78867964955,6309.10391317857,8876.74322568005,2506.33228041525,7005.60999722591,2385.63633067174,2386.20745257869,8563.49760442597,8528.92370680652,8601.9412483157,8715.35276190726,8732.51421085373,6363.13108118782,6644.39493957683,2263.70298600075,8306.87089676692,8434.8895712039,8588.4142838794,8499.28316683946,8478.39988680951,8297.23629143086,6452.59981287322,8454.11666951586,8541.40545979952,5450.37871477051,2014.28354491961,2135.2844092364,5670.67284627908,2205.32242858965,8407.93983450766,8638.38841199309,2206.83243928311,8121.02986547099,8092.37302841146,2291.88985996627,5644.02581537257,2251.51015900609,8616.3469094124,8571.40114806354,7763.86021181524,8099.68404395073,5247.22736517394,7996.56112124292,7359.76771319329,5331.38088815909,2229.09323843531,7970.1397907871,5854.45151551717,5225.53978128922,8579.19883064027,2054.00425360766,7921.10407705889,5548.20892174833,2093.21918007912,5544.65987201726,5478.530181682,5734.76171848847,7879.74349067778,2108.98039075502,8324.75902263242,2095.74061978882,2282.46675914752,7736.57420221375,2189.58742176895,1981.026849126,2060.54942406331,2022.39413222571,8490.55138449338,5447.42069944666,5754.10335756758,7752.30772498397,5581.74861774708,2323.73663265147,2079.80307162568,2133.97203199064,2121.41588213002,5511.63509952742,8062.56437749183,5794.79880895187,8203.82124082319,7954.37390055412,1987.66456539624,5158.23102977659,7946.63717236362,7798.41064179301,5820.84956122523,7459.69731750257,8593.83647449862,8353.76434489539,8316.54808757279,7903.59649938285,8619.82987183892,2186.93827886708,5487.88442295644,7768.60654352289,5800.19877658478,2130.76883922035,8240.68401628857,5586.39641471237,2097.32534282711,5919.20744629858,5566.53809763104,2207.92930958109,5597.25860618127,7882.73418535723,5056.73141088697,8029.69165717117,2533.74833416973,7903.40511713664,5854.33357678015,8467.33366126511,7937.54209348353,7989.16538469235,2153.27563243054,2145.63058968967,8527.89234709116,5634.59350101287,8041.96338939928,2172.97493072319,2264.60496097532,7592.82209288158,5420.7699834891,8500.07903479198,2044.72667941338,5351.62098020936,7793.69478488187,5465.66958175107,7434.18021536229,5127.59696085679,8202.63841178327,2051.78618316608,7889.3889047131,8023.43424134831,5749.06120699399,7982.975209005,2214.5915678655,2192.68457162115,8134.86325822028,5699.58689317192,8533.57119775941,5591.02077240377,5133.54706628825,5530.23874149208,7562.56599081836,2201.31984383578,2172.8599738436,5662.82177435748,5524.87674580991,5551.16727521219,7999.11322423001,5416.51791292833,2025.60223778943,8356.86083936901,5736.19732131212,8645.93212484995,2075.4145896651,7985.82759168849,8055.8968189491,8476.19444637706,2085.75776207764,8523.44207340954,7934.30193130199,8272.1508762242,8488.08146323092,2188.28064263847,8536.67514868363,7893.01204927551,8581.72344785153,2170.02409767089,8124.55387986484,8056.37157260284,5368.1978022309,5751.57035661945,8449.91416334398,2085.18315994079,7483.40528770392,8117.6047983364,5039.18595724029,7869.68006166289,8596.98832737259
3218.83359553954,3487.36049912749,1604.13211509733,1625.11464672517,4144.10785671068,4307.42225685407,1266.31204524891,1293.95619693377,4195.26716381503,3800.08771191003,1499.60349285902,1157.47176747862,1004.73051959126,3515.54597089907,3787.18836824342,4302.56764905869,719.583197763168,1247.81575224198,4420.74491224294,1291.48184976908,1541.12060731097,3544.65739715022,1219.12356922424,3763.97067967478,3473.45517451841,4057.42618979391,3498.9674454655,1517.33860039642,4169.75076221174,3560.69034365091,3375.22734698457,4313.4060957508,3828.51295035209,2873.05528538518,1043.00541838446,1394.29520620055,4079.77176938299,1090.18547877886,2846.29773386119,3676.61678704043,3163.17835044139,4404.92682681753,3697.33026834791,3738.59689552928,1111.43465042915,3592.79274956286,3776.92546100975,1617.04079540235,2746.87465331247,4124.76412843439,1070.59767028064,4081.35611976103,4160.37973133986,3304.8875864252,4256.45998833763,3674.44916906382,3674.48594651931,3379.45139406641,3612.98573552891,4298.61772355747,4182.0128882682,3862.7700213389,4220.55120518834,747.001998024683,4325.99416397637,4403.4386189119,4279.42022328683,1629.11478105064,3552.73623645066,3463.92877822762,3054.13161742813,2581.08185291537,3224.90966997253,90.7275217847989,3337.02325477488,2886.41809618953,427.270479937111,524.601180219657,3373.21427793028,139.889879110359,145.664465446828,75.328903312877,2830.8043038063,2413.78657551838,4767.55428448174,213.639958094049,2472.20225838522,3102.03229974195,5175.87255931703,4565.89049901156,545.79739145221,2916.07229262534,2363.52729177868,2986.54864163175,33.2015050234887,109.194081252242,3345.94993187749,4870.43916927968,4738.59009542603,4637.0702467585,2439.75323497772,4719.75485509242,2707.87940204374,4877.08645002375,1e+08,3142.07717124589,4893.61212526663,2817.90539696536,3045.35173987879,3020.62878107546,2953.52784444804,2427.60144210425,4615.36177128654,3661.23264015391,4690.65804494656,3759.59570973193,61.0666847822935,5087.95555756821,2535.04563972761,5001.90536502464,4664.19315600756,2712.28203570725,2922.12142348766,4757.91428983812,4524.64074554855,3606.68395612955,5132.59471489563,2320.64353514754,2820.67327138491,4946.62042725383,3047.12844786984,176.571984134365,181.194202305866,371.465676343737,3029.43164545304,4730.74857705731,3827.16308708,4669.96802683453,3841.38249430499,4124.89957333899,3760.55479920801,4829.50972269909,2842.96754864277,4003.77718309071,4762.0831327166,3753.91314647193,2782.76043028489,4706.8345576824,3578.08621651603,5099.50014206403,2814.62327059417,4688.33925221346,4927.17181040627,3449.47819712097,3325.40887018905,3588.22257854942,3595.87435049992,4752.45152516957,3611.91589001788,4796.24496597016,3856.77884353353,4037.48735254199,2931.00534959836,3850.7122094969,4736.85780310445,3879.74210622171,3749.35028751076,3754.81325968795,2779.65399099793,3950.02729798535,3582.11218443026,2963.01610206233,3588.00808525024,3802.17005804742,3749.30373463002,4544.34205735064,4061.39075657216,5030.3019624765,2882.23862628397,4696.8863873456,2745.98077102479,3780.12454919921,5157.91198018537,3549.02031932408,2966.43174692886,4793.90621181997,3599.45471590114,3542.00695117593,2773.78430328292,3956.68361039525,2814.59771800415,3810.67850926416,3735.43016662845,3173.66011638465,2856.75361113643,3622.26434957548,4900.21559941434,3497.97733674246,2726.17971223347,4038.18840473349,3101.1779269209,4818.74777247865,4760.11401750146,2874.66760882354,2935.60156453355,3628.72161811957,2783.9875792997,3861.29222869271,4931.87274582354,3812.40918271517,3877.00901844492,2866.99997705134,4954.73625961786,3588.10322228333,4692.03436799827,2817.86541499526,3680.72684096677,5083.15443951902,4758.0957632226,4814.39827259218,3798.43443231701,4155.52984092822,4767.39083127404,3342.37835000119,4754.0896888659,5052.09313591602,4377.19468948566,2844.73327657459,5028.81045750312,3707.67880405884,2804.25645035788,4567.67338745339,3576.32744977753,2793.60548683102,5001.50040716104,4849.16404829119,4702.48041077284,3759.31514950781,4887.80162924955,5064.70381662824,2998.2115863914,3574.51088020322,3877.85759808809,3827.23629354955,5017.93248061263,3698.72859083626,3807.79241480189,3991.97798930703,4047.94336632535,3804.21372688581,4136.84130264911,4100.33136360226,2895.20942111754,2919.06210342898,2845.16144437812,3417.76805611077,3712.2537253255,3566.16512653148,3689.23416334726,3915.70798912212,2908.78640871518,3973.77365681651,2803.71095787216,2829.57531408778,3558.66048515311,2772.91498609605,4969.25203476637,2828.26206512544,3647.67607951046,4068.83471248319,4408.42054125237,4566.3251255046,2803.83603433379,4092.72219223622,5122.16953335015,2963.13199760542,4961.87104546302,4674.54122721623,3789.61149299953,3742.47157368713,3806.92353181259,3942.28766770784,3951.57070122865,2725.21035541441,2764.94796985479,4579.46331836901,3548.3789797821,3683.148048823,3826.06845830443,3713.20129787938,3714.75591306378,3551.17078526834,2969.69627393337,3681.66527185511,3752.99369989832,2598.67784991595,5254.42643935293,5144.15160060092,2617.02136666983,5056.42238708111,3618.07125647577,3860.44073856548,5342.23698725998,3361.44139865618,3322.85761678397,5302.03782352242,2514.45293113178,5303.64845131305,3836.97346802482,3785.02294105476,3023.84307197259,3331.11894679401,2675.59422339845,3241.04058846452,2628.2780370395,2654.09113950411,5324.71214072542,3210.76557941228,2564.08569152286,2576.38314747973,3778.79168824866,5164.9596791581,3166.9404429313,2442.10953850976,5232.11393921975,2397.00277420535,2556.07407945077,2482.12846400887,3118.90050534269,5134.01472836772,3542.33825338271,5106.84346440424,5243.15830809738,2980.35077811475,5228.59256952255,5366.4981897819,5282.64812767165,5297.03888554184,3714.9620774226,2441.60635424287,2513.7505141233,2989.78909958303,2528.18279246104,5297.4856130218,5117.78417856206,5194.41725864022,5252.21701256476,2424.20097037798,3293.48406941659,2546.75369444375,3427.35143277075,3180.01536086937,5068.65205914297,2557.71122992274,3169.98312781262,3049.17446566236,2448.76971426809,2717.23302592495,3818.57397134517,3568.26363797997,3548.2535191152,3146.59427217949,3837.94700421846,5013.67145102749,2518.16559691196,3012.31701026902,2472.62317813288,5163.58437794607,3474.34279878824,2467.04498615321,5197.0520552278,2491.33616010704,2607.03105075377,5236.24015073043,2486.1130558866,3124.25235636636,2734.86312399372,3280.86927892415,5625.76921722949,3137.50365989871,2491.53985199679,3683.34134784308,3166.60139099553,3225.96444615491,5221.75689280941,5267.07906757396,3761.17304502284,2584.10878245725,3257.65637205197,5529.81632716934,5752.52631379756,2844.1933399462,2552.96431268501,3723.43612376134,5089.65853904265,2451.35687550317,3040.46417637691,2617.30097023367,2688.35790940373,2313.39223795511,3430.6290269527,5201.57335002391,3132.77192757847,3271.28233010047,2491.30285653113,3197.43955384304,5268.60850459214,5130.11743307484,3371.82256162888,2484.69312455698,3741.35279223756,2633.87560010362,2495.70963028954,2574.04992071373,2823.50141263751,5220.1428453358,5073.52807450722,2433.24917486203,2669.96929928807,2592.27090251793,3234.5547505079,2503.4830624608,5238.59111050264,3588.05462793021,2532.86710556691,3873.06324940235,5398.51475216045,3205.32385271592,3285.17983787236,3695.25495708032,5274.21283917991,3747.19526304284,3170.69699314746,3495.49594867349,3733.66586391818,5025.57260420751,3784.29324861965,3131.97674701983,3807.69382065657,5295.54735850927,3339.07719604235,3295.49864051881,2418.46252841888,2430.47647483375,3683.81416282072,5154.01114276713,2729.48742607465,3341.20588383241,2604.65459467147,3116.4230750164,3819.82082896319
76.7564242936464,345.283327881592,1537.94505614856,1516.96252452073,7286.18502795657,7449.49942809997,1875.76512599698,1848.12097431212,7337.34433506093,658.010540664131,1642.47367838687,1984.60540376727,2137.34665165464,373.468799653175,645.111196997519,1160.4904778128,2422.49397348272,1894.26141900392,7562.82208348882,1850.59532147682,1600.95656393492,402.580225904333,1922.95360202165,621.893508428887,331.378003272517,7199.5033610398,356.890274219606,1624.73857084948,7311.82793345763,418.613172405011,233.150175738684,7455.4832669967,686.435779106193,269.021885860712,2099.07175286144,1747.78196504534,7221.84894062889,2051.89169246702,295.779437384699,534.539615794545,21.1011791954972,7547.00399806341,555.253097102024,596.519724283385,2030.64252081675,450.715578316968,634.848289763851,1525.03637584355,395.202517933421,7266.84129968027,2071.47950096525,7223.43329100692,7302.45690258575,162.810415179314,7398.53715958351,532.371997817927,532.408775273422,237.374222820523,470.908564283016,7440.69489480337,7324.0900595141,7004.84719258479,7362.62837643421,2395.07517322121,7468.07133522227,7545.51579015777,7421.49739453273,1512.96239019526,410.659065204765,321.851606981717,87.9455538177647,560.995318330523,82.8324987266374,3232.80469303069,194.946083528984,255.659075056364,3569.347651183,2617.47599102623,231.137106684393,3281.96705035625,2996.41270579907,3066.74826793302,311.272867439596,728.290595727516,7909.63145572763,2928.43721315185,669.874912860676,40.0448715039516,8317.94973056295,7707.96767025747,3687.87456269811,226.004878620553,778.549879467207,155.528529614146,3175.27867626938,3032.88308999365,203.872760631602,8012.51634052557,7880.66726667193,7779.14741800438,702.323936268174,7861.83202633833,434.197769202149,8019.16362126965,3142.07717124589,1e+08,8035.68929651254,324.171774280537,96.7254313671041,121.448390170431,188.549326797847,714.47572914165,7757.43894253245,519.155468908025,7832.73521619245,617.518538486034,3203.14385602819,8230.03272881412,607.031531518284,8143.98253627052,7806.27032725344,429.795135538638,219.955747758235,7899.99146108401,7666.71791679443,464.606784883661,8274.67188614152,821.433636098352,321.403899860987,8088.69759849973,94.9487233760532,2965.50518711153,2960.88296894003,2770.61149490216,112.645525792849,7654.46015090287,1239.18364075324,7600.54002066107,1201.19683494139,1377.48713895634,1225.81119183285,7753.86349960981,3260.16634491667,1286.07700536303,7652.25236413752,1201.215541252,3335.08854688678,7619.0925365926,1187.92991256684,7992.5427353653,3347.29218385241,7566.17178738942,7842.93399345193,1246.48529601946,1283.08567214194,1180.49370533303,1254.5496705192,7671.24360756646,1243.3570431231,7715.80650904616,1215.52923636089,1472.89374823014,3468.49330104201,1306.96845496251,1841.74147965647,1203.32758617175,1173.89226343779,1188.34333543345,3133.38061342176,1391.93606543572,1261.38969407567,3225.21808736937,1169.90465011144,1257.25360357173,1197.26897833945,1633.09675735248,1405.28262054716,7910.09580469002,3154.3625650657,7616.32704068185,3309.24592213012,1199.92325011263,8067.36389598668,1160.50525436317,2737.82316776231,7688.93516797843,1185.20403945137,1188.33275237122,2976.94144059335,1277.69483338239,3381.75786925601,1159.64618752097,1192.79917603187,1122.80140815475,3314.7940459958,1110.72339365011,7802.8248431507,1243.8378256258,3226.54321221009,1355.10068136339,1248.83215527248,7716.94333488952,7667.61050769438,3327.4348309238,3378.65870805067,1142.08980925618,3053.22865290815,1217.40572506532,7830.58374301275,1161.25531792906,1198.29478261923,3327.13514381072,7869.62128015847,1132.94699276034,7598.9942551316,3625.13642539379,1263.97448041956,7974.76128539637,7629.07303416984,7746.1272845035,1168.57544589811,1426.09100874359,7673.962958347,1167.45266663208,7667.01731294554,7958.55245898021,7306.53717852424,3423.94257836525,7921.60839850198,1261.01573138442,3131.62541978985,1750.93538003165,1239.91017875189,3192.9987481482,7910.5053453025,7732.58668797782,7590.74893610536,1200.87853812415,7793.17024434118,7949.13524102428,3347.79419562599,1248.82991582447,1216.5786766461,1182.95409346253,7915.42604839916,1105.52832279134,1286.8970493983,1387.04273693885,1383.35161743123,1188.18374937793,1407.45949890486,1365.21365272313,3124.83688525905,3192.42069385863,3209.85531890754,1244.54762811612,1222.7991936881,1223.51268901503,1207.68598183091,1278.30199828646,3348.2241595681,1376.86803329364,3157.87325319581,2970.69704931827,1222.72452534272,2978.9706725619,7850.84935714983,3271.33393490882,1259.61097809022,1355.21128237167,7336.67262411213,7475.82844187142,3532.5296938846,1404.90695553486,8018.07125149841,2831.0081992766,7874.76961926513,7580.07825097218,1250.95434065985,1166.96087749329,1164.46603418324,1347.38457046444,1320.2368057153,3364.94927562099,3053.61651546559,7508.52028957944,1201.46294392108,1290.41820497979,1321.38985431263,1152.451189143,1255.20939592473,1256.64909632581,3587.96769580029,1199.17356368441,1163.70424334373,4142.71615945208,8244.94106503766,8109.87704096708,3967.49960360125,8006.42399232343,1084.60206881385,1275.0896807143,8305.74489981574,1134.24570049474,1077.86237163059,8248.35221178482,3881.99461478907,8257.21480896402,1254.53686351405,1191.84279563628,1182.07217803181,1084.39204819471,4385.11641671668,1127.77798831623,1287.77171497417,4297.35680190866,8283.38149612791,1105.66687613467,3731.6909497796,4303.35095296623,1121.08569327813,8145.07157232564,1124.70036405039,3895.02183611525,8208.86376314403,3851.96789846269,4074.65161300416,3760.20579005042,1090.62993094252,8103.74719643118,1086.92867448107,8077.68895815877,8187.92857608743,1113.73438809807,8188.95452903026,8367.90410193645,8267.19741132794,8288.3807584371,1202.17528953934,3985.11416246351,3775.67806749529,1084.46014580516,3954.0011430614,8237.79560236993,8091.71591863651,8162.60940927055,8225.29250164834,3910.0513394004,1073.53560238925,3771.94446408677,1073.07460393602,1030.10819553865,8055.70578847963,4337.22101687784,1017.66078217465,1141.85781683274,3637.00226016417,1219.07269550151,1261.6835564595,1082.98489004133,1156.89652579074,1110.05765971906,1243.97423001061,7965.3616755094,4027.45745999619,1111.4868445419,3684.48344552044,8130.92080897291,1137.63506175476,3885.68311619579,8171.48155815024,3581.84409369404,4050.81895386311,8193.81487959129,3895.58276785051,1101.83553719345,4584.87638791187,1164.86970750884,8549.86689445594,1067.82344362586,3650.11688081755,1146.3973171052,1045.69267537126,1089.83496447355,8187.98605032239,8236.86402234367,1266.43905884594,3965.14409525315,990.098787147649,8510.82713472736,8735.19969596019,1164.52492571244,4120.95240084071,1201.90515320172,8068.27261172476,4077.5101707386,1124.27575403721,4149.00955316789,1214.22363478906,4130.09172812621,1095.87886521972,8183.65111109986,1110.88785884692,1148.19569700575,3756.11199663668,974.764786179926,8226.7069088982,8085.35529220039,1120.96801727129,3797.26371624214,1138.83401565768,4057.64404686458,4296.50739010127,4048.16953072502,1207.76873571492,8178.05708132032,8029.90076832252,3777.87623174105,4153.66470678267,4048.83260218006,1084.677389667,4074.37669607167,8226.56576074811,1171.49322786404,3814.04313398604,1304.7439058929,8387.00510653771,1001.91079919935,1063.90332649836,1167.06573739652,8254.25912786928,1216.63096563693,1081.33346485177,1096.30015249619,1304.34505648127,7977.44669947134,1339.46073440176,1090.43165548357,1260.73357434874,8262.7194429408,1001.61662104806,1112.93068282861,4030.9072189108,3687.48418723012,1228.74289650062,8128.54740083165,1169.46403729999,1048.49087485602,4471.24644128396,1125.2482519284,1254.03258421131
8112.44572080618,8380.97262439412,6497.74424036397,6518.7267719918,749.504268555948,586.189868412566,6159.92417051554,6187.56832220041,698.344961451597,8693.69983717667,6393.21561812565,6051.08389274526,5898.34264485788,8409.1580961657,8680.80049351005,9196.17977432531,5613.19532302979,6141.42787750861,472.867213023692,6185.0939750357,6434.7327325776,8438.26952241686,6112.73569449088,8657.58280494141,8367.06729978505,836.185935472729,8392.57957073214,6410.95072566305,723.86136305489,8454.30246891752,8268.83947225121,580.20602951584,8722.12507561872,7766.66741065182,5936.61754365109,6287.90733146717,813.840355883646,5983.7976040455,7739.90985912782,8570.22891230708,8056.79047570803,488.685298449098,8590.94239361456,8632.20902079592,6005.04677569578,8486.40487482949,8670.53758627637,6510.65292066899,7640.4867785791,768.847996832254,5964.20979554728,812.2560055056,733.232393926779,8198.49971169183,637.152136929015,8568.06129433045,8568.09807178595,8273.06351933304,8506.59786079553,594.994401709161,711.599236998435,1030.84210392773,673.0609200783,5640.61412329132,567.617961290265,490.173506354741,614.191901979796,6522.72690631727,8446.3483617173,8357.54090349423,7947.74374269477,7474.69397818201,8118.52179523917,4802.88460348184,8230.6353800415,7780.03022145618,4466.34164532952,5418.2133054863,8266.82640319691,4753.72224615628,5039.27659071346,4968.94102857951,7724.41642907294,7307.39870078501,126.057840784899,5107.25208336069,7365.81438365186,7995.64442500859,282.260434050408,327.721626255065,4347.81473381443,7809.68441789196,7257.13941704533,7880.16076689839,4860.41062024315,5002.80620651888,8239.56205714412,23.1729559869517,155.022029840611,256.541878508134,7333.36536024434,173.857270174207,7601.49152731039,16.5256752428815,4893.61212526663,8035.68929651254,1e+08,7711.51752223197,7938.96386514542,7914.2409063421,7847.13996971467,7321.21356737087,278.250353980083,8554.84476542054,202.954080320068,8653.20783499857,4832.54544048434,194.343432301581,7428.65776499424,108.293239758006,229.418969259079,7605.89416097388,7815.73354875428,135.697835428505,368.971379718083,8500.29608139619,238.982589629,7214.25566041419,7714.28539665155,53.0083019872004,7940.74057313648,5070.18410940099,5074.80632757251,5265.07780161038,7923.04377071967,2303.7439764898,8625.04032099822,2264.29688299494,8649.54152260904,8937.71475951337,8552.78395824642,2310.08367757446,6590.93418872075,8817.2544829879,2473.98259833131,8550.75703183742,6465.64786822283,2360.37284563219,8358.70312526833,2517.72066232856,6491.04847559369,2525.57882791652,2368.4896381872,8205.75928620254,8064.77633313927,8371.44679023815,8363.06484519657,2330.87739528336,8383.3226712871,2331.20354746887,8663.93329266676,8811.0435283646,6523.59319652747,8636.25641953951,9561.59864760032,8692.75856255948,8551.54721718305,8554.56814299035,6617.58827549018,8729.78262657021,8346.34142130991,6750.99635727224,8373.52657311972,8592.63692986535,8546.44592416436,9379.9649566034,8856.22151216621,2566.75746044765,6713.600044319,2323.30197242107,6446.08271924188,8580.51961443686,2449.44139582964,8332.97280784022,7081.96560758402,2453.94523827129,8382.73443130381,8319.22176923939,6722.93548332765,8764.62745345846,6463.13683607083,8623.59999593592,8531.87033037388,7944.74610096217,6563.68599643683,8423.64751782566,2430.96867019916,8258.72106559386,6489.73908114192,8841.25444191545,7841.57576742927,2441.41873847443,2388.76414516992,6573.71932942399,6601.83529739841,8424.22268521235,6680.30121929582,8668.66295461186,2455.55490756937,8625.21889393453,8690.7225573169,6565.38653263776,2377.66431915377,8381.5418807777,2385.7834197007,6258.05511802603,8454.7589045359,2521.00020513389,2564.20982459209,2269.47935722043,8607.8934911666,8962.09627053829,2394.10071182703,8109.95140394282,2360.88479987135,2439.78457705009,2275.7002928728,6462.28795416006,2503.19952309212,8485.50839531043,6645.36960610359,9375.84033001818,8345.00979933826,6588.16459777229,2416.44914543322,2517.17408803081,2477.49868517537,8556.89805257126,2415.23653838474,2551.88982411668,6697.58915850763,8340.94681544676,8687.73398698426,8637.4111237633,2477.70030053759,8509.2544935192,8592.16931968496,8779.65569700992,8845.84768113104,8610.23963099507,8944.55472044627,8911.69827768367,6749.28308797082,6726.25911349821,6631.68888626063,8172.21452723816,8499.32372547117,8337.65371726064,8477.02646020243,8717.29927668909,6595.62630366822,8761.00989881204,6625.4057842558,6786.3985338906,8329.62950122177,6720.61803364526,2545.84095238578,6566.08905455938,8419.06534417852,8877.08912111526,2278.84800073323,2367.94500467856,6324.0730635951,8893.12542620423,2508.97506165007,7021.11032031065,2389.14035722615,2391.67476313774,8579.87093197503,8545.31651188085,8618.34541214649,8731.72140158607,8748.89453662091,6378.2707681446,6659.77044992514,2269.69701117687,8323.22811915419,8451.23329882578,8604.76967906961,8515.67603134586,8494.76003578212,8313.57583005468,6467.46570027102,8470.49043275664,8557.80092348018,5464.91306022312,2014.54839894925,2136.84192601436,5685.34557371518,2207.75073307103,8424.34011601362,8654.76617382475,2206.98381404895,8137.3939532568,8108.7517566694,2292.63467051336,5658.83494802598,2252.11746412448,8632.72729896233,8587.79298090898,7780.20946796541,8116.06125479319,5261.49248587897,8012.92331164909,7376.12246965455,5345.73990537822,2229.460209662,7986.50805581973,5869.35538053108,5239.95897969235,8595.61144264978,2055.16586648751,7937.4667951285,5563.05572840502,2093.92574899795,5559.57067680558,5493.15266619341,5749.68896897351,7896.11648614915,2110.55133646669,8341.15029463795,2097.50128089321,2283.64334248819,7752.9456392355,2190.61062175285,1980.16437098106,2060.71884455807,2022.30870434333,8506.92892504964,5462.1984804428,5768.9994256077,7768.68686281944,5596.48994578335,2324.61354022153,2081.43199637246,2135.11373785424,2122.0396692986,5526.4828727036,8078.94330745338,5809.67888696565,8220.20685457753,7970.7629474622,1989.47599277463,5172.64033622016,7963.02952223187,7814.77083144423,5835.89316634474,7476.06130733215,8610.21117544621,8370.15942202189,8332.91920205474,7919.96360105743,8636.21396644441,2189.65761066225,5502.57286036937,7784.97701676482,5815.19168541497,2132.15518929206,8257.05431340331,5601.2335860895,2098.33968654118,5934.27134638346,5581.14521475712,2208.94449521724,5612.07522077548,7899.10392629962,5070.76947991931,8046.04357941869,2532.83690093338,7919.78418775119,5869.34321209417,8483.72411373878,7953.92697971335,8005.53830411548,2154.24823898119,2146.20549094053,8544.25581727478,5649.28894900939,8058.36378612701,2171.422447716,2261.53813480168,7609.18874684417,5435.35657879765,8516.45791739141,2046.50143009265,5366.32089373123,7810.06040878928,5480.18494545512,7450.54932191856,5142.38040052116,8219.01775001203,2052.62827752321,7905.75593540554,8039.79095941403,5763.98628118074,7999.37866454073,2215.36621026546,2194.50447591534,8151.23178586832,5714.48300644323,8549.97246455384,5605.60413184301,5148.04497198964,5544.87061901987,7578.92169473686,2202.44513957706,2175.07885338758,5677.76518618419,5539.35081492663,5565.78607445159,8015.48771094241,5431.17960182094,2026.04280346151,8373.23166615563,5751.05073709865,8662.3020334871,2074.62256392938,8002.22415600771,8072.27818750934,8492.58021171575,2086.08235068325,8539.81983759354,7950.67700544137,8288.53509856358,8504.42765179741,2190.91045982889,8553.01694729469,7909.38489816204,8598.09657244989,2170.43999659792,8140.95398405694,8072.73933207499,5382.95879419508,5766.5853711571,8466.27867099368,2086.52394849695,7499.78250077351,8133.99244255597,5053.44647343791,7886.04321929134,8613.36582064061
400.928198574184,669.45510216213,1213.77328186802,1192.79075024019,6962.01325367604,7125.32765381943,1551.59335171644,1523.94920003159,7013.1725607804,982.182314944669,1318.30190410633,1660.43362948674,1813.1748773741,697.640573933714,969.282971278057,1484.66225209333,2098.32219920219,1570.08964472338,7238.65030920829,1526.42354719628,1276.78478965439,726.752000184872,1598.78182774111,946.065282709424,655.549777553053,6875.33158675927,681.062048500144,1300.56679656894,6987.65615917711,742.784946685548,557.321950019221,7131.31149271615,1010.60755338673,55.1498884198257,1774.8999785809,1423.61019076481,6897.67716634833,1727.71991818649,28.3923368958383,858.711390075084,345.272953476035,7222.8322237829,879.424871382561,920.691498563923,1706.47074653621,774.887352597504,959.02006404439,1200.86460156301,71.0307436528836,6942.66952539973,1747.30772668471,6899.2615167264,6978.2851283052,486.982189459853,7074.36538530297,856.543772098464,856.580549553959,561.545997101061,795.080338563553,7116.52312052283,6999.91828523357,6680.67541830427,7038.4566021537,2070.90339894067,7143.89956094172,7221.34401587725,7097.3256202522,1188.79061591472,734.830839485302,646.023381262255,236.226220462773,236.823544049986,407.004273007175,2908.63291875015,519.117857809522,68.512699224173,3245.17587690247,2293.3042167457,555.30888096493,2957.79527607571,2672.24093151852,2742.57649365248,12.898906840941,404.118821446977,7585.45968144708,2604.2654388713,345.703138580138,284.126902776586,7993.77795628241,7383.79589597691,3363.70278841756,98.1668956599852,454.378105186669,168.643244666392,2851.10690198884,2708.71131571311,528.04453491214,7688.34456624505,7556.49549239138,7454.97564372387,378.152161987637,7537.66025205779,110.025994921611,7694.9918469891,2817.90539696536,324.171774280537,7711.51752223197,1e+08,227.446342913433,202.723384110107,135.622447482691,390.303954861111,7433.26716825191,843.327243188563,7508.56344191191,941.690312766573,2878.97208174765,7905.86095453357,282.859757237747,7819.81076199,7482.09855297291,105.623361258101,104.216026522303,7575.8196868035,7342.5461425139,788.778559164199,7950.50011186098,497.261861817813,2.76787441955024,7764.52582421918,229.223050904484,2641.33341283099,2636.71119465949,2446.43972062162,211.526248487689,7344.47864104433,1405.28642065864,7290.0431071932,1379.47159219389,1594.88481864079,1375.90861820978,7443.95035326687,3074.49226686535,1491.21491237519,7344.50459565928,1354.41494311982,3140.17653217797,7309.8306802345,1293.43298186283,7685.02176581812,3154.71787768469,7259.13157765619,7533.69709371693,1306.73789216207,1305.32529810378,1290.22022702176,1353.53771553466,7361.60860760375,1348.67332988235,7406.17123771008,1395.07490409113,1647.40220259809,3280.56204382828,1465.69713975515,2107.96223444702,1392.15440753534,1331.43053654501,1344.45218541254,2947.67638841027,1560.08279671227,1355.47269374121,3053.05488896048,1281.47910833253,1412.66190326741,1349.95646032946,1899.72472324935,1599.80843410556,7603.37995308657,2977.75723314751,7306.58513948768,3112.19174590805,1360.89346003881,7758.8029499302,1262.4722130734,2591.66544964237,7380.90913150263,1297.30147500463,1283.48118934461,2797.88491021981,1471.6560746311,3187.51059226968,1338.180820655,1342.41879208038,1120.84062770018,3127.73528603907,1243.63431052085,7494.42904170911,1317.73068131273,3031.46792392654,1554.27416121523,1215.49209674119,7408.74005753134,7358.72430014396,3141.43618520942,3195.81286509594,1270.75932345975,2871.68489061194,1397.82769938012,7522.48447742246,1339.93969286026,1387.4677665435,3140.42841982213,7560.47338443147,1251.37197969948,7290.05975399247,3419.28498555687,1384.57711861811,7667.31753531035,7322.5791082543,7435.71257482558,1341.5514311217,1640.74105962746,7365.14616612413,1208.89190025299,7357.76813737041,7650.0760232004,6995.77726979923,3230.37083512044,7614.01985837018,1389.5677178246,2948.40766086789,1997.12691027377,1335.98288815452,3005.83971295869,7601.80163011117,7425.3966721768,7283.04697852607,1355.69214726126,7484.57695848985,7642.15121688453,3172.59517874927,1342.91425806482,1401.90715723005,1361.15520729722,7607.51039535906,1262.55898969276,1437.93755715961,1567.17473591062,1579.01501675504,1358.57928354145,1621.32537656066,1578.80313424484,2951.01671433012,3017.56591044709,3026.85651483262,1296.44452932065,1359.87909042881,1319.52082531735,1341.17494391654,1460.78158667977,3164.40257003979,1554.30212075744,2973.35597443224,2797.69644058597,1316.77241945315,2799.73239861983,7543.93549552338,3083.71757928844,1371.92900585156,1562.5843705213,7026.01990663216,7166.57168251148,3330.00173448042,1607.73083245831,7710.38420682891,2679.57162282183,7565.76183362079,7271.21464449076,1404.13936216151,1323.94828936002,1340.82920746265,1522.53293287709,1503.56858869638,3163.45251129694,2870.15650539035,7198.01866021773,1296.19688811011,1406.93708841191,1470.62695613414,1303.89502667596,1386.80036356044,1343.06718874266,3397.31186864354,1332.14862327151,1324.45043653601,3895.47251581032,7930.98618804699,7797.51162442961,3729.63049805843,7695.03707972704,1221.50137326543,1442.97861478341,7993.68888141968,1185.77300244728,1125.87357632048,7937.43365849676,3640.5928669337,7945.80427148048,1420.18440229103,1355.92094763414,1132.69916491534,1133.98627305773,4131.63878310109,1144.95483811006,1134.22509224319,4046.63539480649,7971.64108154905,1116.45884947385,3500.51746983561,4047.16681070809,1298.80230350314,7831.75469859189,1120.58712501352,3647.98330733899,7895.82397643841,3603.62810004043,3827.5895691473,3521.72449657743,1075.57918189626,7791.10423268959,1200.27041059673,7764.94948248463,7877.06278182813,1056.10694942612,7877.02037158333,8053.28246647948,7953.66625037001,7974.39870894871,1344.0587347844,3734.19645219757,3538.84306122149,1031.24392006946,3710.40276820678,7927.28155210615,7778.77813528312,7850.11846679717,7912.51656500582,3661.14663999255,1113.19011940377,3537.70669043153,1153.7451666524,1039.94154636679,7741.85212385962,4078.25107668771,1025.6930740571,1102.3001328164,3401.21112300871,1086.77303223116,1420.74578745298,1204.98688392495,1259.27540476218,1101.41530844946,1412.10004275658,7653.82289848739,3779.90394726443,1063.31574552182,3448.49470584734,7818.46280022411,1221.71509330208,3640.77551865169,7858.57186678763,3351.54209506215,3808.40039134356,7882.07572189035,3651.58526670426,1087.3596372291,4325.56375906623,1189.11142612964,8240.76429190388,1060.53316371495,3416.97891379386,1290.30023922296,1049.62268270994,1106.97824546784,7875.6495307225,7924.32248750983,1408.6917812722,3725.01341294064,1029.83394313432,8197.70894096003,8422.11255116687,1066.45072174791,3871.57797599131,1346.25951357886,7754.99915810161,3823.2501656574,1083.44843069991,3902.75892741988,1074.425462336,3864.77212576384,1173.79953605229,7870.228867008,1098.09584244535,1171.71511419551,3518.47343265579,996.711599860369,7914.95922419751,7773.68308494989,1177.46105318774,3557.39051099304,1301.46517954185,3816.81281785158,4035.41343334167,3803.55623471757,1103.27724648762,7866.28145183739,7718.10289726448,3535.13991506556,3910.87204222171,3805.46542094693,1105.01967753369,3823.73903473873,7912.77174657026,1282.79340181602,3576.94035757763,1469.98929579487,8073.28523451751,1023.11536094593,1102.31195755048,1310.27725125078,7941.02725849101,1364.79580947515,1082.76183355689,1193.72776526061,1431.9695771158,7665.90653600571,1474.13230237547,1079.31262622041,1416.97175117184,7950.37740735513,1066.08904178844,1147.95949196271,3776.48310347783,3448.27994082535,1356.70111906484,7815.59729734416,1040.04556768252,1106.4338010254,4209.02520827816,1106.37812494132,1415.0050616547
173.48185566075,442.008759248696,1441.21962478146,1420.23709315362,7189.45959658948,7352.77399673286,1779.03969462988,1751.39554294502,7240.61890369381,754.735972031233,1545.74824701977,1887.87997240017,2040.62122028753,470.19423102028,741.836628364624,1257.2159091799,2325.76854211562,1797.53598763682,7466.09665212174,1753.86989010971,1504.23113256782,499.305657271438,1826.22817065455,718.618939795989,428.10343463962,7102.77792967269,453.61570558671,1528.01313948238,7215.10250209054,515.338603772115,329.875607105788,7358.7578356296,783.161210473297,172.296454493608,2002.34632149434,1651.05653367824,7125.12350926177,1955.16626109993,199.054006017595,631.265047161648,117.826610562601,7450.27856669634,651.978528469128,693.245155650489,1933.91708944965,547.441009684072,731.573721130958,1428.31094447645,298.477086566317,7170.11586831316,1974.75406959814,7126.70785963983,7205.73147121865,259.535846546419,7301.81172821641,629.097429185032,629.134206640525,334.099654187626,567.633995650119,7343.96946343627,7227.36462814699,6908.12176121769,7265.90294506712,2298.34974185411,7371.34590385517,7448.79035879067,7324.77196316563,1416.23695882815,507.384496571869,418.577038348821,8.77987754933927,464.269886963419,179.557930093742,3136.07926166359,291.671514896088,158.933643689261,3472.62221981591,2520.75055965913,327.862538051496,3185.24161898915,2899.68727443196,2970.02283656591,214.547436072492,631.565164360411,7812.90602436053,2831.71178178475,573.149481493571,56.6805598631526,8221.22429919583,7611.24223889034,3591.149131331,129.279447253448,681.824448100103,58.8030982470419,3078.55324490228,2936.15765862654,300.598191998707,7915.79090915846,7783.94183530481,7682.42198663728,605.598504901071,7765.10659497121,337.472337835045,7922.43818990255,3045.35173987879,96.7254313671041,7938.96386514542,227.446342913433,1e+08,24.7229588033269,91.823895430743,617.750297774544,7660.71351116535,615.880900275131,7736.00978482536,714.243969853137,3106.41842466108,8133.307297447,510.306100151179,8047.25710490344,7709.54489588633,333.069704171534,123.230316391131,7803.26602971692,7569.99248542733,561.332216250765,8177.94645477441,724.708204731248,224.678468493883,7991.97216713263,1.77670799105092,2868.77975574443,2864.15753757292,2673.88606353505,15.9200944257444,7561.84420533427,1282.43500028894,7507.77385194216,1248.25788755044,1438.1510006968,1263.77723614179,7661.26898966901,3202.45827708595,1342.38145012534,7560.28378610838,1240.05638855269,3274.7873159245,7526.68453982352,1211.31754244685,7900.64617046894,3287.66804453548,7474.40658599778,7750.53702812691,1256.0364564061,1281.20457414301,1205.17899978746,1276.29420055849,7578.72836477782,1267.03937152403,7623.29193145877,1263.07861362625,1519.83152106888,3410.27811561554,1348.14054212468,1919.31062807307,1253.88637316189,1213.99667736065,1228.06184355106,3075.56881628386,1436.52089953205,1281.62601021165,3171.35929524484,1195.1094948465,1297.10890001761,1235.92103134137,1710.57334785284,1458.50643913745,7818.43138246465,3099.17269332368,7523.77989282761,3248.31509790219,1241.29429800714,7975.16673720891,1182.57800218868,2690.95823847054,7596.88661438913,1210.67827816441,1208.43285464587,2920.89926288117,1330.27029283876,3321.67707933437,1206.58206916568,1230.42672748027,1112.37156981344,3256.72781712505,1142.39867114549,7710.6711296893,1257.62076470495,3166.12183523184,1409.6803458799,1230.06789700392,7624.84391170733,7575.31223050647,3269.6811799736,3321.84456324538,1172.60542226553,2996.54162037937,1265.2528463586,7738.51652375847,1208.24918402074,1248.94499869919,3269.17831576391,7777.25056965721,1160.09468436346,7506.68076184366,3561.87259115795,1292.64842150555,7882.88681652191,7537.46744391291,7653.38724759944,1213.72219841801,1485.98656260864,7581.68491351612,1170.61019918458,7574.61382252427,7866.37802941289,7213.68997595323,3364.08193518348,7829.69096490287,1292.21870186765,3074.52350525966,1821.83964516692,1260.64177609882,3134.81632940611,7818.2641656524,7640.78134581801,7498.7924551584,1240.24379228596,7700.95909135037,7857.39372576008,3293.15507418942,1268.98910271206,1266.04117880218,1229.89987738461,7823.4135932137,1145.05380989563,1325.48269180442,1435.5029812399,1436.87479926473,1232.58412231002,1467.04371832979,1424.5810876702,3070.42145365284,3137.76329730497,3152.87651564009,1251.49743366312,1256.53230791196,1244.11928326059,1240.17210054391,1327.09948151201,3291.10918088128,1424.41164295504,3100.42002675112,2916.38131854243,1242.70596483885,2922.87836624925,7759.12636550542,3213.07755873639,1285.61701253414,1412.49335793059,7243.85695702692,7383.41937274404,3470.16792855057,1460.84992985614,7926.12693083384,2782.73442822045,7782.4396349014,7487.7849593132,1290.05543390187,1206.84532348936,1210.70920382428,1394.06885315369,1369.48647031462,3302.78414191729,2996.38199782466,7415.75125357723,1221.52089984468,1317.93667447181,1359.55758594166,1190.43678018395,1287.35618248045,1274.44154661906,3529.04214024283,1231.44302775546,1204.80165907934,4067.81333984169,8151.18039923055,8016.57622955041,3895.22166513133,7913.40579157855,1117.39009785216,1319.09565139418,8212.53628473571,1140.25556141706,1082.29244739073,8155.47320801825,3808.67952954461,8164.19304923404,1297.71420100771,1234.18827003279,1158.09934605577,1089.37291330704,4308.49249750286,1123.17919616754,1235.06795664345,4221.50039079955,8190.2642667715,1098.93348874074,3661.23782262201,4225.93425741625,1167.54084944782,8051.49503272521,1113.64061987209,3820.10412654386,8115.36836948145,3776.66590145872,3999.78139885717,3687.68014343564,1075.98596249793,8010.36576196338,1112.09887942495,7984.27920456935,8095.0640840682,1086.7817878072,8095.77987442099,8273.95103506807,8173.55999702774,8194.61264665982,1237.34385377168,3909.11818038683,3703.6274172795,1058.51771336469,3880.0830301067,8145.03392418213,7998.24878508902,8069.27280205182,8131.87389507064,3834.60662712082,1075.33817079262,3700.63305499644,1087.69911461978,1022.34860558716,7961.97249720639,4259.01595481878,1009.22288412284,1120.42464826261,3565.19485970722,1171.79976779148,1302.7490389587,1110.92058587379,1179.07496254215,1097.50876167335,1287.91060093711,7872.29885851619,3952.43323567714,1087.2646369583,3612.63885578744,8037.5933801701,1153.86481688247,3811.36968135573,8078.02350380266,3511.57612360541,3977.26792560497,8100.69689807293,3821.53199410902,1087.46768465199,4506.62452654858,1162.7331352556,8457.519652042,1055.28069633182,3579.07038358021,1181.88504661389,1036.30610492726,1084.88592042759,8094.69457462579,8143.51360542609,1302.08058456617,3892.2194119391,991.082341145845,8417.31223867266,8641.69610323433,1126.42496549432,4045.43492288133,1237.8734941674,7974.70780436782,4000.58687094989,1102.31654541977,4074.39226683944,1164.84923873451,4050.02989002077,1109.82885236334,8090.04441451985,1097.10557453029,1145.70233805062,3683.82497300224,970.091032250614,8133.58686463116,7992.25535443675,1128.41140284466,3724.35493058966,1180.40653919077,3984.54872414105,4217.68682475885,3973.99078563252,1168.18320042071,8084.9283126302,7936.76364086671,3704.14490478235,4080.03740318768,3975.00996690078,1080.65532827848,3998.48579979229,8132.85160436678,1196.62106714338,3741.93030279412,1348.02309058747,8293.31413394476,997.315223121845,1065.23040861794,1202.45666029711,8160.70847242461,1253.91919396314,1071.54306388696,1116.4433145257,1335.48331345374,7884.38364393252,1373.0307977356,1076.960012249,1300.87596637702,8169.42725666021,1010.45170935515,1113.66297325116,3953.924679877,3614.72521927501,1259.57175326014,8035.07712100571,1122.64195365016,1055.74117134973,4392.13995870164,1109.78322355859,1295.68247984497
198.204814464078,466.731718052021,1416.49666597813,1395.5141343503,7164.73663778614,7328.05103792953,1754.31673582655,1726.67258414169,7215.8959448905,779.458930834562,1521.02528821644,1863.15701359684,2015.8982614842,494.917189823607,766.55958716795,1281.93886798323,2301.0455833123,1772.81302883348,7441.37369331839,1729.14693130638,1479.50817376449,524.028616074764,1801.50521185122,743.341898599317,452.826393442947,7078.05497086937,478.338664390038,1503.29018067905,7190.3795432872,540.061562575442,354.598565909115,7334.03487682626,807.884169276625,147.573495690281,1977.62336269101,1626.33357487491,7100.40055045845,1930.44330229659,174.331047214269,655.988005964975,142.549569365928,7425.55560789301,676.701487272456,717.968114453815,1909.19413064632,572.163968487398,756.296679934283,1403.58798567312,273.75412776299,7145.39290950985,1950.03111079482,7101.9849008365,7181.00851241531,284.258805349745,7277.08876941309,653.820387988357,653.857165443852,358.822612990954,592.356954453446,7319.24650463293,7202.64166934365,6883.39880241437,7241.1799862638,2273.62678305078,7346.62294505182,7424.06739998734,7300.04900436231,1391.51400002483,532.107455375196,443.299997152148,33.5028363526662,439.546928160092,204.280888897069,3111.35630286026,316.394473699415,134.210684885934,3447.89926101257,2496.0276008558,352.585496854824,3160.51866018582,2874.96431562864,2945.29987776259,189.824477269165,606.842205557085,7788.1830655572,2806.98882298141,548.426522690244,81.4035186664795,8196.50134039249,7586.51928008704,3566.42617252767,104.556488450122,657.101489296775,34.0801394437151,3053.83028609895,2911.43469982322,325.321150802033,7891.06795035514,7759.21887650149,7657.69902783395,580.875546097745,7740.38363616788,312.749379031718,7897.71523109922,3020.62878107546,121.448390170431,7914.2409063421,202.723384110107,24.7229588033269,1e+08,67.100936627416,593.027338971219,7635.990552362,640.603859078457,7711.28682602203,738.966928656466,3081.69546585776,8108.58433864368,485.583141347852,8022.53414610011,7684.821937083,308.346745368207,98.5073575878041,7778.5430709136,7545.26952662401,586.055175054094,8153.22349597109,699.985245927921,199.955509690556,7967.2492083293,26.4996667943778,2844.0567969411,2839.43457876959,2649.16310473172,8.80286437758243,7538.18819180955,1294.41826241245,7484.07896412579,1261.19556670168,1454.28303587638,1274.4781964568,7637.61832285898,3188.0114376695,1357.50420494576,7536.79578651748,1250.99105338435,3259.65593278198,7503.08257823788,1218.45604171293,7877.1760213291,3272.7125838448,7450.97159421841,7726.93742257218,1259.65847592286,1281.89500135106,1212.64648424212,1282.96359919753,7555.09844971704,1274.20062557836,7599.66208979149,1276.1246541228,1532.57787203706,3395.68032819571,1359.56856461871,1939.41352488898,1267.6701738806,1225.26239652207,1239.22147414537,3061.10741091288,1448.73308257405,1287.91353026723,3157.92104275275,1202.71588452405,1308.24895313245,1246.81270222517,1730.68724260385,1472.82127533545,7795.02164159898,3085.39437925323,7500.14182052342,3233.02132233094,1252.84817186608,7951.61846603521,1189.4168553595,2679.40839612779,7573.37776896253,1218.33678589622,1214.75350869768,2906.91801782479,1344.49548657954,3306.59933090581,1219.52038794748,1241.07133557017,1111.04203994338,3242.18231136514,1151.65922520069,7687.13472428713,1262.30937809491,3150.96871739519,1424.3494638122,1226.45035028014,7601.3217975257,7551.73863128333,3255.21616766861,3307.62020796842,1181.54988608272,2982.38295651249,1278.3698537245,7715.00249252543,1221.20031116779,1262.75434608364,3254.66026300812,7753.65771662832,1168.21808844487,7483.10337625355,3545.94466622289,1301.03039916588,7859.42243992916,7514.07370457224,7629.69883399563,1226.21964488528,1501.91224661634,7558.11654995034,1172.69679233269,7551.01291960491,7842.83589300969,7189.97469824645,3349.05818568969,7806.21557154847,1301.22824848035,3060.24791185423,1840.34017565899,1267.07167664946,3120.25200607995,7794.7048231668,7617.33549909512,7475.30775252885,1251.30697723883,7677.40780593996,7833.96389277624,3279.50106522245,1275.26836797894,1279.55053059399,1242.82294026785,7799.91356790992,1156.23861003688,1336.29017633544,1448.66579119682,1451.27317731175,1244.88504195336,1482.90175803985,1440.40513803292,3056.84860727562,3124.12001968719,3138.62512522044,1254.46493745368,1266.19635271504,1250.53286724869,1249.54192564363,1340.40730479507,3276.80904986168,1437.35610371663,3086.04987286966,2902.85236612734,1248.96446378504,2908.88376634854,7735.70158203832,3198.48638837756,1293.34145426247,1427.81747392703,7220.14980132,7359.81747268932,3454.48225116358,1475.82604205569,7902.64433728366,2770.80257715832,7758.85733559668,7464.21286268307,1301.01536618472,1218.06314328205,1223.47589162553,1406.82011992427,1382.87905642131,3287.1628461528,2982.08007417553,7392.05582159035,1227.81840179624,1326.01132568163,1370.23858230985,1201.20340000962,1296.60325395941,1280.12286867368,3514.24946822678,1240.76684042731,1216.31801285717,4048.81666853905,8127.22638307195,7992.74166649047,3876.91848468802,7889.64470530486,1126.95040198525,1331.23815805563,8188.72531127071,1143.10069902462,1084.8066655209,8131.7477850776,3790.10877882463,8140.43059947947,1309.66851114924,1245.98609113475,1153.19443149128,1092.0180130923,4289.03784269454,1123.33796621451,1222.46068604298,4202.24907218265,8166.47702167796,1098.57323368962,3643.42349485012,4206.27487584326,1180.39363799145,8027.58890700909,1112.14680198132,3801.11322895005,8091.48319107163,3757.57614590354,3980.79579490585,3669.32175610897,1073.61014130696,7986.51029949318,1119.78296977879,7960.41643898789,8071.34253161347,1081.17422895822,8071.97789637534,8249.94697297402,8149.63790799133,8170.65664062394,1247.37779621336,3889.84135928058,3685.39264783364,1053.21057109454,3861.35134638871,8121.33893837797,7974.3711152134,8045.42887079938,8108.00860260797,3815.47710030898,1077.19302225558,3682.59199118707,1092.78036834681,1021.82606267866,7938.02584748294,4239.1494282265,1008.54448094475,1116.22600054603,3547.03092159169,1160.70173345333,1314.18214290106,1119.29100598855,1185.94370557729,1095.64925841451,1300.05754522598,7848.52627356916,3933.40914632486,1082.37428194653,3594.46266644138,8013.75188000037,1159.2723764208,3792.53740894134,8054.14806486003,3493.81860245328,3958.62828829179,8076.90960720199,3802.76806579606,1085.14906853788,4486.73900857688,1163.47745500376,8433.93150533243,1053.4768214399,3561.10507918679,1192.04607322584,1035.34427712765,1085.00187176998,8070.86230594261,8119.66597602181,1312.17967565085,3873.74717369851,992.846831614651,8393.42156741025,8617.80805642311,1117.82187776248,4026.27829131266,1248.10392986615,7950.80483739753,3981.06392745934,1098.00136710682,4055.47002344167,1153.19220426609,4029.68344530074,1114.71401437298,8066.13041116623,1094.92694347494,1146.37450579238,3665.52927570214,970.441050780604,8109.79898374215,7968.47292835586,1131.63349073407,3705.8944325082,1192.0596478834,3966.02797036291,4197.66049331495,3955.18708108986,1159.14390051387,8061.13825119206,7912.97166587689,3685.46988329067,4061.37377955834,3956.29937760407,1081.01455187757,3979.23316399462,8108.90967372017,1204.20684861692,3723.67738918178,1359.96840966172,8269.37799315561,997.643159802537,1066.97731560765,1212.57537495823,8136.80889741804,1264.46128658508,1070.42967982712,1122.8716416248,1344.44353672249,7860.61097525789,1382.56668303032,1074.88713715633,1312.08380253194,8145.59468471626,1014.17895838147,1115.1970855763,3934.38786740091,3596.30931930003,1268.51530420952,8011.19857783744,1111.70872741853,1059.00495117269,4372.0340973023,1107.15248249041,1307.26398263054
265.305751091493,533.832654679438,1349.39572935071,1328.41319772288,7097.63570115873,7260.9501013021,1687.21579919913,1659.57164751427,7148.79500826309,846.559867461978,1453.92435158902,1796.05607696942,1948.79732485679,562.018126451023,833.660523795365,1349.03980461065,2233.94464668488,1705.71209220607,7374.27275669098,1662.04599467897,1412.40723713708,591.12955270218,1734.4042752238,810.442835226733,519.927330070364,7010.95403424194,545.439601017453,1436.18924405163,7123.2786066598,607.162499202857,421.699502536531,7266.93394019883,874.985105904039,80.4725590628649,1910.52242606359,1559.2326382475,7033.29961383104,1863.34236566918,107.230110586852,723.088942592393,209.650505993344,7358.45467126558,743.802423899872,785.069051081231,1842.0931940189,639.264905114814,823.397616561699,1336.4870490457,206.653191135574,7078.29197288242,1882.93017416741,7034.88396420909,7113.9075757879,351.359741977162,7209.98783278566,720.921324615773,720.958102071267,425.92354961837,659.457891080861,7252.14556800552,7135.54073271625,6816.29786578694,7174.07904963639,2206.52584642336,7279.52200842442,7356.96646335994,7232.94806773488,1324.41306339741,599.208392002612,510.400933779565,100.603772980082,372.445991532676,271.381825524484,3044.25536623285,383.495410326831,67.1097482585176,3380.79832438516,2428.92666422839,419.686433482239,3093.4177235584,2807.86337900121,2878.19894113517,122.72354064175,539.741268929669,7721.08212892977,2739.88788635399,481.325586062829,148.504455293895,8129.40040376509,7519.41834345962,3499.32523590025,37.4555518227056,590.000552669359,33.020797183701,2986.72934947153,2844.3337631958,392.422087429449,7823.96701372771,7692.11793987408,7590.59809120655,513.774609470328,7673.28269954047,245.648442404302,7830.61429447179,2953.52784444804,188.549326797847,7847.13996971467,135.622447482691,91.823895430743,67.100936627416,1e+08,525.926402343802,7568.88961573459,707.704795705874,7644.1858893946,806.067865283881,3014.59452923034,8041.48340201627,418.482204720437,7955.43320947269,7617.72100045561,241.245808740791,31.4064209603881,7711.44213428618,7478.1685899966,653.156111681509,8086.12255934367,632.884309300504,132.854573063141,7900.14827170187,93.6006034217938,2776.95586031368,2772.33364214218,2582.06216810431,75.9038010049984,7474.01787624929,1328.71725249327,7419.80214323105,1298.03448699761,1499.24764224264,1305.44103407105,7573.46223015283,3149.44529875012,1399.92701001092,7473.08682660787,1282.60251744965,3219.18619676468,7439.06086010278,1240.10996963888,7813.51430072257,3232.72606795721,7387.40866632754,7662.92109987001,1271.86149921922,1286.16455090598,1235.18278027558,1303.25879927333,7490.99971981159,1295.81689245813,7535.5633511034,1313.22688157122,1568.6155265881,3356.65813748896,1392.32649013208,1994.49850842488,1306.70678213456,1257.78109868853,1271.44078699356,3022.52809357683,1483.44919360438,1307.18477923554,3122.14337173527,1225.63825858595,1340.31741448761,1278.31767236335,1785.86199590932,1513.0275019821,7731.52613514758,3048.6951917191,7436.02095249948,3192.10811029652,1286.08034894016,7887.7419996121,1210.33116962879,2648.97013149344,7509.6113782163,1241.36846245174,1234.24360006853,2869.70162428563,1384.59347299371,3266.26903650421,1256.41818082038,1271.93663252618,1110.2039022847,3203.33303914107,1179.0418804649,7623.29208925994,1277.36198354806,3110.45985119273,1465.52583481938,1219.10736418707,7537.51883104782,7487.79455361764,3216.58643194513,3269.64406362018,1208.04460886578,2944.65788597873,1315.65444190982,7651.22113883346,1258.12911068901,1301.86361419839,3215.884297159,7689.65980577435,1192.57253709139,7419.14924639349,3503.22888463612,1325.83816621806,7795.77665046091,7450.62368830607,7565.43913830783,1261.95787985239,1546.30242313251,7494.1868165863,1180.9529943937,7486.99387346692,7778.97677085665,7125.64324896413,3308.86929824107,7742.53981430142,1327.69492936027,3022.18189354702,1891.26963612581,1286.75734194003,3081.37566070257,7730.79870348939,7553.74183821846,7411.60817936156,1283.25515375424,7613.52436958877,7770.41303735027,3243.10278237508,1294.53920511588,1317.85716409791,1279.64849364421,7736.17023509127,1188.65854093374,1367.44653243362,1485.87753315833,1491.71739585599,1280.08330814763,1527.13009210768,1484.57895267118,3020.7229150259,3087.78456007517,3100.60872630193,1264.92178882775,1294.44356248625,1270.20424767103,1277.04027122352,1378.11493225581,3238.62991486816,1474.00671596273,3047.71703089447,2866.8861449887,1268.22628770935,2871.62997976732,7672.1651042361,3159.51977691472,1316.41995473723,1470.69939822358,7155.84052167161,7295.7966443038,3412.44895758789,1517.75844373083,7838.94833906362,2739.28099752443,7694.88837055415,7400.27335339263,1332.62063762935,1250.46756599762,1259.92057267654,1442.99639409472,1420.76096355387,3245.33520438013,2943.95936488416,7327.77793065803,1247.22249340328,1349.96704319726,1401.01767239988,1232.45251320856,1323.70414805751,1297.79304677939,3474.6697193124,1268.15823200413,1249.50677903724,3997.57319390059,8062.23584470257,7928.07936263485,3827.6053073745,7825.18443903515,1155.1685084709,1365.90677016142,8124.12706776099,1153.46123478633,1094.41993099665,8067.38446942267,3740.06460233698,8075.96565934841,1343.8714822074,1279.86701155277,1142.47528217815,1101.9642648118,4236.51259128631,1126.50686861408,1190.16004419199,4150.29101017736,8101.94395749476,1100.3980895838,3595.48535875257,4153.18980965539,1217.12604519734,7962.73009202007,1110.85902014487,3749.90656976545,8026.68165777139,3706.10003612447,3929.58835919572,3619.87679851868,1070.01825738038,7921.79065986869,1143.07584176565,7895.67684410126,8006.99006425032,1068.69259152959,8007.40473734553,8184.81877574886,8084.73491130558,8105.66051685679,1276.62834206594,3837.83658263919,3636.28775078784,1041.63152755997,3810.85576994851,8057.05917420288,7909.59056801955,7980.74067753993,8043.26158437035,3763.88585723919,1085.05424703334,3634.02282123372,1109.23470064645,1023.42114451347,7873.05609063255,4185.4901814992,1009.75650404434,1107.53508088174,3498.13724379533,1132.75413339696,1347.01206916307,1144.39520729785,1206.94404596523,1093.40756716016,1334.77778302399,7784.03460346664,3882.09929263842,1071.86658498794,3545.52968588417,7949.07046590467,1176.44515948197,3741.77009158883,7989.37337845896,3446.05546889006,3908.37837965743,8012.37673307147,3752.18873423935,1081.68281698293,4433.01279699674,1168.13552122904,8369.94359280758,1051.49920063411,3512.75912699554,1221.72174758073,1035.70805552038,1088.15137095105,8006.20603051582,8054.96738673682,1341.50440691775,3823.9673048332,1000.70344982568,8328.60404006204,8552.99708362943,1096.94329226203,3974.59475135589,1277.87008747134,7885.95493691523,3928.37163944464,1089.03562669202,4004.43156650549,1123.6878209754,3974.71100162124,1130.59443142304,8001.24985701968,1091.8172350831,1150.8768416337,3616.25805114793,974.556714150462,8045.26437393029,7903.95379706971,1143.03113649671,3656.16336154483,1225.6442076747,3916.10574030851,4143.56240168925,3904.48428363939,1136.96003537792,7996.59783068176,7848.42653184325,3635.14768003648,4011.04893611086,3905.85369703933,1084.83247670194,3927.2880561599,8043.95235270039,1227.07191187616,3674.51831847576,1394.08437087932,8204.4360909145,1001.61318463977,1074.57503654188,1242.10521918939,8071.96771708342,1295.02155836316,1070.28428234094,1142.83507195347,1370.71631724154,7796.11902907655,1410.30884965598,1072.11822666746,1344.3250754488,8080.93732540284,1027.23023574307,1122.09912175211,3881.66078668711,3546.71313679231,1294.85863163775,7946.41551265824,1084.3226383178,1070.69414467861,4317.70611418523,1102.77779958574,1340.49258339805
791.232153435295,1059.75905702324,823.469327006913,802.486795379081,6571.70929881493,6735.02369895831,1161.28939685533,1133.64524517047,6622.86860591929,1372.48626980578,927.997949245222,1270.12967462562,1422.87092251299,1087.94452879482,1359.58692613917,1874.96620695445,1708.01824434108,1179.78568986227,6848.34635434719,1136.11959233517,886.480834793276,1117.05595504598,1208.47787288,1336.36923757054,1045.85373241416,6485.02763189816,1071.36600336126,910.262841707829,6597.35220431599,1133.08890154666,947.625904880333,6741.00753785502,1400.91150824784,445.453843280936,1384.59602371979,1033.3062359037,6507.37321148722,1337.41596332538,418.69629175695,1249.01534493619,735.576908337145,6832.52826892177,1269.72882624367,1310.99545342503,1316.1667916751,1165.19130745861,1349.3240189055,810.560646701899,319.273211208228,6552.36557053863,1357.0037718236,6508.95756186528,6587.9811734441,877.286144320963,6684.06143044186,1246.84772695957,1246.88450441507,951.849951962172,1185.38429342466,6726.21916566171,6609.61433037245,6290.37146344314,6648.15264729257,1680.59944407956,6753.59560608061,6831.04006101612,6707.02166539109,798.486661053608,1125.13479434642,1036.32733612336,626.530175323883,153.480410811126,797.308227868286,2518.32896388905,909.421812670634,458.816654085284,2854.87192204135,1903.00026188459,945.61283582604,2567.4913212146,2281.93697665742,2352.27253879137,403.202861702052,13.8148665858672,7195.15572658597,2213.96148401019,44.6008162809731,674.430857637698,7603.47400142127,6993.49194111582,2973.39883355645,488.470850521096,64.0741503255572,558.947199527502,2460.80294712774,2318.40736085201,918.348489773252,7298.04061138392,7166.19153753028,7064.67168886275,12.1517928734735,7147.35629719666,280.2779599395,7304.687892128,2427.60144210425,714.47572914165,7321.21356737087,390.303954861111,617.750297774544,593.027338971219,525.926402343802,1e+08,7042.9632133908,1233.63119804967,7118.2594870508,1331.99426762768,2488.66812688654,7515.55699967245,107.444197623365,7429.50680712889,7091.7945981118,284.680593603011,494.519981383413,7185.51573194236,6952.24218765279,1179.08251402531,7560.19615699987,106.957906956703,393.071829280661,7374.22186935808,619.527005765596,2251.02945796988,2246.40723979838,2056.13576576051,601.8302033488,6972.97231275831,1668.09945125418,6917.86852479447,1654.00366063197,1897.50663353311,1625.47358729709,7072.51017966628,2883.61548509878,1785.64804806388,6975.94948285259,1607.69875108377,2935.98197206279,6939.28436258335,1505.66574913329,7316.67306826224,2953.56574680299,6891.53633187545,7163.12723209366,1473.65141941337,1432.49630021974,1506.63191112663,1556.20178662243,6990.5559308363,1557.70824008281,7035.10712418711,1670.16179577259,1910.07809599265,3084.45165145316,1719.59723079568,2447.1143976229,1675.42073604639,1589.58207481399,1600.77090576774,2758.26107208639,1819.43811515958,1553.25378345649,2880.73158133134,1500.12019300611,1665.54794475963,1602.97147738431,2240.96555924047,1882.03915783278,7236.11256622456,2800.35839054054,6935.40499431899,2905.35521154931,1620.86466587985,7389.06834458081,1473.14774749071,2461.24743005692,7011.97640444026,1515.55499060208,1486.39003253021,2619.5531138565,1756.89790982546,2983.73972288577,1614.47029288942,1593.0007936388,1236.87091302548,2934.38376933704,1483.99649219089,7124.97801485926,1497.72246324618,2828.22083005662,1841.8238681955,1287.38570396435,7039.56576752376,6988.66159781139,2949.37713413801,3007.4461148625,1505.81773225352,2688.93532761368,1673.58558574106,7153.41700678817,1616.29196353694,1671.18986063774,2947.41816591718,7190.01428813994,1478.09353887699,6919.95143235188,3197.56811598131,1606.3941246226,7299.07504516542,6955.68633308567,7063.61219808046,1612.88289727717,1939.97015795765,6995.17346427329,1363.39475131416,6987.22618207143,7280.47913789424,6623.32735393424,3027.09383825238,7245.60090941202,1618.64468435373,2762.38060416702,2319.12962835733,1536.77303880383,2813.73203813411,7231.91751375613,7057.55475959293,6914.56996427959,1610.3722490751,7114.8680731333,7274.52025769297,2994.79722612503,1541.38531488322,1681.81009806924,1636.29367146295,7238.66252664548,1523.36517506437,1685.83726713392,1837.28297757232,1862.79997302321,1626.986841278,1920.27509807523,1878.44955085463,2777.73417093792,2842.04231038353,2840.17267851962,1455.47332670378,1598.24627230181,1521.16983479754,1577.10775363659,1736.24273184731,2975.04954589975,1822.33569132805,2785.24647558634,2627.63203791955,1516.6771875794,2621.12567279747,7176.42403530434,2890.09159913356,1586.47989986841,1857.15960174081,6653.70454435075,6796.07018645692,3113.58066714831,1897.19510572853,7341.81055196647,2540.51605565186,7195.48606901221,6901.20512956803,1655.34379062827,1581.93456711382,1615.13614537987,1789.4622841951,1778.45037277307,2949.99760384266,2684.80531871853,6825.86027631722,1497.95599394404,1623.80551210065,1715.59945698145,1557.8486578003,1618.84754552092,1534.00998759068,3196.42264364833,1568.04129816742,1585.74480400142,3613.96499869197,7554.12862173519,7422.76602128823,3461.87592831068,7321.59879304816,1466.64139481882,1706.01208356766,7619.31478121425,1352.35057520832,1293.77062167419,7564.56310127751,3368.43434910426,7572.2861990365,1682.03253029054,1618.85662021345,1193.42694268044,1302.78568291925,3840.58466660337,1279.36962727191,1057.15329193185,3759.69737426349,7597.6851786838,1246.68216475865,3243.38065329386,3752.69676694743,1575.92417467172,7455.75163419774,1234.28471125924,3367.95030320672,7520.17459984031,3322.0114613175,3546.64288457206,3254.3092403381,1181.72715496572,7415.9946472492,1425.35320200548,7389.71752942911,7504.27341234889,1115.20092550149,7502.82728816882,7675.53154572424,7577.36189040504,7597.49890822375,1587.55317232575,3448.33833940382,3273.61205741978,1098.53003082384,3434.82650180067,7554.9440532786,7403.28278208218,7475.19838061503,7537.21110732763,3378.4470792652,1273.75757751125,3276.08620697018,1351.39792927411,1176.79617887177,7365.15725414398,3779.82067160914,1162.18332087623,1177.7285127323,3138.31129415839,1045.29511065583,1676.63273314428,1437.68500170782,1470.53240185388,1212.00951998355,1676.46729629517,7280.19289949232,3498.50126709733,1132.85855331493,3185.0080514127,7443.59164211086,1417.84828109916,3363.74570608609,7483.09976881916,3096.63965977945,3533.96149972431,7508.13794046517,3375.76318255624,1192.91999958188,4025.8423307013,1327.23569988622,7870.21264762717,1176.8226696545,3157.67024307319,1538.15431985864,1179.18826818228,1244.8321238945,7500.92791161595,7549.32296536806,1649.68249260152,3454.16028125814,1198.35587159898,7821.90854312279,8046.31940947679,1073.65845531152,3587.23291640768,1591.90340287801,7379.06606528688,3532.3427425201,1159.39630122596,3622.58862415492,1023.73487965156,3558.28626469432,1367.33387676065,7494.08094226898,1204.43149509305,1310.52393922175,3252.25008216395,1150.82191863468,7541.00414979871,7399.85384758866,1349.67083200311,3287.82688661801,1565.40909128191,3544.52145124006,3734.19575984196,3526.10970031285,1097.87751365488,7492.29868480659,7344.11902090085,3261.71866114752,3635.42727552922,3529.7313071704,1246.41953547702,3537.85802253077,7536.12837699438,1501.10301399649,3311.10886726011,1729.67659815274,7696.7148282231,1173.59592928438,1262.58824980158,1556.55080478586,7565.11807505548,1613.08201543291,1206.21623994375,1404.44873726137,1658.27099552727,7292.27228532812,1705.32662723725,1189.42478581938,1670.44254997219,7575.63539911854,1255.3542302116,1300.77911643095,3485.55142712272,3180.31091882792,1586.76390538292,7440.07938963576,1008.10270001924,1285.8435043183,3905.67042439455,1205.08646085565,1672.83950976446
7834.19536682608,8102.72227041405,6219.49388638387,6240.47641801172,471.253914575864,307.939514432483,5881.67381653547,5909.31796822032,420.094607471515,8415.44948319656,6114.96526414556,5772.83353876518,5620.0922908778,8130.90774218562,8402.55013952995,8917.92942034524,5334.94496904971,5863.17752352853,194.616859043609,5906.84362105562,6156.48237859752,8160.01916843679,5834.4853405108,8379.33245096132,8088.81694580496,557.935581492645,8114.32921675206,6132.70037168295,445.611009074806,8176.05211493746,7990.58911827114,301.955675535756,8443.87472163863,7488.41705667173,5658.36718967101,6009.6569774871,535.590001903562,5705.54725006541,7461.65950514773,8291.97855832698,7778.54012172794,210.434944469015,8312.69203963445,8353.95866681583,5726.7964217157,8208.15452084942,8392.28723229629,6232.4025666889,7362.23642459901,490.597642852172,5685.95944156718,534.005651525516,454.982039946698,7920.24935771175,358.901782948931,8289.81094035037,8289.84771780587,7994.81316535297,8228.34750681545,316.744047729077,433.348883018352,752.591749947647,394.810566098216,5362.36376931122,289.367607310182,211.923152374658,335.941547999713,6244.47655233719,8168.09800773721,8079.29054951417,7669.49338871467,7196.44362420193,7840.27144125909,4524.63424950175,7952.38502606141,7501.77986747607,4188.09129134944,5139.96295150621,7988.57604921683,4475.4718921762,4761.02623673338,4690.69067459943,7446.16607509285,7029.14834680492,152.192513195184,4829.00172938059,7087.56402967176,7717.3940710285,560.510788030491,49.4712722749819,4069.56437983434,7531.43406391188,6978.88906306523,7601.91041291831,4582.16026626306,4724.55585253879,7961.31170316403,255.077397993131,123.228324139473,21.708475471949,7055.11500626426,104.393083805876,7323.24117333028,261.724678737201,4615.36177128654,7757.43894253245,278.250353980083,7433.26716825191,7660.71351116535,7635.990552362,7568.88961573459,7042.9632133908,1e+08,8276.59441144046,75.2962736600142,8374.95748101847,4554.29508650426,472.593786281663,7150.40741101415,386.543593738089,48.8313847210042,7327.6438069938,7537.48319477422,142.552518551578,90.7210257380008,8222.04572741609,517.232943609083,6936.00530643409,7436.03504267145,331.258655967283,7662.49021915638,4791.93375542091,4796.55597359242,4986.82744763029,7644.79341673959,2234.67337276695,8349.25432448627,2188.90986914781,8373.49569003791,8661.6310853995,8277.11775445142,2252.78456829441,6336.0664114975,8541.11892424871,2403.70227906678,8274.97094301501,6211.57625458364,2286.9276227086,8083.25235809032,2484.53163071131,6237.32437477744,2445.70018178484,2320.97758520369,7930.83834819534,7790.18382101515,8095.93599919706,8087.95482237793,2263.6409666469,8108.11590471606,2269.20286455196,8387.91827497025,8535.97461225953,6272.29713310863,8360.79688388746,9285.3317146812,8416.59896560439,8275.62342175992,8278.70835264417,6360.6241089465,8454.51386672354,8071.29770770581,6496.11274073342,8097.95887197038,8317.03176416047,8270.65056237203,9103.35022270428,8580.59774095253,2523.52739698279,6457.37854569817,2249.65847846591,6191.43451793795,8304.65246028944,2426.3337320826,8057.42688595114,6820.45427259109,2387.87513021379,8107.22716373678,8043.83834751721,6463.83495673399,8488.62331053681,6209.92702131191,8347.42221861696,8256.08767745482,7669.32357467462,6309.68673238261,8147.69921812506,2377.95908799904,7983.7185952781,6233.8046750216,8565.40446219335,7566.80843705999,2378.58999828125,2320.75101127388,6319.99222825788,6349.15842374751,8148.42341636101,6422.26139788385,8392.64378959738,2405.34767006788,8349.04450645183,8414.54409344558,6311.61931240747,2333.12955073243,8105.77803930428,2309.95098556027,6008.63521393904,8179.51904660772,2485.7631861753,2490.85544449089,2211.64531050985,8331.80068512711,8686.18926367373,2326.77891675472,7834.70132475709,2292.97587344772,2404.39879060253,2165.53582923388,6209.8746058067,2462.40202737921,8210.18516646633,6388.49451890974,9100.00612440867,8069.8531192832,6332.10012470135,2375.99107267892,2455.33944526639,2400.44352249388,8281.09513899472,2361.32894925525,2513.19760545114,6444.68764535633,8065.84470397782,8411.6551791491,8361.30896227749,2436.6826376177,8233.10295375308,8316.72238889192,8504.19575574715,8570.13771389952,8334.23662915471,8668.61131257382,8635.64638398268,6492.69435530005,6470.7299828333,6376.10306081218,7897.31969670931,8223.76917456863,8062.42277362556,8201.44429251172,8441.44783385358,6342.36691001203,8485.55460791319,6368.89449475459,6527.44458404169,8054.40769972929,6461.54044144683,2496.52196046238,6311.31478962652,8143.87616238593,8601.1109452474,2172.24895029463,2278.0955167581,6073.10698334035,8617.36387411928,2478.83261225224,6760.7719275267,2345.01813808229,2313.67722470247,8304.26619904033,8269.37387633653,8342.20495418428,8456.19657475628,8473.16676042429,6124.31248104373,6401.6501939419,2183.30483285515,8047.90585281583,8176.14400703272,8329.47603265266,8239.73261728352,8219.38502535854,8038.56101045036,6218.27924450547,8194.87920592784,8281.81201444438,5221.77115555405,2028.11828728868,2127.64740990229,5439.71127490385,2183.2437530813,8148.26863266362,8379.0837493465,2220.89008156233,7861.95445182695,7833.05791966873,2295.97593568467,5410.81238193952,2258.05365948348,8356.99946168665,8311.86686598957,7505.03259986226,7840.39373546949,5023.15199293658,7737.51827678856,7100.85547753212,5105.71832902426,2239.59126240066,7710.99762041364,5619.62169795459,4998.91525007694,8319.32447142174,2053.329510316,7662.05348780605,5314.39484587625,2099.41332282322,5309.78554309942,5248.4533879229,5499.57102621608,7620.52475525468,2101.34295800844,8065.23608796572,2085.19248871105,2279.77941715258,7477.38274103212,2190.00855047256,2012.80900688286,2075.48326136418,2041.65994562003,8231.25173458172,5214.77736388604,5519.42460005796,7492.98962619909,5349.67414044831,2325.51514695551,2071.48597609199,2132.94847865369,2128.68700651511,5277.814153519,7803.24627581489,5560.37559926495,7944.39214362056,7694.89098972113,1977.25506541653,4931.79454901959,7687.10015197533,7539.40307665154,5583.71444585092,7200.63179251207,8334.5823057517,8094.17883019965,8057.35539675945,7644.47419699637,8360.42177822856,2160.33234590251,5256.71169004959,7509.43052032436,5563.90703785656,2125.88874617667,7981.50551714748,5352.73259528874,2098.61782872866,5681.71729207831,5336.6909992223,2208.33930889377,5363.93275482296,7623.56882203125,4836.50053271675,7770.81680088495,2562.38964143549,7644.0864253853,5617.75392000098,8207.82287174247,7678.12761529967,7729.94665257225,2154.77829368565,2153.48056771608,8268.8226056867,5403.26518533273,7782.29347508221,2213.92465971003,2328.32529596865,7333.71100260624,5191.30510086479,8240.75732799199,2034.38880916202,5120.29647930837,7534.5980692354,5237.37198072118,7175.03089338826,4894.9508928158,7943.31216486088,2056.18881776067,7630.26793648555,7764.48081777432,5513.90338380776,7723.25565891587,2218.75921481206,2180.42201664694,7875.71491061771,5464.91972743266,8273.88284494707,5361.56026128695,4905.64720292125,5299.99162093707,7303.63525422853,2200.0342991355,2154.37989865415,5427.37948346003,5297.24532240666,5321.1309700602,7739.86867495295,5185.80889510071,2036.57047501238,8097.67244110238,5502.22868901815,8386.75585453771,2105.28559018207,7726.22105494753,7796.53880082284,8216.76030338949,2098.03823185869,8264.13844943399,7675.04846815695,8012.74391427638,8229.29499060798,2163.10090364477,8277.95995113598,7633.79556644008,8322.49518689716,2180.19262453811,7864.88801906272,7797.2367017861,5135.85474704307,5514.92276500844,8190.82825751867,2081.40071161136,7224.12202932117,7858.14326376078,4815.26695470689,7610.62288915027,8337.68844326608
442.399044614379,173.872141026434,2057.10052505658,2036.11799342876,7805.34049686459,7968.654897008,2394.92059490501,2367.27644322015,7856.49980396896,138.855071756105,2161.6291472949,2503.7608726753,2656.50212056266,145.68666925485,125.955728089493,641.335008904772,2941.64944239075,2413.41688791194,8081.97755239687,2369.75079038484,2120.11203284296,116.575243003693,2442.10907092968,102.73803952086,187.777465635509,7718.65882994781,162.26519468842,2143.8940397575,7830.98340236566,100.542296503015,286.005293169343,7974.63873590471,167.280310198167,788.177354768738,2618.22722176947,2266.93743395337,7741.0044095369,2571.04716137505,814.934906292725,15.3841468865195,498.054289712528,8066.15946697144,36.0976281939985,77.3642553753587,2549.79798972478,68.4398905910584,115.692820855827,2044.19184475157,914.357986841446,7785.99676858831,2590.63496987328,7742.58875991495,7821.61237149375,356.345053728712,7917.69262849153,13.2165289099012,13.2533063653955,281.781246087503,48.2469046250103,7959.85036371138,7843.2455284221,7524.00266149282,7881.78384534226,2914.23064212924,7987.22680413029,8064.67125906582,7940.65286344074,2032.11785910328,108.49640370326,197.303861926308,607.10102272579,1080.15078723855,436.322970181388,3751.96016193871,324.209385379042,774.81454396439,4088.50312009103,3136.63145993426,288.018362223633,3801.12251926428,3515.56817470709,3585.90373684104,830.428336347622,1247.44606463554,8428.78692463564,3447.59268205987,1189.0303817687,559.200340411977,8837.10519947095,8227.1231391655,4207.03003160613,745.160347528578,1297.70534837523,674.683998522171,3694.43414517741,3552.03855890168,315.282708276424,8531.67180943359,8399.82273557993,8298.30288691243,1221.4794051762,8380.98749524633,953.353238110176,8538.31909017767,3661.23264015391,519.155468908025,8554.84476542054,843.327243188563,615.880900275131,640.603859078457,707.704795705874,1233.63119804967,8276.59441144046,1e+08,8351.8906851005,98.3630695780086,3722.29932493621,8749.18819772214,1126.18700042631,8663.13800517855,8325.42579616146,948.950604446665,739.11121666626,8419.14692999204,8185.87338570248,54.5486840243639,8793.82735504955,1340.58910500638,840.559368769013,8607.85306740776,614.10419228408,3484.66065601956,3480.03843784806,3289.76696381019,631.800994700873,8153.18964812512,1126.9146661768,8100.02775762938,1069.53298757724,1140.36480092917,1146.74919850006,8252.46654358311,3598.62993892509,1086.00310814541,8147.75898543341,1119.69752324176,3685.35967797365,8116.79423869634,1195.717794002,8487.61410163387,3694.24301852487,8060.68639748052,8340.53453460566,1321.05039105917,1411.35997425412,1182.03927064847,1264.22264623733,8169.46835416337,1243.61454198168,8214.01890002387,1079.20251394594,1317.26906212852,3807.82323360191,1200.48718414157,1464.88281992783,1049.25402524965,1088.00783908747,1103.07059427162,3473.3861138893,1257.12859462024,1278.52777064481,3545.54259858903,1169.81640336192,1163.61769488105,1117.32144579899,1263.45082592309,1215.09754292512,8404.02609562731,3481.69080668579,8114.72184242016,3662.70342631685,1103.39397510687,8563.92186062067,1178.52546002411,3030.01022717936,8184.83178183862,1181.8891528646,1213.79619660409,3309.97945053209,1102.86144653692,3730.64286615099,1033.64318971851,1119.42667905333,1305.96567268022,3654.54166354655,1081.84505097768,8299.22057749148,1296.84974885781,3578.19261013807,1160.21729110123,1459.10200495843,8213.08714454449,8164.7556319847,3665.58950457908,3711.91575796929,1115.7914594415,3388.60261533071,1079.00053210096,8326.54210716168,1034.69323393245,1044.19961027634,3666.26468322126,8367.08548896649,1126.58221497511,8096.22994725022,3987.69970035735,1234.46350809595,8469.72612357472,8122.77739113407,8245.45688884633,1052.63293784253,1190.5059616978,8171.00596044802,1281.81880216655,8164.68648460054,8455.0188928308,7806.48645068465,3771.47846021355,8416.79941726313,1217.49456077671,3468.27037486849,1423.31959069736,1256.53151437596,3534.26779823212,8407.3148845616,8227.2612947061,8086.20966495958,1116.27653429581,8289.85445066425,8443.44164000603,3670.83409279541,1267.62948251551,1068.04219469251,1054.10871618131,8411.09281330047,1031.73628265681,1197.83768772153,1228.60813966549,1192.98680165579,1074.53426876558,1175.32711565957,1137.80329449466,3448.73292569027,3516.86382105255,3545.24732041628,1332.49009134045,1168.79325740275,1242.49595892158,1162.50902850486,1127.56815033252,3683.15845008722,1225.01805030781,3495.96440810171,3295.60850598839,1245.14423513195,3312.22636715263,8345.08570679206,3612.32750464496,1245.42704882564,1142.54225025399,7836.4592479794,7973.56636411225,3891.32520113029,1197.08803261165,8513.3757616198,3128.71666836442,8372.02960090943,8077.21755073991,1162.47527071885,1083.22188543295,1042.20779725361,1203.4366222193,1162.65488273795,3723.89243366501,3391.58426162162,8008.04046650981,1225.72398052177,1264.77768314372,1231.50124923999,1081.76363328127,1206.89258979326,1287.3196077635,3929.90578747401,1156.18846894155,1073.07701913238,4558.80328638182,8749.28675504917,8611.94284847409,4371.61763637951,8507.09464159776,1052.89372264201,1154.49613408254,8807.32057722037,1238.09657600267,1195.89378499727,8748.28733473568,4291.3794739686,8757.86280165256,1141.10744496917,1090.33738888483,1420.6131101376,1198.97078408299,4808.77903410269,1283.42582053656,1640.65487121963,4717.56537689177,8784.50317188817,1273.54302693352,4128.05593156223,4731.03070288474,1002.95892202641,8648.51001601193,1310.55682772405,4311.98752942373,8711.88783500232,4270.90783235847,4490.79597766068,4166.30615038953,1295.95711612999,8606.21670421867,1097.30185327053,8580.30374017611,8687.80103263303,1370.57486780248,8690.37782086187,8873.19750314869,8770.92385466174,8792.75824521779,1142.13756476188,4406.91313415795,4179.45770410022,1339.47091965499,4366.00151990385,8737.14542355496,8594.61526331047,8664.84628149885,8727.9303213792,4329.47159407354,1204.75158901978,4172.22192862966,1140.88502048521,1210.92601938716,8559.9392006566,4768.59541009868,1202.98236907801,1372.5256825871,4040.21549463952,1553.22524660181,1160.3247953773,1078.72191651361,1174.76670479884,1304.09126096471,1127.00502314205,8466.26185088919,4444.48879920757,1356.83325825534,4087.6663245601,8633.11647882378,1189.25968138851,4299.80734504645,8674.32419148537,3978.01820201605,4460.73199752373,8694.95404311347,4308.42169993479,1304.84152281716,5015.90257775207,1305.12509071673,9047.08689488158,1266.06238666057,4049.66509211027,1091.09497136963,1232.11344655278,1251.09768812663,8689.99357586514,8739.15917057663,1196.76655938007,4372.36228877513,1135.59447477318,9013.90857969885,9238.19626727071,1464.35737217884,4540.04779754735,1137.23642499506,8571.66307915177,4503.44771499327,1358.73629176584,4563.70932186569,1557.09655855735,4570.83484259859,1164.27593110392,8687.2350328971,1310.39820283072,1291.81643101815,4161.09524165924,1148.3431493117,8727.85131743018,8586.42131333304,1219.19742237702,4205.03751522339,1048.41906450757,4465.35206470161,4730.92821126058,4461.09409704017,1511.04491075276,8679.25262226876,8531.16139666771,4189.63172887947,4563.60253051744,4460.05188512305,1242.17850215006,4495.39795832974,8730.68123880049,1171.64383901645,4217.9636698739,1185.6963399706,8890.98426098803,1171.69785698982,1198.52521835827,1109.81075196197,8757.55335028681,1142.57562972166,1265.76049391776,1132.42309006763,1256.92595584073,8478.34606553068,1274.8151408471,1290.54083053539,1165.01980320846,8764.71958232273,1107.95314525057,1244.82977588084,4457.26344963063,4094.98918637687,1190.71845655661,8631.45720794489,1504.46342944555,1156.36746428214,4906.63630791631,1330.95519511485,1149.93569611578
7909.49164048609,8178.01854407404,6294.7901600439,6315.77269167173,546.550188235878,383.235788092497,5956.97009019548,5984.61424188033,495.390881131529,8490.74575685658,6190.26153780558,5848.12981242519,5695.38856453782,8206.20401584563,8477.84641318999,8993.22569400526,5410.24124270973,5938.47379718853,269.913132703623,5982.13989471564,6231.77865225753,8235.31544209678,5909.78161417081,8454.62872462134,8164.11321946496,633.231855152659,8189.62549041205,6207.99664534298,520.907282734821,8251.34838859746,8065.88539193115,377.251949195771,8519.17099529865,7563.71333033176,5733.66346333103,6084.95325114711,610.886275563578,5780.84352372542,7536.95577880775,8367.274831987,7853.83639538795,285.731218129029,8387.98831329447,8429.25494047584,5802.09269537572,8283.45079450944,8467.58350595631,6307.6988403489,7437.53269825903,565.893916512187,5761.25571522722,609.30192518553,530.278313606712,7995.54563137176,434.198056608946,8365.10721401039,8365.14399146589,8070.10943901299,8303.64378047548,392.040321389092,508.645156678367,827.88802360766,470.106839758232,5437.66004297124,364.663880970196,287.219426034672,411.237821659727,6319.77282599721,8243.39428139723,8154.58682317416,7744.78966237471,7271.73989786195,7915.56771491911,4599.93052316177,8027.68129972145,7577.07614113609,4263.38756500945,5215.25922516621,8063.87232287684,4550.7681658362,4836.32251039339,4765.98694825944,7521.46234875285,7104.44462046495,76.8962395351697,4904.29800304061,7162.86030333177,7792.6903446885,485.214514370476,124.767545934996,4144.86065349436,7606.73033757191,7054.18533672525,7677.20668657832,4657.45653992307,4799.85212619881,8036.60797682406,179.781124333117,47.932050479458,53.5877981880654,7130.41127992429,29.0968101458621,7398.53744699031,186.428405077188,4690.65804494656,7832.73521619245,202.954080320068,7508.56344191191,7736.00978482536,7711.28682602203,7644.1858893946,7118.2594870508,75.2962736600142,8351.8906851005,1e+08,8450.25375467849,4629.59136016427,397.29751262165,7225.70368467417,311.247320078075,26.4648889390102,7402.94008065382,7612.77946843421,67.2562448915637,166.017299398015,8297.34200107611,441.936669949069,7011.30158009412,7511.33131633148,255.962382307269,7737.78649281641,4867.23002908093,4871.85224725243,5062.12372129029,7720.08969039961,2250.18013887645,8423.86773213799,2206.10312798811,8448.18113196421,8736.32747431323,8351.69782661995,2265.06206426414,6404.84313977752,8615.82949189882,2419.76614364621,8349.58423394124,6280.12735448485,2303.71875961046,8157.77229333521,2490.49026428399,6305.7794966084,2464.47259235632,2330.65398771487,8005.21095608154,7864.46488375499,8170.4726058758,8162.3802924462,2278.68035082621,8182.56824819911,2282.80189992953,8462.59520412663,8610.38979257855,6340.07723110264,8435.31986547593,9360.07966597008,8491.31599552386,8350.2748761941,8353.34207525641,6429.98535243953,8528.98420602247,8145.70474910193,6564.89855934855,8172.51126216706,8391.59500373829,8345.26641475848,9178.19412893329,8655.1666569247,2532.28289038656,6526.53564235037,2266.45390606758,6260.14562445605,8379.28827190135,2429.46543343563,8131.97314744316,6891.09147106307,2402.75524521702,8181.76281880908,8118.33951662411,6533.79374276091,8563.29739763995,6278.23798038466,8422.14417527667,8330.69997957332,7743.83466708697,6378.22079578533,8222.35722881962,2389.22382179168,8058.11396449617,6302.87546310718,8640.03598745257,7641.13730541262,2392.56300778719,2336.08243511723,6388.4508278791,6417.32555336967,8223.04011279933,6491.9238095869,8467.32187579367,2415.87620694547,8423.76552645641,8489.26634676191,6380.08881930004,2342.00414273174,8180.38482815123,2327.43458688784,6075.88269286511,8253.98073838189,2492.2837326112,2507.87219912026,2224.01079687404,8406.4990720652,8760.83678476122,2341.92698230836,7909.1649840971,2308.2414735322,2410.8583297605,2192.41015015977,6277.96369659083,2470.41749024075,8284.67003951277,6457.83171145929,9174.6341727229,8144.29147952981,6401.21000361519,2383.80379077236,2469.13231125089,2418.37969420852,8355.71310425039,2372.81941169285,2520.69708210812,6512.92034935078,8140.26792333977,8486.34982031425,8436.00999041026,2444.72666036572,8307.81745292482,8391.24178289005,8578.71915187458,8644.73047754824,8408.91013665532,8743.26888134841,8710.33393361972,6561.954620895,6539.69473181916,6445.08090879393,7971.68496655514,8298.31819202989,8136.88170690745,8276.00091687025,8516.07954326354,6410.69599412198,8560.07667737652,6438.12984360459,6597.36406721856,8128.86407800366,6531.49278696946,2506.91757283425,6380.06472979025,8218.32371948517,8675.77802847793,2198.13142996651,2299.43482926055,6140.78791220978,8691.97100726052,2483.95121811144,6831.08174100282,2353.79545293085,2331.7664296118,8378.82929244757,8344.03054059428,8416.91656195209,8530.73784293811,8547.76427442522,6192.82914557269,6471.33448065765,2203.55207376082,8122.39007331489,8250.56395528528,8403.95298320199,8314.38944338664,8293.88427157866,8112.95995285993,6285.46996236646,8269.4438710493,8356.4815247564,5287.22519688986,2020.67737179639,2126.54937906966,5505.87517570339,2186.41065159795,8222.96079485229,8453.66851936338,2213.68661675878,7936.47073841188,7907.64470987593,2291.74059188825,5477.64222452564,2253.06005991041,8431.59677031604,8386.51902901084,7579.47502180658,7914.97323938744,5087.24846863353,7812.02468836747,7175.32172244814,5170.29148811893,2233.435765097,7785.53322236996,5686.93990646036,5063.76663795372,8394.07664085819,2050.10293010779,7736.56200197455,5381.39810922971,2094.28451382294,5377.10309186738,5314.34471563106,5566.99099341926,7695.08270479248,2100.20378210786,8139.88448961584,2084.86879546743,2277.47316773029,7551.93232263883,2186.68001183619,2000.21126872056,2067.80645531243,2032.68600804215,8305.83475838833,5281.42823541476,5586.69373170289,7567.57656658257,5416.16329275792,2321.9828751691,2070.495074709,2129.95031006553,2123.29471175868,5344.81765275046,7877.83388569687,5627.57081757118,8019.01270894181,7769.52691423593,1976.70789969704,4996.58542620007,7761.75199871297,7613.89861601557,5651.71409650485,7275.14354281198,8409.15214909609,8168.84569435565,8131.90661707279,7719.00379381705,8435.03692253177,2164.78034304427,5322.92852533665,7583.97562806496,5631.65599900392,2123.9919500424,8056.0524045742,5419.69316366961,2094.89837764774,5749.82588209536,5402.51913913347,2205.04063983699,5430.79365181473,7698.11105539201,4899.44113673153,7845.27382482223,2551.43325831893,7718.67387279328,5685.59035247667,8282.4679500349,7752.7433495798,7804.50484484719,2151.08571168828,2147.95999951465,8343.33809297025,5469.53589787374,7856.98463671021,2199.03234313448,2307.13335154063,7408.23653866875,5257.0116332782,8315.34685618865,2033.92042141548,5186.5507422542,7609.11986656217,5302.73503336253,7249.56729640597,4961.5845979295,8017.90245696828,2051.50479048407,7704.79710710828,7838.96096112332,5581.31423375217,7797.96133338663,2214.39370817928,2180.74080501096,7950.25269776244,5532.18299737294,8348.58025140846,5427.27518632507,4970.87096109721,5365.93633250699,7378.10752946611,2197.21217862369,2156.46041245904,5494.87085671096,5362.41443955926,5387.01434298034,7814.43449191979,5251.88422363763,2029.96645895702,8172.22248056824,5569.28663077915,8461.30289468856,2093.38541653039,7800.89345058191,7871.13815001199,8291.38285485161,2091.15893746002,8338.72270334823,7749.61676898723,8087.35809512637,8303.72709244683,2167.13859236843,8352.3712050786,7708.35288232636,8397.05739026175,2174.04607707291,7939.57813269708,7871.77034840932,5202.4122442929,5582.77517352758,8265.34833879618,2079.11653413853,7298.69806727558,7932.77321229594,4879.30127504022,7685.13321932614,8412.27173314129
540.762114192388,272.235210604443,2155.4635946346,2134.48106300677,7903.70356644262,8067.01796658599,2493.28366448301,2465.63951279816,7954.86287354695,40.4920021780957,2259.99221687291,2602.12394225331,2754.86519014067,244.049738832859,27.5926585114844,542.971939326764,3040.01251196875,2511.77995748995,8180.34062197488,2468.11385996285,2218.47510242096,214.938312581701,2540.47214050768,4.37496994285113,286.140535213518,7817.02189952584,260.628264266428,2242.25710933552,7929.34647194366,198.905366081024,384.368362747351,8073.00180548271,68.9172406201586,886.540424346746,2716.59029134747,2365.30050353138,7839.36747911491,2669.41023095306,913.297975870735,82.9789226914893,596.417359290537,8164.52253654947,62.2654413840102,20.9988142026502,2648.16105930278,166.802960169067,17.3297512778179,2142.55491432958,1012.72105641946,7884.35983816631,2688.99803945128,7840.95182949297,7919.97544107178,454.70812330672,8016.05569806954,85.1465406681077,85.1097632126131,380.144315665512,146.609974203019,8058.21343328939,7941.60859800012,7622.36573107082,7980.14691492025,3012.59371170725,8085.58987370829,8163.03432864381,8039.01593301877,2130.48092868129,206.859473281269,295.666931504317,705.4640923038,1178.51385681656,534.686039759396,3850.32323151673,422.57245495705,873.177613542398,4186.86618966903,3234.99452951227,386.381431801642,3899.48558884229,3613.9312442851,3684.26680641905,928.79140592563,1345.80913421355,8527.14999421365,3545.95575163788,1287.39345134671,657.563409989985,8935.46826904897,8325.48620874348,4305.39310118413,843.523417106588,1396.06841795324,773.047068100181,3792.79721475541,3650.40162847968,413.645777854432,8630.03487901161,8498.18580515795,8396.66595649043,1319.84247475421,8479.35056482436,1051.71630768818,8636.68215975568,3759.59570973193,617.518538486034,8653.20783499857,941.690312766573,714.243969853137,738.966928656466,806.067865283881,1331.99426762768,8374.95748101847,98.3630695780086,8450.25375467849,1e+08,3820.66239451422,8847.55126730013,1224.55007000432,8761.50107475657,8423.7888657395,1047.31367402467,837.47428624427,8517.50999957006,8284.23645528048,152.911753602373,8892.19042462757,1438.95217458438,938.922438347022,8706.21613698576,712.467261862088,3583.02372559756,3578.40150742607,3388.1300333882,730.164064278882,8247.96671356123,1131.52448264261,8194.9399151289,1071.44583156929,1117.16312378331,1157.68499988795,8347.217975194,3667.52208397337,1072.48503853576,8241.96943766605,1130.7594935499,3756.13217272549,8211.39188997631,1222.2926219039,8581.73475936713,3764.44605665903,8154.72597734052,8435.10642407508,1357.27242082229,1455.39110954287,1207.74570465175,1289.812431301,8264.15609091141,1267.84836692245,8308.7029059614,1079.88303129801,1309.07164742631,3876.60516494124,1204.70877896421,1403.75268659691,1046.86094166706,1098.95211488934,1113.77050246029,3542.70516592988,1254.37310811109,1305.22858737864,3611.44542597809,1195.47995243251,1171.23805548992,1128.75509975795,1205.89666171624,1201.15801731001,8497.94868402468,3548.86841008069,8209.44140797861,3734.03799774917,1111.79744256375,8658.30215793912,1207.33147781107,3092.0882767808,8279.10939063662,1206.69644261317,1243.234202789,3378.37369940185,1094.61769366819,3801.12926032063,1037.68870002289,1132.1277474734,1360.35821930692,3723.57888715792,1104.14359627189,8393.58172158855,1329.69133410329,3649.32548764435,1146.28505440935,1515.78424176281,8307.40716785211,8259.25364962485,3734.34407437209,3779.78414505877,1137.75273958483,3457.26748594481,1079.24226251228,8420.82518799718,1038.592116896,1041.93182640516,3735.1829611062,8461.63243667151,1152.04327108214,8190.74643824768,4060.22729126351,1253.26433082995,8563.82865614585,8216.67183346508,8340.33641672656,1058.29253843196,1166.72697034653,8265.48578331741,1325.47082014388,8259.27667846493,8549.38685175096,7901.48970705112,3841.69049068967,8510.94384436447,1233.93541599782,3537.0331237191,1374.60744636827,1283.53974051762,3603.71624576938,8501.74503572392,8321.32213512475,8180.41451725379,1126.79717942409,8384.26674526582,8537.42901559424,3737.02327510816,1294.83161695137,1066.37678656052,1057.01230460727,8505.32134604822,1046.5845747187,1205.66541817938,1221.352465736,1179.42160051714,1080.11206870782,1152.62306552388,1116.91101081198,3515.38121305154,3583.50406383458,3613.69318938581,1370.84283256248,1184.20734843604,1270.1994921152,1179.77982159644,1124.0290577595,3751.34679190672,1219.24252634983,3564.93125595916,3362.6672671818,1273.42381469307,3380.65344225969,8439.06460947636,3681.62803913151,1266.92443777167,1124.94429929333,7931.43294416951,8068.17568864173,3963.31011259733,1179.53695222671,8607.53660817662,3191.51588716805,8466.54038782088,8171.71781403939,1171.16662755324,1094.71900048239,1046.81555764208,1199.76290236687,1156.88226464651,3796.07878927166,3460.67856199293,8102.96144681321,1254.71004213458,1283.74076475915,1238.49026818196,1095.915487754,1222.6166699057,1316.32669061558,3998.99419127218,1174.02302967764,1083.43331020285,4639.97979170948,8845.03696092449,8707.29383995157,4450.87460941326,8602.20238139592,1075.3998218731,1156.75832459451,8902.57997697078,1280.74322784895,1241.67275421314,8843.25836288528,4371.57265456048,8852.95954278576,1145.15587887505,1098.03725592552,1482.06373980052,1244.12272395128,4891.12393950375,1333.80273581865,1717.05668655328,4799.3640015906,8879.68291573179,1326.01981603019,4206.1669209506,4814.08985155242,1009.51918956704,8744.1023400464,1365.3039083097,4393.44317883286,8807.40549624977,4352.71776521827,4572.01697778808,4246.02590903114,1353.91684905759,8701.63907894193,1126.54570207529,8675.75240183748,8782.76271063092,1435.30840416858,8785.61333282742,8969.11257651574,8866.56419811736,8888.51312436026,1156.95817513885,4489.13037857038,4258.77920223398,1404.29292144275,4446.59141825877,8832.01333626302,8690.1137672591,8760.22610950938,8823.37937931677,4411.32987687158,1252.52076741379,4250.9597610711,1179.32366593312,1266.43540932466,8655.67383255711,4852.26487704439,1259.3171697691,1433.3375470774,4119.53751851967,1627.50322295857,1166.43986029098,1105.72871574915,1203.62469889617,1360.20091288291,1130.63523453031,8561.41122922943,4525.88366665222,1420.02738385131,4166.94994090251,8728.48984283326,1223.86249160186,4380.79249792865,8769.81072546266,4056.20869758018,4540.91644351933,8790.1392542266,4389.18580840435,1362.32173451732,5099.41874277617,1352.67503387327,9141.5687242167,1323.37271392796,4128.36681314758,1108.0545213052,1288.13749412634,1302.88579393989,8785.33226911554,8834.54742329761,1208.50124033508,4452.14217614932,1186.97690626603,9109.42940246308,9333.69715620861,1534.4140164564,4621.742229672,1151.25457338112,8667.24877785578,4586.3140808083,1420.28422782951,4644.64859015414,1632.58222279166,4656.16321937777,1202.31811540872,8782.85212685827,1367.26399143767,1340.12200688083,4240.63097065705,1203.85074575056,8823.03657651762,8681.59656407639,1261.24416311332,4285.01321508935,1059.45948305787,4545.16109754759,4815.12808167123,4541.78713211603,1581.20947497582,8774.44821076072,8626.37250462976,4270.28504377891,4643.73536830485,4540.4574419701,1293.51650129344,4577.43960021212,8826.39119889758,1197.31247718687,4297.28360793247,1187.62088026593,8986.66661116892,1226.18920703052,1246.96041636889,1125.93137724645,8853.11764665626,1154.60724062816,1320.94851012928,1165.49419826212,1271.84608103409,8573.49495573673,1286.03047896823,1347.77938410198,1172.18683815009,8860.05507619326,1153.60450335803,1292.00000257034,4540.22227220179,4174.99149248185,1208.76826087242,8726.95664874921,1579.19896669175,1201.2460446056,4990.93409918514,1388.49296767225,1155.71610786791
3279.90028032184,3548.42718390977,1665.19879987963,1686.18133150746,4083.04117192839,4246.35557207178,1327.37873003121,1355.02288171606,4134.20047903274,3861.15439669232,1560.67017764131,1218.53845226091,1065.79720437355,3576.61265568137,3848.25505302571,4363.63433384098,780.649882545462,1308.88243702427,4359.67822746064,1352.54853455137,1602.18729209326,3605.72408193252,1280.19025400654,3825.03736445707,3534.52185930071,3996.35950501161,3560.0341302478,1578.40528517871,4108.68407742945,3621.7570284332,3436.29403176687,4252.3394109685,3889.57963513438,2934.12197016748,1104.07210316675,1455.36189098284,4018.7050846007,1151.25216356116,2907.36441864349,3737.68347182273,3224.24503522368,4343.86014203524,3758.39695313021,3799.66358031157,1172.50133521144,3653.85943434515,3837.99214579204,1678.10748018464,2807.94133809477,4063.69744365208,1131.66435506294,4020.28943497873,4099.31304655755,3365.9542712075,4195.39330355532,3735.51585384612,3735.55263130161,3440.51807884871,3674.0524203112,4237.55103877518,4120.9462034859,3801.70333655662,4159.48452040603,808.068682806977,4264.92747919407,4342.3719341296,4218.35353850454,1690.18146583293,3613.80292123295,3524.9954630099,3115.19830221042,2642.14853769767,3285.97635475483,29.6608370025053,3398.08993955717,2947.48478097182,366.203795154818,585.66786500195,3434.28096271258,78.8231943280652,206.731150229121,136.39558809517,2891.8709885886,2474.85326030067,4706.48759969944,274.706642876342,2533.26894316751,3163.09898452424,5114.80587453474,4504.82381422928,484.730706669916,2977.13897740764,2424.59397656098,3047.61532641404,27.8651797588049,170.260766034536,3407.01661665979,4809.37248449738,4677.52341064373,4576.0035619762,2500.81991976001,4658.68817031014,2768.94608682604,4816.01976524146,61.0666847822935,3203.14385602819,4832.54544048434,2878.97208174765,3106.41842466108,3081.69546585776,3014.59452923034,2488.66812688654,4554.29508650426,3722.29932493621,4629.59136016427,3820.66239451422,1e+08,5026.88887278591,2596.1123245099,4940.83868024234,4603.12647122526,2773.34872048955,2983.18810826995,4696.84760505584,4463.57406076625,3667.75064091185,5071.52803011334,2381.71021992984,2881.7399561672,4885.55374247154,3108.19513265214,237.638668916658,242.26088708816,432.53236112603,3090.49833023534,4676.73242990155,3885.56409960984,4615.76938681067,3900.0732652471,4183.80318456924,3818.77225094519,4775.41526787436,2868.55080739799,4062.66429645461,4709.11007789426,3812.25697016899,2806.00935691757,4653.19760984737,3635.89082791997,5046.22484316066,2837.94262789946,4635.80873034786,4873.29131293717,3506.50324912988,3381.8447154459,3646.1070307996,3653.30414748694,4698.57856802658,3669.4748650007,4742.32132211283,3915.44702325935,4095.31007497731,2952.88801295721,3908.78181683412,4796.20527697914,3938.57937934279,3807.84226869305,3813.23892117172,2807.38868117111,4007.98036096008,3639.44943609576,2990.57435749103,3645.95817615996,3860.35563187026,3807.65407911577,4603.93009257395,4119.79366489163,4977.47725662406,2910.49458199004,4643.02691090829,2769.4274501197,3838.57775934664,5104.09937668306,3606.90615177677,3003.44250923653,4740.75855766772,3657.3462981613,3599.69486631797,2804.77782604559,4015.40612363858,2837.1225389424,3869.49130094053,3793.75527757259,3230.94031572097,2881.26829408735,3680.68357892505,4846.76251058797,3555.16348028926,2751.32207628374,4096.80489000926,3157.45353362648,4765.48422888577,4706.5943334332,2899.09352627491,2959.5591938056,3686.97570057341,2813.47607193997,3919.96789608084,4878.5220920049,3871.21942411081,3935.86464878694,2891.3494097048,4900.86745903935,3646.28044589824,4638.57562267691,2834.58708097655,3738.39639243704,5029.93297650151,4705.73093401625,4760.07937841637,3857.14682330995,4214.27596385038,4713.89578286225,3399.66598697283,4700.40172350979,4998.43101560103,4323.2231790031,2866.62628341859,4975.58466011788,3765.46875925003,2832.25931185594,4626.56994073312,3633.78891892345,2820.17152119588,4947.78809000366,4796.34442144869,4649.60866375625,3817.68178680485,4834.26970294218,5011.71461125961,3023.53471302402,3631.90693864531,3936.60779424915,3885.978203209,4964.56778951858,3757.4365224584,3865.8113419475,4050.16280260877,4106.42419588647,3862.83255684588,4195.61243945895,4159.18942675671,2924.20527054583,2946.87293526992,2871.86904770921,3474.71801416568,3770.30571156449,3623.70141773726,3747.29618667889,3974.24341600191,2933.12215168523,4031.93945623369,2831.14213503667,2861.15244504559,3616.17767722796,2803.85951997328,4916.41041050122,2853.44477539909,3705.25369358376,4127.60020727969,4354.46350857175,4512.86914429047,2822.65205799195,4151.28482675125,5068.79315219026,2998.43876983795,4908.06015135907,4621.13934849828,3847.7860923378,3800.97913892986,3865.69338843629,4000.50092935653,4010.00228368712,2747.11765370965,2794.26174401216,4525.36868589264,3606.00215055293,3740.65111701599,3883.93835028013,3771.68736258259,3772.61039866149,3608.43745110727,2989.29811507132,3739.75307826697,3811.56017606342,2597.38950204644,5198.07706884849,5088.60969115888,2621.37065531207,5001.40698192415,3676.62843810366,3918.75633542711,5286.6842114194,3418.99009308318,3380.68031021785,5247.02657691023,2519.53802844387,5248.41487360069,3895.31945493619,3843.54421001992,3080.54918661579,3388.91782398701,2668.29893359768,3298.39105765544,2684.30164789472,2649.11233586332,5269.3140343911,3268.21336936144,2574.34914209156,2569.5223590151,3837.70305183499,5108.96387905939,3224.19874434775,2445.51821879743,5176.19683713894,2400.94206231246,2556.05603671103,2490.28311481934,3176.33187696148,5078.35276571268,3600.64992663351,5051.15796639196,5188.21997105045,3037.53536549643,5173.18148897188,5309.7780697454,5226.47264825842,5240.64968299687,3773.15300779768,2442.18271551067,2521.96237177048,3047.18148275358,2531.34075482027,5242.65975582477,5061.99838007739,5138.77869519388,5196.4054808758,2426.81624659453,3351.2770280712,2555.60179424667,3485.43588068596,3237.90329320687,5012.47647784316,2549.31967921857,3227.93592768161,3106.19179516787,2459.98719094356,2773.72923806881,3876.79872355287,3626.67534713764,3606.1595306534,3203.92582581234,3896.36286738389,4958.6233200022,2518.88044813279,3069.52836105987,2482.83194992895,5107.98465544848,3532.15410944144,2471.18647798252,5141.21984538141,2504.72458568903,2608.71531907911,5180.91162252656,2490.29079453929,3181.61413610069,2722.48023016576,3338.04410126729,5571.2907013217,3195.10434996695,2503.0149672757,3741.75669890012,3224.37607932376,3283.53872119948,5166.1679618245,5211.36301695835,3819.13527640137,2587.94081747995,3315.89055587916,5473.66518091514,5696.25582579979,2901.01776021572,2551.44093586626,3781.66030126408,5033.73817076123,2449.16604219322,3097.60043029022,2616.18877895768,2744.93762483842,2306.48733249692,3488.58374177287,5145.50310779413,3190.0818822653,3328.5510413584,2499.724588289,3255.68055350488,5213.25055268088,5074.90628366138,3429.47996515635,2491.7970801142,3800.02202441527,2635.85738569223,2487.25810519334,2575.19197503544,2879.99226729449,5164.81057759188,5018.30671823613,2440.08023543814,2669.75211946122,2593.73752248764,3292.17571470072,2502.44027039239,5182.32552935193,3645.99495582074,2540.27246459923,3931.24379726963,5342.17936910721,3263.41468564208,3343.01740244239,3753.58869123709,5218.17879277707,3805.41822656781,3228.24832345493,3553.61882131649,3791.27045556605,4970.51318690834,3841.86663377633,3189.4230148191,3865.87989242544,5239.90052011385,3397.38644360546,3353.04572137757,2417.11719645874,2439.95057602574,3741.72326954888,5098.19230891976,2786.38122135091,3399.24456217604,2592.90092823315,3173.61710331957,3878.09895629273
8306.78915310776,8575.31605669568,6692.08767266553,6713.07020429337,943.847700857526,780.533300714146,6354.26760281712,6381.91175450197,892.688393753178,8888.04326947825,6587.55905042724,6245.42732504682,6092.68607715947,8603.50152846728,8875.14392581163,9390.5232066269,5807.53875533137,6335.77130981019,667.210645325272,6379.43740733729,6629.07616487918,8632.61295471845,6307.07912679246,8851.92623724299,8561.41073208662,1030.52936777431,8586.92300303372,6605.29415796463,918.204795356468,8648.6459012191,8463.18290455279,774.54946181742,8916.4685079203,7961.01084295338,6130.96097595267,6482.25076376876,1008.18378818523,6178.14103634708,7934.25329142942,8764.57234460865,8251.13390800959,683.028730750678,8785.28582591613,8826.55245309749,6199.39020799736,8680.74830713106,8864.88101857796,6704.99635297056,7834.8302108807,963.191429133835,6158.55322784886,1006.59943780718,927.57582622836,8392.84314399343,831.495569230594,8762.40472663203,8762.44150408754,8467.40695163463,8700.94129309711,789.337834010742,905.942669300014,1225.18553622931,867.404352379881,5834.95755559289,761.961393591846,684.516938656322,808.535334281375,6717.07033861885,8640.69179401888,8551.88433579581,8142.08717499633,7669.03741048357,8312.86522754074,4997.22803578342,8424.97881234309,7974.37365375773,4660.6850776311,5612.55673778787,8461.1698354985,4948.06567845785,5233.62002301503,5163.28446088109,7918.7598613745,7501.74213308658,320.40127308648,5301.59551566226,7560.15781595344,8189.98785731017,87.9170017488271,522.065058556646,4542.158166116,8004.02785019354,7451.48284934689,8074.50419919997,5054.75405254473,5197.14963882045,8433.90548944571,217.516388288532,349.365462142192,450.885310809714,7527.70879254592,368.200702475787,7795.83495961195,210.869107544462,5087.95555756821,8230.03272881412,194.343432301581,7905.86095453357,8133.307297447,8108.58433864368,8041.48340201627,7515.55699967245,472.593786281663,8749.18819772214,397.29751262165,8847.55126730013,5026.88887278591,1e+08,7623.00119729582,86.0501925435744,423.76240156066,7800.23759327547,8010.07698105588,330.041267730085,563.314812019665,8694.63951369776,44.6391573274188,7408.59909271577,7908.62882895311,141.33513031438,8135.08400543805,5264.52754170258,5269.14975987408,5459.42123391196,8117.38720302126,2370.23737028717,8817.7543697779,2335.2440239117,8842.42717888916,9130.62290164242,8745.41957810102,2368.74231520678,6770.03833978026,9010.198020507,2540.05257282887,8743.4719219154,6644.25280006587,2429.32113686336,8551.19871450641,2558.65572579168,6669.42204704466,2597.64258205227,2420.16678007231,8397.90737598896,8256.71022403642,8563.98185202658,8555.33539665305,2395.95467914087,8575.65682534086,2392.81689042885,8856.79843263356,9003.28086462079,6700.37411577583,8828.75442824546,9754.62364031809,8885.71908451951,8744.35312538363,8747.33171198141,6798.05850819514,8922.15328625281,8538.56842997178,6930.08565148408,8566.09918608558,8785.23174964974,8739.16698940361,9573.22222333001,9048.82577324395,2614.15095120555,6893.57058434629,2392.65398110845,6625.06743041185,8773.28778624018,2484.0091066689,8525.53153371703,7265.35535945433,2517.36489143853,8575.26702814273,8511.67340557154,6904.7877640699,8957.48446279689,6641.17942991942,8816.5731472067,8724.58315001654,8137.22856957001,6742.22692938931,8616.47090807855,2485.86042284255,8450.92213846129,6669.55621380523,9034.00866373455,8033.62870301715,2502.77556731197,2453.92721433888,6752.08065404913,6779.50499421836,8616.94764039275,6861.46565896487,8861.53079370908,2508.39657984085,8818.18978935135,8883.69557868247,6743.77549900121,2427.27489468946,8574.2439091055,2456.11841945025,6433.66465978424,8647.1139589167,2563.30063271166,2631.73134804022,2328.81793213076,8800.8105955947,9154.88713119103,2458.76862678118,8302.31794219556,2426.18201196586,2482.76437244657,2369.04717299023,6639.81048374772,2549.38185392493,8677.91813683304,6825.77756201426,9568.57919515424,8537.31140906037,6768.05130647332,2463.0258009136,2577.35625004352,2548.01321873605,8749.62399961984,2470.8416831616,2596.31828991425,6875.38938386709,8533.21245616009,8880.64110603744,8830.33414596944,2524.20977814632,8702.21132292644,8784.65951454637,8972.15231494275,9038.5091358558,8803.09733160058,9137.36986262108,9104.58558913199,6929.48874782548,6905.77471690087,6811.25602285926,8364.34592217882,8691.88615945106,8530.00445591387,8669.60740354091,8910.05568154138,6773.67807108428,8953.50365118144,6805.57887725645,6968.14686385273,8521.97431432506,6902.45561597362,2597.46890268354,6745.13611669951,8611.38739940136,9069.92790913331,2369.8935117908,2447.56455825865,6500.67745864639,9085.8205722527,2547.90293328677,7203.73754740226,2438.38677975014,2463.38958086784,8772.46560956783,8738.13493539994,8811.29393163662,8924.26151070256,8941.56877976597,6556.81708235099,6840.99027370191,2347.77898669662,8515.6393359553,8643.48892472339,8797.15835582994,8708.49526482857,8687.2038786421,8505.78424112433,6642.87839992642,8663.09065177979,8750.64981131118,5636.66163319806,2027.79064749498,2164.56115800075,5858.6385628247,2245.25473124762,8617.24485518145,8847.41140424907,2218.0207332272,8329.88497265764,8301.41078086751,2310.26206065146,5833.68351379689,2268.29866644548,8825.40280270456,8780.60006166077,7972.53277788679,8308.70284454029,5430.21340853035,8205.39331177223,7568.51159418125,5515.51361377944,2242.92560099413,8179.04782854164,6045.25885261722,5410.4340866192,8788.6570343849,2078.65865195533,8129.94329753134,5738.34422947088,2111.94184850901,5735.58721706898,5665.8994772631,5925.87137032206,8088.71098307729,2138.54192248491,8533.95202959254,2127.74903596998,2306.3364796635,7945.52313019984,2211.89116212871,1980.36721580541,2072.62017712206,2031.41577554236,8699.57231715897,5636.71487488869,5944.82482716618,7961.35244391033,5770.57474518946,2343.66066340938,2110.22606785202,2158.0108556238,2138.96294905461,5701.78677869549,8271.604801246,5985.31784058733,8412.94426147474,8163.54095035635,2020.82136404225,5343.01452729664,8155.84541114578,8007.21913277526,6013.3911274687,7668.55533443603,8802.82147315136,8563.00468044255,8525.48973337906,8112.49043449953,8828.93199409189,2230.59256891996,5676.06831987834,7977.5432780639,5992.11459555077,2157.90819867423,8449.61587186806,5776.40795203941,2119.91971653882,6111.99105751323,5753.70517983076,2230.05570079127,5787.01448053969,8091.66112078928,5236.9478440689,8238.39568742062,2530.20501362244,8112.44815231604,6046.45116239015,8676.51580412892,8146.65739419999,8198.13130762751,2175.09441274956,2162.45131035652,8736.7375179709,5822.8450867274,8251.27144039981,2162.57701165465,2234.34446623187,7801.71237775281,5607.70350604582,8709.11666725453,2077.14662092619,5539.96537240657,8002.5709796893,5651.71541937756,7643.10205129182,5317.00478262269,8411.68319638425,2072.41654157783,8098.28204025735,8232.19807613403,5940.14238020969,8192.32164159423,2233.64831317903,2225.02282872786,8343.7736319204,5890.31490435419,8742.88799683126,5777.89045015684,5319.42904474923,5717.71717064956,7771.32020828413,2224.86475833322,2210.29525922105,5854.13925961679,5710.4028762075,5738.48102442623,8208.09862090695,5604.38070667266,2041.27960200389,8565.79868609269,5926.39262084409,8854.85705405311,2075.18315870723,8195.08814872976,8264.96766937236,8685.31806910766,2099.67743039878,8732.46563830271,8143.2950081821,8481.25621454537,8696.71120685837,2230.80801945958,8745.24982471574,8101.97763939739,8790.68883118202,2184.72425114625,8333.85791276884,8265.27281407899,5557.29485500492,5943.76479342339,8658.77269068649,2111.95213815863,7692.42765004894,8326.75355382528,5222.15346182606,8078.52507215632,8806.00816174003
683.787955811932,952.314859399874,930.913524630277,909.930993002445,6679.15349643829,6842.46789658168,1268.7335944787,1241.08944279384,6730.31280354264,1265.04207218241,1035.44214686859,1377.57387224899,1530.31512013635,980.50033117146,1252.1427285158,1767.52200933108,1815.46244196444,1287.22988748563,6955.79055197056,1243.56378995853,993.925032416641,1009.61175742262,1315.92207050337,1228.92503994717,938.4095347908,6592.47182952151,963.921805737891,1017.70703933119,6704.79640193935,1025.6447039233,840.181707256967,6848.4517354784,1293.46731062448,338.009645657572,1492.04022134315,1140.75043352706,6614.81740911061,1444.86016094875,311.252094133585,1141.57114731283,628.132710713781,6939.97246654514,1162.28462862031,1203.55125580167,1423.61098929846,1057.74710983525,1241.87982128213,918.004844325263,211.829013584863,6659.80976816198,1464.44796944697,6616.40175948864,6695.42537106746,769.841946697599,6791.50562806523,1139.40352933621,1139.4403067917,844.405754338808,1077.9400958013,6833.66336328508,6717.05852799581,6397.81566106651,6755.59684491594,1788.04364170292,6861.03980370398,6938.48425863949,6814.46586301446,905.930858676971,1017.69059672305,928.8831385,519.08597770052,46.0362131877609,689.864030244921,2625.77316151241,801.977615047268,351.372456461919,2962.31611966472,2010.44445950796,838.168638202676,2674.93551883797,2389.38117428078,2459.71673641474,295.758664078687,121.259064209232,7302.59992420933,2321.40568163356,62.8433813423914,566.986660014333,7710.91819904464,7100.93613873917,3080.84303117982,381.026652897731,171.518347948922,451.503001904138,2568.2471447511,2425.85155847537,810.904292149886,7405.4848090073,7273.63573515362,7172.11588648611,95.2924047498911,7254.80049482003,172.833762316135,7412.13208975135,2535.04563972761,607.031531518284,7428.65776499424,282.859757237747,510.306100151179,485.583141347852,418.482204720437,107.444197623365,7150.40741101415,1126.18700042631,7225.70368467417,1224.55007000432,2596.1123245099,7623.00119729582,1e+08,7536.95100475224,7199.23879573516,177.236395979646,387.075783760049,7292.95992956573,7059.68638527615,1071.63831640194,7667.64035462325,214.402104580067,285.627631657296,7481.66606698144,512.082808142231,2358.47365559325,2353.85143742174,2163.57996338388,494.386005725436,7075.03993747606,1590.53784119997,7020.1255908593,1573.55783108752,1810.85614183333,1550.99145991179,7174.5617103217,2932.22042826939,1700.74960028476,7077.17396463558,1532.24370493387,2988.5025856813,7041.07664646997,1439.82732499361,7417.84936506336,3005.22846216621,6992.48368114335,7264.93279875078,1418.97924077586,1387.73490753136,1439.76626155312,1492.99626210757,7092.49443205965,1492.9229606643,7137.05017924582,1589.631420907,1833.2387144552,3134.81603338036,1644.38088840815,2352.16959499357,1592.93378525196,1512.87747787636,1524.552414712,2806.26737477355,1743.18054778085,1491.25369785862,2923.98841551149,1432.67209502794,1590.3986068165,1527.56408299121,2145.35943386906,1800.32304432249,7336.97791331568,2844.9586105435,7037.3783120862,2958.60243117715,1543.83252032675,7490.64195689009,1407.52231376956,2491.73765107221,7113.30992397581,1448.27982828471,1422.7599189617,2664.13561302643,1674.15202715645,3036.19593496164,1533.47651843245,1518.147398153,1193.37749872072,2983.76969869452,1411.16010619293,7226.46305890618,1439.88845291172,2880.32884098342,1758.72008873104,1255.96001752026,7140.96915716989,7090.3171905568,2998.40944598986,3055.48781119646,1434.37427216462,2734.908553112,1592.903411265,7254.79342347606,1535.28895759263,1588.58130823351,2996.72234662238,7291.78899941001,1408.550890393,7021.61794461291,3255.44308255647,1538.65985441467,7400.22051678418,7056.43523546925,7165.85206203013,1533.07661202045,1854.22203582235,7096.80354313657,1311.12506424346,7089.01865978936,7382.01039882065,6725.65465589552,3079.45864818077,7346.79508181578,1549.16682013921,2809.4137006581,2228.31078975277,1473.93706240376,2862.59652812802,7333.52932805131,7158.57823623431,7015.77009254999,1534.58747882292,7216.42643172947,7375.49054263134,3039.78300565266,1479.15214711854,1600.15156667268,1555.64630074027,7339.97886163365,1445.76370352334,1611.98042965909,1758.42946244051,1780.66085662539,1547.93300997843,1834.55870302057,1792.48439680407,2821.11454083498,2886.16383739614,2887.50782991085,1402.68939557441,1526.39826988836,1458.03892812781,1505.76873371949,1655.8131587242,3023.33452758429,1743.95236911324,2832.91482883914,2669.84084834344,1453.95736093892,2665.7903155893,7277.35708610957,2939.49891830482,1520.45927383416,1772.38184325664,6755.99423338723,6897.8452293955,3169.83959410129,1813.74436744153,7443.05175582116,2573.64595855908,7297.20860919079,7002.84281544819,1580.56977031972,1505.24132859878,1534.62107505898,1711.26099251409,1698.27631199072,3005.21615994824,2731.52428303767,6928.11010098746,1434.67441121044,1557.37488491742,1642.56529472363,1482.03864283622,1548.63770676406,1473.62345806529,3248.28712923671,1496.67339951464,1508.26542715376,3689.48374613846,7657.73688059484,7525.76949612515,3533.30831393198,7424.22708607088,1392.56650253233,1628.51807524944,7722.21640599113,1296.94723989886,1237.5849856766,7667.03507612883,3441.08699319248,7674.94288370736,1604.75120270662,1541.09872794585,1164.0401910338,1246.44605569148,3918.98613679868,1231.53959055826,1064.74175870284,3836.86711412315,7700.46718243143,1199.62917343558,3311.57011013607,3832.0516032069,1494.60394879765,7559.11442057913,1191.36973261119,3442.89775540755,7623.43776347565,3397.39230178811,3621.96175189056,3325.50065054575,1140.23120024058,7519.10180123915,1355.93229522202,7492.85905116266,7606.72087123347,1085.3384345828,7605.67489389794,7779.39647550151,7680.81285342089,7701.11996280235,1514.40666978215,3525.03242982381,3344.18102924622,1066.26794038467,3508.5167476999,7657.26389040542,7506.49972028876,7578.25270204239,7640.37654958118,3454.17888547588,1219.245638445,3345.6056291434,1288.24631822792,1127.36181234711,7468.71568726787,3860.33888760449,1112.68695565162,1144.25079583381,3208.09665950174,1042.39847133458,1600.78790572086,1366.47811533044,1404.74924778879,1169.67679141992,1598.55486043546,7382.87493344841,3573.92566606169,1100.42416588785,3255.00166276066,7546.63136029298,1355.50221292604,3437.81475393156,7586.31166100293,3164.05706101926,3607.38082917696,7610.91287371773,3449.48788219782,1151.69605618798,4106.83277238226,1278.86007601131,7972.03131607196,1132.65018696516,3226.423770234,1463.74222414771,1131.63499655503,1195.81219220911,7603.92616981287,7652.40143209889,1577.3921107001,3526.48842784119,1141.18208833478,7925.22030135497,8149.63295440671,1057.40460559965,3663.5625160942,1518.24941330789,7482.40740574711,3610.55453869589,1125.57388386803,3697.72340805561,1023.19097532354,3641.05704624262,1305.30718950138,7597.48576718199,1163.12638809998,1261.83621018691,3323.09254691882,1096.76454248237,7643.78471724972,7502.59545470513,1292.83303498523,3359.66856485659,1487.21507785331,3617.323092969,3815.50574175273,3600.39881830446,1085.45627123294,7595.08610214038,7446.90349485596,3334.6671776155,3709.19678325923,3603.5246268644,1196.51166732833,3614.60826210192,7639.67524604738,1433.74152660933,3381.87977481612,1653.07381933352,7800.24372481757,1120.68614519937,1208.05411161942,1482.59977854615,7668.45616130156,1538.86541650346,1160.50643121328,1338.42057429058,1589.64092422037,7394.95581370542,1635.66314183009,1146.98282536269,1595.16717639499,7678.64099020189,1193.5542633199,1248.44679821813,3563.74574317727,3251.6088264331,1516.90842068531,7543.30349595124,1001.94285283946,1226.72362868918,3987.67051873379,1165.77564422457,1596.50642580491
8220.73896056418,8489.26586415212,6606.03748012196,6627.02001174981,857.797508313953,694.483108170573,6268.21741027355,6295.86156195841,806.638201209605,8801.99307693467,6501.50885788366,6159.37713250326,6006.63588461589,8517.4513359237,8789.09373326805,9304.47301408334,5721.48856278781,6249.72111726661,581.160452781697,6293.38721479372,6543.02597233562,8546.56276217487,6221.02893424888,8765.87604469943,8475.36053954304,944.479175230735,8500.87281049015,6519.24396542105,832.154602812896,8562.59570867553,8377.13271200922,688.499269273846,8830.41831537671,7874.96065040981,6044.91078340909,6396.20057122519,922.133595641653,6092.09084380351,7848.20309888583,8678.52215206507,8165.08371546602,596.978538207103,8699.23563337255,8740.50226055391,6113.34001545379,8594.69811458751,8778.8308260344,6618.94616042698,7748.78001833711,877.141236590262,6072.50303530529,920.549245263606,841.525633684786,8306.79295144984,745.445376687019,8676.35453408846,8676.39131154395,8381.35675909106,8614.89110055356,703.287641467167,819.892476756442,1139.13534368574,781.354159836306,5748.90736304932,675.91120104827,598.466746112747,722.485141737803,6631.02014607528,8554.6416014753,8465.83414325224,8056.03698245277,7582.98721794002,8226.81503499716,4911.17784323985,8338.9286197995,7888.32346121418,4574.63488508752,5526.50654524429,8375.11964295494,4862.01548591428,5147.56983047147,5077.23426833752,7832.70966883095,7415.691940543,234.351080542905,5215.54532311869,7474.10762340987,8103.93766476659,173.967194292402,436.014866013071,4456.10797357243,7917.97765764997,7365.43265680332,7988.4540066564,4968.70386000114,5111.09944627688,8347.85529690212,131.466195744958,263.315269598616,364.835118266141,7441.65860000234,282.150509932212,7709.78476706839,124.818915000887,5001.90536502464,8143.98253627052,108.293239758006,7819.81076199,8047.25710490344,8022.53414610011,7955.43320947269,7429.50680712889,386.543593738089,8663.13800517855,311.247320078075,8761.50107475657,4940.83868024234,86.0501925435744,7536.95100475224,1e+08,337.712209017085,7714.18740073188,7924.02678851231,243.991075186511,477.26461947609,8608.58932115418,130.689349870993,7322.54890017217,7822.57863640956,55.2849377708055,8049.03381289449,5178.47734915901,5183.0995673305,5373.37104136838,8031.33701047767,2339.03769592196,8732.41671629109,2302.07691790678,8757.01449929229,9045.20063757291,8660.11614599369,2340.96147747876,6690.63077088175,8924.76017076334,2509.15673947286,8658.1338241054,6565.06090987994,2397.09414764064,8465.95628253947,2538.7775143908,6590.33147414287,2564.16786760112,2395.47865018312,8312.81663224264,8171.71286256967,8478.72217945639,8470.19134966426,2365.39188525904,8490.48500010034,2363.76374968731,8771.39473885468,8918.15193407127,6621.97872288618,8743.5112687911,9669.15070238863,8800.27370038009,8658.97522791091,8661.97233164446,6718.05552223753,8836.96593592814,8453.44339515004,6850.68701652299,8480.82309971105,8699.94620297943,8653.82618685234,9487.64748250806,8963.53637839888,2591.47588370381,6813.78692992887,2360.22463935711,6545.70961719019,8687.92641911528,2466.87510396474,8440.26147011577,7184.08412179275,2487.61133333101,8490.00844672782,8426.45013826805,6824.18338029741,8872.08441680554,6562.23271059542,8731.12218053924,8639.24593791078,8051.99133418443,6663.06457530095,8531.08524036545,2459.81333822661,8365.80831523787,6589.83614081683,8948.6536514394,7948.57894668083,2473.91329064022,2423.36880138935,6672.99680317594,6700.72330040003,8531.60500891739,6781.16075187759,8776.12592380069,2483.26269538941,8732.73981060717,8798.24472603921,6664.67945419351,2403.49707430477,8488.91125506837,2423.30561628842,6355.7748249701,8561.9330896033,2542.82617299243,2600.25948655553,2300.70872137448,8715.38412532933,9069.51620133167,2428.4297444516,8217.1315895824,2395.5453051858,2461.93471552725,2326.17522997212,6561.09053865199,2527.19455844534,8592.71339525516,6745.80213233862,9483.23138344729,8452.15375970386,6688.30238653595,2440.6041039817,2549.05711685932,2515.18313719662,8664.28107312417,2444.4717745646,2574.93216920144,6796.55234767684,8448.07052538316,8795.21907396668,8744.90511407022,2501.86152888154,8616.76739345488,8699.41972115028,8886.90992637876,8953.19471006838,8717.69684158243,9051.98829331011,9019.17241654705,6849.60302296224,6826.18971799746,6731.64713853398,8279.2624238513,8606.61466953919,8444.8253196079,8584.32779497114,8824.69959529997,6694.72960851586,8868.26249521479,6725.70560007693,6887.58861179437,8436.79775765612,6821.85761464752,2572.92683889491,6665.75305527024,8526.22091118548,8984.53593473226,2328.01930245226,2410.70326904235,6422.35525380431,9000.49145390853,2528.89879582421,7122.79849073537,2414.7768147859,2429.98035892349,8687.18011097972,8652.75155917898,8725.85373235933,8839.00004533857,8856.24866206248,6477.64925950496,6760.6609372188,2311.51662281511,8430.43374279534,8558.35152388756,8711.96297336581,8623.11150551141,8601.9842376686,8420.66728961747,6565.07871189311,8577.80260776366,8665.25312569888,5560.43234050284,2019.63232352905,2150.16597516323,5781.74383692871,2226.63523720017,8531.82362273713,8762.10387854298,2211.03436066068,8244.64425817222,8216.09661255292,2300.44925323808,5756.11089011293,2259.08679596652,8740.0820140969,8695.22168677888,7887.36482570458,8223.39630366122,5355.29390614956,8120.16161677689,7483.31425876733,5440.13938801702,2234.88963520884,8093.78561362393,5967.23225034517,5334.75081087135,8703.17436525773,2066.03560717035,8044.70865862154,5660.57756765664,2101.76812888019,5657.50369194445,5589.2367264172,5847.72045267343,8003.42474249335,2124.00135664968,8448.57574523449,2112.20474525539,2294.28627601777,7860.24412660274,2200.37756550068,1977.92313869595,2065.10404223619,2025.08895345586,8614.26543647472,5559.28129178319,5866.82979971073,7876.0349893494,5693.33282208838,2333.25018837558,2095.30304614203,2145.73238045781,2129.29926460138,5624.01241651039,8186.28951816153,5907.4049889704,8327.59596589585,8078.17463458953,2004.67996709354,5267.37255335218,8070.46253489862,7921.99663998446,5934.66946567683,7583.31237200654,8717.52917698433,8477.60939912174,8440.21450903162,8027.23378400816,8743.59261189137,2210.45421368905,5599.08010566813,7892.26922257982,5913.64283684329,2144.37183780874,8364.34447855863,5698.69198697905,2108.18290780074,6033.17494703881,5677.12646637865,2218.63387340649,5709.40112345351,8006.39117924677,5163.12580084081,8153.21555017401,2529.5293783818,8027.13159538274,5967.9000534441,8591.14405625168,8061.31184923251,8112.84586022774,2163.73672323731,2153.11028072665,8651.50138263538,5745.83477317182,8165.84857317947,2164.34630016495,2244.35065648117,7716.45669056267,5531.21290014692,8623.80308162549,2061.37480960124,5462.90813308511,7917.32128232375,5575.58153738669,7557.83342673555,5239.51436917697,8326.36635078458,2061.4192088535,8013.02568889714,8146.99389405089,5862.00325938566,8106.88328067236,2223.47747545833,2209.45424469627,8258.51072305292,5812.3156971515,8657.46216172127,5701.43159892428,5243.34710335728,5641.01261705946,7686.11910239064,2212.86136593117,2192.6481160494,5775.90315280735,5634.47916489415,5661.84308980183,8122.8053623813,5527.51836014814,2032.25582717318,8480.52504448017,5848.60765202903,8769.58898999717,2072.68821507254,8109.68429931315,8179.64014858697,8599.96986821845,2091.44215414127,8647.15774023034,8057.99856910503,8395.915114829,8611.56166545759,2211.12493323217,8660.12250844111,8016.69218304464,8705.40441051483,2176.27119534138,8248.43675773474,8180.0134601086,5479.93735310883,5865.18025349819,8573.53107567178,2098.51204395389,7607.11875495504,8241.39480303045,5147.2313548825,7993.28802475013,8720.70185567689
7883.02675154711,8151.55365513503,6268.32527110488,6289.30780273272,520.085299296868,356.770899153487,5930.50520125647,5958.14935294132,468.92599219252,8464.28086791759,6163.79664886658,5821.66492348618,5668.92367559882,8179.73912690663,8451.38152425096,8966.76080506625,5383.77635377073,5912.00890824953,243.448243764613,5955.67500577664,6205.31376331852,8208.85055315778,5883.3167252318,8428.16383568234,8137.64833052595,606.766966213648,8163.16060147306,6181.53175640397,494.442393795809,8224.88349965846,8039.42050299213,350.78706025676,8492.70610635963,7537.24844139275,5707.198574392,6058.4883622081,584.421386624567,5754.37863478642,7510.49088986875,8340.809943048,7827.37150644895,259.266329190019,8361.52342435548,8402.79005153683,5775.62780643669,8256.98590557041,8441.11861701729,6281.23395140991,7411.06780932003,539.429027573176,5734.79082628819,582.837036246521,503.813424667701,7969.08074243277,407.733167669936,8338.64232507138,8338.67910252685,8043.64455007397,8277.17889153647,365.575432450082,482.180267739356,801.42313466865,443.641950819221,5411.19515403223,338.198992031185,260.754537095662,384.772932720717,6293.3079370582,8216.92939245822,8128.12193423515,7718.32477343568,7245.27500892292,7889.10282598007,4573.46563422276,8001.21641078242,7550.61125219709,4236.92267607045,5188.79433622721,8037.40743393783,4524.30327689719,4809.85762145437,4739.52205932042,7494.99745981385,7077.97973152592,103.36112847418,4877.8331141016,7136.39541439276,7766.22545574949,511.679403309486,98.3026569959859,4118.39576455534,7580.2654486329,7027.72044778625,7650.74179763929,4630.99165098407,4773.3872372598,8010.14308788504,206.246013272128,74.3969394184683,27.1229092490552,7103.94639098527,55.5616990848723,7372.0725580513,212.893294016198,4664.19315600756,7806.27032725344,229.418969259079,7482.09855297291,7709.54489588633,7684.821937083,7617.72100045561,7091.7945981118,48.8313847210042,8325.42579616146,26.4648889390102,8423.7888657395,4603.12647122526,423.76240156066,7199.23879573516,337.712209017085,1e+08,7376.47519171482,7586.31457949521,93.7211338305741,139.552410459005,8270.8771121371,468.401558888078,6984.83669115511,7484.86642739245,282.427271246279,7711.32160387738,4840.76514014191,4845.38735831343,5035.65883235129,7693.62480146059,2244.4542072198,8397.64146540613,2199.78169283259,8421.9296964048,8710.07225355325,8325.48319641064,2260.46857548852,6380.65294194064,8589.56929923359,2413.86457974161,8323.35799559797,6256.01556104623,2297.54982874875,8131.57863914459,2488.13788724074,6281.70127093093,2457.62796181994,2326.97987803103,7979.06873954687,7838.35460989236,8144.27312937957,8136.21964440627,2273.12145341385,8156.39821520159,2277.74774212238,8436.34674554943,8584.23283612799,6316.23469879403,8409.12520052372,9333.80649500217,8465.05352737458,8324.03530237392,8327.10869801787,6405.59121303408,8502.8079557797,8119.55053606309,6540.7055988074,8146.30627145049,8365.38626259962,8319.03928063044,9151.88739082106,8628.95597756064,2528.95350103185,6502.21298714722,2260.27906832793,6235.97793701363,8353.0541689056,2428.09907106668,8105.77029017666,6866.2528530396,2397.26623170755,8155.56367700309,8092.15241096539,6509.1912818043,8537.04994711368,6254.20998684075,8395.87997584812,8304.47408355996,7717.64401405213,6354.11522128784,8196.11534357687,2384.99968230905,8031.96380893506,6278.58237314548,8613.80342344409,7615.01027055909,2387.39050018237,2330.4280363548,6364.37162013143,6393.34816043924,8196.81266292015,6467.4247004378,8441.07301357969,2411.91302048216,8397.50165456647,8463.00205293854,6356.00578151234,2338.61248416592,8154.1608324864,2321.02613886707,6052.22516302177,8227.80745428668,2489.73434267656,2501.64611656659,2219.38134257492,8380.24310676727,8734.59864798465,2336.33742924749,7882.9909369554,2302.60689995784,2408.32163886914,2182.70614248092,6254.0131325194,2467.34133820003,8258.48866182099,6433.44603244418,9148.40290137281,8118.12632376078,6376.90352221583,2380.78933398483,2464.03101574057,2411.82284948956,8329.48523356482,2368.51433779037,2517.80711368989,6488.92033418426,8114.10805668833,8460.09517554156,8409.75310642114,2441.63776636393,8281.55584314789,8365.04836333369,8552.52436837212,8618.51146157529,8382.66286572655,8717.02723009888,8684.0817988066,6537.59603728702,6515.43924917583,6420.82061878558,7945.54530518412,8272.11440354104,8110.7093615904,8249.79446622941,8489.84689564601,6386.66205335383,8533.88235415417,6413.7796626866,6572.77545629284,8102.69262361725,6506.89256912171,2503.01053784446,6355.88381591008,8192.15536658291,8649.53304206745,2188.77402310395,2291.6752592842,6116.97935317488,8665.74697654257,2481.89301476942,6806.35731921302,2350.43927248598,2325.14664853661,8352.62060009967,8317.78914530652,8390.65597818444,8504.5368048193,8521.54358242493,6168.72911804837,6446.82769085823,2196.16270931754,8096.20888999233,8224.40525622812,8377.77439790957,8288.14798684637,8267.69787343772,8086.80856187604,6261.83296703243,8243.23460962675,8330.23564258754,5264.18963191127,2022.97641468313,2126.63155633444,5482.59324856312,2185.00237906127,8196.70697716962,8427.45226522607,2215.92955767126,7910.27831320011,7881.42765013236,2292.94832303484,5454.12794486395,2254.52986805325,8405.37613072329,8360.27921332019,7553.30831271269,7888.75872633191,5064.68491734769,7785.83568553997,7149.14658762483,5147.56231730082,2235.3121609406,7759.33401779023,5663.2562244627,5040.9397879524,8367.80187992569,2050.92254311787,7710.37224781507,5357.82291794688,2095.78030975316,5353.41831464197,5291.15684466286,5543.27133188503,7668.8756753278,2100.29661776961,8113.6459480484,2084.67263801999,2278.00039283407,7525.72818413566,2187.55513349364,2004.32574736019,2070.19581720621,2035.52723104131,8279.61908866755,5257.9754040817,5563.02675121837,7541.35938505175,5392.76751179745,2322.94685197113,2070.53135725294,2130.70133793637,2124.88746831659,5321.24220667288,7851.61653379306,5603.92978490367,7992.78387131407,7743.29266540993,1976.57335153268,4973.77921766303,7735.51218715144,7587.71336496082,5627.79262654973,7248.95254777543,8382.94110341059,8142.60070708463,8105.70202727824,7692.80667216373,8408.81005076513,2162.91929476328,5299.62721651236,7557.7730591474,5607.82187355304,2124.35467753534,8029.8493136906,5396.13303609153,2095.8981562876,5725.86678029899,5379.35376980622,2205.90770499036,5407.26832685667,7671.90951563749,4877.27906635028,7819.10208073691,2555.03664276339,7692.45654573575,5661.72593052336,8256.23059326745,7726.51614953788,7778.29775372754,2152.08406347411,2149.60139287352,8317.1460294217,5446.21654553713,7830.73110964463,2203.98495517849,2314.32475792832,7382.04076329142,5233.88787105262,8289.12891535497,2033.76737082804,5163.23565801775,7582.92544411695,5279.7312801396,7223.36768794301,4938.13602452235,7991.68419505353,2052.83759553602,7678.60013116213,7812.78113985075,5557.59781108933,7771.7027271573,2215.63744607405,2180.33242593502,7924.05276462391,5508.51782882652,8322.32462023137,5404.1494252064,4947.91372504194,5342.73012457522,7351.93034370772,2197.91053326853,2155.42962812755,5471.12599353347,5339.47864729738,5363.8296331766,7788.2247396028,5228.63186791413,2031.97209189537,8146.01831111994,5545.69322234368,8435.09982700399,2097.26767251542,7774.64646870851,7844.9166961415,8265.1533708294,2093.270764754,8312.50660961092,7723.40613567217,8061.13150026811,8277.56415827136,2165.42191871595,8326.21556638829,7682.14607701405,8370.84901220073,2175.9114844344,7913.32498550918,7845.57184525049,5178.99155245692,5558.90478325091,8239.15465486388,2079.60896691726,7272.48463280587,7906.54108111802,4856.75787902691,7658.94281919602,8386.05598911964
506.551559832284,775.078463420229,1108.14992060992,1087.16738898209,6856.38989241794,7019.70429256132,1445.96999045834,1418.32583877348,6907.54919952229,1087.80567620277,1212.67854284824,1554.81026822864,1707.551516116,803.263935191814,1074.90633253616,1590.28561335144,1992.69883794409,1464.46628346528,7133.0269479502,1420.80018593818,1171.16142839629,832.375361442973,1493.15846648301,1051.68864396752,761.173138811153,6769.70822550116,786.685409758244,1194.94343531084,6882.03279791901,848.408307943648,662.945311277322,7025.68813145804,1116.23091464483,160.773249677926,1669.2766173228,1317.98682950671,6792.05380509024,1622.09655692839,134.015698153939,964.334751333184,450.896314734136,7117.20886252479,985.048232640663,1026.31485982202,1600.84738527811,880.510713855605,1064.64342530249,1095.24124030491,34.5926176052169,6837.04616414164,1641.68436542661,6793.6381554683,6872.6617670471,592.605550717953,6968.74202404486,962.167133356566,962.20391081206,667.169358359162,900.703699821655,7010.89975926473,6894.29492397546,6575.05205704616,6932.8332408956,1965.28003768257,7038.27619968363,7115.72065461914,6991.70225899409,1083.16725465662,840.454200743404,751.646742520356,341.849581720874,131.200182791885,512.627634265275,2803.00955749205,624.741219067623,174.136060482274,3139.55251564437,2187.6808554876,660.93224222303,2852.17191481762,2566.61757026043,2636.95313239438,118.522268099042,298.495460188878,7479.83632018899,2498.64207761321,240.079777322038,389.750264034687,7888.15459502428,7278.17253471883,3258.07942715947,203.790256918085,348.754743928568,274.266605924492,2745.48354073074,2603.08795445501,633.667896170241,7582.72120498694,7450.87213113328,7349.35228246576,272.528800729537,7432.03689079969,4.40263366351043,7589.36848573102,2712.28203570725,429.795135538638,7605.89416097388,105.623361258101,333.069704171534,308.346745368207,241.245808740791,284.680593603011,7327.6438069938,948.950604446665,7402.94008065382,1047.31367402467,2773.34872048955,7800.23759327547,177.236395979646,7714.18740073188,7376.47519171482,1e+08,209.839387780403,7470.19632554539,7236.92278125581,894.4019204223,7844.87675060289,391.638500559714,108.391235677651,7658.90246296108,334.846412162585,2535.7100515729,2531.08783340138,2340.81635936352,317.14960974579,7243.74715759389,1470.83185155059,7189.13612214223,1448.53031748454,1673.19992232259,1437.2750039136,7343.23875525799,3019.05105986108,1566.7642011932,7244.5420335423,1416.82875010174,3081.37610450336,7209.34831046595,1343.00541466717,7585.12317937996,3096.71905602558,7159.41635964975,7433.21478165578,1342.7899099312,1329.67167693395,1341.04317735818,1400.56377802171,7260.99577543284,1397.59111559519,7305.55664031062,1464.3606424246,1713.69430327214,3224.00689714919,1528.74482184482,2198.06829526893,1463.95907430947,1395.24255312257,1407.75592024017,2892.44622714323,1625.11088656879,1401.04302335708,3002.39239010216,1332.92992215765,1475.19618289516,1412.26835174703,1990.2917463472,1671.9002356227,7503.76117781183,2925.6755028358,7205.93758568463,3052.67816280489,1425.39031610026,7658.54457064083,1311.38555659998,2551.1420854674,7280.849275992,1348.72495337496,1330.1695266122,2745.29532006113,1544.31863606122,3128.87307980561,1407.63122135474,1403.95018668995,1140.28361376684,3071.71972915083,1301.52983142092,7394.23740526807,1357.74934756799,2972.78187956312,1627.87304647236,1223.13016709658,7308.61807390124,7258.36932537357,3085.77126842907,3141.16807532045,1327.17045795743,2818.06719361539,1467.33019617651,7422.39367409703,1409.41621955348,1459.39807450428,3084.51629605545,7460.02067795985,1305.11655622224,7189.69089837977,3356.25171484025,1437.54167593418,7567.44616407185,7223.0490320688,7334.8286972438,1409.47766012439,1718.11437440573,7264.81482800483,1240.52461454626,7257.28826350098,7549.85068220532,6894.79060815398,3171.9080705232,7514.10089208867,1444.75459164322,2894.05330558404,2081.96174688923,1382.34570710477,2949.99262912949,7501.50002777673,7325.62252809054,7183.10283745889,1418.54031511431,7384.3178040831,7542.43872533053,3120.66417743065,1388.61988274945,1472.70383301212,1430.33460100292,7507.47932019306,1326.88121531351,1499.05223766994,1635.48790651647,1651.52713390252,1425.66765266852,1698.57202676067,1656.16976004349,2899.96380045255,2966.0250152962,2972.43819910513,1330.08694485051,1417.75193173107,1366.04629526063,1398.21564730091,1530.40369704146,3109.46532007213,1621.9463000762,2918.49794125837,2747.24391572823,1362.75613324568,2747.07472771493,7444.25121225583,3027.57745488413,1422.63473253887,1638.35715759156,6925.06908179487,7066.096806611,3268.2500244202,1682.04799279571,7610.42761312727,2636.96761412802,7465.3570875777,7170.87096811441,1466.12537210116,1387.67670966544,1409.67464604254,1589.74297208661,1573.14731299034,3102.29281766816,2815.86502645558,7097.11343068294,1342.61585444414,1458.51737324177,1530.98089038794,1366.2888290654,1442.8754554473,1386.5159973905,3339.64000360791,1389.13283692388,1389.20225351163,3817.40229315787,7828.87162610855,7695.94599646003,3654.99431761967,7593.81047081271,1280.75225711023,1508.73082819926,7892.22410490406,1220.82127168157,1160.80202494096,7836.36053286799,3564.7756259464,7844.56217183523,1485.49002652921,1421.31050048567,1136.29491492532,1169.25966584573,4051.22716548683,1170.05883737245,1100.31449441945,3967.24365718618,7870.28512799047,1140.0396595076,3428.4505778903,3965.84508832135,1368.35901479214,7729.8615012979,1139.34313681632,3570.15848073158,7794.02427905479,3525.37366278414,3749.62869092721,3447.04370302786,1091.62451367459,7689.44347837001,1253.20023184936,7663.25628564788,7776.0095583227,1058.30823493579,7775.60057705372,7950.93651053238,7851.69653711496,7872.2738336292,1403.42462838388,3654.93156246551,3464.73205062236,1035.45923653803,3633.75253142121,7826.34745824909,7677.01646592297,7748.50832196301,7810.80698050248,3582.64862527049,1145.7932260441,3464.51845824997,1197.93788704776,1064.66293802617,7639.77678826661,3995.92786602273,1050.13827615935,1109.74649192764,3327.59833777863,1061.63784646042,1484.22906445545,1260.29350902476,1308.34579348831,1119.05532007526,1478.14807548928,7552.54536559029,3701.80155832691,1068.59836575824,3374.76660167974,7716.8648122244,1265.946096085,3563.71341452802,7756.81776832077,3279.93321584036,3732.09604395982,7780.72269702266,3574.83808219196,1103.3683874289,4243.00008282951,1215.72014189836,8140.30406230927,1079.3847276525,3344.29496943066,1350.74833565795,1072.28131820646,1132.7259218727,7774.09169939788,7822.6930192749,1467.58305027687,3649.5805819094,1064.00463247252,8095.87505711243,8320.28421946791,1054.24029419187,3792.7693587939,1406.2937916013,7653.12281496801,3742.74030200061,1090.82010148019,3825.03497752138,1046.67999838517,3780.30703989105,1216.89175538402,7768.29854436878,1114.45229823098,1198.37001989864,3444.09499733958,1026.12285154049,7813.60235046944,7672.35614929767,1214.13252978533,3482.18433455375,1366.93740815074,3741.06355090965,3952.36043874849,3726.47883307429,1088.08790483094,7764.91635773295,7616.7344293379,3458.93435686775,3834.36399536394,3728.82762930047,1131.80310846959,3744.51387978411,7810.71280855732,1334.15088271352,3502.70111457647,1534.81585149356,7971.24802728198,1051.7377614157,1134.72338777961,1370.33590533048,7839.1605291999,1425.72247902404,1103.9822290644,1242.20686703596,1486.5121116364,7564.62815983267,1530.33369967049,1096.56348209931,1479.70184551092,7848.8156912361,1106.96793874553,1178.56334410727,3695.94446327863,3373.40749392183,1412.02929455392,7713.83043677906,1016.81906385185,1144.67269070069,4125.48929033367,1120.60167309759,1479.06180721332
296.712172051882,565.239075639826,1317.98930839033,1297.00677676249,7066.22928019834,7229.54368034172,1655.80937823875,1628.16522655389,7117.3885873027,877.966288422366,1422.51793062864,1764.64965600904,1917.3909038964,593.42454741141,865.066944755755,1380.44622557103,2202.53822572449,1674.30567124568,7342.86633573061,1630.63957371858,1381.00081617669,622.535973662568,1702.99785426342,841.849256187122,551.333751030752,6979.54761328157,576.846021977842,1404.78282309124,7091.87218569941,638.568920163246,453.105923496918,7235.52751923845,906.391526864429,49.0661381024767,1879.1160051032,1527.82621728711,7001.89319287065,1831.93594470879,75.8236896264642,754.49536355278,241.056926953733,7327.04825030519,775.20884486026,816.47547204162,1810.68677305851,670.671326075203,854.804037522088,1305.08062808531,175.246770175186,7046.88555192202,1851.52375320702,7003.4775432487,7082.50115482751,382.766162937549,7178.58141182528,752.327745576163,752.364523031655,457.329970578759,690.86431204125,7220.73914704512,7104.13431175586,6784.89144482655,7142.67262867598,2175.11942546298,7248.11558746403,7325.56004239956,7201.5416467745,1293.00664243702,630.614812963001,541.807354739953,132.01019394047,341.039570572288,302.788246484873,3012.84894527246,414.901831287219,35.7033272981294,3349.39190342477,2397.52024326801,451.092854442628,3062.01130259802,2776.45695804083,2846.79252017479,91.3171196813613,508.33484796928,7689.67570796939,2708.48146539361,449.919165102441,179.910876254284,8097.99398280471,7488.01192249922,3467.91881493987,6.04913086231735,558.594131708971,64.4272181440892,2955.32292851115,2812.92734223542,423.828508389837,7792.56059276735,7660.71151891369,7559.19167024616,482.36818850994,7641.8762785801,214.242021443914,7799.20787351142,2922.12142348766,219.955747758235,7815.73354875428,104.216026522303,123.230316391131,98.5073575878041,31.4064209603881,494.519981383413,7537.48319477422,739.11121666626,7612.77946843421,837.47428624427,2983.18810826995,8010.07698105588,387.075783760049,7924.02678851231,7586.31457949521,209.839387780403,1e+08,7680.03571332578,7446.7621690362,684.562532641898,8054.71613838329,601.477888340116,101.448152102752,7868.7418507415,125.007024382182,2745.5494393533,2740.92722118179,2550.65574714392,107.310221965387,7444.00088005808,1345.62028399422,7389.73479185983,1316.09819692594,1520.85370381572,1320.85519419708,7543.45173997814,3131.72530755669,1420.43677568399,7443.28849159692,1298.32552998983,3200.55196591671,7409.11438145394,1251.35295878557,7783.73744575516,3214.32084543206,7357.67978736104,7632.97662854732,1278.74330898249,1289.3583294467,1246.83202679318,1313.82802855528,7461.0166114249,1306.99547652032,7505.5801308653,1331.39935961695,1586.17694196655,3338.70054237323,1408.49550833634,2020.53054869779,1325.74989295017,1273.93081060908,1287.44578274507,3004.81579065915,1500.45315738329,1317.28251726902,3105.7542168527,1237.47166798306,1356.20734159452,1293.99573175233,1811.96291667736,1532.49304886563,7701.82823018493,3031.87584207818,7406.02748541527,3173.26504844199,1302.5311967637,7857.86324870586,1221.26417112786,2635.18984168827,7479.78572665234,1253.23774344685,1244.50451296337,2852.65806268424,1404.06970419917,3247.6967983524,1274.53507702176,1287.33077980227,1111.20434649351,3185.47258202116,1192.93950970022,7593.43001157603,1285.55055589972,3091.81776967588,1485.44769085467,1216.9270624625,7507.67577232821,7457.8847496451,3198.82920717486,3252.19273458729,1221.51479430105,2927.36218186854,1333.90725955764,7621.38802546382,1276.25875818723,1320.94206757724,3198.05749168802,7659.72399421894,1205.08661917069,7389.23485479368,3483.49998875644,1338.44750862818,7766.00738706271,7420.94813723896,7535.37956930428,1279.55135492256,1567.63414532598,7464.28379451523,1186.10241279172,7457.04854085571,7749.10649526847,7095.55070391293,3290.36048882617,7712.75649258165,1341.05697144981,3004.71434942389,1915.44942177107,1297.06158464821,3063.5151497738,7700.90628075715,7523.99791915287,7381.81446400511,1299.12952571238,7583.64298377253,7740.68880889761,3226.405049085,1304.6472023528,1336.5668804089,1297.7178487268,7706.35491751044,1204.81721147919,1382.90687872919,1504.00676126271,1511.29904802388,1297.42226144155,1548.39614601484,1505.83656635667,3004.18006240622,3071.13385257574,3083.15594285881,1271.00414473347,1308.63753852901,1280.51605670762,1290.90823445948,1396.52197089808,3221.0850502616,1491.88864690478,3030.11936136925,2850.43904440177,1278.35256508795,2854.56832995954,7642.44795196168,3141.60790902127,1328.24902306385,1491.38390829644,7125.75841584762,7265.85095663645,3393.05239647318,1537.99792017544,7809.15518388061,2724.96983635755,7664.96626055755,7370.36594116345,1348.30645208387,1266.57120820645,1277.83214501607,1460.67999738278,1439.22392301838,3226.05107615715,2926.47506942965,7297.71028949987,1257.43235212011,1362.17067700773,1416.28641335788,1248.04958860547,1337.35699588131,1307.16531532242,3456.43635811613,1281.98465851512,1265.96400872154,3973.7510691033,8031.82911430786,7897.82831509987,3804.71139033699,7795.02928879395,1169.46523321947,1382.95351994125,8093.90601637064,1159.61335050533,1100.29727844971,8037.27476903985,3716.82625085932,8045.80781853786,1360.72180048038,1296.61405224872,1138.78268234517,1107.98587025462,4212.07050437706,1129.35753897546,1176.05277662182,4126.12229199646,8071.75380975653,1102.65493357336,3573.2599966843,4128.48366234522,1235.19591632028,7932.38590469725,1111.64815702854,3726.11280790518,7996.36449757156,3682.17964577219,3905.78625058441,3596.93076113044,1069.77989630367,7891.51246470789,1155.15635845511,7865.38924147755,7976.88561798813,1064.25471592418,7977.19577091701,8154.34668065595,8054.36960623407,8075.25107722459,1291.28964753268,3813.65786248541,3613.50316285067,1037.65934627257,3787.39858319743,8026.98905962129,7879.28354251876,7950.47727526473,8012.97021560095,3739.90782040567,1090.13407959212,3611.49406766387,1118.23700574506,1025.67613351954,7842.65949290189,4160.5091500939,1011.85320647605,1104.84477947354,3475.46146067053,1120.81463555919,1363.24139051384,1157.29528189527,1217.91943866846,1093.77194789791,1351.86665751648,7753.86465660195,3858.25035049158,1068.36181433993,3522.83232466634,7918.81032959629,1185.70262708919,3718.18647199359,7959.06899510449,3423.92294227141,3885.03391397152,7982.18683677881,3728.69435505674,1081.48789949849,4407.99233652483,1171.63037371487,8340.01102533205,1052.04368914073,3490.34405797929,1236.61801595864,1037.37050693456,1091.04108420896,7975.95770123203,8024.69893395415,1356.15287495582,3800.85096358617,1005.89859359982,8298.27883395656,8522.67465126389,1088.45546165641,3950.56366830202,1292.76352333333,7855.61509780523,3903.8610535643,1086.23878393313,3980.70692605953,1111.00207916219,3949.11009647488,1139.30963063547,7970.89531126566,1091.77646606146,1154.31896863607,3593.39516225326,978.059942819185,8015.0735959552,7873.77061080374,1149.673195627,3633.07877038338,1242.29697648666,3892.91718653661,4118.37339650586,3880.92398214509,1127.79927573565,7966.4043891439,7818.23113291472,3611.78191634733,3987.66424709492,3882.41597419998,1088.03748533879,3903.13409635768,8013.56138184156,1238.87797039709,3651.70579362303,1410.86548010885,8174.05218267037,1005.0063050549,1079.54658706991,1256.91932206492,8041.63170724694,1310.26125793542,1071.66063972259,1153.40198921358,1383.95991821217,7765.94892774524,1424.19427245255,1072.26338946712,1360.2904336681,8050.6883540389,1034.77819233302,1126.68884075914,3857.1354297152,3523.69894361217,1308.18915001736,7916.10723239313,1072.70715595232,1077.55812153546,4292.40218345157,1102.12870208408,1356.90586472578
7976.74788537766,8245.2747889656,6362.04640493545,6383.02893656328,613.806433127442,450.492032984062,6024.22633508704,6051.87048677189,562.647126023094,8558.00200174813,6257.51778269715,5915.38605731674,5762.64480942937,8273.46026073721,8545.10265808153,9060.48193889681,5477.49748760129,6005.73004208011,337.169377595187,6049.39613960721,6299.03489714909,8302.57168698835,5977.03785906238,8521.88496951291,8231.36946435654,700.488100044222,8256.88173530363,6275.25289023454,588.163527626384,8318.60463348902,8133.1416368227,444.508194087334,8586.42724019021,7630.9695752233,5800.91970822257,6152.20949603868,678.142520455142,5848.099768617,7604.21202369932,8434.53107687856,7921.09264027953,352.987463020592,8455.24455818606,8496.51118536742,5869.34894026728,8350.707039401,8534.83975084786,6374.95508524047,7504.78894315059,633.150161403749,5828.51196011877,676.558170077094,597.534558498276,8062.80187626334,501.454301500509,8432.36345890195,8432.40023635745,8137.36568390454,8370.90002536703,459.296566280656,575.90140156993,895.144268499224,537.363084649794,5504.91628786281,431.920125861759,354.475670926235,478.49406655129,6387.02907088876,8310.65052628879,8221.84306806575,7812.04590726625,7338.9961427535,7982.82395981066,4667.18676805333,8094.93754461299,7644.33238602765,4330.64380990102,5282.51547005779,8131.1285677684,4618.02441072777,4903.57875528496,4833.24319315101,7588.71859364442,7171.7008653565,9.63999464360587,4971.55424793217,7230.11654822334,7859.94658958007,417.958269478913,192.02379082656,4212.11689838591,7673.98658246346,7121.44158161681,7744.46293146988,4724.71278481464,4867.10837109036,8103.86422171562,112.524879441553,19.3241944121058,120.844043079629,7197.66752481585,38.1594347457016,7465.79369188188,119.172160185623,4757.91428983812,7899.99146108401,135.697835428505,7575.8196868035,7803.26602971692,7778.5430709136,7711.44213428618,7185.51573194236,142.552518551578,8419.14692999204,67.2562448915637,8517.50999957006,4696.84760505584,330.041267730085,7292.95992956573,243.991075186511,93.7211338305741,7470.19632554539,7680.03571332578,1e+08,233.273544289579,8364.59824596767,374.680425057504,7078.55782498566,7578.58756122303,188.706137415705,7805.04273770798,4934.48627397249,4939.10849214399,5129.37996618186,7787.34593529117,2266.05776661338,8490.52422087572,2223.50499766254,8514.90086613401,8803.05653171132,8418.32512635189,2278.07786710503,6466.3988079027,8682.57112768023,2435.99378042119,8416.2407101452,6341.48803723521,2320.68074450545,8224.34705359135,2497.72061218093,6367.05567644983,2483.05176880135,2341.31168369741,8071.65664444973,7930.83051003711,8237.06198387221,8228.87211354571,2294.12095639088,8249.08363029541,2296.96866209008,8529.3074451881,8676.8718802076,6400.76192577937,8501.89691127665,9426.85351694034,8558.06343261615,8416.96486773227,8420.01649065139,6492.05212038543,8595.51487665507,8212.18041894601,6626.45922083076,8239.1144939387,8458.20746836468,8411.92514576893,9245.0525212304,8721.78377789511,2541.96452082864,6588.42205550214,2283.45171506279,6321.64669696677,8445.96449137209,2434.22944269833,8198.57105573514,6954.26879795659,2417.95238203214,8248.35134536043,8184.89786109126,6596.38180869773,8630.00703426235,6339.38859075183,8488.89600965677,8397.35561054329,7810.40230514028,6439.5645974192,8289.05312658042,2401.23821037125,8124.57953704054,6364.69036934949,8706.70814351303,7707.545322332,2406.96780479003,2351.73149551959,6449.72837768894,6478.34738423791,8289.69973606,6554.25312475486,8534.03512812532,2427.21768719826,8490.51653649781,8556.01837441667,6441.376082761,2351.94188340784,8247.03580707462,2344.98615970552,6136.10767833421,8320.50421791613,2500.01186971127,2524.87421941759,2237.14190742806,8473.23022076733,8827.52286745761,2357.4095573004,7975.69073914577,2323.85593945805,2418.59639003817,2218.30139596635,6338.92017610923,2479.48927296523,8351.2138287686,6519.87695198486,9241.30271068768,8210.79464630453,6463.05730268025,2392.76497539785,2483.31871099565,2436.25740193048,8422.37367814679,2385.04686919457,2529.2729870675,6573.99765993711,8206.75780467566,8553.07759498751,8502.74342798241,2453.84379556851,8374.56285579558,8457.81573768408,8645.29637079276,8711.36856714734,8475.6194307278,8809.96381344637,8777.05524839353,6623.93075373916,6601.41251485699,6506.81185826939,8038.12427565032,8364.91828998907,8203.40294614294,8342.60772478576,8582.75200088777,6471.85973184963,8626.65275514534,6500.08629129989,6659.9167769032,8195.38308695449,6594.07525041866,2518.07130968615,6441.59742667555,8284.8348431181,8742.48139263689,2223.15254010527,2320.39633603585,6201.39042577784,8758.62166981139,2490.43997900679,6893.97302317664,2363.63696080586,2349.84717663492,8445.44164529287,8410.72511466487,8483.65931190839,8597.33082673141,8614.40665278093,6254.16151448909,6533.68327227298,2223.63818499707,8188.93353358305,8317.05078570359,8470.48964044963,8381.08419368337,8360.44066911305,8179.42856798122,6345.64004398666,8336.0577483526,8423.18736637493,5345.90925831544,2016.38655338517,2127.82221008813,5565.17047017227,2191.42412776326,8289.68667646763,8520.29981673679,2209.40323069389,8003.04262771314,7974.27850440692,2290.04513012767,5537.51980882862,2250.72118521081,8498.23910880942,8453.20960124572,7645.98272690312,7981.6006304428,5144.75739641515,7878.58811005252,7241.85108156569,5228.21218403098,2230.07380325462,7852.1222918447,5747.23736625927,5121.93494235513,8460.85503907107,2049.55684754486,7803.12739058937,5441.43023478775,2091.98545941552,5437.40951470974,5373.4092110833,5627.38085150596,7761.6915156313,2101.46811707008,8206.57205031496,2086.87799180368,2277.51699789763,7618.5340240214,2185.89674781268,1991.30004682871,2063.24990803465,2027.00300080575,8372.46470917853,5341.15649603459,5646.95131691792,7634.2109950415,5475.74565190127,2320.88963433456,2071.92455400366,2129.52100396722,2120.72823670782,5404.85122514526,7944.46844167421,5687.76262976245,8085.67598979513,7836.20400413276,1978.64327441649,5054.70420777706,7828.44306453712,7680.4528323365,5712.60760105935,7341.71257013642,8475.77039134655,8235.5494279127,8198.50887852721,7785.58770147451,8501.6949233145,2170.95494055029,5382.27667114501,7650.57335501007,5692.33118863073,2124.55382434753,8122.6509705817,5479.6867554631,2093.86118655661,5810.81192045652,5461.52511117525,2204.26586484707,5490.69990202541,7764.70607869636,4955.95244407032,7911.79386535034,2543.49226712668,7785.30851738818,5746.34042092577,8349.15242156071,7819.40275393092,7871.1137010596,2150.01285658692,2145.25264640636,8409.90868302283,5528.92572229328,7923.71006742008,2187.83661135263,2290.1324839663,7474.81740629223,5315.91719371486,8381.98250670371,2035.85798941427,5245.93676628491,7675.69711420551,5361.33906839046,7316.15796668605,5021.31028575398,8084.53917105505,2049.6520148447,7771.38066379434,7905.50129481338,5641.69570378418,7864.69956684586,2212.65464199738,2183.22235256327,8016.84343256805,5592.43713641795,8415.31060063853,5486.18139801493,5029.36817913869,5425.04542573112,7444.64177763699,2196.8715075264,2160.53700469905,5555.3252207049,5420.84677689904,5446.06910794218,7881.05002170244,5311.11165771917,2026.41641469533,8238.82364899167,5629.36037324149,8527.9010393892,2084.99887708745,7867.60248940615,7937.7830147569,8358.04753457307,2087.29292388546,8405.35369219551,7816.23457472824,8154.01568325035,8370.22451122671,2172.94603044338,8418.85023822914,7774.96111687884,8463.66893767148,2170.75059128876,8006.30254394128,7938.35756906339,5262.06201997474,5643.54204926794,8331.92307289628,2079.3807984751,7365.32337402495,7999.44484060098,4936.76685903765,7751.7002853547,8478.90178210833
7743.47434108809,8012.00124467603,6128.77286064587,6149.75539227371,380.532888837862,217.218488694482,5790.95279079747,5818.59694248233,329.373581733515,8324.72845745857,6024.24423840757,5682.11251302716,5529.37126513981,8040.18671644762,8311.82911379194,8827.20839460724,5244.22394331171,5772.45649779053,103.895833305608,5816.12259531763,6065.76135285952,8069.29814269876,5743.76431477278,8288.61142522332,7998.09592006695,467.214555754644,8023.60819101406,6041.97934594496,354.889983336805,8085.33108919946,7899.86809253311,211.234649797755,8353.15369590064,7397.69603093373,5567.64616393299,5918.9359517491,444.868976165561,5614.82622432741,7370.93847940975,8201.25753258899,7687.81909598993,119.713918731013,8221.97101389645,8263.23764107782,5636.07539597769,8117.43349511142,8301.56620655828,6141.6815409509,7271.51539886103,399.87661711417,5595.23841582919,443.284625787515,364.261014208696,7829.52833197375,268.180757210931,8199.08991461236,8199.12669206785,7904.09213961498,8137.62648107747,226.023021991076,342.627857280351,661.870724209645,304.089540360215,5271.64274357323,198.646581572181,121.202126636657,245.220522261712,6153.7555265992,8077.37698199922,7988.56952377617,7578.77236297668,7105.72259846391,7749.55041552107,4433.91322376375,7861.66400032344,7411.05884173807,4097.37026561144,5049.2419257682,7897.85502347884,4384.75086643819,4670.30521099537,4599.96964886142,7355.44504935485,6938.42732106694,242.913538933185,4738.2807036426,6996.84300393376,7626.67304529048,651.231813768493,41.249753463019,3978.84335409634,7440.71303817388,6888.16803732723,7511.18938718029,4491.43924052506,4633.8348268008,7870.59067742603,345.798423731132,213.949349877473,112.42950120995,6964.39398052627,195.114109543878,7232.5201475923,352.445704475203,4524.64074554855,7666.71791679443,368.971379718083,7342.5461425139,7569.99248542733,7545.26952662401,7478.1685899966,6952.24218765279,90.7210257380008,8185.87338570248,166.017299398015,8284.23645528048,4463.57406076625,563.314812019665,7059.68638527615,477.26461947609,139.552410459005,7236.92278125581,7446.7621690362,233.273544289579,1e+08,8131.32470167812,607.953969347082,6845.28428069609,7345.31401693347,421.979681705284,7571.7691934184,4701.21272968291,4705.83494785441,4896.10642189228,7554.0723910016,2219.24177830402,8259.3725154427,2171.48413760013,8283.52531769049,8571.64677633623,8187.27706163792,2241.26502460852,6253.40000162068,8451.11739778184,2387.36037061972,8185.08942684206,6129.19245230161,2269.85163361751,7993.48603362848,2480.37126001036,6155.05816618188,2425.99510947282,2312.52382694479,7841.25362275952,7700.71216879771,8006.149145247,7998.30463964078,2248.73822931679,8018.4326263351,2256.04941600232,8297.95833724611,8446.33591951172,6190.86273368431,8271.02616758734,9195.28322174399,8326.58970552492,8185.69499855066,8188.80171711443,6277.23559999048,8364.80761357386,7981.6702303941,6413.4301408224,8008.15260615585,8227.21167294324,8180.76590673124,9013.18424282031,8490.77012756166,2515.93274423709,6374.23913189789,2232.62990612456,6108.85385551909,8214.74320651691,2425.66166798542,7967.62825070327,6735.48083609979,2372.99825396243,8017.4414532382,7954.09519622602,6379.70624495797,8398.6666859168,6127.83972439977,8257.40702023832,8166.20741506893,7579.56919090838,6227.32064122694,8057.762983311,2367.4984174695,7894.10571921489,6150.77854092319,8475.49998050968,7477.27870670158,2364.83132347193,2305.41208611965,6237.71891555751,6267.24374389869,8058.53797419973,6338.49949499607,8302.68242170301,2395.74617941114,8259.0304563936,8324.52841881733,6229.33282136064,2325.63227493605,8015.90486863982,2291.99638114751,5927.86889521647,8089.82409158716,2480.92136338735,2473.24375202825,2200.07980334037,8241.81447862379,8596.26492096173,2311.65565319288,7745.00486249488,2277.75552857568,2399.73302876443,2136.23453330761,6128.06117969883,2455.77818212883,8120.46163919861,6305.13488669934,9010.10498169208,7980.18713552833,6249.02269220424,2369.72361355828,2441.70355527989,2381.81723222425,8191.20786541204,2350.61578085114,2507.13747571117,6362.68883890716,7976.19734881437,8321.67343637721,8271.31945859756,2430.05628174428,8143.09711688914,8226.95618110889,8414.42421316392,8480.28083147162,8244.28099316502,8578.67466240809,8545.67297257588,6409.42666391212,6387.82745129425,6293.18722187124,7807.74409872573,8133.96676854611,7972.73151201446,8111.63258590429,8351.54335774976,6260.25265019308,8395.78473562947,6285.66111423054,6443.36276502644,7964.71960099665,6377.41973509661,2486.96885702552,6228.68223295128,8054.19867546974,8511.16272745583,2144.16373997556,2255.45752903019,5991.80271197714,8527.48925316957,2475.69506017388,6676.20331349485,2337.62263200176,2294.97642639777,8214.44631502306,8179.43906173089,8252.20248236999,8366.4031809122,8383.30423328508,6041.97424151422,6317.8618530401,2162.14338166366,7958.18353335994,8086.50037613483,8239.76195325843,8149.79766038716,8129.64380819053,7948.94358382864,6137.5741818352,8105.05762959576,8191.86138756455,5143.26635358734,2040.74089032916,2132.50390912058,5360.31355519231,2182.87458870746,8058.29040851625,8289.23706981723,2232.91340098636,7772.19316668012,7743.20995941377,2304.33889506766,5330.59201458934,2267.37931780126,8267.13742010253,8221.93750278542,7415.36324265544,7750.55472310809,4946.34433579012,7647.76947006901,7011.15806538402,5028.31329974354,2250.33428211584,7621.21295691131,5538.78593802871,4921.17390220688,8229.27218951653,2060.86769860393,7572.30229762391,5233.96517730984,2109.14968073325,5228.96676866657,5169.40515160956,5418.61535245939,7530.71281721286,2106.29301881387,7975.31183270181,2089.19010902777,2285.85184593065,7387.58148755638,2197.44192140683,2031.59364351066,2088.30436047586,2056.08598693713,8141.40751176013,5134.79024501313,5438.65460773299,7403.14231891654,5269.8791586268,2332.99402402902,2076.3093423884,2140.07700314213,2138.68989170772,5197.38630058553,7713.39737741938,5479.69497755198,7854.50237858848,7604.98288076681,1981.71782117408,4854.13371183895,7597.17246125668,7449.66820468355,5502.0372080253,7110.87795642648,8244.75406156123,8004.23181438475,7967.55066378135,7554.69710108564,8270.53781292701,2158.4526897173,5177.25971366278,7419.63468970886,5482.54098705396,2131.70747040702,7891.70629227461,5272.35362821975,2106.66818872162,5599.90086954239,5257.71526649922,2215.7085472643,5283.6765902526,7533.77622489549,4761.14281080056,7681.128682027,2578.45083515943,7554.23811237776,5536.27709455334,8117.90241763401,7588.2443982555,7640.13413628435,2162.70378024515,2163.59671805068,8179.06130951733,5323.73744308552,7692.31719284821,2235.10752552425,2356.80250418736,7243.93977669459,5112.48963325857,8150.90508989108,2038.65028676366,5040.80702560424,7444.8308760308,5158.97878194661,7085.24674494594,4815.0061733236,7853.45964089205,2065.4674455545,7540.49140331975,7674.76426548364,5432.958268084,7633.2616347856,2227.39112075678,2183.48948616401,7785.92713848201,5384.15982119867,8183.89794583117,5282.72308261059,4827.45154652558,5220.87391032337,7213.92974909606,2206.84478066859,2155.36724402334,5346.3391076592,5219.08808716151,5242.08785259084,7650.04674968729,5106.53684914058,2048.17906673115,8007.86906636768,5421.72097304448,8296.95551888326,2123.08480957392,7636.2679855786,7706.67547237808,8126.86752277728,2109.86919888,8174.29264453125,7585.22364776272,7922.86185352864,8139.63628051229,2161.71249655617,8188.32673752284,7543.98437416119,8232.67635732458,2191.01512890425,7774.91285976608,7707.45422214405,5055.98834660036,5433.43101010022,8101.0614968964,2087.75964712975,7134.28887949953,7768.24214409013,4738.55480424372,7520.8696047125,8247.84366840867
387.850360590015,119.32345700207,2002.55184103223,1981.56930940439,7750.79181284023,7914.10621298361,2340.37191088065,2312.72775919578,7801.9511199446,193.403755780468,2107.08046327054,2449.21218865094,2601.95343653829,91.1379852304861,180.504412113857,695.883692929137,2887.10075836639,2358.86820388758,8027.4288683725,2315.20210636048,2065.56334881859,62.0265589793284,2387.56038690531,157.286723545224,133.228781611145,7664.11014592346,107.716510664056,2089.34535573314,7776.43471834131,45.9936124786513,231.456609144978,7920.09005188036,221.828994222531,733.628670744374,2563.6785377451,2212.38874992901,7686.45572551255,2516.49847735069,760.386222268361,69.9328309108834,443.505605688164,8011.6107829471,90.6463122183625,131.912939399723,2495.24930570041,13.8912065666945,170.241504880191,1989.64316072721,859.809302817083,7731.44808456392,2536.08628584892,7688.04007589058,7767.06368746939,301.796369704347,7863.14394446718,67.7652129342651,67.8019903897594,227.232562063139,6.30177939935365,7905.30167968702,7788.69684439776,7469.45397746845,7827.23516131788,2859.68195810488,7932.67812010592,8010.12257504144,7886.10417941638,1977.56917507892,53.9477196788965,142.755177901944,552.552338701427,1025.60210321418,381.774286157024,3697.41147791435,269.660701354678,720.265859940027,4033.95443606667,3082.0827759099,233.469678199269,3746.57383523991,3461.01949068273,3531.35505281668,775.879652323258,1192.89738061118,8374.23824061128,3393.0439980355,1134.48169774434,504.651656387614,8782.55651544661,8172.57445514113,4152.48134758177,690.611663504213,1243.15666435087,620.135314497809,3639.88546115305,3497.48987487732,260.73402425206,8477.12312540924,8345.27405155558,8243.75420288805,1166.93072115184,8326.43881122199,898.80455408581,8483.77040615332,3606.68395612955,464.606784883661,8500.29608139619,788.778559164199,561.332216250765,586.055175054094,653.156111681509,1179.08251402531,8222.04572741609,54.5486840243639,8297.34200107611,152.911753602373,3667.75064091185,8694.63951369776,1071.63831640194,8608.58932115418,8270.8771121371,894.4019204223,684.562532641898,8364.59824596767,8131.32470167812,1e+08,8739.27867102518,1286.04042098201,786.010684744649,8553.30438338339,559.555508259715,3430.11197199519,3425.48975382369,3235.21827978582,577.25231067651,8100.66649017597,1128.05329327571,8047.42855359497,1072.36691728817,1156.64179569776,1144.28989613803,8199.95741037451,3561.02150267382,1097.23529968694,8095.55577614476,1117.25470434039,3646.66340250245,8064.37255947383,1184.2494854992,8435.45983761806,3655.87062101204,8008.58014175631,8288.12634695149,1303.73102015297,1389.34425602656,1171.10609414159,1253.13815471115,8116.99555939549,1233.35564742844,8161.54800585971,1082.68387899262,1324.94462262734,3770.24453435911,1201.61545263266,1500.49035731124,1054.54110386752,1085.73885330648,1100.8867329642,3435.55532152434,1261.96325333413,1266.77380089118,3509.65016639541,1158.94280418423,1162.96182846335,1114.67782305478,1297.48392632408,1226.16545364512,8351.98401322223,3445.08247553215,8062.23133013884,3623.68943801111,1102.49535939418,8511.6207576877,1165.82580494901,2996.42152428611,8132.59046505807,1171.47033397975,1200.63759580083,3272.70871293899,1111.16637266109,3692.1031806957,1035.42858346346,1116.06373347711,1278.06885013906,3616.84117585537,1073.17190847207,8246.93153296852,1281.5318110991,3539.30698537982,1171.43761565278,1429.61789351121,8160.8217393442,8112.3899772696,3628.04858706879,3674.87299733132,1107.19732351389,3351.16161444023,1082.72524661073,8274.29698761019,1036.55602906999,1049.43677676179,3628.63020693929,8314.69125613162,1115.95469462455,8043.85419822068,3947.96054074108,1227.31559108541,8417.58217446169,8070.75273545937,8192.87547163027,1053.44760443314,1206.95086220354,8118.65054792732,1260.27126259635,8112.26878666437,8402.72525562775,7753.83711736373,3733.08935039396,8364.63209432451,1211.72735569156,3430.75859627682,1452.50235459403,1244.65572805642,3496.35240541446,8354.98637764353,8175.14212553146,8034.00994400137,1114.14877625008,8237.53658058207,8391.362796739,3634.7558248981,1255.61540108658,1072.85906056644,1056.45015744511,8358.87806013754,1027.47617725558,1196.96394906497,1235.99235492768,1203.91268523336,1075.31398582506,1191.23711680884,1152.84902229674,3412.43326602775,3480.55581323809,3507.90294317445,1313.91536490768,1163.74615120866,1230.25761332264,1156.43178275278,1133.21232730048,3645.93782637419,1231.60021296929,3458.33098219171,3259.10506145731,1232.56925213858,3274.93638613583,8293.01215783123,3574.48353545359,1236.72073921131,1155.79963135505,7783.82647952782,7921.13879339528,3851.9077925257,1210.16241927592,8461.1986978736,3094.68887972089,8319.655753009,8024.85105992884,1161.2243210762,1080.65927469618,1043.6475189409,1208.9238659701,1169.4156757022,3684.38278160549,3353.89698903212,7955.43669202605,1212.79359855284,1257.45888688008,1231.00085823624,1077.71193236412,1201.5596074627,1274.2252009467,3892.13474219512,1149.81135244495,1071.19096437023,4514.08032652379,8696.21221341924,8559.09394195354,4328.0025246258,8454.38335996583,1044.20443773163,1156.85043038553,8754.52266787199,1217.23164682522,1173.29433851919,8695.65226574845,4247.23645114353,8705.15679802795,1142.51232113002,1089.8771647434,1388.36749813559,1176.73183790853,4763.37540801526,1257.93671654125,1599.31990182839,4672.47806771338,8731.75026292874,1246.83643150147,4085.1154712085,4685.22448266923,1003.46706590815,8595.52483953746,1282.44261808532,4267.12223452436,8658.9445768068,4225.84316414213,4446.05215082915,4122.44355607349,1265.96706835231,8553.3275445863,1084.59532063934,8527.39983642974,8635.17146525179,1336.44617858895,8637.59378647972,8820.02963457119,8717.91121592963,8739.68094277637,1137.5074125991,4361.60651169846,4135.82145004992,1305.33163502103,4321.62646026106,8684.56855185209,8541.68319076021,8611.98092750479,8675.02570822241,4284.37515985277,1180.9621843259,4128.91957649058,1122.72015101349,1182.54851378998,8506.87400646939,4722.43942707562,1174.13044410279,1340.72466909125,3996.59122638598,1513.2182323797,1160.51895448162,1067.36383394007,1162.04778877102,1275.18308023154,1128.6879130556,8413.52722805292,4399.6489296207,1323.63964354761,4044.0597213274,8580.25487845083,1173.18929660715,4255.21157336172,8621.39861223636,3935.04667295401,4416.58132872973,8642.19836545468,4263.95147916554,1275.12066804999,4969.82168014124,1281.25240552696,8994.72647887774,1236.50998465873,4006.39447624041,1085.42434212083,1203.3881791435,1224.84142926636,8637.15134097785,8686.28881729778,1193.70796959643,4328.44886985793,1109.83537049066,8960.96261358,9185.26088712781,1426.94728701864,4495.03077280546,1133.07420808091,8518.68188404709,4457.76453387429,1326.51839484237,4519.12126529028,1516.36588767029,4523.74289578014,1146.27740754807,8634.23576261616,1281.03180233647,1267.52710798627,4117.33820274765,1120.10115247589,8675.09549637603,8533.6716452697,1198.72659625326,4161.02553118633,1046.23989477362,4421.41509657655,4684.47187060873,4416.65339151108,1473.52495716069,8626.49114682093,8478.39169957046,4145.23393833492,4519.47405821611,4415.77518745916,1216.20587005365,4450.18577689122,8677.62945265798,1160.76204134825,4174.32505348669,1188.14306656907,8837.94758010001,1144.00843815733,1174.35811802104,1104.55134030536,8704.58364462566,1139.51423708853,1237.46664382087,1117.39842018719,1251.91073662622,8425.61167245107,1271.83617854634,1260.98768569085,1164.61274751827,8711.87890109791,1085.65477347391,1221.30320718042,4411.53034350244,4050.97122443911,1184.11706944525,8578.52448650175,1464.22226192703,1134.39428087462,4860.11560109422,1301.15701673268,1150.34873608811
8351.42831043517,8619.95521402312,6736.72682999297,6757.70936162079,988.486858184945,825.172458041565,6398.90676014454,6426.5509118294,937.327551080598,8932.68242680567,6632.19820775465,6290.06648237425,6137.32523448689,8648.14068579471,8919.78308313905,9435.16236395434,5852.17791265879,6380.41046713762,711.849802652692,6424.07656466471,6673.71532220659,8677.25211204585,6351.71828411987,8896.56539457041,8606.04988941403,1075.16852510173,8631.56216036113,6649.93331529204,962.843952683886,8693.28505854653,8507.8220618802,819.188619144838,8961.10766524772,8005.65000028081,6175.60013328008,6526.88992109619,1052.82294551265,6222.78019367449,7978.89244875683,8809.21150193608,8295.77306533703,727.667888078096,8829.92498324355,8871.19161042492,6244.02936532478,8725.38746445849,8909.52017590537,6749.63551029798,7879.46936820809,1007.83058646126,6203.19238517627,1051.2385951346,972.214983555778,8437.48230132083,876.134726558015,8807.04388395946,8807.08066141495,8512.04610896204,8745.58045042454,833.976991338159,950.581826627434,1269.82469355673,912.0435097073,5879.59671292033,806.600550919263,729.15609598374,853.174491608795,6761.70949594627,8685.33095134629,8596.52349312323,8186.72633232378,7713.67656781102,8357.50438486817,5041.86719311084,8469.61796967051,8019.01281108515,4705.32423495852,5657.19589511529,8505.80899282592,4992.70483578528,5278.25918034247,5207.92361820852,7963.39901870192,7546.38129041401,365.040430413899,5346.23467298968,7604.79697328084,8234.62701463758,43.2778444214084,566.704215884065,4586.79732344342,8048.66700752097,7496.12200667431,8119.14335652737,5099.39320987215,5241.78879614787,8478.54464677313,262.155545615951,394.004619469611,495.524468137133,7572.34794987334,412.839859803206,7840.47411693937,255.508264871881,5132.59471489563,8274.67188614152,238.982589629,7950.50011186098,8177.94645477441,8153.22349597109,8086.12255934367,7560.19615699987,517.232943609083,8793.82735504955,441.936669949069,8892.19042462757,5071.52803011334,44.6391573274188,7667.64035462325,130.689349870993,468.401558888078,7844.87675060289,8054.71613838329,374.680425057504,607.953969347082,8739.27867102518,1e+08,7453.23825004317,7953.26798628055,185.974287641799,8179.72316276548,5309.16669903,5313.7889172015,5504.06039123936,8162.02636034868,2387.4838080987,8862.02932081491,2353.50520533686,8886.7404672895,9174.94093954983,8789.67708295186,2384.24997856257,6811.29515375678,9054.52408921955,2557.0738775017,8787.74714593532,6685.4009418021,2447.06415452348,8595.42518149054,2570.04232273632,6710.51832118554,2615.95431377944,2434.07390526415,8442.05647448163,8300.81176394948,8608.21711875309,8599.51159062231,2412.86598533167,8619.84719649996,2408.961490498,8901.10711968594,9047.44897707329,6741.1158518879,8872.98106875086,9798.96732310755,8930.04906863989,8788.64869065714,8791.61781127562,6839.61846903393,8966.35132934649,8582.73492371432,6971.33645179801,8610.34283799734,8829.4800865737,8783.44359850366,9617.61807892393,9093.07590855634,2626.94729483607,6935.01796053068,2410.51538002681,6666.30028267323,8817.57488542242,2494.02094638832,8569.77213721374,7307.55850533325,2533.81353489679,8619.50172921456,8555.89011046685,6946.65333577501,9001.7912299303,6682.20270513907,8860.90602059326,8768.85793314724,8181.45270430816,6783.35905633474,8660.77052014272,2500.43244380553,8495.0829796119,6710.97317272061,9078.29236188712,8077.75722463849,2518.77608099397,2470.81149985966,6793.17268181801,6820.44276418918,8661.22526100862,6903.1789490343,8905.84007939391,2522.49290044877,8862.52215691714,8928.02835942899,6784.87382206826,2440.71392045642,8618.51645902217,2474.1480379413,6474.15197502262,8691.30889540949,2574.9907893761,2649.01162070288,2344.51144432748,8845.13095587011,9199.17890237556,2475.53918600036,8346.5159578105,2443.1178419184,2494.67090186038,2392.20415593734,6680.71824188061,2561.95475704286,8722.12524968996,6867.3232473897,9612.85892078653,8581.49456793626,6809.48207273206,2475.75566681557,2593.04006801855,2566.01553366733,8793.90168780685,2485.58482246973,2608.46189037363,6916.35440663989,8577.38758720877,8924.95915483031,8874.65579983619,2536.87557755374,8746.54065962083,8828.88446514328,9016.3784636753,9082.77207734384,8847.40441082047,9181.66708466304,9148.89899080091,6970.98784820483,6947.12073151628,6852.61504707037,8408.49135040879,8736.12737489881,8574.19859911255,8713.85278338181,8954.34000032077,6814.70089127046,8997.72918222575,6847.07268086163,7009.98845719647,8566.16714595258,6944.31795241249,2611.22668424507,6786.38067651436,8655.57501494484,9114.23048847659,2392.54670910117,2467.65196391425,6541.38416478537,9130.09099909174,2558.84603648126,7245.77166907691,2451.73504247631,2481.71924834821,8816.71393037872,8782.43330450533,8855.6213039413,8968.49744506791,8985.8346903908,6597.95385160308,6882.71617424793,2367.60379531635,8559.84700787088,8687.66165016604,8841.36059644668,8752.79384708689,8731.41859914627,8549.94663286752,6683.31723049203,8707.34034693911,8794.95497565034,5676.31673303869,2033.44491758318,2173.33374019131,5898.62788732301,2256.14641391041,8661.56263995101,8891.6709359583,2222.948887109,8374.11073004975,8345.67407384391,2316.5956301847,5874.01789752599,2274.34558258381,8869.66912811635,8824.89584973664,8016.72168938251,8352.96223691013,5469.20749354051,8249.61456209492,7612.71588332451,5554.73675584954,2248.38071736987,8223.28468345896,6085.82093090729,5449.81652903224,8833.00612640519,2086.5752649381,8174.166112637,5778.77875029166,2118.57756299699,5776.18278662357,5705.77429000229,5966.49836045723,8132.96017482958,2147.40491754092,8578.24689740528,2137.13349889125,2313.82387199263,7989.76874219851,2219.15520029891,1983.1053475264,2077.91276309834,2036.12320526648,8743.8316145456,5676.98185467427,5985.37228017972,8005.61766694762,5810.74205955275,2350.28442246082,2119.30288260457,2165.7002590858,2145.31899970608,5742.22580083201,8315.86868484506,6025.8229180375,8457.22490839798,8207.83096800292,2030.58125820579,5382.37752014088,8200.1438890935,8051.43585091188,6054.30712740451,7712.78279767156,8847.07324853722,8607.30923667809,8569.7329736198,8156.72450142437,8873.2078219737,2242.26945693183,5716.10833200982,8021.78633863476,6032.90380033624,2166.24389930263,8493.85720955312,5816.81610247064,2127.35434249857,6152.95384105761,5793.53567569686,2237.26204711048,5827.37031236741,8135.90198960444,5275.38954567994,8282.59058301526,2531.70785498627,8156.71280264312,6087.27999708084,8720.80826687355,8190.93681898138,8242.38001021062,2182.30003742948,2168.62665365001,8780.96063270231,5862.89378510251,8295.5902763511,2163.00758406856,2230.44415318272,7845.94621325541,5647.49194476934,8753.37938513623,2086.6797206848,5580.04292402946,8046.80158735345,5691.3217388398,7687.34262608263,5357.30642912398,8455.94777929984,2079.50174134353,8142.51596592964,8276.40525545726,5980.76316783825,8236.64842495817,2240.20876610793,2234.36225466918,8388.01071427753,5930.86528163968,8787.20806387899,5817.65957443421,5359.01590377669,5757.61228070606,7815.52622488977,2232.37319768911,2220.70846903741,5894.81059340718,5749.90122350902,5778.34189850488,8252.35130439728,5644.35806993824,2047.37028870425,8610.04108905599,5966.83353505847,8899.09640801007,2077.8805235272,8239.39730922191,8309.23780712452,8729.59849279718,2105.32280028723,8776.72543416895,8187.54936450236,8525.53314041831,8740.89009398696,2242.25192986651,8789.41731364786,8146.22642046799,8834.93658893745,2190.42855295534,8378.17582391277,8309.50814088598,5597.52458353241,5984.61199528594,8702.99866179357,2120.26688557219,7736.68872194185,8371.03959817086,5261.15397232257,8122.74915938888,8850.26709638963
898.190060391997,1166.71696397994,716.511420050211,695.528888422378,6464.75139185823,6628.06579200162,1054.33148989863,1026.68733821377,6515.91069896257,1479.44417676248,821.040042288521,1163.17176766892,1315.91301555628,1194.90243575153,1466.54483309587,1981.92411391115,1601.06033738437,1072.82778290557,6741.38844739048,1029.16168537846,779.522927836573,1224.01386200268,1101.5199659233,1443.32714452724,1152.81163937087,6378.06972494145,1178.32391031796,803.30493475113,6490.39429735928,1240.04680850336,1054.58381183703,6634.04963089832,1507.86941520455,552.41175023764,1277.63811676309,926.348328946992,6400.41530453054,1230.45805636868,525.654198713652,1355.9732518929,842.534815293847,6725.57036196508,1376.68673320038,1417.95336038174,1209.2088847184,1272.14921441532,1456.2819258622,703.602739745196,426.23111816493,6445.40766358191,1250.0458648669,6401.99965490857,6481.02326648739,984.244051277666,6577.10352348515,1353.80563391628,1353.84241137177,1058.80785891887,1292.34220038136,6619.261258705,6502.65642341575,6183.41355648645,6541.19474033587,1573.64153712286,6646.63769912391,6724.08215405942,6600.06375843438,691.528754096905,1232.09270130312,1143.28524308007,733.488082280587,260.438317767828,904.26613482499,2411.37105693234,1016.37971962733,565.774561041987,2747.91401508466,1796.04235492788,1052.57074278274,2460.5334142579,2174.97906970071,2245.31463183467,510.160768658754,93.1430403708356,7088.19781962927,2107.00357705349,151.558723237676,781.388764594399,7496.51609446459,6886.5340341591,2866.44092659976,595.428757477799,42.8837566311455,665.905106484206,2353.84504017103,2211.4494538953,1025.30639672995,7191.08270442723,7059.23363057356,6957.71378190604,119.109699830176,7040.39839023995,387.235866896202,7197.7299851713,2320.64353514754,821.433636098352,7214.25566041419,497.261861817813,724.708204731248,699.985245927921,632.884309300504,106.957906956703,6936.00530643409,1340.58910500638,7011.30158009412,1438.95217458438,2381.71021992984,7408.59909271577,214.402104580067,7322.54890017217,6984.83669115511,391.638500559714,601.477888340116,7078.55782498566,6845.28428069609,1286.04042098201,7453.23825004317,1e+08,500.029736237363,7267.26396240136,726.484912722299,2144.07155101318,2139.44933284168,1949.17785880381,708.788110305503,6871.52946595111,1748.45332056915,6816.2327746012,1736.98843620446,1985.78461613092,1703.11933104085,6971.08149688224,2838.44522403643,1872.46389975115,6875.37063378757,1686.261978793,2886.72355279992,6838.12455892465,1575.75704411761,7216.13467438967,2905.17270477579,6791.24387806186,7061.94838115444,1533.62679892741,1483.45669917298,1577.6542291919,1623.74563513756,6889.24500222082,1626.69249062783,6933.79046158493,1753.19612921042,1989.38750733585,3037.2622687876,1797.72844846476,2542.61786456324,1760.21108164472,1669.31094196472,1680.03833223078,2713.85569664516,1898.3503586068,1619.70204581574,2841.05421984731,1571.68971648435,1743.71923102527,1681.50131092099,2337.16070498283,1965.84582649229,7135.89448316927,2759.40143844458,6834.05971702311,2855.37994944593,1700.82753976327,7288.12167733075,1543.1415660624,2435.22828616074,6911.28486266928,1586.92436851597,1554.5285678384,2578.8556782577,1841.80416193316,2934.49841395026,1698.0154468464,1671.05042528196,1287.63467696416,2888.35410261368,1560.47938985187,7024.12834320108,1560.52217565813,2779.50538758759,1926.94361966094,1326.59661946871,6938.80191710164,6887.64064205423,2903.6948329225,2962.71983205207,1580.9888729865,2646.7115747405,1756.75135889749,7052.67786158477,1699.8422905355,1756.09616727376,2901.45847834803,7088.8664029185,1551.62135869678,6818.92104218473,3142.54615851648,1677.94453397127,7198.5686366792,6855.59536831122,6961.99075550156,1695.36257362179,2027.38466115948,6894.17848863079,1421.59799038846,6886.06498388313,7179.57834855858,6521.62665760717,2977.90327452837,7145.04600870538,1691.75626371652,2718.97148513844,2410.89574436585,1604.03492865348,2768.37577985151,7130.93542246179,6957.17960500082,6814.01776530424,1689.22825818103,7013.94356637989,7174.19376106044,2953.21871865141,1608.08193831002,1765.84382424236,1719.48988369271,7137.98275318897,1604.03846613196,1762.79417398039,1918.53903597534,1947.01615272817,1708.76323276897,2007.68089561257,1966.12533738056,2738.05738948062,2801.52515185744,2796.35822233999,1513.77569560198,1673.56103414104,1588.74748445239,1652.00933934636,1819.08153897464,2930.10764389839,1903.18461959167,2741.15550986676,2589.36171832273,1583.89270621691,2580.34151548244,7076.13824808515,2844.08871279807,1656.51566948052,1943.78124019585,6552.04169853589,6694.93174035969,3060.29704734658,1982.56407181793,7241.20511953662,2511.67055631003,7094.39147570062,6800.20477567717,1733.19422299413,1661.66870809537,1698.24965476528,1870.19499272753,1860.99420680289,2897.94200674222,2641.81974579356,6724.23412211415,1565.741266933,1694.1215081156,1791.74892225594,1636.83698398908,1692.62561647664,1599.03632749633,3147.58812062179,1642.99051359647,1666.17993946967,3540.42709356721,7451.0972094296,7320.35553735091,3392.65320961907,7219.57417682071,1544.28168264491,1786.23788889205,7517.00514017303,1413.47079567922,1355.86007200517,7462.6938284582,3297.99808561001,7470.22787453868,1762.10749165185,1699.47878440547,1231.3263647764,1364.97445674743,3763.96257392658,1333.89353664884,1060.41314117758,3684.38389493491,7495.49823985284,1300.66664345149,3177.65551118966,3675.11941142639,1659.82978797796,7352.97288633939,1284.52968691872,3295.1291097658,7417.49676921421,3248.76443001596,3473.3442514657,3185.45990010476,1230.98613351377,7313.47817048897,1498.92269248831,7287.16632213348,7402.43034955688,1154.13225959572,7400.57489967411,7572.23591273177,7474.49105221136,7494.45378236401,1664.06960623378,3373.65877719291,3205.3971255329,1139.8355311653,3363.27581028738,7453.23055801116,7300.65415419537,7372.73496787993,7434.6329788563,3304.80430878187,1334.41887423882,3208.95935150377,1419.56038229576,1233.35733156688,7262.1796612094,3701.02533774852,1218.88894731637,1219.57336418454,3071.00111987337,1059.05325365413,1755.41438890616,1512.82588552385,1540.6773099549,1261.8502417184,1757.12397890781,7178.11406276231,3425.11662239924,1174.05613954135,3117.44909840356,7341.14370943785,1485.04231288144,3291.84024392377,7380.47499399922,3031.82116997115,3462.64008333683,7405.95980527372,3304.20896858699,1241.85626763423,3946.47319111291,1382.02297914013,7769.00531013069,1228.57520203714,3091.41892478719,1615.92608819595,1234.02059580797,1300.62974939999,7398.52142531463,7446.83361406808,1725.28691283375,3384.01285800271,1261.80174155245,7719.17643579808,7943.58231154446,1100.070764457,3512.86586580375,1668.86992216943,7276.31049590091,3456.04498022807,1201.69264637106,3549.44497267635,1035.40977254338,3477.23092151806,1434.41929268376,7391.25857607251,1253.37019765698,1365.6795102225,3183.76465571161,1211.72266412131,7438.81966976108,7297.71177255517,1412.11107123737,3218.28088718319,1646.52792879501,3473.83507076229,3654.59467362118,3453.88994355249,1120.38565243162,7390.10805950184,7241.93410084509,3191.03775464077,3563.69280307647,3458.02412987604,1303.02084883237,3463.07701929379,7433.1600363714,1572.59116935843,3242.66076984345,1809.05179780883,7593.76254164335,1233.32881494681,1323.32370770398,1633.86459220057,7462.36289139761,1690.51283885875,1259.19912108111,1475.02379379944,1730.51733878963,7190.19168596487,1778.41572697285,1239.50644879805,1748.71888192172,7473.2201568575,1322.68807131109,1359.32388135432,3409.29326553787,3111.39882649541,1660.29483966144,7337.44281832393,1025.44068027942,1350.62795497144,3825.29322097835,1252.17573843275,1752.0712835068
398.160324154634,666.68722774258,1216.54115628758,1195.55862465974,6964.78112809559,7128.09552823897,1554.36122613599,1526.71707445114,7015.94043519994,979.414440525118,1321.06977852589,1663.20150390629,1815.94275179365,694.872699514164,966.515096858506,1481.89437767379,2101.09007362174,1572.85751914293,7241.41818362784,1529.19142161583,1279.55266407394,723.98412576532,1601.54970216066,943.297408289873,652.781903133505,6878.09946117882,678.294174080594,1303.33467098849,6990.42403359665,740.017072265998,554.554075599671,7134.0793671357,1007.83967896718,52.3820140002755,1777.66785300045,1426.37806518436,6900.44504076791,1730.48779260604,25.624462476288,855.943515655534,342.505079056484,7225.60009820244,876.65699696301,917.923624144371,1709.23862095576,772.119478177955,956.252189624839,1203.63247598256,73.7986180724339,6945.43739981928,1750.07560110426,6902.02939114595,6981.05300272476,484.214315040302,7077.13325972253,853.775897678916,853.81267513441,558.77812268151,792.312464144002,7119.29099494237,7002.68615965309,6683.44329272382,7041.22447657325,2073.67127336022,7146.66743536127,7224.11189029681,7100.09349467174,1191.55849033427,732.062965065752,643.255506842704,233.458346043222,239.591418469536,404.236398587625,2911.4007931697,516.349983389972,65.7448248046227,3247.94375132202,2296.07209116525,552.54100654538,2960.56315049527,2675.00880593808,2745.34436807203,10.1310324213908,406.886695866528,7588.22755586665,2607.03331329086,348.471012999688,281.359028357036,7996.54583070195,7386.56377039647,3366.47066283712,95.3990212404348,457.145979606219,165.875370246841,2853.8747764084,2711.47919013267,525.27666049259,7691.11244066458,7559.26336681094,7457.7435181434,380.920036407188,7540.42812647734,112.793869341161,7697.75972140867,2820.67327138491,321.403899860987,7714.28539665155,2.76787441955024,224.678468493883,199.955509690556,132.854573063141,393.071829280661,7436.03504267145,840.559368769013,7511.33131633148,938.922438347022,2881.7399561672,7908.62882895311,285.627631657296,7822.57863640956,7484.86642739245,108.391235677651,101.448152102752,7578.58756122303,7345.31401693347,786.010684744649,7953.26798628055,500.029736237363,1e+08,7767.29369863873,226.455176484934,2644.10128725055,2639.47906907904,2449.20759504117,208.758374068139,7347.12017055855,1403.63451063392,7292.68918429264,1377.72423625276,1592.87496229291,1374.37280891083,7446.59134423581,3075.98044240369,1489.28432627149,7347.12625790097,1352.85154764791,3141.75035448005,7312.4657826146,1292.22444667278,7687.64167959378,3156.27094106843,7261.7468747028,7536.33213673026,1305.89463437427,1304.79615985092,1288.97784013505,1352.3943265521,7364.24706716754,1347.47888126218,7408.80973153889,1393.32059833943,1645.72025437859,3282.07668057,1464.11091882837,2105.62038775413,1390.33078763278,1329.82996560704,1342.86488568783,2949.16065928887,1558.43849842435,1354.36866109491,3054.42031927318,1280.22020556926,1411.09222863023,1348.39610080203,1897.37233549113,1597.96940136715,7605.99265515534,2979.1601517244,7309.22451028436,3113.78418812039,1359.27252186764,7761.43214780229,1261.28386207923,2592.77670992144,7383.5332973894,1296.04222661421,1282.35184040321,2799.30333060414,1469.80570168809,3189.0797370182,1336.42458146471,1340.88026147374,1120.46047208464,3129.2376361088,1242.20163040603,7497.05658204883,1316.77955652932,3033.0399893528,1552.39520541728,1215.41472102059,7411.36582110462,7361.35609791478,3142.92936414121,3197.27919871044,1269.3655313641,2873.12870605238,1396.06730300596,7525.10940402713,1338.18264884834,1385.64087537211,3141.92796979194,7563.10765550947,1250.05252996885,7292.69192903823,3420.96501382847,1383.27035306773,7669.93675018933,7325.18960189122,7438.3580196485,1339.83707215066,1638.75589890951,7367.77735142263,1208.1759895072,7360.40316257215,7652.70439412433,6998.42547944324,3231.93505421707,7616.64031819653,1388.20009977691,2949.86940972516,1994.93048828764,1334.85867190888,3007.33912902869,7604.43198482754,7428.01344182962,7285.66818280392,1354.11676158119,7487.20624647966,7644.76633089499,3173.99187451573,1341.80740017169,1400.11092695692,1359.40536429828,7610.13375517763,1260.94826473654,1436.40550970175,1565.44032174937,1577.16511285577,1356.88717677864,1619.34420621587,1576.81982380321,2952.39350138678,3018.95440362436,3028.31894039286,1295.66695959697,1358.43980147654,1318.39332585546,1339.7594985286,1459.01527374437,3165.87677231453,1552.58648682749,2974.83035990741,2799.0599202243,1315.6598195651,2801.1525420674,7546.54990813644,3085.22362431906,1370.68447599446,1560.6453867796,7028.66718309261,7169.20663027093,3331.64958157291,1605.83051024663,7713.00561371562,2680.73492020003,7568.39486368016,7273.84617422385,1402.58512831385,1322.35042267983,1339.08953468926,1520.83038333788,1501.80181018307,3165.08671321422,2871.61765732581,7200.6647149275,1295.0739337815,1405.66668882359,1469.11414313052,1302.33498065665,1385.40866875172,1342.02147256657,3398.85414437926,1330.73526118264,1322.82438918573,3897.5358174139,7933.66334926066,7800.17461462854,3731.6064760979,7697.69132526989,1220.03296085058,1441.31931439078,7996.34922766915,1184.96721604375,1125.07702769632,7940.08388607293,3642.59963069902,7948.45886753496,1418.53838339221,1354.27572033964,1132.73722052614,1133.17954853514,4133.7612364787,1144.42066320203,1135.23224765187,4048.73198375569,7974.29861729868,1115.96863711837,3502.42888333646,4049.31294290366,1297.04505985838,7834.42615206975,1120.22531382017,3650.04150319076,7898.49300138415,3605.69753488339,3829.65037478538,3523.70280581212,1075.29500395998,7793.76968352616,1198.97707521445,7767.61577683296,7879.7125069335,1056.19123834164,7879.6795760879,8055.96559368473,7956.33966224112,7977.0761301524,1342.57947998144,3736.29113733252,3540.80665832359,1031.27869264795,3712.43052524111,7929.92818599716,7781.4461973842,7852.78259837089,7915.18325683747,3663.22202296904,1112.45775217168,3539.64662938425,1152.69444986065,1039.43013845829,7744.52830121731,4080.42279795191,1025.19097687897,1102.24042440207,3403.16282476121,1087.56182937233,1419.14971905019,1203.62802791444,1258.08301162962,1101.08549293142,1410.43401461134,7656.47846894119,3781.96860749233,1063.31804430649,3450.44905267185,7821.12662323712,1220.65735803145,3642.8142005798,7861.2397190815,3353.44278713071,3810.4187791126,7884.7331988234,3653.61581744258,1087.07495532653,4327.74083391412,1188.53234879844,8243.39860132746,1060.17614979467,3418.90670517632,1288.79446239938,1049.16531630503,1106.431052118,7878.31230493863,7926.98710546398,1407.22198900574,3727.00986082765,1029.06901673299,8200.378800648,8424.78223282985,1066.90942692513,3873.66033285447,1344.76182162383,7757.67018901104,3825.37636789899,1083.39304946487,3904.81330812095,1075.28242209954,3866.99952942759,1172.77692086259,7872.90127394455,1097.80059355873,1171.13655420969,3520.44401039694,996.079803978526,7917.61679440554,7776.3399083639,1176.61219997905,3559.3820770747,1299.82053595255,3818.8169154481,4037.60402981089,3805.59448539628,1103.80838200379,7868.93924389098,7720.76080544371,3537.15722542134,3912.89516805677,3807.49238103832,1104.44490898329,3825.83229028358,7915.44747228633,1281.53695370218,3578.90701458403,1468.35418556246,8075.96037316682,1022.50124867084,1101.58596954244,1308.78096659558,7943.69800922528,1363.27264216042,1082.33875918186,1192.55665530952,1430.61717918428,7668.56212577,1472.73255728499,1078.99588957045,1415.39650217925,7953.04026853125,1065.13754947336,1147.27729351719,3778.6102466738,3450.26361380265,1355.3315485847,7818.26548714733,1040.79138850129,1105.54965346775,4211.22761826301,1106.13855664847,1413.39354459145
8165.45402279338,8433.98092638131,6550.75254235116,6571.735073979,802.512570543149,639.198170399766,6212.93247250275,6240.57662418761,751.353263438798,8746.70813916386,6446.22392011285,6104.09219473245,5951.35094684509,8462.1663981529,8733.80879549724,9249.18807631254,5666.20362501699,6194.4361794958,525.875515010893,6238.10227702291,6487.74103456479,8491.27782440406,6165.74399647808,8710.59110692861,8420.07560177224,889.194237459929,8445.58787271933,6463.95902765025,776.869665042088,8507.31077090473,8321.8477742384,633.214331503039,8775.13337760592,7819.67571263902,5989.62584563828,6340.91563345439,866.848657870846,6036.8059060327,7792.91816111502,8623.23721429426,8109.79877769524,541.693600436297,8643.95069560176,8685.2173227831,6058.05507768298,8539.41317681669,8723.54588826358,6563.66122265618,7693.49508056631,821.856298819454,6017.21809753448,865.264307492801,786.240695913981,8251.50801367903,690.160438916214,8621.06959631767,8621.10637377315,8326.07182132025,8559.60616278275,648.002703696361,764.607538985635,1083.85040591493,726.069222065501,5693.62242527852,620.626263277464,543.181808341942,667.200203966997,6575.73520830446,8499.35666370448,8410.54920548145,8000.75204468196,7527.70228016919,8171.53009722635,4855.89290546903,8283.64368202871,7833.03852344335,4519.34994731671,5471.22160747348,8319.83470518411,4806.73054814348,5092.28489270066,5021.94933056671,7777.42473106013,7360.40700277222,179.0661427721,5160.26038534789,7418.82268563904,8048.65272699579,229.252132063207,380.729928242266,4400.82303580162,7862.69271987918,7310.14771903252,7933.16906888558,4913.41892223034,5055.81450850608,8292.57035913134,76.181257974152,208.030331827811,309.550180495335,7386.37366223155,226.865572161407,7654.49982929758,69.5339772300819,4946.62042725383,8088.69759849973,53.0083019872004,7764.52582421918,7991.97216713263,7967.2492083293,7900.14827170187,7374.22186935808,331.258655967283,8607.85306740776,255.962382307269,8706.21613698576,4885.55374247154,141.33513031438,7481.66606698144,55.2849377708055,282.427271246279,7658.90246296108,7868.7418507415,188.706137415705,421.979681705284,8553.30438338339,185.974287641799,7267.26396240136,7767.29369863873,1e+08,7993.74887512366,5123.19241138819,5127.81462955971,5318.08610359758,7976.05207270689,2320.45552639517,8677.59699100561,2282.22594945669,8702.14577406714,8990.32544604422,8605.31882743739,2324.6189939772,6639.70087864198,8869.87489326254,2490.67375200055,8603.31387281511,6514.27403765729,2377.80218863201,8411.19898859001,2527.46998904051,6539.61063380245,2543.96492476796,2381.12336889506,8258.15860553652,8117.116046191,8423.95361162571,8415.49831199929,2347.21105746976,8435.77379636879,2346.57347789212,8716.53186874878,8863.4682699726,6571.7128540832,8688.75322266512,9614.24206893961,8745.38359347438,8604.12928904787,8607.13848087889,6666.73522438725,8782.24422774536,8398.76279503673,6799.76091830074,8426.04380907088,8645.16052538797,8599.00447326368,9432.67257401272,8908.74795300884,2578.31820249709,6762.60915436865,2340.82205978751,6494.81428175083,8633.09124934086,2457.39424448028,8385.48615374264,7131.9286907046,2469.88854295456,8435.24058022359,8371.70540394113,6772.46793472552,8817.22385096601,6511.60653325007,8676.22847887003,8584.42658142067,7997.237886617,6612.29569170908,8476.23433337462,2444.53098289355,8311.1351443368,6538.70280943418,8893.82241728304,7893.9482034269,2456.78178707695,2405.15577365416,6622.27920868704,6650.20323339085,8476.78220842808,6729.64194015616,8721.26228227019,2468.56289651989,8677.84675275217,8743.35105082557,6613.95398692797,2389.73096095461,8434.09500954986,2403.61373627214,6305.8446360188,8507.21590074834,2531.12843896515,2581.35103347408,2284.17770556015,8660.50642830183,9014.67448674414,2410.35762118349,8162.41120746044,2377.29756114125,2450.05384343142,2299.90855477825,6510.61296977108,2514.39073250487,8537.98058448622,6694.49955650816,9428.40444345576,8397.45185823518,6637.14890010578,2427.69925019976,2532.25203076951,2495.42876541184,8609.45796368335,2428.98763395817,2562.62294457528,6745.99469263766,8393.37889561159,8740.34421461423,8690.02572255421,2488.96760283697,8561.87837057374,8644.66391546512,8832.15224708598,8898.38995874833,8662.83610472441,8997.13964990472,8964.30317581198,6798.35797865255,6775.14188883503,6680.58484370966,8224.6091740246,8551.83825820875,8390.10939158862,8529.54610348092,8769.86776004606,6644.10039545255,8813.50563790117,6674.47018385775,6835.90272231987,8382.08352362748,6770.14637405642,2558.56237034943,6614.8395470873,8471.51315328503,8929.6805521249,2302.4116421561,2388.35687653421,6372.14052147401,8945.67707562062,2518.16537613794,7070.86100868454,2401.11312819834,2409.89302110737,8632.39447660561,8597.90204807416,8670.96706420727,8784.22995943907,8801.44027796663,6426.8794110116,6709.12635079629,2289.62276797001,8375.70054912427,8503.66272557983,8657.23614951864,8568.26176851646,8547.24168799675,8365.99200857585,6515.20397936232,8523.01541391266,8610.39491420703,5511.60963593521,2016.31194070525,2142.69050295105,5732.47835223937,2216.35355672132,8476.94948766134,8707.30379574546,2208.30400596668,8189.88832105907,8161.29270470355,2295.82499364148,5706.4008196573,2254.88183077884,8685.27329232483,8640.37540656774,7832.65687906477,8168.59737300205,5307.33826088325,8065.41171289157,7428.58763212142,5391.88211433363,2231.46295242994,8039.0157901039,5917.21964240722,5286.2936897495,8648.25998521119,2059.78239121986,7989.95691682108,5610.74218511048,2097.06955618559,5607.46016120667,5540.12843952032,5797.62862998176,7948.6393118736,2116.45342864292,8393.73103722054,2104.01498677558,2288.21885112358,7805.46358836658,2194.72932352386,1978.32710277779,2062.15607832414,2022.94588138268,8559.46590806175,5509.66719489441,5816.83995038879,7821.22928688522,5643.84142593835,2328.21581003834,2087.53142659945,2139.63330601771,2124.9067939332,5574.17281050946,8131.48491165105,5857.46825810091,8272.76965085729,8023.3367782978,1996.19872727736,5218.94475909539,8015.61386023965,7867.252984467,5884.20118996678,7528.55574847329,8662.73907667409,8422.75225782679,8385.43582168847,7972.4676722323,8688.77174848707,2199.19569533369,5549.75771046569,7837.4918836877,5863.33903744503,2137.45840566767,8309.56837031561,5648.88905023473,2102.46676831709,5982.64289663529,5628.07110541564,2213.03061819694,5659.6653526924,7951.61640152858,5115.8987452751,8098.49930570486,2530.63949687391,7972.32631921179,5917.54313493856,8536.30218939639,8006.48758751238,8058.06083008339,2158.2191304508,2148.90631327239,8596.74801265271,5696.49424617191,8110.97367252139,2167.28565554097,2252.49102075664,7661.6915739144,5482.21928588753,8568.99916629049,2053.08166322074,5413.54388916969,7862.5598430613,5526.82109954004,7503.06004120086,5189.87117791376,8271.56058500911,2056.22354803557,7958.25978874818,8092.261941782,5811.91889297049,8051.99830351093,2218.67995516627,2201.169317094,8203.74026818046,5762.32423674816,8602.5849232918,5652.45433556425,5194.63065780121,5591.87552185261,7631.38973322386,2206.88604560616,2183.02535596437,5725.75685244034,5585.85515210842,5612.74922205478,8068.01521607741,5478.28052940513,2028.36411793629,8425.74735093589,5798.75611103214,8714.81466113212,2072.9692172252,8054.82187866985,8124.82755076629,8545.14337044577,2088.00598890215,8592.35751745842,8003.20641229616,8341.09343778377,8556.86487940621,2200.16252520672,8605.44017980232,7961.90725065812,8650.61946301881,2172.62193167022,8193.56290541426,8125.24541232465,5430.37525043207,5814.80332445413,8518.77420561554,2091.70016185206,7552.31895536605,8186.56173656533,5099.28126376985,7938.53476801997,8665.9026059781
171.7051476697,440.232051257644,1442.99633277251,1422.01380114467,7191.23630458053,7354.55070472392,1780.81640262093,1753.17225093607,7242.39561168487,752.959264040184,1547.52495501082,1889.65668039122,2042.39792827858,468.417523029228,740.059920373572,1255.43920118885,2327.54525010667,1799.31269562786,7467.87336011277,1755.64659810076,1506.00784055888,497.528949280386,1828.00487864559,716.842231804938,426.326726648569,7104.55463766374,451.838997595659,1529.78984747343,7216.87921008157,513.561895781064,328.098899114737,7360.53454362063,781.384502482247,174.073162484659,2004.12302948538,1652.83324166929,7126.90021725282,1956.94296909097,200.830714008646,629.488339170597,116.04990257155,7452.05527468738,650.201820478077,691.468447659438,1935.69379744069,545.664301693021,729.797013139904,1430.08765246749,300.253794557368,7171.89257630421,1976.5307775892,7128.48456763086,7207.50817920971,257.759138555368,7303.58843620745,627.32072119398,627.357498649475,332.322946196576,565.857287659068,7345.74617142731,7229.14133613805,6909.89846920873,7267.67965305818,2300.12644984516,7373.1226118462,7450.56706678174,7326.54867115669,1418.0136668192,505.607788580818,416.800330357771,7.00316955828835,466.04659495447,177.781222102691,3137.85596965464,289.894806905037,160.710351680312,3474.39892780695,2522.52726765019,326.085830060445,3187.0183269802,2901.46398242301,2971.79954455697,216.324144063543,633.341872351463,7814.68273235158,2833.4884897758,574.926189484622,54.9038518721017,8223.00100718687,7613.0189468814,3592.92583932205,131.056155244499,683.601156091152,60.5798062380929,3080.32995289333,2937.9343666176,298.821484007655,7917.56761714953,7785.71854329585,7684.19869462835,607.375212892122,7766.88330296228,339.249045826095,7924.21489789358,3047.12844786984,94.9487233760532,7940.74057313648,229.223050904484,1.77670799105092,26.4996667943778,93.6006034217938,619.527005765596,7662.49021915638,614.10419228408,7737.78649281641,712.467261862088,3108.19513265214,8135.08400543805,512.082808142231,8049.03381289449,7711.32160387738,334.846412162585,125.007024382182,7805.04273770798,7571.7691934184,559.555508259715,8179.72316276548,726.484912722299,226.455176484934,7993.74887512366,1e+08,2870.55646373547,2865.93424556398,2675.66277152611,17.6968024167953,7563.54450046867,1281.5878800648,7509.47693321753,1247.34182984959,1437.00108392723,1263.02336173545,7662.96889842432,3203.50133413918,1341.30564193242,7561.97204736913,1239.28585202807,3275.87922253437,7528.38096482732,1210.82235779555,7902.33313993685,3288.74735293203,7476.09105416533,7752.23327636511,1255.79450481277,1281.17331723027,1204.66011024926,1275.8320151214,7580.42679003875,1266.54175767594,7624.99034989342,1262.15452180933,1518.92688728313,3411.33167617584,1347.33300985769,1917.87009839153,1252.90875326514,1213.20244490907,1227.27513348184,3076.61311443002,1435.65567123422,1281.19134554083,3172.33025950782,1194.58070526313,1296.32279631224,1235.15366494467,1709.13252577722,1457.48844466444,7820.11402775145,3100.16810272547,7525.47890429374,3249.41865283064,1240.47881516291,7976.85930040882,1182.10492092674,2691.79510122715,7598.57636730307,1210.14548833519,1207.99683683787,2921.90950097884,1329.25985038115,3322.76508686521,1205.66643869564,1229.67735123877,1112.48821583077,3257.7778503611,1141.75088989628,7712.36285233856,1257.30186913682,3167.21544999006,1408.63698265482,1230.34659509169,7626.53461393679,7577.00662228031,3270.72543736564,3322.87153163328,1171.98008864582,2997.56440616674,1264.32357487964,7740.20664270432,1207.3326029367,1247.96557243438,3270.22636750932,7778.94633327881,1159.52900890158,7508.37542738698,3563.02111138036,1292.06217880024,7884.57337313373,7539.14895468256,7655.08986029474,1212.83852337344,1484.85134364014,7583.37893004747,1170.48021603299,7576.31016994814,7868.07015693899,7215.39452778718,3365.16602463472,7831.37831270004,1291.58703957419,3075.55451868535,1820.51580010347,1260.19711027108,3135.86789191637,7819.95752741335,7642.46658455192,7500.48048276533,1239.46392965485,7702.65188020401,7859.07780880546,3294.1412820511,1268.55520561229,1265.08338552783,1228.98508662606,7825.10270572053,1144.26638009301,1324.72039000049,1434.56879819169,1435.85089853945,1231.71450154855,1465.91353691543,1423.45365996541,3071.40221668117,3138.74898344233,3153.90567140485,1251.30271724751,1255.85368522075,1243.67602788005,1239.51500521274,1326.15572689273,3292.14161382216,1423.49339722808,3101.4577594855,2917.35922557989,1242.27393545481,2923.88955545626,7760.81009070679,3214.13092186369,1285.07842849571,1411.40236615574,7245.56092613844,7385.11579871738,3471.29922681282,1459.78388505726,7927.81479083109,2783.5983943249,7784.134642366,7489.47924676549,1289.28247247346,1206.05465882638,1209.80599950237,1393.16488981941,1368.53617009938,3303.91104218817,2997.41502680626,7417.45437699261,1221.08635981973,1317.37235573483,1358.80409063772,1189.67907536829,1286.70738067528,1274.05076184467,3530.10949239186,1230.78938131667,1203.98934984045,4069.18089946896,8152.90202420974,8018.28930045699,3896.5397479121,7915.11360181614,1116.72097788448,1318.236584156,8214.24766070989,1140.07147195751,1082.1332934225,8157.17845658318,3810.01680344748,8165.9009501829,1296.86901639805,1233.35516377407,1158.47135740596,1089.20418992181,4309.89268026486,1123.18874469018,1235.9880679685,4222.88607550072,8191.9739433877,1098.98079485556,3662.52113427212,4227.34912046026,1166.63191279564,8053.21322922272,1113.76903209356,3821.47142705203,8117.08506386235,3778.04029701801,4001.14820746934,3689.00232610986,1076.17837308805,8012.08033016919,1111.56579720236,7985.99429659207,8096.76905705787,1087.20531243191,8097.49060897164,8275.67624279014,8175.27933429107,8196.334413256,1236.63866833156,3910.50586344005,3704.94075090146,1058.92031653967,3881.43176030302,8146.73699250744,7999.96494442677,8070.98654271637,8133.58916445828,3835.98382756265,1075.22664350096,3701.93254348229,1087.35468738956,1022.40917306022,7963.69359870649,4260.44561435529,1009.29494435665,1120.74678201201,3566.50324336447,1172.61335512784,1301.94161708982,1110.3378197146,1178.59977456015,1097.66371973376,1287.05153989078,7874.00749361365,3953.80282468712,1087.63687841698,3613.94807525107,8039.30694748379,1153.49563651616,3812.72564871261,8079.73950137014,3512.85550668463,3978.61001111409,8102.40658032768,3822.88306893816,1087.65576501998,4508.05543692249,1162.69987367969,8459.21505671615,1055.43251742834,3580.36455792316,1181.17139132731,1036.39790659241,1084.89928622556,8096.40747916868,8145.22760916636,1301.36988749038,3893.54958460464,990.979171225466,8419.0293196653,8643.41299137524,1127.0615818661,4046.81393301763,1237.15405721235,7976.42577642101,4001.99209565861,1102.64735379998,4075.75450057513,1165.70267320691,4051.49395622844,1109.4981711986,8091.76317444333,1097.28342877118,1145.67456570748,3685.14267749038,970.090140618299,8135.2965882822,7993.96469112663,1128.20036028815,3725.68438437191,1179.58461540175,3985.88230414942,4219.12792959809,3975.34460436336,1168.85025511471,8086.63819378383,7938.47366311847,3705.48970765828,4081.38113972202,3976.35712713125,1080.65129256699,3999.87170101833,8134.57236396337,1196.09374607459,3743.24490388055,1347.17803886504,8295.03447526091,997.315256633942,1065.12685922463,1201.74578966316,8162.4261970932,1253.1769592706,1071.64499981156,1116.00101292753,1334.85470900118,7886.09228468213,1372.36010601705,1077.13068073802,1300.0849047065,8171.14018104712,1010.20662556628,1113.57378365188,3955.33092212288,3616.05157030412,1258.94527979534,8036.79334199618,1123.44452318194,1055.5285349896,4393.58667477691,1109.99324934671,1294.86436944357
3042.26161140518,3310.78851499312,1427.56013096297,1448.5426625908,4320.67984084504,4483.99424098843,1089.74006111455,1117.3842127994,4371.83914794939,3623.51572777566,1323.03150872466,980.899783344258,828.158535456892,3338.97398676471,3610.61638410904,4125.99566492432,543.011213628804,1071.24376810761,4597.31689637731,1114.90986563471,1364.54862317661,3368.08541301586,1042.55158508988,3587.39869554041,3296.88319038405,4233.99817392827,3322.39546133113,1340.76661626205,4346.3227463461,3384.11835951654,3198.65536285021,4489.97807988516,3651.94096621772,2696.48330125081,866.433434250089,1217.72322206619,4256.34375351734,913.6134946445,2669.72574972683,3500.04480290607,2986.60636630703,4581.4988109519,3520.75828421355,3562.02491139492,934.862666294781,3416.2207654285,3600.35347687538,1440.46881126798,2570.30266917811,4301.33611256874,894.025686146277,4257.92810389539,4336.95171547422,3128.31560229084,4433.03197247198,3497.87718492946,3497.91396238495,3202.87940993205,3436.41375139454,4475.18970769183,4358.58487240256,4039.34200547326,4397.1231893227,570.430013890319,4502.56614811073,4580.01060304625,4455.9922074212,1452.54279691627,3376.16425231629,3287.35679409324,2877.55963329377,2404.509868781,3048.33768583816,267.299505919164,3160.45127064051,2709.84611205516,603.842464071476,348.029196085293,3196.64229379592,316.461863244724,30.9075186875367,101.243080821487,2654.23231967193,2237.21459138401,4944.1262686161,37.0679739596845,2295.63027425085,2925.46031560758,5352.44454345141,4742.46248314593,722.369375586573,2739.50030849098,2186.95530764432,2809.97665749739,209.773489157854,67.3779028821224,3169.37794774313,5047.01115341405,4915.16207956039,4813.64223089286,2263.18125084336,4896.32683922679,2531.30741790938,5053.65843415811,176.571984134365,2965.50518711153,5070.18410940099,2641.33341283099,2868.77975574443,2844.0567969411,2776.95586031368,2251.02945796988,4791.93375542091,3484.66065601956,4867.23002908093,3583.02372559756,237.638668916658,5264.52754170258,2358.47365559325,5178.47734915901,4840.76514014191,2535.7100515729,2745.5494393533,4934.48627397249,4701.21272968291,3430.11197199519,5309.16669903,2144.07155101318,2644.10128725055,5123.19241138819,2870.55646373547,1e+08,4.62221817150199,194.893692209373,2852.85966131868,4887.86821871527,3658.78851390533,4827.60398256602,3672.11633036038,3954.95120195901,3592.75351344154,4986.82769700839,2775.23450968196,3833.89102473217,4916.30904391259,3585.72438967031,2722.13517940395,4862.90979087252,3411.58591461583,5254.49758903626,2753.71181428112,4841.35622214715,5083.87940802077,3285.40985171452,3163.19471983717,3421.47438032666,3430.52512609803,4909.17079242388,3446.16568905127,4953.09617878531,3687.58021826848,3870.85574931466,2874.10190947597,3683.35158044197,4565.51196281123,3710.02176903118,3580.70665262779,3586.37278679199,2705.62201343979,3783.00939433629,3417.05082998973,2889.12114359085,3421.05766526431,3634.46058219064,3581.09558712445,4372.27510113264,3892.98091767415,5184.06139427822,2806.41900724539,4853.57921592993,2684.8561701617,3611.59594577297,5314.39134660529,3382.2750801348,2864.05487527007,4948.60900462187,3432.68251550272,3375.87330386168,2689.96431193922,3787.30686674923,2756.05261836989,3641.04109126641,3567.30159578102,3008.87462117354,2792.18047036704,3453.86269676491,5055.74350919897,3333.40037058626,2660.03979670041,3869.1275067241,2939.53535162342,4973.76650054934,4915.8539487521,2810.31902771024,2872.5152648018,3460.82777170637,2704.67748172951,3692.07008119656,5087.11058612079,3642.77940283324,3707.23262797773,2802.89671584113,5111.406499356,3420.45277309488,4847.61959997425,2776.51389754779,3514.62327720223,5238.00538540006,4910.63765255874,4972.34030878669,3629.10698665294,3986.06011348866,4923.06109355748,3177.52535025558,4910.29664470898,5208.17285648486,4534.26410289295,2787.99618699938,5183.68353000105,3541.20016030756,2729.36446446609,4397.70931704403,3410.88471419646,2723.04452853843,5157.72836726973,5002.94628830753,4856.43884468716,3591.05549857163,5043.55043063146,5218.91331982227,2930.92402681653,3409.27001155714,3708.40475290375,3657.81473089283,5173.19302822936,3529.42722286776,3640.59382566566,3824.24444345906,3879.29663360472,3635.17307144144,3967.29693573307,3930.52466548347,2817.1432207761,2844.50010503202,2774.060549795,3253.93955142138,3544.96858951871,3400.49396164403,3521.92187397567,3746.90963955496,2844.63138608228,3806.10077001142,2730.53480697337,2743.87867842655,3393.04970929918,2689.24456054804,5123.07055346088,2761.75922986078,3481.86154981305,3899.31441849209,4565.44309996531,4721.92964270026,2756.32784332498,3923.82010576449,5277.44361262075,2865.92143042349,5118.379464972,4829.97280711394,3621.93757259947,3573.780944821,3637.41848405428,3774.47359626094,3783.08633173556,2668.72479579716,2686.2056693242,4736.82960545547,3382.44365925797,3517.55599992135,3659.324485217,3544.58079932597,3548.07764735434,3386.33356668015,2919.47128101368,3514.27488119096,3584.12051478931,2610.44887590783,5417.93368036935,5305.43211555752,2612.44792962509,5216.25500680299,3449.24508500305,3692.32388554538,5503.52309376256,3195.77624809307,3156.35302858858,5461.82481960322,2508.0704277301,5464.05277335206,3668.76651980332,3616.28453003132,2860.88960897921,3164.68630796561,2704.34634193407,3076.01887682111,2467.63455648891,2676.28569724513,5485.57078008316,3045.44990620941,2542.44088353537,2604.18767032228,3608.85488497958,5327.49630252642,3002.22482286044,2440.83726092248,5394.42441786958,2394.35431697955,2564.32091014255,2466.91674799974,2953.66053089646,5295.62945235499,3374.28068718879,5268.52688976256,5402.75075593771,2815.92105415542,5389.49929427487,5531.02303258604,5445.66985655192,5460.65217214179,3547.24920320361,2448.52260682182,2498.26592660374,2824.70825261123,2527.3443392624,5456.75823213128,5279.74427786041,5355.95950958316,5414.23219755463,2425.28914227813,3127.07808243035,2529.30352927099,3260.01575658722,3013.3406767124,5231.69830491021,2589.93499700143,3003.10920721176,2885.24357201563,2424.70995819886,2555.05978750347,3650.74181086335,3399.89336487369,3381.44619890829,2981.65683095765,3669.52539779837,5173.60102651291,2524.42209367005,2847.7935805832,2451.43819695022,5325.02275383269,3307.84186995814,2463.56167868607,5359.13116982226,2460.75356090993,2610.20507992731,5396.91676432422,2482.45939264718,2959.22725212573,2777.91918233641,3116.38133983904,5784.03224402556,2971.73223243317,2466.57911900705,3514.94267827817,3000.28178837524,3060.25245914189,5383.15804091105,5428.82749334927,3594.15593260499,2581.137593407,3089.88979471803,5692.74468196269,5915.76550965405,2680.93743085116,2565.55470122967,3555.61971082424,5251.99511186387,2466.20239590201,2876.16579802937,2628.50810590662,2525.93583490605,2342.21713798158,3263.69373329356,5364.31216650197,2967.90550188008,3106.50609202591,2475.28042231974,3029.66402891013,5429.36265895512,5290.48246001835,3205.8187971348,2472.53697354004,3572.16508828311,2636.10775243069,2528.29922604721,2578.89306991179,2661.2976840121,5380.83192061344,5233.92922748377,2422.06628558939,2678.4416290339,2596.11952423389,3068.69580408227,2514.85220286811,5401.86761721936,3421.13428464578,2519.67229137754,3705.3590154643,5561.96824662717,3038.01316560764,3118.63746322071,3527.10573197624,5436.84300604242,3579.37902030977,3005.07028967815,3328.02908338348,3567.75232155327,5185.53171620324,3618.46644543961,2966.68685044722,3639.98200850469,5457.10025144417,3171.06229672583,3129.85396764032,2430.99395748924,2411.5878049103,3516.97320389556,5316.05836761099,2566.06063134044,3174.02858888586,2646.28536887205,2951.92171864024,3651.82460004981
3037.63939323367,3306.16629682162,1422.93791279147,1443.9204444193,4325.30205901654,4488.61645915992,1085.11784294304,1112.7619946279,4376.46136612089,3618.89350960416,1318.40929055316,976.277565172755,823.536317285392,3334.3517685932,3605.99416593755,4121.37344675283,538.388995457303,1066.62154993611,4601.93911454881,1110.28764746321,1359.9264050051,3363.46319484436,1037.92936691838,3582.77647736892,3292.26097221254,4238.62039209977,3317.77324315963,1336.14439809055,4350.94496451761,3379.49614134504,3194.03314467871,4494.60029805666,3647.31874804622,2691.86108307932,861.811216078588,1213.10100389468,4260.96597168885,908.991276472997,2665.10353155533,3495.42258473457,2981.98414813553,4586.1210291234,3516.13606604205,3557.40269322341,930.24044812328,3411.598547257,3595.73125870389,1435.84659309648,2565.6804510066,4305.95833074024,889.403467974777,4262.55032206691,4341.57393364572,3123.69338411934,4437.65419064349,3493.25496675795,3493.29174421345,3198.25719176055,3431.79153322305,4479.81192586334,4363.20709057407,4043.96422364477,4401.7454074942,565.807795718816,4507.18836628223,4584.63282121776,4460.6144255927,1447.92057874477,3371.54203414479,3282.73457592175,2872.93741512227,2399.8876506095,3043.71546766666,271.921724090666,3155.82905246901,2705.22389388367,608.464682242978,343.40697791379,3192.02007562442,321.084081416226,35.5297368590387,105.86529899299,2649.61010150043,2232.59237321251,4948.7484867876,32.4457557881826,2291.00805607935,2920.83809743607,5357.06676162291,4747.08470131744,726.991593758076,2734.87809031948,2182.33308947282,2805.35443932588,214.395707329355,72.0001210536245,3164.75572957162,5051.63337158555,4919.78429773189,4818.26444906436,2258.55903267186,4900.94905739829,2526.68519973788,5058.28065232961,181.194202305866,2960.88296894003,5074.80632757251,2636.71119465949,2864.15753757292,2839.43457876959,2772.33364214218,2246.40723979838,4796.55597359242,3480.03843784806,4871.85224725243,3578.40150742607,242.26088708816,5269.14975987408,2353.85143742174,5183.0995673305,4845.38735831343,2531.08783340138,2740.92722118179,4939.10849214399,4705.83494785441,3425.48975382369,5313.7889172015,2139.44933284168,2639.47906907904,5127.81462955971,2865.93424556398,4.62221817150199,1e+08,190.271474037871,2848.23744314718,4891.99904448477,3654.39127655797,4831.74809463972,3667.6946132471,3950.51017714756,3588.37219593049,4990.96319342276,2773.59019343474,3829.4519493473,4920.36647560391,3581.33246309664,2720.6839358569,4867.01427080172,3407.24096912626,5258.57331046407,2752.2513514427,4845.38334864244,5087.99910231713,3281.13238326836,3158.96903623335,3417.12258142125,3426.21173501148,4913.29140364475,3441.84121498322,4957.2199716236,3683.1603136602,3866.50559683137,2872.74295180486,3678.98205899108,4561.03190663784,3705.58751012229,3576.30225828016,3581.97395123847,2703.8116937572,3778.64894686717,3412.74540832836,2887.30639194664,3416.70030905517,3630.08165210968,3576.70314248413,4367.77564331736,3888.58209021909,5188.10594529201,2804.55602278439,4857.69936496606,2683.39343748435,3607.19461904997,5318.50448944134,3377.92351645269,2861.47205090537,4952.67838871548,3428.33001357939,3371.53858658859,2687.89080139172,3782.88184023103,2754.65536227857,3636.60927003085,3562.91137707598,3004.57893007538,2790.62009890436,3449.46533245075,5059.83339723621,3329.10866204197,2658.44383972018,3864.71093263215,2935.32705322913,4977.84379169184,4919.94973428327,2808.76383335363,2870.99106396125,3456.44434195808,2702.72502288491,3687.64952052224,5091.193004399,3638.34778687402,3702.7968391856,2801.34843671079,5115.52515241372,3416.07617327016,4851.71173500209,2775.57401913815,3510.28882238647,5242.07744559602,4914.65243602743,4976.4916609073,3624.68369824148,3981.63210543229,4927.15508683207,3173.22684196257,4914.40427894222,5212.27620389122,4538.39504909087,2786.64571139671,5187.75634481388,3536.85530999663,2727.5298910506,4393.26707850731,3406.56883999727,2721.32672713456,5161.83564640768,5006.99212325632,4860.48975085854,3586.6616107367,5047.64596289625,5222.96916592369,2929.28480351249,3404.95969215106,3703.97782900453,3653.38878856044,5177.27571212238,3525.00491333044,3636.22888225737,3819.86429399486,3874.89136244833,3630.75763394211,3962.86692729499,3926.08756254123,2815.21931557249,2842.66930268055,2772.32586473268,3249.66885526964,3540.60159218667,3396.17185454298,3517.55421051138,3742.50055130803,2843.07981548846,3801.72233139327,2728.74634433448,2741.75211243809,3388.72929473322,2687.17512262637,5127.116835683,2760.14854804666,3477.53516101227,3894.88521226447,4569.57273149042,4726.0227787498,2755.2251845768,3919.40774698486,5281.52627791591,2863.47861583392,5122.49399116813,4834.06112315391,3617.55965662532,3569.3752805826,3632.99030274773,3770.09138383812,3778.68574686539,2667.38707350946,2684.26937349132,4740.96723579049,3378.11436780262,3513.23557244249,3654.97193939458,3540.17714512801,3543.72729386591,3382.03444653453,2918.28840271253,3509.90509969217,3579.70981089738,2610.91669232535,5422.22490174046,5309.66710950703,2612.48839717674,5220.4535179825,3444.8360644079,3687.93361598575,5507.75775966154,3191.45525325804,3152.00906776321,5466.02152139827,2508.07010181122,5468.26514401451,3664.37384895089,3611.87743452519,2856.64563049397,3160.34429358644,2705.24969626447,3071.71626839335,2463.45859323449,2677.0206563026,5489.79463407293,3041.1393471763,2542.03653961479,2605.07229055061,3604.41492694105,5331.76309947393,2997.93110395723,2440.97550714744,5398.68532904839,2394.45984081485,2564.6997189984,2466.68705463355,2949.35259638218,5299.87294573496,3369.89305078778,5272.77219088438,5406.94267087482,2811.63647004265,5393.72459954949,5535.33985737533,5449.94870313551,5464.94599822948,3542.87045774402,2448.87440164992,2498.02693083049,2820.40554045795,2527.48807443842,5460.94188536581,5283.99656675948,5360.20102020411,5418.48557213646,2425.49027696874,3122.7369818921,2529.01069752924,3255.648426762,3008.99270975747,5235.97823621824,2590.93478228312,2998.75577885344,2880.97233365038,2424.2496697772,2550.84017544748,3646.35946716902,3395.49703823979,3377.09293104039,2977.35710072194,3665.1268407445,5177.80211467698,2524.75153218196,2843.50617619297,2451.05202181847,5329.26170374357,3303.4973349643,2463.64040994387,5363.38629154918,2460.11810248913,2610.44853796785,5401.13621181348,2482.53236469517,2954.9252316801,2779.18800484634,3112.09323951693,5788.18940463469,2967.4094821948,2466.09212793003,3510.54520495185,2995.94371272306,3055.93086671174,5387.39590713708,5433.07406554151,3589.79612069776,2581.22200724862,3085.51127900077,5697.02066417085,5920.04898747334,2676.68650166651,2566.04665439646,3551.23809633698,5256.25701028978,2466.7595816836,2871.88443920202,2628.9601312672,2521.70957540678,2343.1456631694,3259.33742118891,5368.58400958866,2963.6078199616,3102.21009041866,2475.02880094378,3025.28552839051,5433.5839950517,5294.69427269548,3201.48841781836,2472.38733309576,3567.74578424211,2636.32500622491,2529.31226883199,2579.18209592237,2657.07619694568,5385.05172414775,5238.14210569378,2421.94575990315,2678.81938076206,2596.38148585979,3064.3701060456,2515.31561802221,5406.15301858561,3416.77775495016,2519.49216895592,3700.98001271454,5566.25781866051,3033.64748595477,3114.2926372081,3522.71507130663,5441.11193568465,3574.99733469894,3000.75135667442,3323.65787370286,3563.4228741634,5189.73351970844,3614.13918252614,2962.37745672256,3635.60299722488,5461.34179636854,3166.67658859126,3125.53386934771,2431.49336111137,2411.26503295008,3512.61849801305,5320.31278014691,2561.80595437489,3169.6659850814,2647.52454164637,2947.63423940195,3647.43775527398
2847.3679191958,3115.89482278374,1232.66643875359,1253.64897038143,4515.57353305442,4678.88793319781,894.846368905175,922.490520590032,4566.73284015877,3428.62203556629,1128.13781651528,786.006091134884,633.26484324752,3144.08029455534,3415.72269189967,3931.10197271495,348.117521419432,876.350075898241,4792.21058858668,920.016173425341,1169.65493096723,3173.19172080649,847.657892880505,3392.50500333104,3101.98949817467,4428.89186613764,3127.50176912177,1145.87292405268,4541.21643855548,3189.22466730716,3003.76167064084,4684.87177209453,3457.04727400835,2501.58960904144,671.539742040716,1022.82952985681,4451.23744572672,718.719802435127,2474.83205751745,3305.1511106967,2791.71267409765,4776.39250316127,3325.86459200418,3367.13121918554,739.96897408541,3221.32707321912,3405.45978466601,1245.57511905861,2375.40897696873,4496.22980477812,699.131993936905,4452.82179610477,4531.84540768359,2933.42191008147,4627.92566468136,3302.98349272008,3303.02027017558,3007.98571772268,3241.52005918517,4670.08339990121,4553.47856461193,4234.23569768264,4592.01688153207,375.536321680946,4697.45984032011,4774.90429525563,4650.88589963058,1257.6491047069,3181.27056010692,3092.46310188387,2682.66594108439,2209.61617657164,2853.4439936288,462.193198128536,2965.55757843114,2514.95241984579,798.736156280848,153.135503875919,3001.74860158655,511.355555454096,225.801210896909,296.13677303086,2459.33862746256,2042.32089917464,5139.01996082548,157.825718249688,2100.73658204148,2730.5666233982,5547.33823566077,4937.3561753553,917.263067795946,2544.6066162816,1992.06161543495,2615.08296528801,404.667181367226,262.271595091495,2974.48425553376,5241.90484562341,5110.05577176976,5008.53592310224,2068.28755863398,5091.22053143616,2336.41372570001,5248.55212636749,371.465676343737,2770.61149490216,5265.07780161038,2446.43972062162,2673.88606353505,2649.16310473172,2582.06216810431,2056.13576576051,4986.82744763029,3289.76696381019,5062.12372129029,3388.1300333882,432.53236112603,5459.42123391196,2163.57996338388,5373.37104136838,5035.65883235129,2340.81635936352,2550.65574714392,5129.37996618186,4896.10642189228,3235.21827978582,5504.06039123936,1949.17785880381,2449.20759504117,5318.08610359758,2675.66277152611,194.893692209373,190.271474037871,1e+08,2657.96596910931,5062.77992243327,3473.88800416611,5003.06562527241,3486.12811199584,3768.07568506461,3408.56956032569,5161.91568141383,2711.88109965966,3647.11437036347,5088.22494893888,3401.07057453182,2667.21784424883,5036.75183460356,3229.05159879764,5427.10866123257,2698.32460686285,5012.04946338872,5258.30949606557,3105.90978584005,2986.0405839712,3238.63314117597,3249.39008707939,5083.66316553654,3264.53446570553,5127.71183072812,3501.67039156504,3688.00804601284,2822.80911664711,3499.67622485862,4376.86904576565,3523.47258614403,3395.49997427339,3401.41210605754,2635.25409086332,3599.72007654543,3236.27322973725,2818.17353308447,3237.96926372533,3450.37586256051,3396.41949047655,4182.78988012594,3707.97807781869,5355.40938183195,2733.5540465832,5028.06103942904,2629.53345101216,3426.52090439006,5488.52330771816,3199.45228037305,2759.77581913256,5121.00705971138,3249.80776277774,3193.8017620539,2608.22013890035,3601.15763061638,2703.37701297535,3454.60848101065,3382.72651383532,2828.64233081237,2732.40717475293,3268.98831893013,5228.96151801729,3153.25340776629,2599.03805997024,3683.34267864674,2763.24258635578,5146.48305678067,5089.33351169287,2750.72894362886,2814.12640978219,3276.57210507924,2628.15546539633,3506.1305791219,5260.01916346422,3456.35568590253,3520.61593305574,2743.62055009622,5285.79032241012,3236.50818538312,5020.9610677184,2743.37118358462,3332.53425561888,5410.46920716462,5080.81534784724,5148.07661570706,3443.05466001944,3799.75665798886,5096.4664910849,2997.11701916481,5084.25999006244,5381.91870841137,4709.23606588101,2737.25650782601,5356.1859511625,3358.64428006172,2657.89405583644,4210.74063469891,3229.64372451526,2656.63636206353,5331.64162931741,5174.37506139652,5028.09873877478,3406.31378145786,5217.00050429918,5390.71751270519,2867.46539016515,3228.27643307208,3522.18101781619,3471.64089593163,5346.09996764612,3343.43193494131,3457.12847689161,3640.07705113787,3694.01055217902,3449.46839189542,3780.90706910996,3743.82503475463,2741.61962309605,2772.94841035458,2706.80988893001,3074.75007190381,3361.42853579623,3218.97808466835,3338.35631500451,3561.47153890593,2785.12355523822,3622.01169746753,2661.05623515787,2659.71429712084,3211.61081156452,2607.6789178164,5294.49857614352,2699.88589007559,3300.13759359854,3712.96734684617,4740.35641511434,4895.3323601593,2716.27994215676,3738.21522567752,5450.33520830916,2767.75347601467,5292.59392373493,5003.16151009964,3437.89985369079,3388.51889190979,3451.14789475401,3590.22206628599,3598.02007778869,2618.81544490563,2610.42560021881,4912.04090945053,3200.61215446843,3336.08930752576,3476.40563996662,3359.41241299279,3365.27611906261,3205.84355008518,2875.62758197894,3330.61657615029,3398.6331295727,2637.14217528449,5599.32833531292,5484.54140433687,2621.23676553576,5393.88464783618,3263.85277441907,3507.72742875759,5682.6000570886,3014.35918050609,2973.92007480301,5639.35432799698,2515.4385398274,5642.22239028814,3484.06707248582,3430.95274335922,2683.02916263298,2982.33829032298,2748.93083784203,2895.45646313156,2293.04342845852,2713.94225658579,5664.20757992952,2864.54073733941,2532.66721670723,2648.24082373813,3422.06500001151,5507.90164166058,2822.0829777077,2454.22610234068,5574.58344549576,2406.51666966036,2587.42085828362,2464.74733394814,2772.8969932693,5475.08662946956,3189.85309738717,5448.06048532712,5580.09080862775,2636.25370054549,5568.20468586956,5713.45462937045,5626.55688012188,5642.14974304361,3363.18696801814,2470.82780867604,2495.60953999721,2644.22244323011,2540.70601779421,5633.75497467667,5459.56194831957,5535.32992934322,5594.08166202633,2441.36199432203,2944.78026125968,2524.28276264483,3076.5157338453,2830.76496113195,5412.64820956672,2638.7967092529,2820.29138904266,2706.14998325393,2412.92213253411,2378.44103598944,3466.50310613856,3215.07423485001,3198.54770349397,2801.25221260326,3484.56479825589,5351.34059561668,2545.56983445946,2667.98766305983,2442.70448596047,5504.29161041535,3125.34803324558,2474.38386783146,5539.05701838105,2441.42210497888,2627.51685486883,5575.38216109121,2492.98291110619,2778.72714278162,2837.46702516433,2936.45555701619,5959.91155535844,2790.29873358076,2453.52990696805,3330.05357852566,2818.15297650758,2878.84516009631,5562.37704533493,5608.3977894928,3410.92620834902,2591.8580634314,2905.92685676097,5873.49472938032,6096.80579751022,2502.8415721515,2593.37585557235,3371.42865091101,5432.20751952148,2497.02411192543,2696.62115758812,2654.4946741593,2349.03231838178,2388.82810154018,3080.68447443261,5544.92020574777,2787.59710263184,2926.23010990255,2472.16010374252,2845.71563766358,5607.90200583982,5468.64697544519,3023.98026276176,2473.72627751498,3386.29739483427,2652.25270592612,2577.8698444477,2598.19780292234,2484.53883228085,5559.31346319119,5412.14323874515,2424.63831723794,2701.19626479073,2614.24425342501,2887.10240017505,2541.62393180306,5583.02596946851,3238.08264097639,2519.43641068162,3521.25998454841,5743.28403382006,2854.63735900317,2936.17516948774,3342.51746145192,5617.32575836711,3395.18090000155,2823.79799567744,3144.34216211863,3385.8749807068,5363.29913075872,3436.67605567176,2785.85378023108,3455.89280705568,5636.46257874559,2986.76003926184,2948.49431536149,2459.51302582664,2405.66034348479,3333.98420061635,5495.95927090745,2387.8502092002,2990.75835088551,2704.9040678836,2772.07599024226,3467.38609100344
189.401950086495,457.928853674439,1425.29953035571,1404.31699872788,7173.53950216374,7336.85390230711,1763.11960020413,1735.47544851927,7224.69880926808,770.65606645698,1529.82815259402,1871.95987797443,2024.70112586178,486.114325446023,757.756722790366,1273.13600360565,2309.84844768988,1781.61589321107,7450.176557696,1737.94979568397,1488.31103814208,515.225751697182,1810.3080762288,734.539034221733,444.023529065365,7086.85783524696,469.535800012455,1512.09304505663,7199.1824076648,531.258698197859,345.795701531532,7342.83774120384,799.081304899042,156.376360067863,1986.42622706859,1635.1364392525,7109.20341483603,1939.24616667418,183.133911591851,647.185141587394,133.746704988346,7434.35847227057,667.898622894874,709.165250076234,1917.9969950239,563.361104109816,747.4938155567,1412.3908500507,282.556992140573,7154.19577388742,1958.83397517241,7110.78776521408,7189.81137679289,275.455940972163,7285.89163379065,645.017523610775,645.054301066271,350.019748613371,583.554090075864,7328.04936901052,7211.44453372125,6892.20166679195,7249.98285064139,2282.42964742836,7355.42580942942,7432.87026436495,7308.85186873989,1400.31686440241,523.304590997614,434.497132774566,24.6999719750837,448.349792537674,195.478024519486,3120.15916723785,307.591609321832,143.013549263516,3456.70212539016,2504.83046523339,343.782632477241,3169.3215245634,2883.76718000622,2954.10274214017,198.627341646748,615.645069934667,7796.98592993477,2815.791687359,557.229387067827,72.600654288897,8205.30420477009,7595.32214446462,3575.22903690526,113.359352827704,665.904353674358,42.8830038212975,3062.63315047653,2920.2375642008,316.51828642445,7899.87081473271,7768.02174087906,7666.50189221155,589.678410475326,7749.18650054548,321.5522434093,7906.51809547679,3029.43164545304,112.645525792849,7923.04377071967,211.526248487689,15.9200944257444,8.80286437758243,75.9038010049984,601.8302033488,7644.79341673959,631.800994700873,7720.08969039961,730.164064278882,3090.49833023534,8117.38720302126,494.386005725436,8031.33701047767,7693.62480146059,317.14960974579,107.310221965387,7787.34593529117,7554.0723910016,577.25231067651,8162.02636034868,708.788110305503,208.758374068139,7976.05207270689,17.6968024167953,2852.85966131868,2848.23744314718,2657.96596910931,1e+08,7546.61037519486,1290.10994524864,7492.5150116066,1256.54847963937,1448.51128063578,1270.62319447209,7646.0386088957,3193.14093271628,1352.08715889023,7545.15802630955,1247.05245628645,3265.03019578547,7511.48547322115,1215.86148040264,7885.53193214541,3278.0240759422,7459.31491139551,7735.33950094442,1258.31432836397,1281.5945364032,1209.9349808931,1280.53815409196,7563.51132352215,1271.60030694342,7608.07494210407,1271.43971199589,1528.00573426599,3400.86460028717,1355.45885016125,1932.24339404308,1262.72406717007,1221.20565747151,1235.20280339451,3066.24150999197,1444.34813260513,1285.6238164663,3162.690261442,1199.95468486563,1304.23960561629,1242.88917562358,1723.51173718171,1467.69259399436,7803.35599257836,3090.28465798349,7508.55759882319,3238.45347158781,1248.69043669601,7960.00225412049,1186.92729394303,2683.50042365667,7581.74745030852,1215.55778266552,1212.44896018818,2911.87981626752,1339.39546452569,3311.95463079708,1214.87168561352,1237.23507759448,1111.452572143,3247.34727979014,1148.30945103155,7695.51425105163,1260.58636308246,3156.3502810224,1419.09437950596,1227.68256238133,7609.69621600202,7560.13141258556,3260.35244973894,3312.67078592258,1178.31343498156,2987.40853215759,1273.65987954085,7723.37404018763,1216.54713720722,1257.79905772959,3259.81548241192,7762.05738875676,1165.27202711297,7491.49750075106,3551.60442771111,1297.99813164228,7867.77628944195,7522.40231194743,7638.132586182,1221.72710245692,1496.21434360073,7566.50746401252,1171.8944736401,7559.41544212342,7851.2174812131,7198.41799003658,3354.39437126943,7814.57334526276,1297.9734916078,3065.31564642723,1833.73605670122,1264.73058882095,3125.42314439523,7803.09254454743,7625.68270973427,7483.66880859865,1247.32288885927,7685.79264025688,7842.30541613078,3284.34788846501,1272.98107777149,1274.70182994083,1238.18042179986,7808.2801283612,1152.20777989821,1332.39952018738,1443.94426556539,1446.11446664941,1240.46266941245,1477.22742147119,1434.74199098979,3061.66537056821,3128.96227485682,3143.68459675026,1253.35322681443,1262.70835718059,1248.19688565099,1246.15755052633,1335.63165543908,3281.88655132202,1432.71159483741,3091.1515044891,2907.65260673916,1246.68345754634,2913.85034568942,7744.04129240784,3203.66747140115,1290.54209242416,1422.33082701011,7228.59019832452,7368.22032964311,3460.05519883025,1470.4634764287,7911.00469035415,2775.03166669227,7767.25324315393,7472.60509802542,1297.06956405283,1214.02308863504,1218.88802333822,1402.24322257504,1378.07456223725,3292.7121849826,2987.15681409046,7400.49205375761,1225.52264569689,1323.08895272678,1366.39379384841,1197.32241075609,1293.26413782539,1278.04804496875,3519.50376995199,1237.39842798315,1212.17223397191,4055.57355243295,8135.75493007081,8001.2275903236,3883.42736670146,7898.10440813924,1123.49331567808,1326.87462346571,8197.20283484349,1142.02711575989,1083.84747229777,8140.19478589557,3796.71304367188,8148.89080953918,1305.37092755351,1241.74177651442,1154.88259263786,1091.01270922117,4295.95866226242,1123.21905452377,1226.90737484269,4209.09714927327,8174.94607899567,1098.6377415161,3649.75723919106,4213.26868647628,1175.77378190682,8036.10036288403,1112.6159441393,3807.86759010076,8099.98717874285,3764.36573392056,3987.54860534493,3675.84989775955,1074.39146172112,7995.00367858727,1116.99029948388,7968.91242146498,8079.78814661082,1083.10949358509,8080.45220201591,8258.49338049996,8158.15506697776,8179.18590027592,1243.75805010422,3896.69802031696,3691.87667071954,1055.03688032791,3868.01323925997,8129.7750805143,7982.87241578776,8053.9181406755,8116.50549744366,3822.28100876809,1076.46785797035,3689.00681808357,1090.90961864883,1021.94358577874,7946.55175393848,4246.21726347853,1008.71662237439,1117.6600876505,3553.48930402543,1164.60526081234,1310.06922098801,1116.25505515582,1183.44338076951,1096.24779802042,1295.69147578548,7856.99007505758,3940.17561576762,1084.05343600724,3600.92554477385,8022.24028020821,1157.28930949476,3799.23509178205,8062.64857541036,3500.13165942742,3965.2574968733,8085.37867379862,3809.44135743164,1085.9106775359,4493.81394728278,1163.15224592967,8442.32956369373,1054.0529877866,3567.49254104285,1188.37913225276,1035.61918926386,1084.89600148535,8079.34741726368,8128.15657070081,1308.5391771697,3880.31642762708,992.148303081191,8401.9275351616,8626.31310240534,1120.83015015245,4033.09226473899,1244.4146119414,7959.31516092661,3988.00865883621,1099.4760426673,4062.20033841041,1157.29572594917,4036.92240529593,1112.91410009186,8074.64468000855,1095.63921135378,1146.07408014489,3672.03501529993,970.244220052613,8118.26826342448,7976.9402507194,1130.42530103009,3712.4591321691,1187.86455560011,3972.61473587388,4204.78534493669,3961.8748787484,1162.31021055325,8069.60830489264,7921.44239020894,3692.11116755825,4068.01174656747,3962.95392159915,1080.82183082031,3986.08134488731,8117.43390818256,1201.45302277621,3730.16798167558,1355.67553534338,8277.90017264609,997.456159478633,1066.28992649031,1208.92425096952,8145.31802403588,1260.6621901077,1070.76080582483,1120.52446448831,1341.20777522064,7869.07480764912,1379.12808394633,1075.56051707639,1308.050577664,8154.07990984386,1012.78422100547,1114.58822553692,3941.33747441138,3602.85783297211,1265.28272892772,8019.70019266204,1115.55108756467,1057.77776140067,4379.18757814367,1108.02666313924,1303.09829731073
7728.02714577653,7985.86848340071,6196.74830249888,6216.3760460759,2194.55388766131,2197.12486488457,5882.02812950642,5907.68614044614,2194.05240123894,8287.00679050509,6099.10323006215,5781.18564918037,5640.16956297906,8012.97306804282,8274.56846499795,8772.56451470013,5378.6254779076,5864.87081311014,2206.02393320473,5905.38883644729,6137.85916397616,8040.97590013756,5838.27188423316,8252.18413555356,7972.49917664964,2198.12283939071,7997.02940886592,6115.65439378775,2194.15343968921,8056.40165104718,7878.1106588968,2197.44952707209,8314.4210796533,7397.12852767057,5675.44931004454,6000.96435050891,2196.87618383414,5718.99036599027,7371.57935788986,8168.007344136,7674.67829478589,2204.43412021372,8187.96144665596,8227.72638207494,5738.61937590089,8087.2953822002,8264.67336017134,6208.82245369455,7276.72236359005,2195.05414667983,5700.90633753156,2196.79639563788,2194.2650434258,7810.57835725101,2195.01904877256,8165.91941198298,8165.95483708186,7882.16767534154,8106.73290230228,2196.67671138071,2194.06784818208,2218.4935627151,2194.24498174185,5403.67090298606,2198.18553244735,2204.29032943555,2195.82164612315,6220.11890589283,8048.74848309501,7963.34106043626,7570.24681873293,7118.82089497915,7733.85339142562,4650.55907810266,7841.42527577982,7409.89106225579,4356.71810091224,5201.211622043,7876.17725401437,4607.27025252928,4860.26925098245,4797.61327098611,7356.78954501219,6959.8604934821,2268.48782968009,4921.02006254608,7015.32178439082,7616.10423678508,2404.87738335419,2225.81323409332,4254.73713126207,7438.22068142958,6912.18204273493,7505.59009079202,4701.35898856235,4827.7544748583,7849.99579776119,2296.78454103367,2261.30239418429,2238.89532575454,6984.50793379883,2256.81694542316,7239.55145623554,2298.75915231907,4730.74857705731,7654.46015090287,2303.7439764898,7344.47864104433,7561.84420533427,7538.18819180955,7474.01787624929,6972.97231275831,2234.67337276695,8153.18964812512,2250.18013887645,8247.96671356123,4676.73242990155,2370.23737028717,7075.03993747606,2339.03769592196,2244.4542072198,7243.74715759389,7444.00088005808,2266.05776661338,2219.24177830402,8100.66649017597,2387.4838080987,6871.52946595111,7347.12017055855,2320.45552639517,7563.54450046867,4887.86821871527,4891.99904448477,5062.77992243327,7546.61037519486,1e+08,7971.09694395477,1168.28935502887,8073.49424977392,8299.04558756974,7920.48608234739,308.969907523903,5452.8772862732,8151.71881535761,620.97394307341,7906.54269337667,5530.00009446594,677.763627776629,7716.25664363933,949.712741894679,5392.31472454284,622.109008941344,1237.62573326469,7560.76677129465,7418.52244857869,7742.73476977289,7827.98247855765,1295.24421585667,7731.68184496294,879.727330497935,7986.18881894675,8240.20713272311,5703.65015465761,8052.68715473978,8870.01009217686,8022.14892633974,7886.71589044046,7918.34028924435,5507.39678067532,8007.60636492601,7793.83343417784,5644.32195147565,7746.41542819474,7920.32669386987,8018.77196973554,8813.92111917775,8302.19304738163,859.457342149553,5683.74875459785,768.869183021314,5464.96580460173,7906.31961261191,900.760327420887,7721.37193557961,5996.00333478731,529.112384504176,7739.02097733498,7681.85159878122,5731.17950195535,8129.41013155338,5372.98034031447,7956.92602960217,7905.78988465263,7395.70291238292,5442.3592093738,7890.0809532478,592.473308179029,7786.82090133791,5634.66665394703,8164.48646369056,7216.47348504872,485.353100466986,766.311987461032,5547.266002913,5490.10501309908,7819.21728073665,5575.95657184477,8021.57226952886,1376.80205645289,7963.4687251692,8055.57289956072,5489.67179242474,1119.81243356552,7751.88534604071,680.597635928269,5461.23649848443,7788.66090401348,821.386587978037,618.410950737307,1512.60268999659,7951.01242767467,8278.26841594994,421.42425848801,7514.84038442759,722.86259718058,1224.41707922753,889.462235033482,5419.85628248355,613.107205837324,7816.08041570524,6219.0652976604,8692.35650308035,7679.43822220384,5485.68764568749,1151.92359573116,624.54979151078,656.952217460779,7918.55105664969,694.575047951625,679.327274600911,5554.99572630842,7785.43307279794,8103.92077920887,7970.53308147535,779.811895313646,7903.7169351426,8000.40233407801,8135.74040221711,8271.13840757066,7973.56907937324,8267.64260637167,8269.95961217708,5651.6870311916,5978.53380115202,5632.22091293011,7529.56089946914,7847.21262796297,7693.37866471695,7820.5338839617,8100.8735531216,5533.68665418879,8166.66933890901,5548.36199199867,5699.14892709326,7710.49504519675,5646.02660400924,570.881045122433,5443.30729057271,7861.74986082826,8236.66831175628,429.954914967062,394.779629178151,5814.78267211034,8219.82599081397,806.001033612387,5913.46476002522,1170.93882803095,504.394611724145,7902.16043307261,7909.41932888989,7956.59923845024,8044.9768988107,8099.51619660991,5331.77269996679,5569.50581045968,2548.87395285202,7674.46955675773,7777.49516488956,7897.69560615806,7850.59334800428,7834.52676681838,7659.610727306,5330.96365875727,7820.08025197991,7989.75515609609,4484.23674601222,3071.93149924428,2851.02300747036,4690.20933046086,2532.70274148363,8040.66271482036,7959.51541212741,2634.66290335802,7544.03844843709,7530.25833286486,2882.63756242875,4736.91134700943,2516.39722661724,7944.84670757323,7907.67558054046,7182.54970726905,7500.93400243567,4253.2381546629,7402.4151028291,6859.4701726579,4364.68142116153,3067.22326220889,7378.3908099613,5011.60275238949,4265.36090907911,7939.0742181508,2720.78584517785,7330.98427093204,4662.30379643522,2893.69540101128,4666.166687508,4522.3093271734,4865.37073482957,7308.96503190324,2279.62572702889,7713.3521174604,2842.8475410477,2454.38677017098,7181.95573155039,2744.3419157158,2222.20338597612,2543.05243889917,2847.7474296556,7815.7703431302,4520.95930322607,4869.99646222626,7202.39897065424,4638.37773709229,2444.70610464331,2416.21368079503,2398.80403247463,2319.14384614318,4630.58668050142,7580.67545350604,4858.38995945801,7601.13503428715,7376.39060729546,2443.41740358434,4250.90933118494,7382.67141923305,7226.70317517114,4981.75159312048,6959.22639358855,7925.4192694543,7929.81842972158,7969.70596259386,7327.20125654379,7945.26642617541,2915.16892141931,4570.47171403091,7201.18453058493,4781.23265089616,2531.07951162791,7849.34816871893,4707.2533944212,2517.28958888239,4996.53975312835,4599.29203408186,2738.87781041219,4688.70920287686,7306.57156258419,4080.50960234217,7420.84717258904,2451.64528353493,7311.0351890392,5014.92790527001,8119.73865038019,7369.69310014542,7397.84307388403,2917.34342028445,2306.1977044936,7839.33612130197,4683.42786318813,7427.99778479114,2314.71421662631,2088.43633940746,7048.37322113599,4478.33876354309,8151.86142346314,2122.47942119641,4428.73663910796,7227.29580815975,4491.129155116,6957.93555924073,4230.86463817366,7596.07553006297,2491.82065478629,7309.71916958022,7461.81964994937,4913.82382277799,7516.88403792283,2207.91268101469,2669.58377875114,7529.3410779716,4818.57107620249,7880.45073834049,4622.74402500101,4223.87653572488,4589.59657750161,7023.79508071576,2312.63231350624,2471.95512390479,4791.63873245741,4516.70850706913,4620.97910122849,7409.74706502005,4520.83138815973,3073.68566951369,8022.41740853754,4827.53718183025,7964.38574977345,2426.42167147688,7373.7773858279,7560.22721271622,7813.93523362718,2188.09505944485,7852.30210106448,7358.47424123566,7837.09083502833,7788.54823114018,2601.63054905059,7838.41387237752,7309.49873386631,8229.76775719537,2457.74193252084,7641.36107281182,7456.66918134437,4460.241938742,4921.59756059463,8116.323205538,2968.71737330073,7008.05727893363,7673.20703467619,4100.71706106468,7290.12936369607,7929.7963254634
1209.27445235314,1139.678782541,2342.26671454241,2323.89419116465,7882.56923159666,8044.23997610569,2643.4198979929,2618.44011224905,7933.20641026559,1135.89433844175,2434.42181044311,2742.26704553348,2882.19901212454,1135.81319850622,1134.34720578338,1298.47759245022,3146.62300579948,2660.16293390677,8156.46059867905,2620.67379975319,2397.69775733785,1132.54339409971,2686.18090867715,1131.927642682,1141.83736981075,7796.78779233559,1138.0039597138,2418.71521315696,7907.94958719119,1131.05854066319,1161.7213715979,8050.1648516194,1139.81161732773,1373.04956775185,2847.01030678556,2528.2378581981,7818.89940353338,2803.7457599753,1388.51011665661,1127.07071693526,1230.556619675,8140.79450647923,1127.61238558454,1129.82322993002,2784.30161799603,1128.76427756497,1133.21966372924,2330.95852369108,1448.84379623963,7863.42468513716,2821.69272293863,7820.46721553639,7898.67430680631,1180.78499981094,7993.78343789171,1127.03602123313,1127.03657514892,1160.70227943309,1127.78702371581,8035.52235955138,7920.08676285978,7604.22762064864,7958.23487046038,3121.03832247313,8062.62916420599,8139.32062876319,8016.51503220592,2320.39665584282,1131.76704613021,1143.41145906456,1278.26740810882,1558.39132142088,1207.08366160902,3913.95954492823,1171.59015849147,1365.4592986423,4237.35942385342,3329.40437107006,1162.21213121371,3961.06538246899,3688.20578645817,3755.23925662501,1397.61825361829,1678.31111649958,8500.07902528192,3623.5405406022,1635.49279499657,1256.3674636863,8904.95753762313,8300.23842342968,4351.73210352491,1348.93560178688,1715.887461817,1311.5216097134,3858.90504878922,3722.94876135383,1169.17993748298,8602.06654020066,8471.37137888453,8370.76466997383,1659.16023091037,8452.70390594321,1473.66500719228,8608.6565773175,3827.16308708,1239.18364075324,8625.04032099822,1405.28642065864,1282.43500028894,1294.41826241245,1328.71725249327,1668.09945125418,8349.25432448627,1126.9146661768,8423.86773213799,1131.52448264261,3885.56409960984,8817.7543697779,1590.53784119997,8732.41671629109,8397.64146540613,1470.83185155059,1345.62028399422,8490.52422087572,8259.3725154427,1128.05329327571,8862.02932081491,1748.45332056915,1403.63451063392,8677.59699100561,1281.5878800648,3658.78851390533,3654.39127655797,3473.88800416611,1290.10994524864,7971.09694395477,1e+08,7947.51811712462,594.597122066227,775.904123730488,414.939580599467,8064.23779271487,2981.72041129388,559.902255308996,7941.83150484751,373.708311546151,3064.99416028357,7939.00080863903,478.652840036042,8253.41641493722,3017.73489078424,7846.2513979052,8134.80731025737,721.022189233163,862.850213932116,521.335209382649,1065.91119351235,7971.55417055689,504.68329836917,8026.32351412475,542.706422713455,901.428234366026,3277.42513723884,651.167753649506,1185.59316882461,600.987412040451,429.803616224834,392.481175572747,2823.87853262778,808.462426524014,1036.47714291104,2823.44849910064,528.00308342856,378.742941669897,871.742657383333,1107.71572968787,776.454579103221,8177.08604460002,2786.5230507272,7930.77942862781,3025.6177112629,433.891997987967,8345.45233024734,653.113925098877,2419.28596484781,7983.29451490944,387.353894972067,560.301387678541,2647.65464887671,539.222050008466,3050.66152296925,630.452714331892,382.40872240431,1129.57554665861,2973.98194139958,928.687185284945,8094.99835643076,1301.72931780053,3004.59584512481,917.174965155159,1054.86888478681,8017.12803846587,7982.10461979894,2986.10740620917,2996.75082936382,592.505033975494,2752.67320620818,401.126962189879,8123.89125670325,555.063752400986,443.933344999621,2967.96666810841,8162.44437049549,404.815730006504,7911.06709480494,3516.64488092764,315.202877750942,8245.8269301539,7910.00633016734,8069.44556280821,474.772880116045,762.338395407905,7972.16141310244,931.982242435157,7971.68583591145,8243.17496081617,7640.07355627836,3095.97756574521,8204.31981221041,768.545774662581,3191.84539491685,923.442058892242,744.195083367065,2870.32759005465,8194.35542548847,8014.11595769053,7903.06112314835,370.874555234327,8091.91476558902,8221.06034483457,2949.23658730226,1009.40110671061,571.388231253527,534.311412783385,8188.01949746695,353.528646668985,617.147956757696,491.40042211183,707.869546710749,346.128507807796,708.447683394692,624.922723881709,2742.98728561346,2986.70586377076,2865.62500053061,779.246397386643,246.231447023443,566.899075428445,227.173766360373,523.367350688953,2981.13312659601,659.359706360715,2815.24114711095,2642.29190103558,720.274800363204,2658.35183818589,8124.85938921589,2947.23030035407,981.695882616055,606.141476777913,7672.12262987043,7798.20834576006,3601.86104607376,624.415788659219,8291.27426310112,2487.22397460057,8165.404685318,7880.83595316755,372.890124723443,503.429208934994,546.944663989417,935.330512163353,455.111105269466,3074.67331900429,2753.50363596577,7872.84782643673,491.444725548849,315.933104342375,520.082695790207,421.151904978108,251.304984199825,568.611977705066,3219.09736481569,247.935635716548,608.154701408267,4158.48888890337,8850.77698349889,8671.65091639031,3999.70637005542,8518.40219251722,1269.15215941294,799.917077234675,8826.9214614793,725.239223054519,742.934114395283,8799.8544164564,4054.35230824331,8757.71792957521,648.27248331482,760.663210778731,1077.90732053916,673.168454909981,4402.13163777197,864.482728574279,1575.95924420312,4322.93139386147,8866.70180752124,873.537757468799,3997.2071522027,4352.82093224193,675.824078875041,8693.59845578243,940.678958636579,4044.87999456466,8779.38729933,4011.39268445048,4101.60518821999,3956.30504319135,974.637392746359,8593.34913799244,578.854397893466,8641.33176225687,8680.77504564003,1158.8268254081,8729.50327161955,8853.00819071319,8789.26592870547,8856.26994989818,659.399329346345,4061.20906511945,3991.87136213856,1147.72395347734,4034.24256518484,8724.36911794908,8600.27491258116,8658.75124172335,8714.91289055006,4074.06590130905,991.47385030563,3918.92986069791,572.239771143327,778.376499282488,8573.57624456425,4439.75035247479,831.767727415241,1089.41156523181,3868.84251924403,1488.45654895537,608.357258026314,1012.4961233181,1422.11307062955,1068.00793262686,682.874460441518,8536.18070273464,4154.28000713701,1094.19115227392,3580.38821531026,8647.68485306645,1240.29116624301,4088.82509008126,8685.81734677199,3687.10935907278,4108.04623309986,8729.42327114489,4065.24286395255,977.619569650027,4626.74151950003,698.674000036111,9016.50166588333,817.753143249061,3871.90781965385,1430.42570072923,838.381658685979,815.007601912801,8758.18112006325,8723.37864346367,642.740537191096,4044.00548829094,683.075615035772,8989.78743885439,9175.27918894698,1307.95598935024,4212.3474526507,1417.76867131534,8547.50324929024,4217.01292980896,1085.63073942414,4194.29296280742,1540.75949032544,4244.71689578581,570.808875579143,8702.20194656003,971.763732511477,844.393004957486,4016.25001524543,999.621409351018,8697.20300292911,8615.93991824975,681.27445042008,3992.44090091392,778.193425687316,4094.2794793549,4396.62100650722,4169.21080261276,1358.64928200151,8660.54813781009,8535.62093354088,3964.14118270717,4124.37868123528,4128.85627154539,812.911401535612,4226.86814347828,8834.33715691535,1525.72406185977,3964.03329846871,857.444591861291,8887.9121674626,724.451824579735,960.053838071008,601.693504736572,8730.50175252754,698.752973363197,957.271862488187,1048.1250936447,601.377847672573,8498.53382058402,555.366939641171,934.793503220262,1452.73171984531,8764.56954228419,893.357721401631,747.801879304009,4159.03906711353,3926.47623329405,1534.51487819755,8715.57635492646,1496.65630733127,1054.57480797024,4555.37019689003,973.927711661601,593.220623119992
7674.22414494475,7932.46132256434,6140.03891985317,6159.71121569165,2139.14868047799,2144.8316912867,5824.57276857764,5850.29390204815,2139.59010451326,8234.03485583857,6042.16885035753,5723.47804987199,5582.09781193154,7959.60624046174,8221.57909947483,8720.2390714961,5319.84110439086,5807.37300578931,2156.04862525072,5847.99096356443,6081.01476182616,7987.65049535965,5780.70789430835,8199.16328572524,7919.07203421759,2141.19246752821,7943.63888478264,6058.75854967894,2139.21702189594,8003.09895810855,7824.54078114666,2145.27575645912,8261.48740232964,7342.78311594387,5617.4699412537,5943.79806676956,2140.32997233051,5661.12382871817,7317.1903490005,8114.86675395404,7620.79054623862,2154.12845655097,8134.84943447004,8174.67096113001,5680.80328178424,8034.03794938684,8211.67009517342,6152.14050410458,7222.16923071678,2139.3005217368,5642.99309535633,2140.27766348118,2139.15640631645,7756.90453502081,2141.72363360923,8112.77582448034,8112.81130044465,7828.60399324137,8053.50379268429,2144.20849522258,2139.35833375121,2158.49819544091,2140.25981309559,5344.95694766809,2146.26409029538,2153.95369246297,2142.97447290027,6163.46254599078,7995.43453156682,7909.9001969582,7516.19022365925,7063.98641659316,7680.05958523641,4589.50668084818,7787.79912365031,7355.56733319411,4294.62070074332,5141.91463594576,7822.60442174172,4546.06873542622,4799.91587023679,4737.05507043133,7302.37518173385,6904.73203471381,2226.15460082553,4860.86204403051,6960.29715582547,7562.12227156482,2371.87743866994,2178.95646092761,4192.2591992982,7383.94485704165,6856.96321946233,7451.42695259976,4640.47946534895,4767.2952292289,7796.38283309989,2256.80546280905,2218.31027057661,2193.61549517379,6929.4257872531,2213.39761798139,7184.93302154285,2258.93264146632,4669.96802683453,7600.54002066107,2264.29688299494,7290.0431071932,7507.77385194216,7484.07896412579,7419.80214323105,6917.86852479447,2188.90986914781,8100.02775762938,2206.10312798811,8194.9399151289,4615.76938681067,2335.2440239117,7020.1255908593,2302.07691790678,2199.78169283259,7189.13612214223,7389.73479185983,2223.50499766254,2171.48413760013,8047.42855359497,2353.50520533686,6816.2327746012,7292.68918429264,2282.22594945669,7509.47693321753,4827.60398256602,4831.74809463972,5003.06562527241,7492.5150116066,1168.28935502887,7947.51811712462,1e+08,7984.74518628349,8225.20572287138,7855.56509292902,1003.92768031323,5553.83295632837,8110.54414734574,1169.70088579066,7856.91492093518,5452.07801189482,1194.20621769701,7697.84849929911,1220.77490260588,5443.81956976672,1159.93154426042,1047.91202395787,7542.25142843835,7406.38509952556,7710.25995369003,7728.74356746288,1032.59970151491,7711.78342958019,855.78618938805,7970.48011691666,8138.28574919415,5549.23433699526,7962.31585667368,8844.25573102508,8002.68611241842,7859.98686726586,7860.29186380456,5566.97927867465,8029.07034630604,7701.43192028096,5666.16516542289,7717.27313598558,7879.18792999836,7927.39253474892,8726.85049750755,8209.38967507018,1236.71232363349,5653.07350010144,997.328225229857,5409.9195056875,7885.70181559242,1340.34417302349,7675.1428680581,6083.89782757094,1337.84710941355,7716.18010870716,7660.80082948173,5688.95008230881,8059.55216177068,5423.58029513275,7943.22662759566,7866.62549939248,7339.2354476766,5516.95604129717,7801.23721053096,1151.88108362141,7674.07486735517,5517.9622404643,8197.81900630005,7200.19607788749,1318.66972433842,1227.72784568439,5503.99853046621,5545.16809583694,7773.28141808816,5632.88479555855,7973.19434235107,964.760468499077,7939.69708558943,7995.76958323856,5511.49269622542,965.080105969807,7731.33452398048,1171.59161278922,5288.79345335674,7774.60877668056,1216.3716162036,1321.27957411267,979.493197280753,7914.35470709471,8234.00485012529,1126.66632556554,7468.35883178613,1012.45442702243,1119.82481962014,707.484890716229,5408.6268776081,1317.01867898426,7814.00430574083,6036.6590802925,8638.829505605,7672.80916005793,5553.47056340036,1129.79499737826,1226.17915625601,1616.55133905951,7862.87070980872,1262.86519347143,1367.39776205698,5613.70879215333,7692.88748311321,8018.905735234,7947.83247809537,1215.50561175149,7849.8054186303,7913.07515721351,8063.92713312236,8178.7285180024,7924.19942223924,8213.32235278033,8197.42350151082,5694.69899213566,5808.63724321693,5580.1138326467,7510.13425136988,7823.47709525226,7670.42845718785,7804.30729015604,8024.70929068094,5525.62235249037,8075.79639320385,5602.00992473639,5760.58607631875,7660.193155328,5701.20262076366,1337.58575114462,5504.82678339839,7771.07963122903,8164.25922918045,1105.25963494858,1385.61448731618,5611.95954000507,8159.10640343702,1272.35745161117,5989.24573576317,1035.11039949783,931.740359703633,7873.23863645171,7850.30430819363,7925.57892467513,8085.28177995131,8036.96135959414,5340.99402865544,5622.43094351716,2342.69341979198,7659.81391012283,7763.60898140452,7871.73194353201,7828.63840684752,7812.5932867534,7642.29162191866,5392.85567107226,7801.53979114289,7903.84085669598,4566.99839074301,3241.52920895965,3129.92805617479,4781.03623294397,2966.79864438922,7970.82128549026,7963.98971948663,3027.40083015656,7464.60252136961,7447.83188183178,3224.80769461654,4862.79899570302,2955.0018577542,7914.35803266642,7915.50766311646,7159.3131141767,7486.49893653748,4339.78335183577,7387.53718138836,6809.4166456575,4453.59487142248,3325.25619589794,7361.27798405432,5162.83399075131,4348.85980330806,7919.87578782114,3045.19264663472,7313.57682662152,4781.47900485376,3152.60447739419,4787.34836579398,4607.35329491737,4992.78526595912,7284.34566586597,2771.12902163764,7703.79156717807,3101.45164834114,2928.49608728551,7149.31037032206,3093.27031060789,2711.29046119761,2929.29621176825,3100.94550852511,7806.12904133313,4623.81559737535,4995.29618476352,7173.89501648302,4744.78251547041,2914.11117901153,2837.5950556135,2859.6265889201,2790.45589800353,4751.28618376359,7479.87111444997,4980.45388145895,7588.32658823994,7306.99295126666,2848.1028752147,4356.94487748047,7303.34647786967,7200.85189344482,5117.68773502077,6911.72522157774,7892.90501462061,7837.67075194271,7887.15758633662,7308.01646369919,7940.49661309175,3171.73299414641,4695.59780988987,7174.61501379967,4853.5627170309,2944.64970955066,7756.480057131,4838.7568812345,2926.29214854534,5106.67246645218,4700.70732411244,3093.98811116411,4814.32049240636,7284.96045460447,4157.30728131194,7363.48882772711,2935.99889085979,7246.16385234548,5154.17076347925,8047.28784263685,7290.23404716916,7382.36624732648,3196.14724781298,2773.7958342559,7834.56764417753,4794.30152640641,7389.90448631892,2813.36244453104,2605.9779928197,7014.05782127394,4580.94837877749,8073.61924058959,2647.57741420148,4540.22838419988,7200.66328451695,4599.16432898369,6912.43535440253,4320.24279204046,7582.64449418886,2903.0734567957,7289.84785569913,7371.57787356677,5055.75736496483,7424.45824939763,2738.46763961369,3033.85379465669,7514.33478350023,4949.83296561957,7883.78807879904,4717.32704753347,4323.44482490971,4702.91199143728,6982.46010420718,2809.37578115098,2926.6887674742,4921.67123985452,4606.13025235981,4733.51062817015,7393.79400880754,4646.49768929203,3223.74075021556,7944.14183459066,4945.60601279392,7987.52196964928,2894.09445130733,7335.95912994372,7464.91485053562,7796.52649759505,2702.82934720887,7820.47507214993,7336.63500414198,7742.76025555574,7778.55632464191,3006.40120206777,7813.48341090131,7291.89423450453,8152.25566560891,2897.70180412912,7547.54572450449,7443.29157188789,4574.46801763039,5062.98276122608,8034.85859784866,3176.79191110887,6959.6851866386,7572.79697426167,4191.45129902341,7265.82602885687,7892.74576668388
1168.20979095886,1088.11568434622,2343.55679918503,2324.90474816564,7906.3279735007,8068.17247651472,2648.66086838126,2623.39270839326,7957.02036473357,1074.85095680023,2437.04045214322,2748.59100864953,2889.91388093815,1083.23124158621,1073.60162402204,1232.40812511457,3156.59246446658,2665.59375587873,8180.50951727346,2625.65243644127,2399.80112636235,1078.93636188116,2691.90143940526,1071.74054613628,1090.7856884885,7820.45130492484,1086.0183130441,2421.11568753274,7931.73609432843,1076.8997738679,1114.41658831593,8074.10358258223,1078.14379613561,1345.30146703098,2854.38982114818,2532.09495226734,7842.58767033501,2810.70000966215,1361.70822758812,1069.23560192505,1191.72668188001,8164.8273725694,1069.1847856861,1070.27908704072,2791.05990706471,1073.53029049842,1072.71740179701,2332.07716768476,1425.4195841643,7887.16236063658,2828.82515571222,7844.15723201202,7922.45068855016,1136.26463999809,8017.66249087529,1069.26411218298,1069.26359181733,1113.23238980952,1071.89809364709,8059.44567527814,7943.88648246531,7627.66924328377,7982.07584601114,3130.80810144757,8086.58097158238,8163.35198132902,8040.41825050026,2321.35341530707,1077.88081871693,1092.71325993811,1243.74919412062,1540.09781220663,1165.77452884196,3928.60622422705,1125.79050887543,1337.23297422058,4253.43284445701,3340.70237970873,1114.98613392508,3975.93549926466,3701.69574211337,3769.0884014692,1371.35718464337,1664.56827729443,8524.46465235841,3636.67031327064,1620.23001842792,1219.97054039689,8929.70547959556,8324.4317381358,4368.25579316129,1319.634863003,1703.39547456834,1279.59866653709,3873.28312010499,3736.62663241972,1123.02686449604,8626.54675409357,8495.7299567834,8395.02693859752,1644.75067034232,8477.0447928735,1451.50438510391,8633.14282338475,3841.38249430499,1201.19683494139,8649.54152260904,1379.47159219389,1248.25788755044,1261.19556670168,1298.03448699761,1654.00366063197,8373.49569003791,1069.53298757724,8448.18113196421,1071.44583156929,3900.0732652471,8842.42717888916,1573.55783108752,8757.01449929229,8421.9296964048,1448.53031748454,1316.09819692594,8514.90086613401,8283.52531769049,1072.36691728817,8886.7404672895,1736.98843620446,1377.72423625276,8702.14577406714,1247.34182984959,3672.11633036038,3667.6946132471,3486.12811199584,1256.54847963937,8073.49424977392,594.597122066227,7984.74518628349,1e+08,661.514322300461,342.080925654568,8154.80137660362,3231.39884020891,708.268560989417,8037.15745059222,473.785106782123,3113.08538959605,8030.94664863365,790.954081753841,8337.21029122022,3199.50001654268,7945.77975089716,8182.91370285724,972.618149906371,1161.3911311145,724.350888909538,863.333227128731,8000.7675084344,810.597113599684,8088.6427124552,840.175212229704,511.779110857735,3242.02405096968,235.244510587174,1297.27399634731,852.106802009408,693.436757234035,409.617069227801,3032.06092782266,1191.63833964619,876.897520570807,2990.7041674748,748.549876018117,578.512928441216,574.895853663016,847.768632047559,411.36018264058,8268.64609608845,2892.24957357737,8007.66319088576,3096.22123297024,738.100071262766,8437.71786552977,741.573730209739,2705.20490552777,8097.80045004414,710.925777981787,834.17042570075,2738.38139682729,429.530245571404,3229.17138455031,907.022157303765,580.364024774802,1144.87194237014,3184.17879600152,751.550062026625,8190.87649648189,1074.14304010418,3001.67889564616,1301.90654137351,1273.88431753478,8129.57940391282,8073.8783713874,3076.95200642254,3191.86380668537,685.812041873946,2962.72021630373,508.200055329585,8157.9158720258,798.112175090195,436.285954014378,3123.89262651639,8216.0721719853,742.044064921058,8003.91097761957,3470.20702122446,757.974206321378,8335.91875925103,8021.84464461682,8083.63178901304,665.53292356903,865.695563459202,8070.71313880113,1015.59090879464,8051.54224773304,8296.98961182418,7687.70299062537,3214.37424148373,8312.58937680944,1113.96070574148,3069.87583769447,942.011971306987,1094.97083557778,3082.42158461187,8253.22396526893,8116.68528240713,8034.65067153674,420.531315979228,8189.83250946663,8333.01052868714,3152.24325297274,846.245292924933,81.8601265234101,792.489508958223,8281.44130345717,414.896451602607,252.403213872905,325.830871507737,264.843290848084,436.066736343436,761.773189715293,492.183073728873,2937.62718311098,2906.60189757187,2950.82682856003,1013.22481429325,641.889961157732,823.654873632628,702.186458899798,241.216673612586,3104.84928334677,231.104290727269,3013.0991388809,2868.49307478212,789.011225760426,2869.85595225513,8239.75670336151,3145.26304150708,817.940495699951,471.489786456194,7767.99941238362,7917.45753933321,3490.63032700049,625.347665377719,8385.55723506137,2750.89759343421,8215.59409187624,7965.19442149891,656.565347157572,500.293214723837,759.020150045355,1336.98199560642,406.800275723885,3206.96736692243,2956.24024732617,7880.10262017872,844.68640740911,756.860102728453,795.440526504232,721.783232676353,674.851459139753,881.231327059172,3406.35027621713,683.229618712953,230.585960737192,4343.72508654932,8938.67701421149,8788.27376876285,4202.70994819841,8662.30483502713,1137.20373814063,1118.68438809584,8960.00228098639,580.444549720335,586.545439039988,8928.61986434875,4254.24437948815,8899.98555099342,844.128895151642,1086.31024857769,1292.68248082623,961.392881292877,4580.94727494282,1105.60924311864,1673.09723518604,4501.31233058149,8976.36023167625,1100.58738974542,4220.88831881141,4529.21222291993,891.412950936246,8815.04619588256,1144.09925523958,4228.13685193663,8888.95295294887,4204.5915159992,4289.37116727788,4159.34870629842,1201.42248457466,8735.44938791025,919.149194260792,8754.37389603837,8828.73555070874,1319.98628627859,8857.21240175138,8988.0360876589,8919.39613798529,8963.15591863046,954.47910593549,4244.73943419313,4200.39631774827,1315.40143899568,4224.98652572196,8873.02115834263,8734.07645860386,8801.13739843191,8854.71639895238,4257.0462599498,716.531743592616,4132.60691620368,891.305163353328,730.155787731266,8704.36566745805,4600.51942350974,729.207759973444,1270.14994597954,4089.48391364152,1578.89127743725,796.558951494969,783.614617751526,1274.78969371933,1287.74755027464,982.971654858926,8651.60340097034,4341.45420732192,1251.8341752889,3776.59029513874,8784.89535527436,1049.66647377455,4285.50988268488,8821.424815069,3916.07365436293,4302.55307703798,8861.05158540038,4265.20254205589,1187.54719506135,4788.59713678392,721.378970242273,9163.92730341102,806.181313738905,4086.63958086433,1306.68896023402,746.874971705758,1060.06147002777,8872.41976930126,8863.59217762077,960.156409067406,4241.65957717861,825.661639687739,9129.78805254734,9310.71121305477,1463.56947654801,4396.37698201047,1272.38544024315,8690.92671787998,4394.37005107616,1281.06790671533,4383.06957030875,1594.47430950441,4404.98763906722,861.900610992995,8835.18408481655,1183.48633138514,673.1065815639,4227.76634508819,783.699470544633,8844.69356560565,8749.27737766323,987.05698765425,4201.04768935823,1083.08158341861,4288.1976002046,4555.81768927121,4356.77597052324,1491.85521892226,8807.56835155421,8680.37885030898,4163.66759182294,4317.81871804673,4319.20171198042,1051.79927218048,4408.65960112486,8914.76796558919,1400.46376588604,4165.63190529219,1228.30097981873,9025.90037874985,859.541766386287,719.858238819001,869.752221964023,8870.63179757713,890.214865649525,1135.50975043592,811.574741338539,928.044651607075,8639.17023249394,815.719088719614,1141.69412054132,1316.06562214909,8903.95144715362,625.756786041627,1000.07315426844,4339.47223551347,4138.41447099122,1395.50045812652,8812.96180295393,1558.72177000242,801.605513747703,4715.65069261409,1203.09840495309,763.068398425018
1332.38225021208,1200.14711144884,2613.3972683216,2594.36351915269,8194.38106950325,8356.25699083279,2923.51601941226,2897.90602265354,8245.08366114463,1110.00627605733,2708.64664279885,3024.695553148,3167.54276455076,1188.93438487579,1112.13118828814,1143.30540613973,3436.49738743022,2940.67185888056,8468.61395858559,2900.19677656308,2670.73200464837,1177.94940470645,2967.31654677214,1116.32130009947,1205.88320915739,8108.48633366385,1195.46190050709,2692.43742294909,8219.79434513926,1172.16430422098,1250.06454769901,8362.18918623897,1105.84060432845,1555.27753295372,3131.65949213165,2805.27478334578,8130.62745316056,3087.50654904673,1574.37731868575,1136.20563521001,1364.80566989172,8452.92911994351,1130.91211900625,1121.43246667938,3067.65018110715,1161.15983676572,1113.92560921485,2601.68395223005,1647.21523140099,8175.21151147418,3105.82677822397,8132.19734933463,8210.50706542418,1285.38670112436,8305.73755447389,1136.77997979697,1136.77020298067,1248.03774652789,1154.64145177684,8347.52857905262,8231.947168335,7915.65985596715,8270.14406088178,3410.52130196942,8374.6688530934,8451.4534738153,8328.49761059725,2590.7383191991,1175.01056712312,1209.8895043356,1432.48098063917,1774.42552290129,1328.93570318428,4212.43561805396,1268.88756822305,1545.8240915831,4538.23527448159,3621.83336429151,1251.03433031646,4259.92440676081,3984.65772139325,4052.32715304647,1585.53792462469,1908.80131988403,8812.621620096,3919.34810527529,1861.27421066474,1402.11137534726,9217.91041602618,8612.55963731653,4653.34263745125,1525.05433369456,1950.16582440479,1476.91038248465,4156.91728746408,4019.73423810404,1264.41116786144,8914.71710377151,8783.88298651136,8683.16554652987,1887.59934814678,8765.19522032717,1676.52932883287,8921.31400594911,4124.89957333899,1377.48713895634,8937.71475951337,1594.88481864079,1438.1510006968,1454.28303587638,1499.24764224264,1897.50663353311,8661.6310853995,1140.36480092917,8736.32747431323,1117.16312378331,4183.80318456924,9130.62290164242,1810.85614183333,9045.20063757291,8710.07225355325,1673.19992232259,1520.85370381572,8803.05653171132,8571.64677633623,1156.64179569776,9174.94093954983,1985.78461613092,1592.87496229291,8990.32544604422,1437.00108392723,3954.95120195901,3950.51017714756,3768.07568506461,1448.51128063578,8299.04558756974,775.904123730488,8225.20572287138,661.514322300461,1e+08,642.462493176051,8381.51600154139,3358.92221797149,353.877962088867,8256.84635077064,587.469314246282,3472.1544058339,8250.97201846054,1099.83122087267,8576.60688114575,3422.01441240822,8166.6985609413,8439.74301107383,1300.69573539433,1434.27778634286,1069.80139101683,1292.51866988684,8270.35223377861,1124.37213310427,8321.01715806395,582.232388654919,863.234689835952,3659.15400903794,835.32656342392,844.529193878721,540.650816368021,586.364131811344,575.194746366589,3184.12736632009,899.373257177003,1285.42439346326,3199.76495652567,1078.00901437379,547.445822228926,1079.11729462244,667.888383303316,918.574304375993,8492.24624040651,3159.40371462288,8236.24015050683,3404.26674052313,595.332209510308,8671.47546054222,1104.97529187373,2734.33168586104,8315.39880896189,1023.48967158482,1156.29950615378,2991.64939887109,310.145931721311,3497.60711623269,628.412086998868,915.973889810305,1483.64878179282,3393.24940647207,1152.52640801486,8411.34098370227,1456.95298778959,3396.43431953086,1053.54590416428,1601.40563078295,8353.52316499795,8296.83003385732,3368.15259160621,3434.57316815402,1034.15073281561,3087.83074811684,450.409138897326,8411.5193723811,543.832993597089,387.391409187182,3380.23613869563,8465.86948242592,1046.99581854652,8222.60769161591,3885.64870514585,1015.80959330153,8564.42680432792,8244.1726936065,8358.51419512945,479.906281275915,332.10535752746,8292.52993916099,1363.51734467543,8278.2619347825,8545.17097347826,7926.2571453363,3515.8804254161,8528.62278247577,1049.30480832001,3600.24159163775,508.539376227609,1140.27015745478,3274.39853087289,8498.80989097496,8334.80153086559,8248.45699474763,601.469128521405,8410.90234841308,8553.94830347746,3343.96432903898,1263.10694062118,601.510956964177,541.104439516875,8512.87156191034,791.089886960219,833.687650753183,538.493618221708,751.980621903967,535.640224875526,256.357639129641,238.252330777537,3128.41963660748,3357.25911662762,3242.23723149092,1341.44540276213,924.303207802604,1149.53561526787,933.260631267676,504.087266729363,3381.44824731876,769.886948644423,3227.77052029197,2999.64619465694,1151.05569435231,3034.20605373328,8459.31219140933,3328.40704561602,1221.05193458432,278.160939899738,7989.20737931557,8135.16924164864,3981.72607688048,235.056455640326,8613.07107075504,2802.03892159824,8466.26974382521,8190.53871541418,590.960827391074,481.407363570575,505.532861252324,1100.44024145389,418.414276579123,3491.06868187065,3105.0276042148,8255.21614892938,1140.07142733428,1016.44960762501,580.591087631442,626.822521405561,945.850700461955,1201.15351467588,3676.17053114927,948.950429363029,815.139359125271,4601.27285591654,9203.23864744427,9039.06560624847,4380.52255714051,8898.28595250619,1588.53679231909,803.158635193658,9197.07083343225,1024.19359708989,1032.93166417659,9167.56608247338,4378.51053981941,9131.16275437204,510.879708142442,823.522435383471,1593.03994573404,1239.14247244958,4858.66560390856,1412.18319483431,1999.90495721398,4770.25816974412,9227.99247269223,1411.87961062273,4290.26573645837,4796.61577954687,626.819898253964,9065.03764732427,1468.05442209371,4399.13884262441,9141.7251853837,4371.8248146021,4534.97729655024,4271.62872577163,1476.34983608609,8968.40690275021,1023.65020010915,9008.297766272,9055.77797134602,1649.12937745793,9100.11034208667,9225.75262442518,9158.78453733919,9217.26861323098,715.502768006537,4475.26530402001,4289.98115222429,1631.88956295879,4411.01877809433,9097.66771936209,8973.69917142818,9037.60717084688,9087.38967815845,4423.96487216964,1268.54900111468,4233.81121310039,1146.41185959831,1080.45776215537,8949.75640293336,4864.08152750548,1069.43724039519,1595.94566130544,4184.55491695537,1906.5463806174,503.03225140001,1316.6728375356,1733.0236365127,1456.3048126232,682.965599418045,8902.94900771447,4520.40963802406,1588.07791217109,4040.52960732549,9022.48309619494,1555.07085945764,4408.4597420074,9061.82532602629,4033.02752977486,4492.23802983942,9102.2430984283,4396.3705039846,1495.60625161093,5108.70369480844,1085.06484633377,9373.60579067984,1101.99410440109,4181.80203629607,1711.64655697159,1082.3162942909,1368.82591194097,9123.45609204087,9094.25251055588,713.21459420726,4411.84403685142,954.887933415274,9358.11209181704,9530.76518626001,1778.77540673067,4600.06500021894,1701.55398690638,8921.16244192941,4576.83460855624,1587.03896534151,4603.05710631921,1900.1546886771,4684.21172705659,1161.67301863463,9075.13754317511,1496.93830370562,1133.04239360492,4314.92228609296,1308.01165395472,9068.4487071505,8989.88368174148,1225.00610202389,4314.22821951146,824.803404839337,4490.87745037377,4837.65595736443,4517.85764952438,1824.85533171808,9035.91371707793,8916.44908736175,4295.15877359881,4573.6823894596,4521.71586631751,1361.85013094681,4591.17984327106,9177.69569655718,1809.37443960861,4289.58998350291,959.349811071402,9263.63637514456,1011.74713350357,1258.94373786139,659.00600757836,9102.90894955223,590.091411916679,1463.27154578302,1345.31086618627,729.931997002184,8879.84961728131,624.141095668641,1461.45613937775,1724.2884001988,9136.98200187886,1170.73156398107,1312.0252907189,4544.821404026,4245.1335126127,1805.45636787993,9070.98602803699,1870.96083829711,1340.75165533893,5015.41385086732,1490.20294322119,475.3456597651
1200.38442133041,1147.96403182019,2285.17074611164,2267.03134437558,7810.65847730353,7972.24742729318,2583.15044063316,2558.39454160178,7861.26960524564,1164.57340637023,2376.23328661561,2681.16780450555,2820.05979712681,1145.97699490304,1162.23031802619,1351.87724192779,3082.86032440038,2599.74675288189,8084.41355835872,2560.6079613249,2339.92993890476,1144.64989263059,2625.5418620536,1158.36303105695,1149.19775025911,7724.92210116288,1147.06230024256,2360.70434608465,7836.02572554039,1144.23466523184,1162.62200459103,7978.16938016764,1170.22211777745,1346.05053378177,2785.11917237442,2469.05399357322,7747.02198251361,2742.17165494361,1360.33966706335,1147.91054380736,1218.39211437699,8068.75496496021,1149.79753923128,1154.65581840237,2722.87451387602,1144.078340915,1160.46516843781,2274.0054005441,1416.60254974204,7791.52388527257,2759.98545352242,7748.58896585414,7826.75522349213,1177.18746535972,7921.81598964074,1147.73450166458,1147.73745461494,1161.87705390808,1144.44145269801,7963.534120409,7848.156668863,7532.46757352315,7886.28533659667,3057.41628387865,7990.62756117083,8067.28179452031,7944.53622866921,2263.57880450895,1144.41260740809,1150.13923871684,1260.07185481151,1520.28595591871,1198.55855964672,3847.08105662717,1170.03099222189,1339.05759729885,4169.60018647152,3264.72165144804,1162.98225857053,3894.04677196775,3622.06558415412,3688.8674970662,1368.78444635834,1635.31636323425,8427.87579148636,3557.63460727207,1594.09894704553,1240.75583826757,8832.58858101013,8228.12414339356,4283.70184004023,1323.88904649018,1671.59929807016,1289.86072399559,3792.19607996863,3656.68715850038,1168.1921769429,8529.81980695207,8399.18061523606,8298.61841667885,1616.86375921846,8380.52130547974,1439.94433084985,8536.40707557202,3760.55479920801,1225.81119183285,8552.78395824642,1375.90861820978,1263.77723614179,1274.4781964568,1305.44103407105,1625.47358729709,8277.11775445142,1146.74919850006,8351.69782661995,1157.68499988795,3818.77225094519,8745.41957810102,1550.99145991179,8660.11614599369,8325.48319641064,1437.2750039136,1320.85519419708,8418.32512635189,8187.27706163792,1144.28989613803,8789.67708295186,1703.11933104085,1374.37280891083,8605.31882743739,1263.02336173545,3592.75351344154,3588.37219593049,3408.56956032569,1270.62319447209,7920.48608234739,414.939580599467,7855.56509292902,342.080925654568,642.462493176051,1e+08,8004.11118597691,3015.82688550569,578.938948332277,7882.03613345573,196.177999574255,2966.96374762926,7877.11166807732,664.649542356886,8188.22900861681,2995.81568469938,7789.98656845465,8043.99486430648,871.37516583552,1012.08408653002,620.623852205686,973.740750152667,7874.33784657854,691.586042799931,7944.46407102974,666.110185060029,704.028798211002,3156.83199060229,433.381008562812,1262.23218909148,693.532599591123,486.225903102551,150.26824797266,2816.80779729451,1021.63577442568,954.755598424951,2785.13922591133,649.568354274209,326.244496009397,756.805426978889,1011.15711869603,646.745111342678,8114.29326674604,2705.02922384642,7858.25148761281,2922.93709165552,535.539250057305,8286.92752940252,671.760704272979,2468.97924482072,7940.5076340956,563.392682632566,726.35146012257,2552.01188575206,353.756942135229,3035.99221671908,745.042063050235,481.224772491844,1118.37123404503,2977.44063091743,856.502366454824,8037.03535031414,1202.13193053,2889.88296301212,1161.55666065506,1163.42450849419,7973.38578993656,7920.71582196673,2897.48839912896,2991.89488705186,634.204480481007,2743.22039338698,314.202643357096,8026.3184659693,633.59807137929,304.386375168392,2928.2795089472,8075.09179036733,618.229121626033,7849.4219470725,3389.52685912832,590.069209034128,8183.24804084825,7865.26243339801,7967.46663175974,471.001803830661,763.026057934891,7916.80659628946,966.953690990837,7902.17646497028,8154.61859062397,7553.17291228492,3033.85221915311,8155.95716260803,960.158828475739,3084.40438869326,920.386116975408,933.492018665125,2872.90236551023,8109.36970954752,7960.59331226314,7873.49138604194,153.2143739394,8034.88363264327,8177.21376176719,2939.75388908737,922.16974105553,326.207328364576,622.277957018524,8130.39318425833,303.562364474402,391.699453123749,252.572679615939,531.80539839833,206.662235864149,667.568841460928,482.951018330347,2725.56350094617,2845.72641357893,2776.49538250537,919.135788326465,474.515018527587,714.603371735569,526.624215614104,239.84610071605,2914.83639090549,449.01112703739,2807.79744149363,2651.79828086892,726.573777688797,2654.98957669701,8082.88922067326,2934.69366020411,904.95280427965,432.619215756089,7616.37963977757,7759.1771274518,3492.90577010877,519.847624933315,8232.87126685381,2516.9045153183,8074.82560674252,7815.96828066298,422.309938773206,302.435440233097,589.669570673547,1179.14116070604,268.881698092388,3021.82004782863,2741.71019405392,7792.54124819436,708.349225298248,579.679518599335,585.695271878659,511.074304537783,508.364006959227,756.417421240282,3209.00684388207,515.983815144012,388.60067506238,4170.41523380045,8830.69751305434,8665.42976733568,4017.35866530781,8523.97257344034,1260.21134525157,958.817002708979,8825.16516400573,485.151850246117,516.814885967641,8798.04547692311,4068.75018662573,8757.97283862312,662.98763626256,917.364004793541,1169.36704207848,820.745402083265,4412.70376420093,992.609867535186,1612.38605819949,4330.25535153573,8858.61169138052,998.378315791917,4033.38545561778,4360.65152028964,730.789769083193,8688.97519255214,1050.08723377548,4045.23873435513,8769.03370101879,4021.17454556302,4113.85103040238,3973.33187591497,1077.3821832948,8593.32472665573,766.361209545379,8634.22284193117,8683.84107282448,1241.51955824364,8727.00001442671,8847.36331842754,8785.84603207322,8841.99444045177,765.159853045636,4066.48217048178,4015.65893845809,1238.228475097,4041.57329831216,8726.55823285704,8599.1016988293,8660.84570343857,8712.67772119386,4074.71355209665,818.742221666982,3942.22491937576,753.342245997255,591.592442847377,8572.46621268588,4432.37818440681,617.584795469866,1182.15696535034,3902.14208870543,1524.9250531523,613.089666943756,927.122022671871,1404.27772514447,1147.59424402085,806.033077501204,8530.83633139284,4157.64834504834,1173.52763533203,3595.12934937466,8647.65054164714,1179.29152052478,4101.2270146853,8685.42578269585,3724.41165456899,4119.37834085816,8728.54848737989,4079.63658955837,1081.93825358339,4636.9802659785,549.005491929206,9011.25743935194,643.385128990012,3898.21075556,1438.14213951884,627.501112916704,942.550192476904,8750.63086613934,8720.47529390367,756.801392231257,4055.71691221945,625.048548532707,8984.32301883571,9161.24878818149,1374.10116139154,4218.0059414421,1415.49876774832,8545.28384842297,4215.2239443369,1174.76008230659,4202.19659657593,1553.64685332805,4242.50266179136,735.030630897162,8699.61939961899,1081.87725147716,616.092087994745,4042.2747759392,858.137381648471,8695.89955496861,8616.42474008633,839.034640198704,4014.0540735182,917.737569322541,4105.90488380878,4392.45708987659,4174.39391289494,1420.2226604637,8661.38372690388,8540.96946590381,3976.86547178555,4139.85674455115,4137.03444108542,937.841912199962,4227.89112140971,8806.67197711025,1527.06349282985,3979.17308426212,1067.84568395031,8885.98040259779,653.949849072787,794.395316894038,674.167941784591,8726.98384329336,711.146729381409,1059.25484162434,949.854624795754,708.551708466698,8503.63554300478,577.286595295163,1037.18413345019,1461.74106808256,8762.83557012221,722.698317123858,880.348498517334,4160.81620204516,3951.92231677051,1533.49805596889,8698.03550870109,1519.88636357773,928.2028938178,4558.89444525062,1078.15062509163,569.380029362298
7827.41293542378,8085.18955435567,6296.33126157486,6315.96009850056,2232.81162426121,2228.49829690666,5981.57106325345,6007.23409545795,2230.17531785796,8386.24738070933,6198.67848010241,5880.70537520426,5739.64665348377,8112.28708612302,8373.81246190154,8871.66825700983,5477.98599953417,5964.41019486675,2232.53247837455,6004.93635587869,6237.437938155,8140.28258775598,5937.80544414847,8351.43424739513,8071.82371061339,2239.94004287664,8096.34758078884,6215.23122567513,2231.34398677662,8155.70428208687,7977.45932801307,2228.56739767214,8413.65413985068,7496.58934980929,5774.93826167231,6100.52775692429,2237.78339333301,5818.49283390651,7471.0455052863,8267.28025882443,7774.07686280665,2231.62427035038,8287.22898451681,8326.98315134318,5838.12754522201,8186.58985068126,8363.92006275182,6308.40610277284,7376.20759482884,2234.11286219979,5800.40333910476,2237.63887501558,2231.84627637823,7909.94393231987,2228.5609139667,8265.19288821891,8265.22830379195,7981.51531886991,8206.02220964819,2228.42583384855,2230.74602106749,2267.9715299883,2229.30478638336,5503.0449888878,2228.7652041074,2231.54457543504,2228.38844804514,6319.70315016529,8148.05312834018,8062.66796044546,7669.66969095296,7218.33524373777,7833.23777157962,4749.20193031803,7940.78316809409,7509.34919620981,4454.80529977141,5300.45905560632,7975.52641149606,4705.84389881324,4959.19684416761,4896.46392731138,7456.25874017883,7059.40029790163,2280.09992402398,5020.0162955461,7114.85318718003,7715.51655722243,2399.98184045266,2246.055910534,4352.5768664921,7537.67278302504,7011.7286290205,7605.02749929874,4800.07821797335,4926.64294924058,7949.35154359725,2304.08377373426,2274.14212910561,2256.07331296706,7084.044070885,2270.45769658567,7339.04385358385,2305.78265308412,4829.50972269909,7753.86349960981,2310.08367757446,7443.95035326687,7661.26898966901,7637.61832285898,7573.46223015283,7072.51017966628,2252.78456829441,8252.46654358311,2265.06206426414,8347.217975194,4775.41526787436,2368.74231520678,7174.5617103217,2340.96147747876,2260.46857548852,7343.23875525799,7543.45173997814,2278.07786710503,2241.26502460852,8199.95741037451,2384.24997856257,6971.08149688224,7446.59134423581,2324.6189939772,7662.96889842432,4986.82769700839,4990.96319342276,5161.91568141383,7646.0386088957,308.969907523903,8064.23779271487,1003.92768031323,8154.80137660362,8381.51600154139,8004.11118597691,1e+08,5550.08860343384,8240.77272237636,494.108739004135,7992.69737875656,5580.59713437066,591.523330123616,7812.28483742703,750.263806831836,5466.58074640987,522.259915833304,1038.42503123158,7657.10121843198,7516.33202228434,7835.34153155097,7912.11146039902,1132.27280949146,7826.73046248976,651.977963843843,8080.92121426302,8316.75758118421,5743.87169046361,8133.04035284947,8965.17813940083,8116.45996790652,7977.64676500417,8003.63139419634,5589.19468520265,8112.46627699775,7878.8155268115,5713.18061003125,7839.7212638837,8007.73675662652,8101.71971033651,8895.4280010752,8382.48684215498,657.267093770522,5741.80716442023,600.352348650924,5517.55824487259,7998.65452801781,720.823464407626,7810.85355274081,6097.25790034078,589.188940370618,7833.15381445977,7777.27947363463,5791.06699635575,8212.64609815204,5450.45241688926,8053.27557623285,7996.9277584534,7489.42068761388,5527.72969935883,7976.50167443544,411.500440410032,7870.1293577552,5686.57084690894,8276.4327681058,7315.67371613012,522.355040834773,679.661033940912,5599.71735370363,5567.14679143984,7909.01397520435,5659.50906270682,8108.46404587947,1179.2468629638,8056.31578413785,8141.30921380358,5557.31523451708,908.718524667309,7848.30686649876,599.902606228394,5497.68263784651,7884.71769677672,619.162782686917,606.768200247523,1351.48006178682,8040.31650264903,8366.98823608258,352.479580000325,7608.22709907543,548.766023257722,1006.98202925833,778.684630427861,5478.96887286719,523.265751609141,7916.66150103514,6265.06484017712,8777.29088179021,7778.86292761844,5571.49879620001,938.42755332099,505.846918864608,872.184269763329,8004.19890238834,572.197932084772,615.83860051281,5630.64906796268,7869.89831352058,8185.79392412878,8063.31188921837,593.109938576938,7991.5708222643,8081.47381890657,8217.62639479915,8351.24103382444,8060.31135663253,8354.65160520342,8353.1834796766,5729.00206001558,6019.01439255201,5685.18211610505,7626.43587311247,7940.64107770993,7787.87536950999,7916.7787420903,8182.66663853106,5594.48437226999,8246.69147464795,5630.25843807299,5786.8911538635,7798.94362130707,5732.03712624805,542.778791389864,5524.16018978553,7946.92315308235,8319.65752787767,506.710008213124,608.246795047585,5856.36458131646,8303.8524455104,614.163253846268,6007.68061938043,958.184531900976,318.612083128325,7991.58991402881,7993.6865969418,8047.886657482,8157.80921703591,8182.88654868016,5398.38990953944,5652.09432350487,2495.00211147905,7772.0004007949,7872.94438253766,7987.93791273512,7942.95846188935,7927.79427703186,7756.08705625794,5404.71379282763,7915.53390428179,8072.51822112484,4564.84307022745,3124.85373997576,2926.45139396695,4774.26295566593,2650.76747871904,8132.70664777835,8061.67136764092,2723.84132114352,7625.52014338438,7611.85031420032,2965.07315376406,4838.07606734894,2619.97677584317,8036.14024272107,8010.8597806445,7278.85654279003,7600.95594149085,4331.68734477921,7502.31844061238,6957.24014818529,4443.90753886256,3135.83511692091,7478.69120853413,5128.90714582336,4345.1533095024,8035.46987305025,2806.60116935174,7431.48946565216,4761.60855119147,2965.06300489661,4766.91973496504,4604.79920997227,4969.97345301812,7405.13606382977,2406.04240075376,7813.73563386899,2917.53426543112,2569.21077120526,7282.7069927144,2829.85084843386,2334.99479611819,2634.77258531961,2911.05776314656,7912.22246654139,4611.9675296509,4975.4862310098,7303.25348363329,4728.69506650464,2552.65885318875,2526.05600124569,2514.51123485057,2431.67999399638,4730.70822397817,7660.49576288761,4959.97974975785,7701.52967420716,7460.40092693922,2555.91025509687,4337.30138099056,7464.6565009794,7326.36095446187,5093.15792415495,7058.30077078874,8015.48190777607,8012.30361061727,8061.57167121666,7421.51834646184,8043.74329695714,2995.33503894737,4667.62922772727,7302.55906995365,4869.78462337405,2637.14518177958,7933.12123954592,4810.85382548298,2620.45080930073,5096.6019164987,4684.28155687115,2823.72780318665,4789.46246573249,7405.02022716517,4156.89001924892,7504.83570181493,2536.89620009089,7394.66734228979,5127.23202587833,8215.4377191676,7451.53979144133,7497.81983658717,2993.25862009729,2414.86488122679,7936.01673067354,4773.88702551962,7517.85158058596,2419.93898288448,2175.61273576021,7143.57718873274,4564.31300035596,8245.12857950396,2257.83668797583,4521.41598817484,7322.22867214534,4577.43564151695,7056.89199473425,4320.96178885722,7695.40741105024,2595.09043465882,7409.15145007862,7541.67219262828,5027.15674845519,7598.99402229631,2336.02389157699,2763.85543055959,7628.54730794135,4923.9816727329,7982.89972304934,4705.44211211385,4311.12537768762,4680.28759409798,7123.28296400852,2433.18069385581,2594.27774228887,4897.21858909632,4598.72714619433,4710.83183378101,7509.45683017014,4617.98679351996,3121.22653984921,8118.43841568063,4926.01629730132,8072.02357999362,2536.04650260747,7463.35137007491,7641.26580979784,7908.19472960556,2310.76393960878,7943.57516566968,7459.95348164239,7918.75828119038,7883.29391559816,2715.57772806828,7928.15076239971,7409.37873045751,8323.8087037797,2560.91192108755,7722.83667451699,7556.39833598772,4555.97799116027,5035.19816552689,8211.37039461855,3032.27207860459,7107.33427563444,7753.88677231889,4181.11570406092,7386.31744309441,8019.01933464249
3307.25736032937,3480.3184541613,2629.70059594531,2633.2788896086,5909.22781274872,6056.40426071824,2594.86642063929,2596.08356919545,5955.24129825158,3696.26962496611,2614.31195268708,2592.93481569579,2597.92273932225,3499.18222938178,3687.08771978794,4069.66716476584,2631.0456935631,2594.21621738789,6159.0070464397,2595.96265374382,2619.93568491695,3518.79657147825,2593.46831577132,3670.61744529457,3471.05854120542,5831.46068729764,3488.07144188593,2616.63515991239,5932.28090908168,3529.65504092577,3406.54597814297,6061.81250327591,3716.58100612603,3104.47495032056,2595.82998002281,2602.96453991491,5851.48422862378,2594.02523128547,3089.84139098272,3609.31469158667,3273.00030318758,6144.66266768929,3623.75423006661,3652.70151197104,2593.49233464033,3551.51447424151,3679.79839540273,2631.88277676414,3036.91548984536,5891.85187072002,2594.67051534148,5852.90457957543,5923.85383849867,3361.35242115977,6010.38835774132,3607.8071605605,3607.8327328712,3409.28706737861,3565.34387597529,6048.44862260636,5943.31211931632,5657.76775497163,5978.01304797001,2626.53395506919,6073.19322710334,6143.31348245659,6031.11024214697,2633.97947820824,3524.26310912614,3464.73259717876,3207.6189861435,2953.9973665745,3311.03250309615,2881.36195224372,3381.89312657576,3111.84337689935,3043.23800948888,2671.03919459772,3405.2407148021,2903.13916418514,2786.40172680961,2812.91545976336,3081.4425685309,2877.59751695627,6475.23101750891,2762.23804090771,2903.40784476565,3236.04902115425,6851.33428746089,6290.95989707778,3106.92827453959,3128.3369789832,2856.16060963726,3168.30501353367,2856.74347355735,2799.9604176079,3387.63094143478,6569.63612518878,6448.70085595943,6355.88009207474,2888.95324168603,6431.45971881574,3016.79830355042,6575.74428652217,2842.96754864277,3260.16634491667,6590.93418872075,3074.49226686535,3202.45827708595,3188.0114376695,3149.44529875012,2883.61548509878,6336.0664114975,3598.62993892509,6404.84313977752,3667.52208397337,2868.55080739799,6770.03833978026,2932.22042826939,6690.63077088175,6380.65294194064,3019.05105986108,3131.72530755669,6466.3988079027,6253.40000162068,3561.02150267382,6811.29515375678,2838.44522403643,3075.98044240369,6639.70087864198,3203.50133413918,2775.23450968196,2773.59019343474,2711.88109965966,3193.14093271628,5452.8772862732,2981.72041129388,5553.83295632837,3231.39884020891,3358.92221797149,3015.82688550569,5550.08860343384,1e+08,3176.42665230722,5414.29330764193,2973.03583238489,1826.8900463961,5471.51005040228,2821.60262600013,5694.00494722836,872.527812480776,5306.4937879083,5678.97014362624,2720.69113856888,2526.38819362807,2901.85993763576,3239.35272564175,5536.57561047513,2829.70751453153,5559.03136850911,2999.524480795,3446.08315011687,2418.18589901556,3222.75798789979,3845.07591755404,3066.26289379281,2924.30044122463,3000.03765023516,601.297661726278,2988.34539527604,3190.0287556144,953.100947356709,2905.40347410092,2940.04764151029,3332.3739513484,3880.89817548966,3466.31229509949,5619.31144064909,1347.79811701207,5463.39784504191,1563.84998766095,2918.67358966443,5794.09049921394,2956.53239257042,847.771133502611,5417.02108533081,2838.54359028191,2817.66512467059,1305.16485053021,3185.09753203156,1043.16935762889,3008.53440340443,3026.92483536977,2863.65807444475,619.991335401744,3257.97900464508,5556.81184605694,3329.89268418344,1932.90827935244,3210.11337193627,2478.85967522231,5500.78324647354,5512.25565420596,1469.75811350983,896.957028486192,3032.58644740041,573.485609651072,3069.12079840183,5673.99897096578,3014.57634225847,3119.57743033812,1106.04457637662,5686.5314977609,2849.10526662573,5427.54429930295,2513.24723503313,2797.17571335383,5694.14212112025,5374.81721108233,5682.80313537009,2996.90330819357,3288.16976647016,5426.84914109888,2857.75247828071,5477.72060908937,5764.28253144768,5218.81394964236,1461.61731740229,5629.86906815783,2790.82391557995,3089.03779142938,3621.3737792754,2675.12772143157,554.189479105345,5696.91750649896,5469.54293997743,5354.3527735219,2998.84626571071,5575.43242654068,5628.82420859546,755.263735878603,3173.44612159368,3238.00326844434,3008.33758835217,5626.15353706924,3046.53223073121,3171.50322947386,3181.84896627528,3406.06693903262,3038.95886800072,3281.0023073513,3308.10975342946,766.505180459703,2412.51434562077,1456.73900237475,2720.40577431564,2901.95369897921,2833.67108905033,2829.09912067306,3188.67349305148,1309.10850970511,3301.38143234766,695.250941039921,513.895688930485,2956.73016299085,557.440214768414,5528.72985478122,622.517348391302,3221.30714734661,3276.6436964943,5203.29987236718,5278.43688513801,3071.43698145967,3230.67961245267,5731.71467807024,741.660265495699,5692.83177905779,5367.20554043271,2906.03634479096,3001.43006805112,3013.48325200911,3092.41682551321,3134.55206406739,1270.83356583634,689.163395653878,5781.78094515091,2736.19368510569,2774.61713603425,2873.16579262842,2879.3801393608,2867.79492177821,2741.71721568889,1148.23287702702,2859.71103198796,3197.4616083989,1947.08186037334,6804.14932586058,6541.79846951799,1741.18205541452,6283.06419619249,3603.33373252061,2986.52511195845,6594.12407359991,2794.83241381427,2817.18803375929,6637.47268102154,2027.21234142842,6489.66981432997,2982.21467662448,2981.60537213349,2463.88005405168,2614.16116716264,2130.66128485399,2605.00339496863,2499.95975205022,2103.72728871242,6770.37781649767,2599.09044305722,2287.37890445921,2110.10710007827,3053.25055564502,6524.75189574972,2592.55408612142,1996.81447830467,6652.48419101839,1969.52408078396,1893.17822620296,2035.778963832,2561.30394973729,6296.17923997701,2737.93590654153,6515.73593170076,6396.69723692499,2566.8829162231,6546.0407918778,6532.1428552858,6553.68715519401,6721.977337412,2845.31223385189,1898.18512161097,2095.59664763258,2588.67194311746,1859.22898402738,6431.64555888542,6345.07664057774,6382.391459696,6413.81197618852,2021.79433582875,3011.87830013373,1877.67900489874,2688.52554669217,2647.93668664012,6335.68516448051,2289.29639188334,2678.42729307371,2561.17194995255,2079.8461330721,2553.06868916714,2948.25013667868,3348.18764132505,3629.71467167416,2562.62799756375,2978.8031290977,6435.9143215816,2025.9488140309,2556.96879773397,1245.50853516412,6413.75858207845,3402.68229012113,2091.41212830682,6445.53885437698,1669.35113376755,1881.57588191448,6540.24049731488,2001.67102481798,2579.88119986543,2465.75224741655,2634.00038510877,6662.92137820877,2566.29540264311,2081.92944269294,3760.61658833554,2666.11159092985,2586.6413367136,6636.18163577438,6418.11049644441,2832.88776252023,1867.97294509731,2596.15051038229,6651.30570851505,6751.68142519611,2523.62622517785,2018.33041674068,3768.354249764,6228.93039141887,2020.42631642953,2560.80624191712,1950.15903048358,2627.05113496661,2101.41060169718,2721.23441224945,6462.23722014199,2579.88801375854,2782.05746663691,2231.1223450472,2966.85733769429,6356.78155901489,6418.85587818341,2610.20243292353,2043.94264764836,2976.80411512257,1876.96274780672,2264.25388395788,2012.9256100356,2514.94683796513,6353.95203500408,6282.06260503595,1998.9191605206,1832.97852173595,2009.30773674357,2603.04353629941,2137.11112040085,6795.20149256649,3732.79207466769,1950.07715826717,3002.50119880329,6603.95025975606,2556.50605304672,2975.97736284232,2854.73036699758,6398.42166250914,2911.07226807181,2659.93988097455,3283.78773886625,2754.23404049976,6286.70885714169,2823.02220309104,2566.15088740817,3837.49334592059,6496.44181938158,3020.14827568767,2622.50802218911,2002.30031820207,2123.07456218746,3803.05465608267,6634.61356329734,2634.54278696704,3146.16398589267,2396.81808930728,2532.10222029354,2957.14657780859
1244.93751651732,1130.62575854572,2494.72041344165,2475.77374836941,8073.77793424681,8235.6858064269,2803.75686935083,2778.21635443133,8124.49058108464,1069.50224842935,2589.57472396066,2904.68911731882,3047.25079477051,1121.68368664727,1070.28710016951,1156.4527338227,3315.82114984861,2820.86779666436,8348.06468512173,2780.50077162149,2551.80960341389,1113.12188053334,2847.44522621075,1072.08947153738,1135.26918891073,7987.8660677639,1126.8665751251,2573.42823511937,8099.19625511714,1108.70473792596,1172.25221161084,8241.61916421544,1068.32060939724,1453.2584583185,3011.43303180195,2685.86285775908,8010.01161444157,2967.36621855491,1471.53826568989,1083.31094830783,1274.4389631767,8332.37680113999,1080.02178338164,1074.62957582376,2947.55068356988,1100.50936211702,1071.02210899705,2483.06034527525,1541.63195669806,8054.60456348546,2985.64994513472,8011.58182422262,8089.90713286191,1202.97238604912,8185.15644640959,1083.67745890126,1083.67120527942,1170.5162842097,1095.80485239227,8226.95568325058,8111.35148719199,7795.00071257243,8149.55593484995,3289.8750938541,8254.10127439669,8330.90086827774,8207.92097878913,2472.16546592312,1110.86939952601,1138.53745703039,1337.07974039365,1665.17063391809,1241.82533433011,4091.28954629067,1188.5195606275,1444.22844695094,4417.03961358844,3500.97760744394,1173.08395644158,4138.76755439554,3863.58495593708,3931.22851238597,1482.24059019977,1796.73916910609,8692.13801223141,3798.30406562808,1750.10534830578,1308.81419642193,9097.50131604551,8492.0381053504,4532.14094805724,1424.43273708614,1837.40082401572,1378.80552629685,4035.78563529305,3898.64758886394,1184.62826493928,8794.2525601628,8663.39397682486,8562.65748363387,1775.92368622089,8644.70268969964,1569.98862116531,8800.8506873861,4003.77718309071,1286.07700536303,8817.2544829879,1491.21491237519,1342.38145012534,1357.50420494576,1399.92701001092,1785.64804806388,8541.11892424871,1086.00310814541,8615.82949189882,1072.48503853576,4062.66429645461,9010.198020507,1700.74960028476,8924.76017076334,8589.56929923359,1566.7642011932,1420.43677568399,8682.57112768023,8451.11739778184,1097.23529968694,9054.52408921955,1872.46389975115,1489.28432627149,8869.87489326254,1341.30564193242,3833.89102473217,3829.4519493473,3647.11437036347,1352.08715889023,8151.71881535761,559.902255308996,8110.54414734574,708.268560989417,353.877962088867,578.938948332277,8240.77272237636,3176.42665230722,1e+08,8114.85426276705,470.14193935904,3350.72980994986,8108.13058852432,872.619888790325,8441.89503743685,3265.92415771887,8023.29187721139,8320.97270672956,1070.37808657899,1231.56293539532,867.497655368433,1215.57279851271,8160.96267411111,895.060033476832,8194.34774492199,300.485877836243,957.248456839348,3559.75343711823,859.932879139293,835.744288354023,252.554006827264,334.335530169576,474.885090878941,3016.18375842782,633.76434951394,1189.7496908206,3052.20873862011,865.899414157441,360.811598964957,1053.61618339939,892.006993912664,966.251630625298,8353.45546060314,3029.0688129863,8102.01264840159,3288.36707396616,321.739615918299,8531.49416898684,921.857144153448,2539.87229924083,8166.97849495436,801.501144556414,929.493676609792,2871.06389788308,348.530681224363,3331.86588517761,365.34454024522,731.093130090859,1306.89068570339,3223.59835058262,1063.78913359753,8269.3349988169,1394.85930184129,3298.12145013768,796.954308970319,1382.77229397325,8200.07474506656,8154.05877272055,3243.53958464593,3270.71275101155,853.483190488312,2922.46120431384,297.251503751262,8302.02166849094,257.873121185305,303.6821080424,3231.9356009496,8344.4918159629,823.402639485227,8081.08257644461,3789.92232436307,787.196953851868,8424.67041867267,8092.03987754772,8255.26705849225,258.273173064953,248.20528810114,8150.56158799237,1164.46945282225,8144.1015639659,8424.39565097256,7805.68656586217,3374.32673139874,8382.5020066124,841.807738829901,3519.89088679982,597.228776659152,929.760091296284,3102.65221907966,8376.36995518576,8189.97193141408,8089.73837235631,485.176954806675,8267.29289148807,8406.37623867685,3185.4181125282,1170.31152584027,655.024457680834,248.681180116393,8372.57030583507,652.409849817514,835.098900209397,550.214369766706,825.052546038325,415.61853139836,223.979296562603,361.379719413467,2967.77634035085,3285.25443095889,3119.88687294309,1109.36931005422,708.049099288354,924.924260736567,706.289565815165,554.123613633038,3245.91332385347,821.411236323758,3063.07517860569,2825.34442656113,971.746813698948,2864.42085118566,8308.95930373332,3165.9046550823,1128.35848258376,391.412553579489,7845.10647008404,7980.09747370119,3894.64390825829,258.56290681633,8471.74530734865,2616.27451908949,8347.05433690096,8053.67788391314,355.079494829316,403.280851128108,225.807837853964,842.244562375075,391.547830102756,3343.23989454935,2935.9956648137,8138.52755992908,909.681519377027,790.376872863058,320.73833524211,375.196302746279,726.62818307588,974.847261120405,3512.35138499457,725.913289823956,806.190881127428,4441.10189666811,9060.85213622989,8885.33385469761,4223.61676004321,8730.11405462118,1512.5855172293,551.035361901442,9035.97133334143,969.372859156945,968.77970793743,9009.66076528304,4225.94175481067,8965.67314726362,283.044449136394,558.079574779589,1399.81191565705,1034.03159880765,4694.48846617955,1195.45744673641,1810.56095332033,4612.02388623502,9078.12898706308,1190.03614942749,4126.82815948053,4635.93500351725,389.418088066278,8907.94334558118,1247.34168978844,4252.45551652623,8991.43169294358,4218.42908764578,4375.84052058592,4118.83622595692,1290.71619734518,8800.93742477061,813.778345498407,8855.69021755017,8887.3955813593,1441.10560151988,8941.63647204277,9059.92476473392,8997.5374780307,9067.64718305623,453.040676163572,4319.88827652515,4133.59892404327,1423.55977192449,4259.54974747927,8929.48367867171,8810.50992703127,8869.4357802173,8921.66114330094,4276.67351415112,1241.04031693837,4075.9781608073,931.476605745977,983.217129002574,8786.37934869327,4714.80155508209,1004.70509546378,1385.40550081554,4020.85639740489,1714.75050636489,294.01624024898,1285.4001015587,1651.29922793347,1296.66251379257,413.658180547407,8749.75132576102,4371.36291421595,1374.58713143427,3865.95371215886,8857.9704053948,1495.08093382404,4256.60168476456,8897.63972481334,3865.04899803978,4338.87429664184,8941.85117239483,4242.28278340322,1287.05935889297,4933.63960367574,965.562543328172,9210.32850522133,1000.05713511257,4024.55555214274,1627.73821711984,1011.37414225761,1153.30252395832,8970.94508239204,8928.62694306027,452.948332763011,4259.36902325688,793.035234963977,9192.65568097365,9368.71374979519,1587.38674778006,4448.87033772267,1627.93197125589,8752.2779765363,4429.56639238087,1393.93382011306,4449.10223352829,1723.10330990738,4523.46396074635,945.523548567262,8912.18091055473,1283.02506457174,1079.2970088645,4156.7178557565,1260.70052350045,8899.27099508253,8828.23166329465,1020.73917855626,4157.32174136229,573.730544674881,4337.41082164737,4680.81028821563,4370.25196842764,1624.34691980169,8867.08937058886,8747.64918589901,4142.35219814832,4411.06453569754,4370.49134022273,1146.81584710237,4443.54695976119,9041.10730454189,1716.71209289021,4138.03203515749,688.264166402691,9097.37536793307,856.513799053253,1215.52849012445,407.838891204579,8935.94753924304,378.756609725364,1246.78566001957,1309.37428693206,480.497743199335,8712.96665937039,412.431042966058,1246.68458144199,1649.30968169325,8971.86926182522,1146.40055288774,1098.34932044701,4393.10146603767,4085.95921244571,1722.98566550407,8926.58066678387,1689.1738160475,1302.72351361975,4849.87194838131,1299.44286687224,283.893057265209
7725.31667349546,7981.47233450777,6207.09517842931,6226.51267818128,2355.9298090072,2361.97232981495,5895.94860867722,5921.30021876832,2356.60726744212,8280.78003907457,6110.51724286922,5796.33822971655,5657.12334345795,8008.40628219924,8268.41458085077,8763.66085975331,5399.18558485405,5878.99776080031,2372.77138346908,5919.03023390098,6148.84534013965,8036.23408073755,5852.72145510873,8246.16196102459,7968.18763941406,2357.31717493271,7992.56285042252,6126.88499468486,2356.13055059936,8051.56395325481,7874.40500447014,2362.40785513282,8308.03452819838,7396.76129314282,5691.94357272311,6013.48782571999,2356.65461073488,5734.92577987422,7371.40219140502,8162.48719296428,7672.33135485661,2370.94172061855,8182.32131936083,8221.8489698176,5754.30578624245,8082.26681031324,8258.57760737596,6219.03983083667,7277.26307668216,2355.96305775971,5717.07276250993,2356.61567046246,2356.02483262169,7807.31556511725,2358.87507879453,8160.4118499942,8160.44706144164,7878.43566772751,8101.58501378284,2361.35892819183,2356.32516617411,2372.00182773309,2357.35199669998,5423.86961495561,2363.37325842131,2370.77494020618,2360.13479580706,6230.21560478261,8043.95830554742,7959.08765390917,7568.62698480243,7120.60101829758,7731.10353450191,4683.4515244777,7837.95920959981,7409.42939624705,4395.84923162858,5224.43785498757,7872.48416837417,4641.02795432294,4889.20386681127,4827.69151380769,7356.72303497472,6962.94785332144,2438.46287822272,4948.87558196265,7017.94600246822,7614.16255697866,2574.20776084678,2394.37856237563,4296.25201669334,7437.55061097473,6915.67377790653,7504.43102164408,4733.25788538978,4857.27859514877,7846.47354945576,2467.00827925916,2431.15182525475,2408.1030747518,6987.38851861226,2426.57118885683,7240.37884502806,2468.98866735706,4762.0831327166,7652.25236413752,2473.98259833131,7344.50459565928,7560.28378610838,7536.79578651748,7473.08682660787,6975.94948285259,2403.70227906678,8147.75898543341,2419.76614364621,8241.96943766605,4709.11007789426,2540.05257282887,7077.17396463558,2509.15673947286,2413.86457974161,7244.5420335423,7443.28849159692,2435.99378042119,2387.36037061972,8095.55577614476,2557.0738775017,6875.37063378757,7347.12625790097,2490.67375200055,7561.97204736913,4916.30904391259,4920.36647560391,5088.22494893888,7545.15802630955,620.97394307341,7941.83150484751,1169.70088579066,8037.15745059222,8256.84635077064,7882.03613345573,494.108739004135,5414.29330764193,8114.85426276705,1e+08,7866.94987420988,5445.13316003538,482.346465712045,7692.06739701498,771.979388418339,5323.40248919216,316.368826049245,1133.28022107829,7542.15689841637,7395.58134682212,7715.21288917129,7813.24297785357,1229.08053694368,7707.80633637063,705.007040146271,7955.08314152053,8192.84147818362,5626.46693418192,8014.59741096871,8840.70199937021,7990.49978332505,7852.2780371296,7881.52869972068,5445.55021589745,7988.01065501447,7779.69035370485,5569.79207318719,7719.61973505756,7881.63061413222,7988.6335102469,8772.53062492932,8264.02197893095,439.078401170454,5597.46657278177,510.922103234991,5376.90566361487,7873.21676170791,716.258396136657,7694.02343086053,5963.19989509641,604.840591253095,7710.45796371038,7659.1261123141,5649.06605945635,8089.86133256596,5311.91565082314,7927.5233791022,7874.7516702569,7386.11029402323,5391.99454518367,7875.60221843394,332.635510749358,7772.67884581347,5564.68955787484,8158.92100128586,7205.9562698306,669.480922617711,570.240038374003,5457.06852638722,5429.53606043765,7790.73198337976,5518.78879541479,7984.04938325782,1279.74116140506,7929.47786175692,8018.98831319841,5417.0491385093,1042.61392646276,7728.57725014554,433.642918723319,5387.77227858436,7763.37895206631,538.841191050804,642.918583401779,1477.01173180533,7914.20864436493,8239.83281370916,399.27028344858,7504.02037780464,407.058335143781,1098.31919480536,884.948701367115,5334.86919206248,543.23509941736,7794.93937210437,6172.9957870519,8647.20232700087,7657.2612996649,5435.15542590375,972.039247698,338.018084340129,938.845912959582,7880.8913161832,246.461662675982,670.016149386978,5487.4218341722,7769.82455350075,8067.67013338099,7937.50270190385,613.787499293362,7870.72401200256,7963.03946774152,8094.9472180979,8233.9330271833,7936.30645638697,8229.35488738034,8230.89943651813,5586.53631450625,5901.80054692002,5543.64546364256,7516.57732133624,7817.86575499518,7669.60759599873,7796.21632446288,8061.18937716898,5451.54773969036,8127.83786035236,5494.21864471606,5649.04679681091,7683.40819110394,5595.40000726226,598.63267935446,5383.20931514946,7845.64610965599,8197.2750081651,645.186111860146,768.436585236768,5784.04265555459,8178.17401057302,602.702772492107,5870.17248977116,1062.82994359241,405.319124773285,7864.50741641355,7869.44686570126,7921.82587414335,8039.08897709539,8058.76427607652,5256.4216250179,5512.51820946419,2547.2621362751,7652.71180035202,7751.11276021959,7860.16723285011,7817.44243042004,7805.14654082556,7636.62238893727,5264.02380367065,7793.83126459809,7956.21561173809,4437.02660221972,3257.38239656133,3039.91610461275,4645.28943712531,2745.16368938993,8032.72396368587,7939.53093161961,2837.03602710075,7505.28037181002,7493.03259606412,3077.35750857752,4724.27730583042,2726.59323624324,7910.10775813774,7889.52103875533,7159.43723521303,7481.62723545009,4200.64718632282,7386.17940151903,6860.15543918483,4317.69421505046,3259.60864919964,7366.68842827397,5025.07655806511,4219.1547898538,7912.42350305352,2920.23495756644,7324.38325509655,4646.96907885474,3090.39072609575,4653.51108077702,4478.80420210395,4857.29440851781,7286.03767144878,2514.92746571749,7694.85483835923,3032.99182179985,2670.26483845987,7180.71599093907,2942.46939612639,2466.32108308567,2750.24539698219,3043.05618652736,7787.11814631936,4492.17188068941,4863.92617713227,7201.53436681804,4608.99516530879,2658.46679423032,2635.74683576142,2621.96980932736,2543.85787941419,4615.74106825908,7546.53916288975,4840.97146076686,7582.41286573132,7341.76960607777,2664.90649733566,4218.56422146188,7346.83025180801,7222.01624141048,4983.9531448974,6960.64098322661,7888.21895337908,7897.54657081986,7969.20737494492,7304.86269804845,7919.70091901723,3100.53668674255,4550.49699689849,7203.01058962047,4731.19302805187,2739.79215661644,7827.91128434651,4699.19590298895,2727.03363350252,4974.36529002546,4560.96679788183,2932.58077827763,4674.55284965678,7291.14188914495,4044.73845855255,7380.87911849312,2654.20849617491,7273.94688341327,5016.06477419485,8124.6913653593,7332.61778755367,7380.77107886398,3114.97108121807,2528.14423234679,7809.65983666197,4652.53769112066,7395.66579695077,2547.99091524845,2324.49739799037,7042.0674385423,4446.13800087218,8151.95576959668,2371.74809247022,4405.11068358131,7209.03234871457,4455.27483063531,6959.80549652854,4204.15986239643,7576.16555062352,2706.44809170668,7298.2820500606,7423.62744966317,4920.73423409261,7485.85613861103,2450.2375640252,2867.28895598105,7508.82975025545,4811.53531539966,7861.93444012772,4580.81584537445,4193.94555810795,4562.46814953292,7025.72745972233,2541.12386380503,2692.03139983731,4783.67715834547,4466.17043228475,4592.31649413241,7392.5034800275,4504.12503355605,3250.94183507176,8033.1062546385,4808.99005201618,7951.96384600155,2657.94466830676,7340.80986271089,7527.37874927171,7782.70571734271,2430.39243891314,7817.89312195534,7359.66456035961,7805.07840989092,7757.11912348124,2807.76149575627,7798.6755169366,7298.78804222861,8232.29088593653,2672.52601899986,7607.4218282076,7437.23282495846,4440.10616886558,4926.82837795935,8125.3391927458,3156.65706788987,7009.6662874196,7640.54880527879,4067.27641397055,7266.53600500013,7891.77574500647
1175.15505535148,1121.18319298036,2273.12579436231,2254.87500887062,7808.28943771365,7969.95832919667,2572.70555210445,2547.83127253278,7858.92595925516,1137.75550191982,2364.72106574712,2671.16967477886,2810.64042498528,1119.10938907626,1135.37476179096,1328.25580981283,3074.39070281349,2589.37993419745,8082.17806327478,2550.05537206699,2328.21045069715,1117.70982940246,2615.2943799924,1131.44763883268,1122.46563884447,7722.50928119281,1120.24377050425,2349.10426780931,7833.66945490372,1117.26224383144,1136.34039422495,7975.88314997832,1143.49798404861,1324.00739835044,2775.55975230094,2458.04326366003,7744.62054077662,2732.43510076877,1338.56299665048,1120.86552398358,1193.61607081796,8066.51207672668,1122.76924457864,1127.68698309067,2713.05651134565,1117.05739398891,1133.58189291823,2261.8921054037,1395.81492953006,7789.1451587388,2750.32305438325,7746.18832840984,7824.39429606514,1151.33355881033,7919.50229382395,1120.68824545501,1120.69121856761,1135.57241021413,1117.40114555996,7961.24079480484,7845.80647518478,7529.95283053242,7883.95412103456,3048.86197661794,7988.3473503351,8065.03820925048,7942.23365339351,2251.40106051467,1117.45556554501,1123.4427350889,1236.26885388053,1501.10701592876,1173.28186829539,3840.62582598308,1143.97162252833,1316.88161297307,4163.77087953425,3256.81825333628,1136.71173536796,3887.68921783837,3615.1067682568,3682.06468124514,1347.16220262695,1617.66298241892,8425.79551959678,3550.51970043276,1575.92621578031,1216.51365225348,8830.67565399282,8225.95518042803,4278.07115669032,1301.41914265374,1654.38044588422,1266.70074220546,3785.62359809795,3649.80991422765,1142.07867988557,8527.78319080291,8397.08786314793,8296.48124340082,1598.98138233827,8378.42039196044,1419.54135478004,8534.37324428166,3753.91314647193,1201.215541252,8550.75703183742,1354.41494311982,1240.05638855269,1250.99105338435,1282.60251744965,1607.69875108377,8274.97094301501,1119.69752324176,8349.58423394124,1130.7594935499,3812.25697016899,8743.4719219154,1532.24370493387,8658.1338241054,8323.35799559797,1416.82875010174,1298.32552998983,8416.2407101452,8185.08942684206,1117.25470434039,8787.74714593532,1686.261978793,1352.85154764791,8603.31387281511,1239.28585202807,3585.72438967031,3581.33246309664,3401.07057453182,1247.05245628645,7906.54269337667,373.708311546151,7856.91492093518,473.785106782123,587.469314246282,196.177999574255,7992.69737875656,2973.03583238489,470.14193935904,7866.94987420988,1e+08,3011.68296390657,7862.85211158398,684.655912154605,8180.5070201431,2980.94070680917,7775.56750952791,8045.53067013993,909.048427834225,1008.13541732228,669.826352480121,1090.62130071108,7880.23262484534,722.36540560516,7939.29994119503,517.01654813616,812.623136551635,3239.67026900474,592.187256153905,1195.53394995762,551.560867671337,335.863941733667,138.271877305428,2783.20775352469,881.583270317681,1067.36599614906,2776.59913476178,691.217590664609,191.864845243603,890.615592727225,1030.20865492735,779.152417411315,8101.59089112352,2718.6943626415,7848.50550700001,2947.5638012914,387.41963685318,8275.0936692379,746.544637464782,2404.08661157772,7921.12696029171,577.417580849278,758.521741399661,2562.13593820477,330.328431511786,3035.4971576626,593.686659416646,532.658260285025,1154.37885020189,2958.87366831409,963.080197420786,8022.33706246742,1285.03940915976,2953.23167718944,1037.41241376344,1194.78433707941,7958.28433629921,7906.90712432258,2918.04553814272,2984.43036493033,703.135984776298,2703.59383558481,209.95403351525,8031.45281622603,485.668040200394,253.395904879935,2927.86824812015,8075.90262440445,624.653688977244,7834.00174530039,3471.86340912773,574.855484483676,8172.07042205264,7850.86648626283,7977.00614237974,322.231557357729,657.117293888118,7902.28357586596,1020.03430909497,7891.2964983565,8154.82906517155,7549.68058656298,3050.93939375779,8138.44161494922,869.400670374661,3190.88837340676,877.026878078937,859.075452190774,2848.37330986695,8106.8503790856,7944.48490845521,7851.44938415708,130.402066119196,8018.82879327577,8161.29382419404,2920.36636641657,1039.76656263179,441.56102408748,473.629689698286,8118.99060751014,370.631751177552,552.188615913386,346.97474933372,656.388952813463,126.095014264019,585.681016429267,477.450464555075,2706.0482547069,2937.74031055672,2798.31160882902,960.911846187254,480.0185653216,753.668518229242,495.708110019668,331.807625734639,2926.80128503068,600.468015226306,2790.85855873771,2612.36211817044,809.371931956086,2625.03991133775,8066.46200948026,2910.07242119576,1018.21970515381,426.566645075954,7601.956076311,7740.65098915775,3595.71117306084,460.860325980323,8220.47146949447,2459.33759694507,8075.68887170932,7805.6612250889,278.062411817294,206.78199920457,446.184986019356,1048.29451675761,264.096887609879,3030.1926895523,2706.94538776182,7816.00555169517,712.962649675861,566.742379533435,443.444211461135,354.714026207882,501.42063225108,783.377560470478,3209.15664256091,500.086544050541,538.437688412606,4159.56555658819,8816.14598512547,8644.84508328596,3984.16373500615,8497.92097221421,1355.99475418986,811.356174449891,8800.58198091144,572.743155077166,599.817628345265,8773.57019896228,4021.04086684793,8731.9809032699,516.717867157943,771.511934608312,1174.59179835252,801.847482145937,4409.42518497121,1011.68835108578,1627.92856704035,4322.6593421035,8838.37167067996,1019.59759173561,3971.12901399538,4352.7853770928,591.964620269488,8667.71301601215,1079.96814496766,4008.40106872254,8749.81483069796,3982.34497640146,4098.43931637352,3921.66615369309,1068.13011965178,8567.40027761379,688.989773274375,8614.87821777383,8656.20278463252,1268.93141332147,8703.80927374299,8823.43642773573,8761.7439418899,8823.73158715476,610.805352997751,4045.47569696593,3959.6054977519,1263.61499173044,4009.40694574779,8698.88915281375,8575.19085511262,8635.56059253284,8687.18859645362,4036.94277628061,932.711168000139,3889.21023473351,726.977653134777,620.526275822868,8549.59524290177,4422.62360866368,646.580214087271,1214.42167744978,3844.70067112509,1541.59728339287,461.066233108821,1034.22186378701,1504.16285969855,1099.68638656605,654.301142863386,8510.489952465,4123.03297371128,1203.28081794983,3587.62250334003,8622.64751036255,1289.41505884578,4052.36240685057,8661.29382272772,3673.36230448305,4088.73810187055,8704.59450802056,4033.14669250733,1101.61739905202,4653.77064353546,577.002316883488,8982.09047467804,645.866762589189,3840.83089193499,1528.86912682709,651.529137963711,952.817119741801,8730.39219210931,8694.95510838497,599.134989927419,4019.65306800051,543.595905070775,8958.37689714626,9136.52470786622,1396.26746549252,4190.79248259848,1513.68907879482,8518.84600424082,4182.07849399848,1191.55821911746,4179.17532015866,1559.86043395724,4239.2408473502,735.126287014543,8675.55380594214,1105.74846633969,706.333473533533,3984.05335624814,950.522644545429,8668.56163942394,8592.36018299663,807.706730568838,3962.38136048357,773.133678931556,4078.8699348953,4390.72841355461,4136.89636274535,1445.06062443224,8634.41307612325,8514.78355536449,3929.15149902089,4128.08554573286,4108.74763991091,950.679108387997,4194.25202972792,8792.79623518007,1614.94398620164,3931.42623969181,929.164522794035,8861.20106739682,578.915742884524,908.79165325565,516.011367519628,8701.62910135163,569.743987123379,1092.30961159361,1063.44020155816,555.048727149568,8478.56582402527,419.516748445897,1061.19710813794,1559.46223738761,8737.41464604868,824.924362283199,889.862259257583,4133.02691726548,3897.00995360415,1625.64300184438,8681.46025480446,1530.37104053076,1036.13158275005,4565.6745016708,1075.4674267218,421.132780218808
3384.14351744419,3563.46298714975,2646.09298386381,2650.69843651357,5786.34824723602,5932.92483536994,2594.2767604639,2596.90535716227,5832.1686631048,3785.62446960582,2625.5291759707,2586.77441839675,2583.95198351302,3582.93162678012,3776.20712276967,4167.00393505476,2602.77265682797,2592.68110624377,6035.13835756763,2596.65819550142,2633.21932232198,3603.16088487876,2590.46526374028,3759.3088092172,3553.90117553913,5708.91953969249,3571.46620349185,2628.73674999328,5809.30396550131,3614.35380894992,3487.18874936185,5938.3119890838,3806.44877300365,3171.84311038029,2583.81186130303,2608.88631773404,5728.85445051534,2584.41925981597,3156.39849460361,3696.34532857251,3348.47055958565,6020.84705360554,3711.18596764765,3740.91874361147,2584.974044632,3636.87405365345,3768.72927155508,2648.90758316024,3100.3603366556,5769.04657773545,2584.06252689909,5730.26855449196,5800.9123392273,3440.34528707635,5887.0910318678,3694.79555638691,3694.82184581676,3490.0269064031,3651.11313630258,5925.00033800588,5820.28904129735,5536.04192117755,5854.84676151616,2599.61003110499,5949.64854689176,6019.50288244548,5907.73031823552,2651.59436175061,3608.79632186641,3547.36706158292,3280.18897401203,3011.89871650032,3388.07066954383,2817.70998618313,3461.64767188344,3179.61242175389,2968.05260640333,2633.39940956241,3485.83714673397,2837.68019415252,2732.02042058425,2755.6761810001,3147.52493959642,2929.44663228602,6350.29279119285,2710.69688342697,2957.42301552632,3309.91389330115,6725.33674707513,6166.6223568552,3028.13890326335,3196.98582327626,2906.10078790972,3238.99108373484,2795.2592013717,2744.08682166684,3467.59469772238,6444.41230242517,6323.8454906645,6231.32407162451,2941.77219797515,6306.65883405619,3078.97944720336,6450.50246863173,2782.76043028489,3335.08854688678,6465.64786822283,3140.17653217797,3274.7873159245,3259.65593278198,3219.18619676468,2935.98197206279,6211.57625458364,3685.35967797365,6280.12735448485,3756.13217272549,2806.00935691757,6644.25280006587,2988.5025856813,6565.06090987994,6256.01556104623,3081.37610450336,3200.55196591671,6341.48803723521,6129.19245230161,3646.66340250245,6685.4009418021,2886.72355279992,3141.75035448005,6514.27403765729,3275.87922253437,2722.13517940395,2720.6839358569,2667.21784424883,3265.03019578547,5530.00009446594,3064.99416028357,5452.07801189482,3113.08538959605,3472.1544058339,2966.96374762926,5580.59713437066,1826.8900463961,3350.72980994986,5445.13316003538,3011.68296390657,1e+08,5477.11549395139,2826.1507722144,5677.40824129836,1170.38172618699,5348.05293644103,5537.48577710488,2706.03306109613,2709.76885115166,2814.76684753526,2946.41048421324,5374.24716012162,2818.40565137322,5490.30932097012,3277.56749660801,3187.65307695002,855.7522724927,3018.73986430773,4061.93240583354,3327.00254199134,3108.48054519072,3013.5614064422,1417.82572907506,3431.38887465751,2908.49131741832,1126.97335015141,2836.65574972979,3053.16719841449,3060.79981709155,3892.50713964427,3244.83344559653,5632.73057918286,690.786307154676,5424.15121363162,540.195060293811,3142.56559032938,5807.15622305367,2803.44044751468,2076.06435998205,5547.07839736007,2825.12302631966,2800.67158172074,816.48989843777,3238.85637298417,929.966526066071,3309.66928573629,2949.09489335804,2690.37228893628,1340.76360629899,3040.63576169016,5599.60661959932,3012.67284296887,506.122539302965,3636.03581226392,2552.48323327865,5567.14869877114,5510.96962225681,571.171430583176,1146.23602507581,2900.55632186026,1547.79054401141,3153.98877787627,5530.49461747946,3251.81282764753,3185.89069612975,932.099741395741,5577.40733886237,2880.66682724345,5443.96731139779,1027.20670151598,2888.7180824155,5696.09441037887,5441.74322621679,5493.89816165875,3177.40328949246,3509.77100458971,5499.37458113015,2719.46175413026,5460.41580782139,5643.88136800997,5144.88232631187,536.871503592983,5724.84532356631,3241.38681397203,1848.2671845334,3755.00444355483,3068.6703651381,1361.10077373478,5607.36819450084,5519.37440435607,5548.27245248872,2999.41608294882,5604.19102434714,5731.17543696518,1331.64545671261,2892.35816833715,3150.20502962092,3249.72161030595,5651.20119854724,2966.80825359263,2966.70590293427,3130.76378677662,3237.16594698771,3082.37181750358,3455.55874038704,3367.69751548324,1244.75181501137,907.535520469915,589.429016987266,2701.28108103582,2916.1490044795,2785.55195498524,2949.9205575708,3145.45757289688,748.433970479682,3118.84758813736,1248.96813981366,1585.07004833542,2777.93566387749,1449.96613653378,5648.79011426823,1349.65511441118,2959.01286355144,3331.11011688082,5265.04912947758,5422.10343053297,1872.53629413526,3345.59835228102,5752.26015894056,1906.80273287373,5571.9938475073,5381.6960758609,3067.33864167557,3067.36744773012,3228.25209375824,3559.29961550175,3162.42632818017,689.558966307454,1439.49102567335,5320.71564478064,2816.87311045987,2865.60559864686,3115.76671016832,3093.4220655381,2900.87171626081,2771.14235779056,1018.89932493545,2923.35424465992,3009.56671153777,2373.80675739982,6982.55145312348,6793.01029190457,2613.45799596277,6599.70449792623,3302.75884338422,3402.98095579233,6883.96451038227,2617.37202906433,2624.26132211391,6929.84424354853,2995.28434003134,6795.21676285233,3241.99600907511,3346.54504727417,2583.6766386745,2776.68182241859,2409.22574755325,2708.17507555862,2508.46220652678,2452.39315731213,7020.30686610967,2687.1756983539,3331.85568853499,2456.6909730348,3293.68167561309,6781.58906934583,2651.31145377641,2807.9295262498,6895.49997365427,2811.20959832513,2400.96669197615,3035.91633399189,2716.19180640847,6600.81451528114,3056.72472425074,6759.67624923981,6722.97347585204,2638.87217463421,6825.8138947361,6793.92711332343,6826.08517621698,6938.86872376423,3184.19356375457,2479.7724675536,3131.75534063603,2674.95233679064,2661.05332228507,6753.34317606613,6634.5168234826,6676.52897285067,6710.09596364032,2840.29068860549,2699.61664812357,2958.4680794877,2856.48772846646,2556.73370473183,6613.11584346139,2629.42400276389,2588.4431203258,2630.65373272036,3113.35586338326,2555.20306454275,3193.77016510993,3051.19347362402,3281.68579958139,2869.41582054998,3311.02883753889,6696.46069396921,2816.6418091675,2597.91567380683,1658.13451679816,6705.73412000936,3046.45709011108,3048.12426770009,6727.7025129147,2765.18514685464,2667.99213464397,6822.05608495854,2961.22762581576,2675.39606835604,2431.31822909403,2510.29253169959,7006.97785548905,2519.72391374673,3124.97002155479,3461.20578389596,2562.10095525829,2693.11807849251,6888.51464066721,6713.52931226174,3186.17750221726,2739.33402059485,2741.66214710464,6941.46335485229,7026.85129123686,2592.16920152453,2705.11202046849,3438.93090256855,6523.46918007355,2790.35946475612,2647.14218498522,2590.8067762619,2578.29003516422,2358.35279780338,2793.29288586673,6741.03910393,2670.71115707739,2532.60385482267,3244.7176836888,2705.04072400779,6675.6139930049,6710.51800026328,2833.80150088711,3043.67613003828,3344.77321732932,2608.4958266242,2496.86011892352,2864.92939011117,2564.03941188621,6664.75792812911,6598.25677754703,2953.03615409151,2297.28135783935,2707.84232943662,2702.73885392663,2880.59703358272,6963.55639669783,3418.95323538975,2938.46553742013,3445.8214527802,6879.03513892402,2686.26826652977,2678.91109259468,3146.77788144968,6689.62943760053,3189.76953502776,2701.99879255614,2964.61150335162,3095.54656958055,6593.82452637555,3063.57480337722,2649.10124019388,3517.52416763787,6785.16877044453,2779.76811884611,2701.29871540225,2686.63284660543,3117.84034364803,3477.62832362423,6848.96062122426,2619.74756542892,2821.59751133369,2512.74866535273,2672.56864793536,3186.46675053827
7692.49840413369,7949.80163390303,6165.50381354901,6185.06092945781,2237.22386444735,2243.3920931236,5851.99247651339,5877.54622174394,2237.87632804836,8250.35941399695,6068.21806625358,5751.57045006994,5611.17243495592,7976.85193651911,8237.94412002349,8735.07541875118,5350.87811065701,5834.90548550802,2254.62519304665,5875.25820948462,6106.8297709068,8004.7991240964,5808.41655176895,8215.60143677002,7936.45925621562,2238.78799357292,7960.94015688029,6084.70737180024,2237.4047096983,8020.19441003399,7842.26382068826,2243.84352694874,8277.72321649537,7362.35345700215,5646.29411504639,5970.4542542115,2238.06372935841,5689.64329247296,7336.86570905329,8131.58357333442,7639.26604698602,2252.7182879382,8151.49966709435,8191.18948055145,5709.18693393272,8051.02752438699,8228.06739360846,6177.53445550067,7242.24109452945,2237.28192171016,5671.63853332222,2238.02083885706,2237.30454528001,7774.87292767646,2240.19153014084,8129.49963046398,8129.53498785904,7846.31242979336,8070.42717462456,2242.75672277785,2237.59504562362,2254.47504200826,2238.63045293335,5375.79755321431,2244.84497383295,2252.54451506291,2241.49064635879,6188.79038056756,8012.55634007582,7927.3196460213,7535.0680469596,7084.74228723605,7698.3120384867,4627.21194064854,7805.65491043575,7375.08549153131,4335.67395737776,5174.39881645631,7840.33442586209,4584.2393667019,4835.48826031204,4773.24446143151,7322.1116755909,6926.20859088963,2323.26133732755,4895.85172752334,6981.51846796863,7580.82204111288,2464.91603548646,2277.18372445163,4234.58708412329,7403.34783688126,6878.66255375934,7470.55960021796,4677.64994600035,4803.18573527138,7814.20749378973,2353.08806644169,2315.61992260804,2291.52743935326,6950.78839869531,2310.83200722174,7205.16315824025,2355.15672605313,4706.8345576824,7619.0925365926,2360.37284563219,7309.8306802345,7526.68453982352,7503.08257823788,7439.06086010278,6939.28436258335,2286.9276227086,8116.79423869634,2303.71875961046,8211.39188997631,4653.19760984737,2429.32113686336,7041.07664646997,2397.09414764064,2297.54982874875,7209.34831046595,7409.11438145394,2320.68074450545,2269.85163361751,8064.37255947383,2447.06415452348,6838.12455892465,7312.4657826146,2377.80218863201,7528.38096482732,4862.90979087252,4867.01427080172,5036.75183460356,7511.48547322115,677.763627776629,7939.00080863903,1194.20621769701,8030.94664863365,8250.97201846054,7877.11166807732,591.523330123616,5471.51005040228,8108.13058852432,482.346465712045,7862.85211158398,5477.11549395139,1e+08,7685.21804817261,1019.18012057013,5382.46098276063,513.682853597904,1234.51950376957,7533.91151202774,7389.60190299255,7706.0874471021,7796.8393437088,1377.28721079926,7701.47790691552,738.449219945814,7950.36370473559,8187.68292536639,5643.48030640776,8010.02751359899,8825.34030664698,7981.59633234788,7849.28937246673,7876.27090915406,5496.95877177508,7978.86301882643,7762.84863857323,5626.66712672174,7710.11050899785,7879.2862085476,7975.38978435753,8768.0716973874,8260.40095551213,754.90874248494,5640.38455623147,469.382352803991,5416.5197393139,7870.54884446666,980.109381339661,7681.02328394162,5992.20350798519,715.660277857089,7704.98863420453,7650.93877282879,5688.20844722551,8085.78464231521,5367.8066865754,7918.65254724186,7866.46305640641,7368.68557028504,5453.1071331211,7857.13134544357,578.890657119727,7751.79352960256,5594.73868701793,8141.74049092369,7194.83037797207,680.427964106641,432.611505929417,5501.97525338844,5489.89103104632,7777.39414694189,5567.44608787554,7979.17048901994,1401.03782946265,7922.56159129343,8013.30545148738,5472.0803558431,1141.1785502762,7721.57002559285,243.017327439595,5400.51535095809,7761.51180001319,829.498069729537,661.347828469913,1569.33265638262,7909.44378017977,8232.17318793371,575.703877391794,7489.70425720653,411.342530944759,1212.27988743984,930.246282380572,5382.32031081521,743.254443020735,7792.71293525645,6182.76600900602,8645.7258410681,7653.98725002292,5490.47182829386,1103.53421624477,563.686491023823,937.459406953094,7875.37096847169,501.122918783289,868.100938352834,5550.50018482802,7753.12811177942,8062.30688031836,7931.96148497123,875.206391466938,7861.24903731919,7957.48973666617,8092.64171313686,8230.25120331746,7931.05751228725,8222.29746592576,8226.4612060992,5640.186313218,5922.95928123887,5584.447188759,7507.57755628019,7813.55635156374,7661.68446581917,7794.05900001093,8057.56351972368,5502.99670666742,8123.88277431101,5549.0479336577,5697.54589686963,7670.40683756674,5643.85886545534,774.080961293102,5442.42156078762,7829.49544911417,8193.19469479439,596.310698430952,767.442871594363,5794.32384519021,8174.26408573342,875.922127301697,5906.64093573149,1188.29098598031,536.93166093133,7863.34570837908,7863.95203514771,7914.814370655,8022.56691034522,8055.96149982575,5305.7899480135,5559.85743233528,2616.37183693808,7648.2112642026,7750.46061965892,7860.45676843693,7814.74116127695,7802.16938708139,7631.35827489751,5326.91448090924,7790.01319708021,7947.01864472742,4470.68121630742,3149.70106709157,2941.60772487623,4677.61531043081,2657.05813476983,8006.52941866669,7930.12430503827,2739.24322781662,7498.33967851564,7483.70667234265,2982.26877105496,4737.17885756558,2628.98541319211,7902.99063585186,7875.9290820741,7145.05326056543,7476.17115189295,4236.42077165105,7375.83055394159,6836.25932898085,4353.43733982261,3163.21480462358,7355.93802091277,5009.84476739915,4250.50610106809,7897.56884528709,2829.2377010866,7312.63628214052,4668.41538636244,2995.99781914072,4668.49522410207,4511.67527200483,4866.38016485097,7271.34931862037,2425.2982965957,7691.68041155989,2936.6298614211,2574.95719517762,7163.80626361323,2848.44191279074,2381.75822638022,2652.6909587292,2943.87296577627,7780.9999403968,4520.2248741531,4866.2190186758,7183.74640150486,4638.30342283104,2555.92262385481,2540.7287657162,2531.54153143973,2452.25054965043,4636.02072104382,7535.24372293852,4855.53632501447,7577.07393342943,7333.46674711616,2582.50229527911,4250.63413368145,7338.62469872195,7207.47962404127,4980.06861768505,6939.35740522491,7884.68251393482,7886.55541607851,7940.03415338124,7292.77327882102,7909.76166129619,2999.84896858509,4576.49224260616,7189.09165960273,4771.93442711388,2646.22192999557,7811.8259018528,4710.00091869588,2636.6188378738,4987.67183412005,4593.67885028726,2836.18355056012,4689.27890008455,7277.46843107853,4066.60898739133,7376.15720307379,2553.62870773649,7267.23428444104,5018.67272462387,8090.05109695328,7324.15440810359,7371.28277748511,3019.77487368858,2431.46256239422,7806.21394997846,4682.63555152138,7390.32138148619,2456.0137273157,2240.7593668896,7019.11331720199,4475.06280214169,8121.62766951443,2284.60903138325,4432.09197545958,7190.59251270397,4492.58010195007,6938.49908001666,4225.00148629174,7569.50080076901,2613.15301187545,7285.51085840692,7415.0218243665,4914.11833136191,7473.9063043049,2358.63762533894,2773.82454322797,7504.72024177999,4818.62156555314,7847.34021490131,4615.02902820824,4220.00561232978,4590.88872029089,7005.58863438669,2446.61570552438,2607.99613597193,4793.93728931904,4507.85898751173,4621.10981279584,7382.61722681942,4525.72920678645,3143.11472733379,7997.11006045679,4825.63107069476,7938.85522168266,2568.58995867935,7335.31295754228,7515.55443900406,7777.10253337,2342.96155607315,7811.61692696575,7346.60074509462,7793.1128911172,7756.81288001713,2723.72540052276,7798.7518876395,7287.17734561246,8200.73294919472,2570.6212292533,7597.81829913524,7429.04163077973,4464.71352440032,4923.50080150518,8090.63081037788,3056.0574916093,6988.12989127186,7627.61974391084,4090.00782337664,7252.72922555266,7887.18090089163
1174.71916053841,1167.68519039369,2126.00385514644,2108.47095747123,7617.20412556428,7778.64345822898,2415.86709658506,2391.67452261634,7667.76751334365,1235.34376494879,2214.241660618,2511.81026887601,2648.13477310076,1170.52221870316,1231.05658780217,1482.20665982909,2907.00599063926,2432.09506789893,7890.71037097526,2393.83688361454,2179.02247977284,1174.1557590486,2457.33196817359,1223.64487956378,1166.53389051464,7531.55052496422,1168.77201278078,2199.16999147911,7642.54734316627,1176.45977336924,1163.11310677747,7784.56008022228,1245.2107110193,1270.27357522386,2613.80321992048,2304.51599782225,7553.62883648431,2571.63718449898,1281.26586214046,1199.38091258053,1183.81690486486,7875.06540953067,1204.60579204675,1216.00027930925,2552.70357198992,1181.71354251387,1227.73176553152,2115.20999212619,1326.04777641109,7598.08779757171,2589.12230803702,7555.19429663471,7633.28559916531,1165.75402285818,7728.25784716626,1198.85351038578,1198.86242794362,1163.08972976468,1185.45180680102,7769.93801408487,7654.66686760182,7339.29100175793,7692.7599480147,2881.89827438378,7797.00708066887,7873.59352519883,7750.95734503538,2105.13562840707,1175.28995546971,1165.84022777388,1208.8939667021,1413.17987840273,1173.88143212165,3664.00542160536,1164.02098811704,1264.96015130811,3984.57481694516,3086.68775615021,1163.12964488758,3710.65792851469,3440.6579576217,3506.93357550992,1287.84200451313,1514.47649518637,8233.89027705056,3376.76225937824,1477.74362586299,1196.71997097987,8638.30697422235,8034.2990371093,4098.08593203596,1253.59724026757,1547.14802986197,1229.04386282503,3609.50083024182,3475.00325678074,1163.69663052833,8335.75622289589,8205.21752663025,8104.73553714953,1497.97814966036,8186.57290811187,1345.21210721452,8342.33853117961,3578.08621651603,1187.92991256684,8358.70312526833,1293.43298186283,1211.31754244685,1218.45604171293,1240.10996963888,1505.66574913329,8083.25235809032,1195.717794002,8157.77229333521,1222.2926219039,3635.89082791997,8551.19871450641,1439.82732499361,8465.95628253947,8131.57863914459,1343.00541466717,1251.35295878557,8224.34705359135,7993.48603362848,1184.2494854992,8595.42518149054,1575.75704411761,1292.22444667278,8411.19898859001,1210.82235779555,3411.58591461583,3407.24096912626,3229.05159879764,1215.86148040264,7716.25664363933,478.652840036042,7697.84849929911,790.954081753841,1099.83122087267,664.649542356886,7812.28483742703,2821.60262600013,872.619888790325,7692.06739701498,684.655912154605,2826.1507722144,7685.21804817261,1e+08,8008.79225895575,2858.73026794403,7594.5081934354,7894.82690471089,306.616771080161,696.468538769209,184.837213751293,905.091229104058,7728.72910573755,106.326923848224,7777.45572929587,815.934536611385,1001.44827511217,2974.25711807292,755.013814195649,1499.26776175279,861.291205143724,721.92801826515,675.14008994689,2666.20389931457,998.650093912458,863.899610598858,2675.84844029684,191.784203958409,707.158242226773,755.29496406832,1418.01242366857,905.243986199348,7931.06380581394,2611.59815225888,7678.44677810926,2846.53838383924,724.661697364558,8099.64498758549,383.509261064455,2287.88503665155,7731.47387487096,179.183407621233,138.96672159111,2481.80270633159,864.465927322795,2843.64868433532,864.096463310397,301.637567006278,887.010877675623,2802.22411648281,800.87578737442,7846.46534761673,1150.35891840504,2745.20337716119,1087.99174433961,712.714581415793,7761.76665647576,7728.68254901575,2807.74191754009,2825.05751568302,360.475128935329,2609.40443433447,740.319683162305,7878.98919672822,807.717954259536,759.397041787251,2802.35562594038,7918.38011234793,134.959199056654,7660.43982581311,3205.48635813972,296.036522913537,7999.5596266782,7654.87037180537,7825.21081472045,774.649095379326,1078.98339770774,7719.87762750135,668.771080166064,7720.20899634696,8000.07600656888,7394.31728515131,2896.10893231958,7955.21176855275,903.952540440182,2868.85621060113,1283.49507943335,819.754148978612,2699.94494475596,7951.51189925613,7763.95975079521,7644.71445862834,653.527326978217,7841.30470982454,7967.31510484161,2806.1691180875,834.193291097002,803.579108689762,809.854465473232,7939.6168227108,454.143137329089,700.215464061886,800.432689145355,912.96952604178,677.021911202071,1023.54089493041,946.302805627011,2588.9407763775,2709.22446338113,2689.98100762531,401.976820858934,272.379958191417,164.819266304233,356.783475587917,810.119843438046,2812.50807061891,822.220548669129,2649.0650321386,2488.38001200057,455.950832846278,2500.42839308275,7869.83119163901,2785.08729808132,829.06162237577,942.290789599022,7418.14749664392,7541.67566800162,3272.32843037224,957.691777670388,8043.56140225869,2354.88046681488,7923.11428354045,7627.59908047399,694.610432455004,782.345138964641,810.341048699799,1079.70095537879,789.483966334522,2871.91017007503,2598.332707378,7595.21844610172,197.569957966812,307.862318320364,786.162470217623,694.73956464909,295.725800854232,173.980440278237,3028.14574932909,283.332299196292,677.650691499613,3944.39783319038,8592.97227335548,8416.41052695607,3837.92332339741,8261.96200519083,1090.76141327114,1000.30999637174,8572.78592982713,691.958438888407,689.213861274288,8547.73521890414,3898.64878392501,8503.6879345583,911.066669279531,933.061780484508,823.691140417442,514.525164113001,4162.68942207423,541.527018539307,1291.69673558193,4104.04866510012,8612.94831252302,526.905942042,3844.97096858429,4126.21182291256,889.624532981169,8436.2237793567,582.912628435764,3882.31957652102,8523.94003202197,3845.83024841962,3898.62305932909,3805.94141846144,791.540572534553,8336.00393064405,690.189130751287,8385.01175994193,8427.15300743129,872.359421314523,8474.92223192044,8592.46764500206,8533.4693376294,8599.53492611373,858.361157978125,3866.91193788489,3837.49438295536,858.025382319251,3870.33222067302,8471.56342117806,8342.88658067712,8400.45851815425,8458.83235027255,3908.1669615985,836.46074984109,3767.25739148159,435.658839936251,725.760223904176,8313.82846312268,4221.04110781604,807.726471285921,782.558123296593,3713.56073747605,1202.99213722188,885.306158091687,899.917848588972,1225.26251750134,1033.55623382064,914.14455740355,8281.79927293339,3987.39209548931,774.099688925389,3347.45780669886,8392.0629951488,1035.14124590739,3930.79669216908,8428.66638268339,3531.186477051,3941.69079248608,8475.13699762119,3906.26008074131,679.150866843846,4332.39096217184,651.171211984688,8770.27502744593,785.145764310226,3724.910706798,1260.14766384403,815.43955620202,499.63415344989,8502.6410136236,8467.93730144387,867.075718303329,3885.69024526793,732.552830391054,8734.13591117168,8920.76933674142,1031.85526727478,4036.54750524697,1253.51387023113,8289.28940374273,4047.25015442967,811.116386025292,4012.63427347947,1278.56383193525,3992.63583498513,254.349678009433,8444.90947756709,662.778197149348,758.536766364891,3861.97728367231,841.46063177747,8441.94635647925,8361.03882117319,629.222206257199,3836.88460022752,945.36523745075,3925.69251260396,4149.85763503585,4008.05720531608,1077.64490813029,8404.88590883929,8278.11019645576,3809.7085002385,3915.50702906931,3957.91885413724,491.135284804124,4056.01519042958,8580.9936334801,1338.29449530352,3813.84798773261,1014.85867207381,8628.81789642076,754.932032830833,779.62823069974,824.056815570672,8473.17018045638,906.656689190122,635.417477375327,886.66653712325,832.433714582137,8241.73068204173,840.621974907648,599.593824015205,1297.83158081593,8509.33709770166,796.712578338091,397.859603027246,3975.60836561441,3771.75925797193,1364.59744323771,8460.65131803197,1228.44744304039,877.296804278171,4284.39187382947,762.511762033626,876.780699511289
8065.54757907865,8321.48113340046,6547.87568152033,6567.30056359232,2498.98529152043,2483.88290876891,6236.52328156379,6261.8984770117,2493.11374735787,8620.50786028192,6451.25216415795,6136.80684457881,5997.40463086829,8348.39064393948,8608.15438080818,9102.90273274861,5738.97686515739,6219.55591380584,2479.6785926363,6259.62643438582,6489.60016282708,8376.19300167184,6193.25278439375,8585.92324547863,8308.20842221679,2511.28241429884,8332.56160947686,6467.62871412029,2495.91291271538,8391.50877780051,8214.50901849149,2483.53177583451,8647.73584854891,7737.24296454015,6032.27628965787,6354.1610073157,2507.83150819001,6075.31768540084,7711.90125843862,8502.32839227574,8012.60557544471,2479.95493701911,8522.14370463024,8561.63361933238,6094.72287660922,8422.18323318782,8598.32691630281,6559.82494330009,7617.8238723702,2501.47438894439,6057.44064828444,2507.5942108414,2497.00559838883,8147.4775522932,2487.4547926023,8500.2550131272,8500.29019126295,8218.53615577505,8441.48345347871,2484.42567474308,2494.53556566377,2549.44344003707,2490.59484014971,5763.71690085889,2482.84002369688,2479.98612730295,2485.71685058325,6571.00483288087,8383.91013090706,8299.11661876012,7908.98297396713,7461.25362642803,8071.32964990082,5020.41240539405,8178.09488707889,7749.90226101915,4730.69674279579,5563.76853137114,8212.58986104395,4977.72316301913,5227.26771560791,5165.45556855204,7697.23202663626,7303.67710018902,2498.90356587135,5287.20822597862,7358.65046451976,7954.48315192023,2581.77069122685,2481.85270892714,4630.17029469888,7778.00365473271,7256.42254328905,7844.83547376624,5070.51296135585,5195.18982767422,8186.60186552098,2513.79795113323,2495.45973954357,2486.01705465669,7328.10702074896,2493.39823326222,7580.9625373695,2514.90198681925,5099.50014206403,7992.5427353653,2517.72066232856,7685.02176581812,7900.64617046894,7877.1760213291,7813.51430072257,7316.67306826224,2484.53163071131,8487.61410163387,2490.49026428399,8581.73475936713,5046.22484316066,2558.65572579168,7417.84936506336,2538.7775143908,2488.13788724074,7585.12317937996,7783.73744575516,2497.72061218093,2480.37126001036,8435.45983761806,2570.04232273632,7216.13467438967,7687.64167959378,2527.46998904051,7902.33313993685,5254.49758903626,5258.57331046407,5427.10866123257,7885.53193214541,949.712741894679,8253.41641493722,1220.77490260588,8337.21029122022,8576.60688114575,8188.22900861681,750.263806831836,5694.00494722836,8441.89503743685,771.979388418339,8180.5070201431,5677.40824129836,1019.18012057013,8008.79225895575,1e+08,5564.46204090989,780.50696607528,777.0064053077,7853.36363503674,7712.02923485116,8030.44764651427,8106.21627846438,930.76232848374,8021.29304200791,730.975549692017,8288.64139186907,8492.04092272883,5838.61671732077,8311.27688011169,9188.35940656885,8329.23407973543,8172.74911228608,8190.01128441796,5723.70386332477,8340.67268861512,8074.56165322161,5812.27693656101,8035.38426059821,8195.203413888,8290.89282111513,9079.06737685656,8558.27982436738,478.260679457328,5844.75840156369,860.479147066981,5608.81050466613,8195.05599755218,377.463309546924,8006.56438084462,6295.41782112717,1000.75553181125,8026.06720889157,7973.86473948146,5906.78719499933,8399.51581696886,5557.99762051595,8269.97461185393,8190.30526347594,7697.51059497718,5640.22277829723,8177.24050911602,615.34493600315,8071.42645246218,5788.49757684707,8517.13718809869,7517.77812484488,1011.77439350225,1061.77365142555,5688.07104924445,5662.43822383599,8105.53965466732,5802.42811156658,8297.99786952622,953.312830571533,8263.20578146768,8333.02734832963,5650.95491096419,710.718975422926,8045.59346451065,976.354042425276,5594.22592547141,8075.91780313617,413.398809836285,1005.87726558838,1180.25287620027,8237.76743019238,8575.00731736001,792.878277040316,7810.35850981428,766.963964466244,700.747226342103,1058.38774542035,5569.35996114633,771.656972839139,8121.92288044771,6358.66731329296,8963.23000109574,7981.08661099436,5697.84458861161,596.740137512309,734.580501530681,1358.70194011734,8190.66530955201,804.695600754687,767.560330523517,5727.43431586266,8064.93055028787,8367.86767248946,8267.99062691713,389.761899780931,8184.38195387362,8262.20328129026,8395.947258457,8527.63377668718,8247.90761489392,8558.37272165259,8543.16533424429,5845.29714209276,6112.93978965091,5775.41057360982,7824.33569058324,8131.8820726685,7983.02831172572,8108.43038645255,8364.26031189347,5682.74173551536,8424.67029555613,5745.79515463364,5932.3027171325,7992.81574590743,5872.23269190571,795.083204423744,5642.14669385241,8141.89323693879,8507.900163449,1111.64051319172,1175.85471831216,5950.69209792129,8496.8619260588,392.418019702212,6187.7465033796,685.105382897955,755.278250429589,8179.76428721799,8182.07504006407,8253.05108240145,8399.62128049127,8365.83150337155,5501.90589700746,5794.4304162953,2349.41696859674,7967.57433609975,8061.77836061853,8182.61531065669,8139.78563115481,8117.62211981286,7950.38579041461,5494.10973941519,8108.60653233771,8259.83524649666,4703.90134294902,3361.69992126705,3166.48060822577,4925.12695775044,2903.89781739915,8332.21354522626,8289.4211958239,2972.63973822413,7810.48444365672,7798.4751620862,3218.48537994102,5064.84866804181,2870.669737949,8245.09521831872,8241.09216789681,7479.90894043388,7800.95672468334,4453.17665602903,7705.03899311662,7175.08526290213,4576.77603451883,3379.95966332759,7682.83067994246,5423.30567396881,4483.0671872068,8258.67283082973,3043.03597322612,7636.65701396085,4967.91900232439,3204.97200715812,4978.89744983196,4751.51256951033,5204.85803889834,7608.56122754481,2675.14622898489,8013.72331251906,3152.81379983862,2832.57280154167,7493.31902803093,3078.49500355437,2579.14415763459,2873.53286905754,3148.64119400272,8125.38305117039,4786.73386892375,5232.32528380858,7514.4013333158,4905.73709735828,2819.02214395387,2781.45029107573,2762.98529912003,2687.97280442424,4939.84678492904,7844.71532165246,5186.74559399518,7901.77682558584,7650.99445573938,2797.08619904714,4499.60359120601,7655.08394227868,7532.21396800214,5353.16682069579,7276.48526446871,8216.17499944283,8191.74206365991,8264.24439391249,7630.52934662586,8263.14549804498,3237.54314851037,4861.95902176412,7512.06781268086,4999.72840409637,2883.64307829873,8115.98740871377,5044.41213790201,2857.47252389655,5305.82553975442,4845.22007837031,3063.90316727275,5011.43081965187,7609.68776281278,4274.06668479803,7688.2783811901,2821.87368233805,7583.64476871958,5380.16116384641,8431.72955209241,7640.27178485009,7700.13862776195,3239.94793319362,2675.89142379874,8144.99658369906,4949.93296605994,7715.86888843394,2670.89406960319,2428.27602098944,7356.74796663418,4736.99653540994,8451.01087420903,2540.33202863693,4710.91249826217,7527.86307806206,4734.98277454051,7276.77962445623,4494.45519069569,7895.45143227336,2841.08067674922,7613.63197884888,7725.96876147066,5301.81642102879,7786.60611417146,2617.71606400835,3010.32204903003,7825.33733707994,5163.48274650706,8215.709265319,4857.85412612084,4475.617533327,4870.69688968871,7335.87055070682,2699.41163231736,2846.02157422703,5127.14402502111,4723.93563310428,4888.78160985141,7711.73683879116,4821.53506297496,3364.40485790144,8337.47266118976,5142.50871536314,8307.15602876381,2777.71258512543,7661.43251090094,7828.06494605135,8115.8768718042,2575.24832672862,8155.25246296462,7668.43991292214,8100.1305454617,8085.26322053824,2959.41021380619,8124.55517469919,7614.28965508746,8532.82354347011,2814.8894219863,7907.87195207492,7757.18696439184,4746.46100704896,5296.71370574081,8426.86209615318,3278.23517374928,7327.59163167049,7937.82304693889,4328.7020042201,7587.62445081557,8220.80239768339
3395.82273243495,3573.39901653907,2670.34407890934,2674.78694568909,5812.73117606422,5959.08097606875,2620.99383532057,2623.43335437012,5858.47975898933,3793.70931760954,2650.57599935196,2614.20958444075,2612.31760547812,3592.69297213066,3784.36459538415,4172.4955915352,2632.60433154359,2619.523223046,6061.14140631416,2623.20322186531,2657.95309213897,3612.74345409353,2617.49896108861,3767.59779649689,3563.92396423698,5735.4258396152,3581.33010676016,2653.65035429895,5835.65079845072,3623.83863131655,3497.83532687852,5964.45995906969,3814.37469524882,3185.97330926183,2611.95329278573,2634.70715008457,5755.32874605797,2612.2759588347,3170.72751864668,3705.13837346784,3360.52888169028,6046.87126383117,3719.85816082648,3749.35263471696,2612.69955305172,3646.16467817539,3776.94475103818,2673.05875765905,3115.43876900489,5795.45685629804,2612.03854618635,5756.74058615723,5827.27234203731,3451.45031529879,5913.31715539167,3703.6012961213,3703.62737008494,3500.64626545419,3660.28264197432,5951.1685186928,5846.61867802286,5562.83296133583,5881.12262308201,2629.31695987755,5975.77936010846,6045.52908705317,5933.92482431703,2675.6517764959,3618.32957420198,3557.44950918021,3293.00750479627,3028.26122190713,3399.70886360808,2849.6724701845,3472.54203327759,3193.64379505908,3000.14131423575,2664.01565320627,3496.49670831189,2869.68414102597,2763.6563787149,2787.43234369825,3161.9696548638,2947.14160701426,6375.8484123729,2742.19701106259,2974.64911182251,3322.39567293187,6750.40428606147,6192.43433562355,3060.1941691933,3210.79901628929,2924.20181027069,3252.2921174106,2827.16207486472,2775.78764376712,3478.43090324929,6469.84110948841,6349.43729179468,6257.04437068706,2959.25831589209,6332.2742768482,3094.35619871039,6475.92317292036,2814.62327059417,3347.29218385241,6491.04847559369,3154.71787768469,3287.66804453548,3272.7125838448,3232.72606795721,2953.56574680299,6237.32437477744,3694.24301852487,6305.7794966084,3764.44605665903,2837.94262789946,6669.42204704466,3005.22846216621,6590.33147414287,6281.70127093093,3096.71905602558,3214.32084543206,6367.05567644983,6155.05816618188,3655.87062101204,6710.51832118554,2905.17270477579,3156.27094106843,6539.61063380245,3288.74735293203,2753.71181428112,2752.2513514427,2698.32460686285,3278.0240759422,5392.31472454284,3017.73489078424,5443.81956976672,3199.50001654268,3422.01441240822,2995.81568469938,5466.58074640987,872.527812480776,3265.92415771887,5323.40248919216,2980.94070680917,1170.38172618699,5382.46098276063,2858.73026794403,5564.46204090989,1e+08,5221.49567371654,5506.17626739214,2761.43129913686,2644.51257980818,2901.91979422525,3182.92622467473,5358.82894707908,2861.56742564658,5437.5295502129,3127.23292861352,3366.64786203085,1897.51121738405,3162.16019563791,3972.61490150719,3192.63544657586,2995.09694709064,3003.36495145202,507.661999808231,3202.25738581829,3137.32333500597,379.155669551725,2913.02413518562,2979.26112755886,3280.78548407608,3909.90584791353,3406.9413727766,5510.72303313726,700.996260591606,5356.82274714076,837.208560987837,3009.72362601929,5677.91940099899,2936.51274937799,1353.38080030323,5372.12837156166,2852.85833240113,2850.70681093269,756.543210532842,3215.31517521273,430.383965481559,3153.10107042143,3025.20213679274,2837.94463509565,354.459754057036,3232.0492667015,5467.62582162235,3265.16647216,1394.28056643903,3428.45686206303,2576.99647104038,5430.61922754442,5420.31978035037,733.756355146636,273.335153158907,3021.64354863868,652.025986217474,3105.11223659915,5516.57433098562,3125.1789028596,3158.34501283405,302.828065875725,5536.6082707727,2893.70001187239,5339.81651136601,2013.20020568287,2850.31306602674,5580.62017779826,5303.13368905263,5508.74618162644,3075.60906526149,3402.98793780402,5357.42345441465,2845.54540862121,5375.4644371273,5603.89154244963,5097.83520334015,703.410335814582,5559.74727810552,3019.59923535569,2666.22907551835,3689.71712700216,2874.81463444897,410.574346349501,5546.00962562846,5382.97365342438,5346.67922057359,2995.73149558166,5483.57235839209,5563.65287289041,285.93624621267,3121.10351769635,3215.34080325257,3117.10622181024,5519.62072416607,3033.64584553391,3111.12085490915,3162.24955939631,3353.97479230617,3053.82880506563,3378.00787991067,3351.38940596447,392.735043335543,1894.39802331905,749.440664377724,2759.74158192879,2921.81980689179,2850.936372165,2890.07854376808,3177.05717773697,543.421435087469,3248.71239073227,311.714224254635,733.255926119186,2929.70275238681,604.824634195991,5477.69700535972,361.065155917072,3175.15185450963,3311.57279383198,5138.95233969206,5246.21172231202,2677.51985006255,3291.51991452435,5624.25719226327,1155.27468005472,5531.52316343521,5278.24002703434,2962.93519866794,3024.27125719464,3114.33327660908,3325.68715050445,3147.58506592835,556.683063110771,615.293639668125,5499.3964198522,2804.99555416223,2822.51071317212,2973.29938417314,2964.14496089502,2890.91643319438,2797.69384086469,478.827454407397,2899.86104237252,3149.16579118788,2008.55826426044,6858.61895647305,6615.68958940664,1994.97398511801,6378.8549643914,3550.16671708419,3188.09747955576,6676.59175765145,2728.60736334158,2745.19917615397,6725.03104958726,2390.08266141711,6576.43319558412,3099.72588778102,3157.12357034374,2565.98461488242,2719.51609906729,2140.82568497823,2712.14013576365,2578.75761896082,2128.54617622006,6847.75501196156,2700.65175295927,2749.90084254357,2145.98282834801,3171.65115397277,6598.4381070033,2681.25775597061,2255.14600376291,6725.52507783473,2248.99071292441,1985.83460144856,2425.23178032268,2670.73577764255,6380.96870179427,2893.38897934899,6588.9979258332,6491.66739591002,2670.39551648775,6627.28100814282,6595.03863242423,6627.16039048711,6781.89983894596,2998.16136982243,2028.99491633261,2530.6052587731,2699.89835376266,2085.17412405808,6522.92809882519,6427.64482955069,6464.08479736693,6494.32534606705,2291.30683738413,2922.18318161802,2311.85358475717,2794.6648864891,2608.23415694165,6414.95711070916,2326.37930091238,2639.94967170468,2661.78259442135,2515.63856378497,2630.65617115928,3049.28127047788,3272.36810600965,3563.78276964243,2709.72637470057,3131.27182508287,6519.24688040167,2265.81184865388,2639.75385875302,1251.05833581797,6496.94053800807,3320.41791024017,2452.09614254105,6524.16511370722,2107.30971459343,2092.61565367363,6620.31296585277,2356.52867355318,2685.68979329939,2401.48908536659,2567.37206512523,6759.89538570505,2534.31631502775,2514.41484305484,3722.59902182862,2615.72225516066,2687.57600718674,6713.05699285956,6498.08016675315,2984.20802025289,2132.57461101777,2645.10257867769,6725.68504511155,6813.87490793221,2617.88161077591,2191.38383825199,3712.41412591098,6304.86808756365,2241.16220677606,2656.47642526465,2091.54687307601,2658.55180280751,2133.36445681998,2787.38786728778,6539.68702787569,2684.70034834418,2688.68443412073,2662.89309360505,2895.43078823142,6445.08612918839,6504.95532383764,2732.89409310721,2437.89464251054,3157.95792896014,2056.42202483225,2280.75866775775,2283.38555438473,2608.7629427002,6439.29209623305,6375.46620596416,2352.91540161781,1891.26407610319,2192.70763715658,2701.5496999122,2361.42530299627,6844.26150722109,3692.26288686442,2317.53634176329,3221.34598513525,6675.7007636319,2595.45844757649,2896.50719998132,2979.6514214517,6473.86695483498,3043.28543669686,2739.23461785747,3205.56964328784,2890.71576609122,6380.38339454976,2907.09584524356,2664.99670405689,3790.04017675936,6575.02032703953,2952.00975425346,2705.05014046652,2192.71387649653,2532.49254937665,3757.00129162795,6700.84335564973,2698.5097703655,3062.17910758666,2381.42926393609,2637.47823426562,3054.96365396844
7639.07912179275,7894.71445070138,6125.20304834076,6144.54617773845,2379.52017485832,2392.17288587898,5815.34256880109,5840.58228206318,2382.28699038514,8193.46767740165,6029.00481191015,5716.18523156841,5577.64152573057,7921.59624718036,8181.12407918215,8675.55758762078,5321.07930856125,5798.46729484469,2407.43307824804,5838.3222616813,6067.18023540354,7949.37065033878,5772.30935678051,8158.91101634309,7881.45565072049,2377.33915178332,7905.78343596565,6045.30704017676,2380.76999269976,7964.67131713577,7787.85913215682,2392.84690351939,8220.67428823011,7311.26254315524,5612.28952267256,5932.3740801275,2377.5992786478,5655.06319249123,7285.9641571856,8075.38754780067,7586.20724135945,2404.98817379769,8095.18544032465,8134.64156827114,5674.35060893836,7995.31612172552,8171.30455752548,6137.10187563961,7192.05543044955,2378.7598595072,5637.29625498495,2377.62569409585,2380.28130058968,7720.90649561504,2387.0327647016,8073.3160096271,8073.35115649885,7791.88167507719,8014.59809715336,2391.20802658977,2381.46499679582,2383.94786753079,2384.05861786633,5345.62358538328,2394.3130212109,2404.76337777421,2389.21538752326,6148.23499485825,7957.08014088865,7872.37346957185,7482.73106171239,7035.79510220691,7644.85371909262,4610.36990180078,7751.48726750444,7323.90052484229,4325.50009666613,5147.37573191281,7785.94216974678,4568.31760716704,4814.45539557276,4753.41939353157,7271.32040358351,6878.57109212386,2485.85249103159,4873.68157217996,6933.41655720373,7528.1654138485,2634.30832878679,2434.55546613178,4226.98115123044,7351.95536682025,6831.43089989935,7418.68059959411,4659.75298233878,4782.77513204532,7759.98425419814,2517.84962429747,2477.54090569254,2450.88984497738,6902.94350328701,2472.30302302639,7155.26367239019,2520.04741528395,4688.33925221346,7566.17178738942,2525.57882791652,7259.13157765619,7474.40658599778,7450.97159421841,7387.40866632754,6891.53633187545,2445.70018178484,8060.68639748052,2464.47259235632,8154.72597734052,4635.80873034786,2597.64258205227,6992.48368114335,2564.16786760112,2457.62796181994,7159.41635964975,7357.67978736104,2483.05176880135,2425.99510947282,8008.58014175631,2615.95431377944,6791.24387806186,7261.7468747028,2543.96492476796,7476.09105416533,4841.35622214715,4845.38334864244,5012.04946338872,7459.31491139551,622.109008941344,7846.2513979052,1159.93154426042,7945.77975089716,8166.6985609413,7789.98656845465,522.259915833304,5306.4937879083,8023.29187721139,316.368826049245,7775.56750952791,5348.05293644103,513.682853597904,7594.5081934354,780.50696607528,5221.49567371654,1e+08,1156.38018436279,7443.36109058253,7292.58006910987,7619.33577820868,7722.16642580619,1258.06367620416,7609.71418705137,723.297787928645,7862.69937078078,8102.55332940038,5527.60352771202,7922.17098450539,8747.23289125841,7898.58850820651,7761.27745185968,7789.8457158815,5344.57890370551,7891.77094073997,7688.52877550156,5469.86367753286,7623.64651766795,7789.68311954989,7896.96932089221,8683.30942765995,8171.94398567352,562.311075012128,5501.80965710957,525.242742120255,5282.54471592706,7781.04084931885,762.635718580741,7600.0531519923,5858.72630075024,537.585636260107,7613.76643077956,7561.36352613769,5554.44305745405,7998.34297077176,5208.57726348333,7835.20959959428,7779.53125249672,7295.89536851713,5287.46228894451,7784.22375120612,346.250043488805,7684.18289843159,5465.1175529617,8062.61588955634,7105.53844593003,613.502819292405,603.111427456572,5359.94577626971,5324.01897636577,7696.52831385217,5418.80373023587,7892.82169181702,1270.16225555068,7838.24687672089,7927.35521348091,5316.83436200148,1065.84191876353,7630.95290950389,446.633880714642,5290.06553685912,7664.81076501791,664.364043434428,552.636406846045,1473.53395313821,7823.16307059939,8147.99800290312,375.821234084589,7410.68080348344,432.83520007141,1132.76457198139,887.654439523507,5236.60183935087,547.628541926373,7696.22321299456,6087.72745578421,8554.62288082347,7556.73311277309,5331.35784752616,1008.11061073279,261.873774465827,877.610109615173,7789.18199751315,426.124070735527,648.765127906462,5383.7880952846,7678.28590096391,7976.18366862762,7846.2663224094,630.689542960117,7777.56933960537,7870.41261770597,8002.45984507889,8142.44265875606,7844.77414471142,8137.05988861025,8139.05354261345,5485.16676402582,5804.93811163402,5445.8191380571,7418.41703997623,7721.48826478786,7572.50793566992,7698.71546632711,7969.68688568461,5353.48513837506,8035.20853980197,5391.10702938158,5546.21175829967,7589.5201917049,5493.99827873448,544.29310521092,5281.19628201068,7753.9833482342,8105.51909431923,595.097245915907,723.425147901022,5698.04400835946,8086.47418401817,644.386396987431,5767.390627844,1096.88505372713,376.032222459783,7772.5709867931,7778.98345777626,7830.8435174466,7941.8088241294,7966.73607544104,5158.06453409698,5412.65577785217,2549.13840832512,7553.37380878561,7652.59717203199,7767.39848277001,7725.45853934423,7707.73097011065,7537.03320954783,5158.51320721607,7696.6420775514,7864.2962749495,4312.8289925159,3252.14761600735,3016.1015119997,4524.69367519272,2712.81622060553,7943.96199752364,7845.79663224531,2815.90127146966,7413.59254687817,7402.19054995712,3059.72296480452,4618.80811041299,2699.58844290581,7818.42964156706,7795.87340023447,7056.60262023303,7383.27688564959,4070.27027974978,7286.91139352259,6761.24149054501,4193.85673189648,3247.61738893109,7268.26749610816,4922.63627185088,4092.80466742449,7821.19104313628,2899.72766618968,7226.90523122641,4544.14338615145,3074.07191602938,4547.10907350147,4356.81804447969,4754.30281096904,7184.00897732892,2488.17448956913,7597.95151569976,3007.05700908287,2640.70785815873,7082.14233026679,2921.02098739479,2455.30077895357,2730.10707730456,3032.76465837878,7693.80361246335,4378.78390034889,4759.52986333627,7102.42737375684,4498.15026072171,2626.98545821531,2606.28181818335,2595.13730305877,2520.05462398697,4512.84642227517,7456.36197904357,4732.69687770822,7484.44984434307,7251.39092263209,2640.31077909478,4107.28994369683,7256.75360218821,7122.81780870945,4879.63066057329,6863.84701605844,7796.66042003909,7808.20303653926,7881.60732062001,7206.37867953724,7826.3568822528,3070.16936064409,4444.19933968205,7106.83589388574,4610.00536796235,2714.2330157726,7739.88352936722,4596.49004146779,2702.51471089302,4859.92134184913,4445.36896551136,2908.28873663124,4568.07482943933,7191.52667720342,3911.46227028067,7289.90444653693,2634.0531527732,7183.76175957225,4914.83212753227,8036.54225290826,7242.64384941779,7282.00592206269,3098.3122736421,2502.43286717325,7716.42983714327,4541.20564870796,7304.8044763846,2535.46940966661,2318.81812121463,6941.47457403587,4332.8951544297,8063.8917878449,2348.13218662623,4297.88438178144,7107.40190939156,4340.04328137101,6868.45812962356,4087.91751919976,7478.69709507389,2685.85300735981,7199.04531856209,7332.455037718,4819.59451438018,7396.03618242203,2424.33037177315,2837.94207620539,7409.79129054256,4706.52315752499,7768.83500924021,4463.35662709353,4079.49944178329,4455.23360734863,6926.08127997551,2512.88919990273,2661.85073718394,4680.32390926281,4339.89228085565,4481.58174062233,7294.08448373164,4399.35357417131,3251.66239580746,7945.71093503271,4702.95333003742,7856.64629035131,2645.22273624743,7250.20225248477,7436.63548829953,7690.30867576571,2409.64006770748,7726.11673324107,7263.56617439908,7715.75245621282,7663.29803191205,2775.54441518377,7706.55323797131,7201.11123854229,8144.01849885622,2648.5060279397,7517.32853191444,7339.01561083298,4330.99330327334,4824.55619958061,8038.15117213906,3143.892155602,6916.54555072203,7550.97261975957,3943.88352975873,7164.1317323406,7800.42580167638
7916.329154336,8173.58280517485,6389.00770050037,6408.58002684743,2315.77025344214,2306.70077341786,6075.18802997725,6100.771900285,2311.69230373039,8474.06283461855,6291.63973133153,5974.63787274301,5834.03237369532,8200.62691345262,8461.65111209926,8958.62017580355,5573.25046564159,6058.08034869407,2307.19036066611,6098.4812301419,6330.28540736682,8228.56752231946,6031.55845522233,8439.31478399886,8160.24341878334,2325.23406263266,8184.71879840862,6308.14376534329,2313.58573241087,8243.95910811097,8066.06784997275,2306.58740089506,8501.41866632005,7586.21815326593,5869.20926449948,6193.78154391643,2322.48860474867,5912.62348390984,7560.73137806432,8355.3199594197,7863.10472740764,2306.78774858151,8375.23071782613,8414.90966371534,5932.19536270623,8274.78465281045,8451.77720652247,6401.04774974483,7466.10802974968,2317.60453104019,5894.59211819706,2322.3019854726,2314.35134734919,7998.68975489231,2308.29481236847,8353.23657018242,8353.27191819158,8070.11565164724,8294.1794336229,2306.89579889901,2312.6408842059,2357.98851222082,2310.09260923865,5598.2231183233,2306.39956569992,2306.75544874173,2307.43746652278,6412.31233021944,8236.32288059744,8151.10583288337,7758.91965210343,7308.60245286601,7922.14187074746,4847.1823836774,8029.466044037,7598.94960522755,4553.98845814942,5396.34859668122,8064.13883842429,4803.99806972565,5056.35445823244,4993.86405450907,7545.97778797566,7150.04933727425,2342.9934995771,5116.9415459981,7205.36753564219,7804.66840811674,2448.25865292101,2315.93094143711,4452.18884924346,7627.2104316272,7102.49474190842,7694.4173701385,4897.85646185412,5023.92605298032,8038.01699969195,2363.31901229597,2338.05639499736,2323.52117801326,7174.63305559779,2335.03301526978,7429.02953566203,2364.78016280042,4927.17181040627,7842.93399345193,2368.4896381872,7533.69709371693,7750.53702812691,7726.93742257218,7662.92109987001,7163.12723209366,2320.97758520369,8340.53453460566,2330.65398771487,8435.10642407508,4873.29131293717,2420.16678007231,7264.93279875078,2395.47865018312,2326.97987803103,7433.21478165578,7632.97662854732,2341.31168369741,2312.52382694479,8288.12634695149,2434.07390526415,7061.94838115444,7536.33213673026,2381.12336889506,7752.23327636511,5083.87940802077,5087.99910231713,5258.30949606557,7735.33950094442,1237.62573326469,8134.80731025737,1047.91202395787,8182.91370285724,8439.74301107383,8043.99486430648,1038.42503123158,5678.97014362624,8320.97270672956,1133.28022107829,8045.53067013993,5537.48577710488,1234.51950376957,7894.82690471089,777.0064053077,5506.17626739214,1156.38018436279,1e+08,7741.53709220199,7601.26283841026,7907.82402066319,7945.68907961581,603.289482725916,7906.95919816178,717.712647930823,8181.08457284263,8337.95223207166,5670.69156691983,8158.12694827498,9074.2837317867,8219.73528068005,8054.56888913299,8050.1557009662,5678.84776628016,8257.39206640367,7916.35454191649,5741.25731086529,7915.2562605487,8067.9112601492,8136.65505247217,8932.06376858875,8402.56535767088,986.678791929732,5733.28307475374,967.858048757647,5478.36011128128,8081.53576639613,1003.53133894481,7875.64498481563,6273.27810700247,1379.87796137817,7909.96727634684,7859.00667428635,5789.12765986633,8259.23724014058,5494.42221237897,8163.54530113278,8063.30393909967,7552.94506088399,5596.95274660748,8020.37748238884,1084.03114689005,7899.15717984516,5634.49535861617,8429.69319603245,7405.10344960441,1381.81697972065,1285.3059347765,5566.95495282224,5607.02278155319,7975.61928977029,5757.07573679622,8165.50015866857,767.314618347848,8150.79510076588,8196.45117994551,5570.71747221168,247.178898154022,7929.31396538729,1204.99861551652,5418.18523378987,7963.78317174161,935.754132375919,1398.96014018673,844.196066401488,8115.71756073624,8456.15927583634,1144.67816765933,7675.69486471619,981.634196809128,355.699923979332,908.863584345528,5468.39648347313,1248.72857384208,8022.14221012412,6157.2208828842,8836.9448442854,7876.28594207021,5650.30280052556,470.17892854675,1199.29971158075,1708.59036957382,8051.80481264146,1200.10178914887,1286.01371654059,5678.94681583971,7907.82147960965,8215.96187043257,8155.81195024536,958.380896550194,8046.14047633707,8109.75129609468,8251.68072474949,8372.02811763364,8113.61317650823,8433.53840837393,8404.75162249313,5785.42086169096,5933.09409533685,5653.12790403213,7710.81300447319,8014.07212649224,7867.01650737598,7994.26546863068,8217.41582725551,5585.38921109152,8271.55158545538,5686.92347810651,5889.15950802915,7859.9386989139,5818.86296886503,1297.98062978285,5592.62509130773,7986.00670241162,8366.73738755013,1293.24118823038,1479.57465480684,5750.51113262042,8365.72304863107,1016.8693604698,6158.84586090159,241.244401543302,1012.92863194824,8060.27602819078,8043.98864759176,8136.99244228209,8317.88569334011,8228.44200981703,5410.41402382714,5740.13695702127,2116.31056830111,7855.40343225665,7950.1388666188,8072.60162573679,8025.33999688609,8001.12633167477,7838.09721772894,5441.95447687492,7992.76064601469,8105.83975997851,4661.31494848285,3352.04944602549,3227.65680582195,4892.36668637616,3044.15478104652,8171.80891215689,8195.2053098523,3100.5394689884,7657.65546994036,7644.93342929056,3310.86199853974,5032.56802711167,3020.31091286409,8130.29288453203,8143.81538491674,7364.14228592044,7687.08981336205,4420.6900017153,7594.24442537686,7033.9381830605,4532.89518085022,3425.73471367678,7570.56688459228,5406.00206204713,4441.94210303024,8145.43447407749,3131.1858564205,7522.59634207707,4919.73934236976,3255.01047446735,4934.20640985015,4707.64516886134,5169.95347959457,7490.12657353593,2840.89206799609,7902.92197158925,3205.46133195803,2996.03650693572,7366.84959239808,3178.16028265536,2754.80288359801,2999.74765990727,3190.4746424546,8022.12125381094,4737.18118406813,5208.62399709069,7391.06994512157,4861.17529212473,2983.13983029089,2919.58530042619,2920.16551756708,2851.9625881641,4893.59238222517,7683.29677035715,5164.87739243225,7789.34396086341,7502.54740080092,2928.4133046373,4444.06654123917,7502.71481280199,7412.75545050276,5325.10700415455,7136.05188716515,8100.82731264323,8031.45396859503,8095.07671021447,7510.03327217407,8160.0634843436,3280.46640936194,4820.4356060882,7388.64704923503,4960.84609378028,3014.30400393082,7953.48080075813,5010.83331885415,2991.65306378185,5280.65337502499,4806.42551952908,3167.89694506884,4979.6391293216,7495.1994067403,4243.61643849898,7548.40361176805,3010.11384181257,7438.98701660131,5350.5182944559,8267.36631301943,7488.66199989902,7588.00754632254,3296.49942310329,2839.72923308317,8043.21925604717,4911.41306452769,7589.569855716,2858.05891505975,2663.30006294188,7229.54166601865,4692.06719063093,8283.94621570221,2717.30195736489,4665.92297073351,7409.71794471805,4694.73259929348,7137.92472042288,4439.26470811304,7783.77605354838,2971.97152120557,7499.23542082,7568.84943927964,5276.54621555143,7627.84622380214,2808.5196424835,3120.08200441451,7711.81627265394,5134.29027130009,8116.2387847904,4816.77782089775,4422.01410181843,4832.18037280334,7202.71559076817,2871.6487068702,2996.42512161657,5089.39682702804,4690.27078488293,4843.52185810853,7599.68702633677,4776.66585521418,3334.16298445837,8168.11526910346,5108.15153314006,8221.4742653434,2940.77996274692,7533.29959435776,7669.67528302951,8006.31473544566,2757.8303373136,8043.46096484016,7548.07066351011,7941.46369709184,7982.24656992222,3085.78647798755,8013.79530507668,7500.13377075139,8367.17241501396,2960.73890996583,7748.65875622911,7646.7131039383,4698.86159535292,5265.60094672719,8255.57675717765,3285.03937621581,7186.87389218884,7776.57063551113,4285.54447525695,7470.40318306506,8102.16551429537
1244.2162307836,1273.19295292182,2037.2251767534,2020.6511923249,7465.7859665123,7626.86500536767,2313.9381443149,2290.67866852534,7516.23465474269,1373.95331401873,2120.95518096029,2406.41675955739,2538.38608352517,1279.46862212173,1368.53139468729,1651.04267035871,2790.43231337039,2329.55421486325,7738.69162841098,2292.75658945202,2087.47440960678,1286.56670637186,2353.86107971214,1359.02644541352,1270.31581502947,7380.33066661436,1275.70563267446,2106.61800102733,7491.07147915072,1290.73967345317,1254.20174239638,7632.76874486345,1386.25003174786,1290.95141977704,2505.09468958911,2207.10439580881,7402.35737402206,2464.25677722731,1298.34211103951,1326.29965358236,1245.39051111197,7723.07974689723,1333.61506767659,1349.01927114041,2445.93855401597,1299.64944801713,1364.28936563459,2027.01901430023,1330.16677859333,7446.71345491455,2481.18419449618,7403.91918821775,7481.83077307471,1247.29642516094,7576.59000848847,1325.55048726857,1325.56317216525,1254.74072585794,1305.62716083852,7618.17855641401,7503.16356163306,7188.53550299761,7541.17102817852,2765.91704828966,7645.18871636178,7721.6109824066,7599.23947091471,2017.500822572,1288.64617832899,1268.42894363588,1254.86486048637,1397.4288310881,1244.23870093523,3534.24974215045,1249.96494065879,1287.45282338353,3851.07116972459,2966.23307029688,1253.94980211763,3580.30670755186,3314.035915483,3379.32942872799,1302.85362147612,1481.10016426662,8081.18155896981,3251.13316794538,1450.24066504707,1249.54046916529,8484.86410080477,7881.98349169449,3963.42656176081,1280.15304972801,1508.95617105712,1265.42643931531,3480.46528571464,3347.86639944335,1250.8517219004,8182.8550155563,8052.56396280224,7952.27874045836,1467.17564966419,8033.95544272608,1344.4518147364,8189.42506791082,3449.47819712097,1246.48529601946,8205.75928620254,1306.73789216207,1256.0364564061,1259.65847592286,1271.86149921922,1473.65141941337,7930.83834819534,1321.05039105917,8005.21095608154,1357.27242082229,3506.50324912988,8397.90737598896,1418.97924077586,8312.81663224264,7979.06873954687,1342.7899099312,1278.74330898249,8071.65664444973,7841.25362275952,1303.73102015297,8442.05647448163,1533.62679892741,1305.89463437427,8258.15860553652,1255.79450481277,3285.40985171452,3281.13238326836,3105.90978584005,1258.31432836397,7560.76677129465,721.022189233163,7542.25142843835,972.618149906371,1300.69573539433,871.37516583552,7657.10121843198,2720.69113856888,1070.37808657899,7542.15689841637,909.048427834225,2706.03306109613,7533.91151202774,306.616771080161,7853.36363503674,2761.43129913686,7443.36109058253,7741.53709220199,1e+08,738.844790755969,347.161114530281,850.470424058836,7575.78424456921,267.385935685521,7622.83963519582,1014.59735692386,1156.09378766134,2810.83406906676,928.636136246036,1704.70040059565,1051.21205432147,911.109591639568,875.526008880283,2569.61348749216,1164.00841860242,794.654396896635,2583.59171054085,312.391045100437,910.378025080965,828.731693685805,1627.01391627332,1086.34194150222,7778.68281900758,2519.14812061914,7527.73964531251,2753.74264380966,913.559269265031,7945.30366340706,394.339899230361,2214.91280199819,7583.44865929035,416.39706012612,198.257329344666,2395.94408281369,1065.90648378411,2731.42987786492,1053.33188897494,536.532795794865,783.220080266657,2698.95071047628,780.096811288345,7694.0475455026,1095.70538637487,2612.3851629528,1251.79956121651,536.680646081787,7604.5615191482,7578.84226462012,2710.87984357906,2719.41329525183,432.973813965006,2518.38555013839,948.987617429955,7723.2806116193,994.624565906834,963.848023991434,2704.25500469499,7762.67568711908,396.870519929707,7512.11403514116,3036.03108057557,533.378518535127,7844.90068451878,7497.84268511578,7668.93541918431,978.092756229186,1279.52392238434,7568.50910125364,539.24810023892,7570.02147713824,7845.02979158666,7241.2186309767,2789.86965008627,7802.8919010435,1034.6763382022,2693.81434929366,1496.42476108291,937.315620262589,2598.47804138927,7798.83612691673,7612.24404970062,7493.06068363727,860.055787483518,7691.88911371719,7812.41143493543,2713.90072874435,766.405707959121,993.337600422993,996.985642045586,7783.87615501686,678.126063998862,873.94860418134,1006.71022155811,1092.41033472147,895.447773286557,1225.55681114878,1150.07753650059,2497.30823727031,2572.9514833029,2588.4828153873,157.055693554914,537.371547720284,238.152806484198,591.235931220442,1018.85896236649,2718.83033801151,1006.35761353759,2548.49486245092,2393.67093465199,422.36985315551,2406.65997824827,7713.47715430384,2690.675420147,784.064191449697,1153.7489577933,7264.47737363738,7386.55775486063,3068.83291959054,1164.8905106976,7888.36179986806,2276.97340076801,7769.01606079102,7472.79829478487,891.500215671574,971.250565831909,994.640649554095,1234.70991918308,998.48243313642,2760.42760946879,2499.87971709979,7436.4130736165,371.908794570079,537.252128459473,963.275912769664,888.093393811356,550.748351234289,285.105343748771,2922.64322153402,548.118636302641,847.942129784823,3833.10387166361,8445.65284480109,8269.97420424851,3740.67162758472,8111.78949385286,1095.51052013633,1162.58389263934,8425.04230876873,819.688418538765,787.712931312581,8403.49826712097,3815.20829978805,8355.33215147645,1092.10754870127,1094.77621088884,776.121798799025,613.287291651707,4036.48271103191,469.624819318088,1138.95944616894,3991.94052870443,8468.14447537182,396.185236541831,3772.46661153149,4006.46852641458,1068.04639192302,8287.93792248688,398.10766213702,3802.42427541814,8377.33780841955,3759.83174684292,3792.22687145107,3728.56692542454,809.584055956103,8184.9322952697,836.103894767956,8237.08972598494,8278.93671497824,720.127679085751,8328.29385006304,8438.32712342463,8383.11713529457,8452.35018763771,1019.76503160416,3769.55729267436,3757.26448261591,701.781323020123,3780.1218715779,8322.93651331419,8191.88373984342,8248.09926602001,8308.44551068753,3826.52237268947,873.73748346446,3684.67732697199,568.142241849499,810.462204509295,8161.28305941117,4117.51166880136,898.190228530912,614.387063497628,3634.85115389763,1048.26339179272,1066.99825652543,979.228557205373,1180.69972822171,1097.90125273865,1088.17423972469,8136.16715110451,3903.1939553582,588.307522175059,3219.81159222905,8243.15679505441,1013.90570961353,3848.1489242735,8278.17658405895,3441.89889643612,3846.93334790967,8328.04088259658,3820.32661403365,584.136797951671,4165.84820641747,754.810130188329,8626.74541045383,864.255925747899,3655.22234316293,1237.38588601293,899.40617389221,456.872560588772,8356.74310147353,8317.44831962247,1038.34324110685,3797.16107756327,846.43068118757,8583.93931645024,8768.46243947477,900.57180429064,3940.0207777331,1235.42060767033,8137.23253265959,3954.21890737382,733.644156111974,3916.31290208727,1119.94336995872,3865.00849071472,387.232304927331,8295.0885123273,538.110794385287,835.098097590258,3787.35384283779,875.215950800321,8291.38919158852,8213.09368533466,723.533268656886,3755.76527369115,1107.56520253105,3831.04175637162,4028.46634922338,3919.96448760575,920.984136456269,8254.81287541196,8127.29384604184,3732.12387048148,3805.78159147826,3871.43376255837,439.543035042332,3971.48045948295,8438.27989286932,1288.10969345682,3733.65743991758,1159.78920761406,8477.25387683017,864.691496928427,812.53692939006,994.634516785317,8320.9434754542,1071.14513463951,459.641955149025,931.459062763721,996.863381292837,8092.16784913949,1029.71048795687,469.167069471798,1279.91404467839,8359.81310700376,882.393844935875,395.249723557905,3881.52751832921,3697.4185789592,1327.27652207189,8316.51549988341,1072.52312511417,898.831031011818,4140.04357384174,760.096084083652,1068.23617233299
1289.74901401399,1347.64473056056,1945.79761882991,1930.05300919806,7325.75462819963,7486.60732390366,2211.29495153303,2188.82027408063,7376.13115325342,1475.04167527939,2025.64798539673,2300.87672289893,2429.24569585239,1356.66375507568,1468.68905693602,1778.53012379393,2675.75405177551,2226.39740596899,7598.28354266811,2190.82709788461,1993.65947658675,1366.52699775048,2249.92522167069,1457.47282035387,1343.3907360072,7240.42432310411,1351.29491026613,2011.94067580487,7351.00382335042,1372.19260290132,1317.13574034512,7492.50298866007,1489.33916768775,1295.85658244081,2396.80977219766,2108.2775143725,7262.41847445166,2357.06825347765,1300.16708633315,1417.88660335928,1284.46387056739,7582.6923405541,1426.88903537449,1445.54197139737,2339.2595643179,1384.02534102966,1463.69633014296,1936.09960404398,1320.81757031859,7306.70970989662,2373.53472206798,7263.97798923955,7341.77635489567,1302.56796730171,7436.40171199116,1416.95871522747,1416.97443589764,1318.12491859156,1391.79620783196,7477.93278343141,7363.07864365615,7048.9230097369,7401.03229201528,2651.71402035112,7504.90602255438,7581.22552681732,7459.01977713406,1927.06276815634,1369.36130539806,1340.55183445368,1281.07410427791,1370.68790445624,1290.47003726229,3409.31388434304,1308.77461408655,1293.90571319705,3723.34554255764,2848.46973249447,1316.66883070147,3454.92340428495,3191.47897194642,3256.02257414529,1302.90771404229,1438.73280368395,7940.34407828739,3129.3383201069,1413.09615738277,1281.42188416084,8343.5738451988,7741.39024194827,3834.85367131158,1290.06038694131,1462.29854350236,1283.62697830654,3356.07251000086,3224.91587127564,1310.63333015932,8041.89840686326,7911.76066986016,7811.59760928577,1427.09859132879,7893.17453858551,1330.85882325494,8048.46088416457,3325.40887018905,1283.08567214194,8064.77633313927,1305.32529810378,1281.20457414301,1281.89500135106,1286.16455090598,1432.49630021974,7790.18382101515,1411.35997425412,7864.46488375499,1455.39110954287,3381.8447154459,8256.71022403642,1387.73490753136,8171.71286256967,7838.35460989236,1329.67167693395,1289.3583294467,7930.83051003711,7700.71216879771,1389.34425602656,8300.81176394948,1483.45669917298,1304.79615985092,8117.116046191,1281.17331723027,3163.19471983717,3158.96903623335,2986.0405839712,1281.5945364032,7418.52244857869,862.850213932116,7406.38509952556,1161.3911311145,1434.27778634286,1012.08408653002,7516.33202228434,2526.38819362807,1231.56293539532,7395.58134682212,1008.13541732228,2709.76885115166,7389.60190299255,696.468538769209,7712.02923485116,2644.51257980818,7292.58006910987,7601.26283841026,738.844790755969,1e+08,817.064829901241,1372.00920433448,7438.47055622694,726.351413400948,7484.76481662115,1095.44853208745,1478.84501570796,2919.74716970309,1154.26903874877,1846.31020692441,1162.91208975131,1042.25850275926,1029.23559887399,2453.5135715235,1191.05500288422,1335.04212429175,2492.30009475193,825.018235757074,1031.03841773971,1229.46474625549,1788.49337829943,1308.82642332898,7633.04829591877,2462.53058056178,7379.32586838673,2685.01619474739,1026.47974231571,7801.53688375726,929.701322973399,2042.24742321403,7418.15073028813,728.585984679328,724.693795863505,2321.09521362483,1214.1960942796,2641.19483375131,1118.65116474704,873.256765031378,1238.02343805952,2563.13170329845,1253.97573217899,7548.77875880526,1573.89542292359,2615.75442252218,1281.86281311352,566.270372533813,7463.53486326271,7431.49047668036,2650.47772568984,2611.37438498011,946.360369481394,2397.77570253573,1098.58577065864,7585.33978517521,1123.21892451903,1117.49899518102,2615.50275531217,7622.24403310185,670.914888921051,7360.79944899307,3128.61201796752,656.949952001521,7706.37772370553,7356.06863391134,7534.99668490467,1071.97498938124,1397.08645208983,7415.22917933204,1081.47859231191,7420.86291096918,7710.04825493795,7111.00139656255,2743.26607065984,7653.13174582264,741.948552417548,2866.09675949809,1653.25271662311,539.862537593596,2464.3326391484,7653.45458017145,7466.37365887549,7327.83831210418,1027.8620213864,7541.08557481855,7662.82033264076,2586.5585032259,1296.30986975775,1177.91150146505,1120.89022954017,7642.54862603291,906.483869977332,1119.76109907181,1186.50948345173,1329.50858996127,1033.03949123326,1353.60807674448,1312.11170071273,2384.17738249312,2645.81832053645,2543.3071127341,808.404975666892,765.94787499625,779.244990387841,687.652535946484,1165.68733202182,2642.42099629597,1223.6930146547,2420.87968801646,2264.94379749732,978.62075414205,2262.89149556013,7563.84099673873,2557.96333080012,1324.59932754351,1280.13794473664,7120.57623977554,7235.95129595737,3246.5434714588,1297.17434355263,7749.74501115566,2133.38149178966,7631.09191424658,7332.27051755257,1014.58549077242,1100.52346090837,1126.35057310823,1227.24641584076,1159.26640694086,2693.91935218159,2402.41897755399,7338.1897150717,562.105097620011,666.390076358113,1093.02013742888,987.761231198708,745.432234022608,594.642045459655,2819.60739956267,705.19355394904,1102.36482836976,3461.30851220192,8181.81163632721,7998.14297962106,3329.18701178526,7852.14654387326,1431.16230080415,1209.98158534884,8158.02894421307,920.338510059793,967.447748291947,8126.48191164118,3388.67079150112,8092.30643739205,1185.00733394398,1171.70499935545,378.92028074338,440.892970124487,3703.23248162562,473.816923923458,1129.75516717417,3625.73469278763,8191.87617050025,597.295162447765,3336.40617030348,3654.08210827905,1187.28697692305,8024.36393673587,715.228919331359,3377.6509633667,8106.73908438605,3335.68442409824,3408.57361577264,3293.28169974925,318.173418403997,7939.41314725708,652.571463899605,7966.94789225778,8017.12199963719,736.089234433048,8057.56536182959,8210.43418424589,8129.84456942629,8187.91544977387,1087.12105574502,3375.45623793374,3330.18573738651,722.881330418611,3363.84783808411,8061.85206355104,7938.28071932689,8001.02872601155,8058.58399174374,3404.3877501795,1099.67708095897,3258.02266900631,526.783597688497,888.982363099952,7914.71558844385,3745.7215163073,938.417637006548,674.077573271618,3199.26686313064,1116.24925252078,1172.44317235669,1213.67856819188,1566.09275103335,597.223040430128,1176.45449041425,7857.77543973736,3480.09177903078,858.482120465843,2953.37648245634,7983.55051770748,1364.07171068212,3426.04101580119,8023.0248213929,3016.42758392155,3434.92221418026,8059.00206301143,3397.05634374118,472.667655494624,3933.33770328046,886.182782264742,8354.34646635736,902.056435967088,3208.41964546887,1614.73029604363,968.903456737207,479.914854969158,8084.07760147991,8066.7555772004,1089.47183393997,3373.84918955938,862.869605566499,8339.82648583624,8540.44585679882,765.671670017089,3533.58871572687,1625.09331589481,7905.75598755319,3550.56743628741,487.197465319685,3513.55817126652,1394.82111335351,3546.17014390915,623.189014979553,8041.98179062463,538.789967017135,1004.38070982441,3353.01577755883,1041.49365778086,8047.0491095973,7944.28641097068,409.141876159293,3324.19239178049,1146.4438676951,3417.11152567317,3694.01644276868,3501.77688489259,903.668511467648,8005.1807697852,7873.90987880918,3299.08355870148,3438.75077922537,3445.81895863988,510.940527883285,3550.04533841991,8165.76374398482,1676.31215767486,3299.55021369446,1218.63509128612,8235.29409952585,849.85676730088,1045.75906391188,1069.79372131289,8083.00562919125,1156.43195219973,831.994817593692,1208.68407091942,1048.11930417186,7828.73720353928,1093.71772704711,596.243375790873,1678.94152955415,8104.1542672569,1033.90064310153,562.939868802853,3476.43207936877,3256.76266923277,1718.00658507899,8040.90283592383,1273.35229760456,1173.54744906439,3848.25297869671,294.711855551393,1143.77325296456
1166.2539523137,1155.83682522352,2132.24199518357,2114.61831412466,7629.77545586352,7791.2553466328,2423.36147482306,2399.07898711234,7680.35174615481,1220.47595923074,2220.90795048987,2519.63968500511,2656.38822475968,1158.3534578723,1216.28869515927,1464.92006601325,2915.93123508674,2439.6484813129,7903.34935592739,2401.24947939043,2185.52337692572,1161.66519474143,2464.97522164917,1209.06226434986,1154.84665394554,7544.09956852387,1156.79068329512,2205.76635768903,7655.1251636112,1163.79609442969,1152.61574335098,7797.17342037192,1230.13031159268,1266.37679910672,2621.95509041453,2311.57626546917,7566.18367732304,2579.65963682585,1277.7034199645,1185.55829751249,1176.09704931177,7887.70066192429,1190.59398945345,1201.62817814691,2560.66616385495,1168.71234467651,1213.04490657525,2121.39248098857,1323.68513389179,7610.65420122691,2597.19906734074,7567.74954712984,7645.86105320025,1156.15475587405,7740.85727478411,1185.05101363735,1185.05958934785,1152.53951839966,1172.24469077118,7782.54776209391,7667.24777523236,7351.7879548979,7705.35049024022,2890.76481747728,7809.62346710073,7886.228425604,7763.5624081986,2111.26548564391,1162.71178829854,1154.2645049495,1202.63821001614,1412.64970744811,1165.3352581545,3674.25939053448,1154.00744367547,1260.89475973456,3995.2158393609,3095.99952618687,1152.65751481855,3720.97308931894,3450.59175288649,3516.96739695494,1284.47105013793,1515.56795869335,8246.60728178567,3386.59520843578,1478.29479010908,1189.8221887713,8651.1073509662,8046.97154421448,4108.84728124979,1249.15398185884,1548.68261653371,1223.68463990487,3619.68095517023,3484.98944995814,1153.56913928754,8348.49505106545,8217.92828292533,8117.42401846275,1498.83283215003,8199.27957592499,1343.30016506703,8355.07874972273,3588.22257854942,1180.49370533303,8371.44679023815,1290.22022702176,1205.17899978746,1212.64648424212,1235.18278027558,1506.63191112663,8095.93599919706,1182.03927064847,8170.4726058758,1207.74570465175,3646.1070307996,8563.98185202658,1439.76626155312,8478.72217945639,8144.27312937957,1341.04317735818,1246.83202679318,8237.06198387221,8006.149145247,1171.10609414159,8608.21711875309,1577.6542291919,1288.97784013505,8423.95361162571,1204.66011024926,3421.47438032666,3417.12258142125,3238.63314117597,1209.9349808931,7742.73476977289,521.335209382649,7710.25995369003,724.350888909538,1069.80139101683,620.623852205686,7835.34153155097,2901.85993763576,867.497655368433,7715.21288917129,669.826352480121,2814.76684753526,7706.0874471021,184.837213751293,8030.44764651427,2901.91979422525,7619.33577820868,7907.82402066319,347.161114530281,817.064829901241,1e+08,779.704662598768,7740.80764659109,198.167042391544,7792.62016668265,856.104047053125,896.676181340913,2935.30304186561,672.633851330236,1499.79962641553,885.127472766312,736.314430270254,642.082567490585,2717.04414971607,1081.9854369987,737.063099572733,2710.3411183754,89.9001996881314,705.764627739064,628.435737840088,1375.62646866732,830.439592038962,7953.37724592316,2621.91854838201,7696.92658845886,2848.25720915028,754.514690641908,8122.67860500572,234.476633106949,2369.93028817504,7764.28920401128,210.850644163678,195.769744547708,2492.40969254454,831.893510333693,2882.58746528599,905.260979551445,227.355787645844,816.834319549332,2860.09274296128,681.76707488849,7870.27460511895,1044.07720434482,2732.43954651164,1170.51794646365,775.432330912828,7788.26019033721,7750.00670578392,2815.10067584693,2873.30034201652,209.243674820936,2662.73476678963,721.64529982748,7890.6622579823,826.846724996077,733.345076354034,2833.57743169431,7932.72357667476,261.076380836027,7682.49957175709,3167.7471794667,422.707715634761,8020.73856657317,7681.34724666712,7835.25215253316,783.01362115887,1079.07131926765,7746.66003086276,595.127487448686,7740.44739691275,8013.33846472968,7407.97103808099,2907.42707021224,7983.03107621017,1023.922374901,2812.2709721492,1267.10293912153,948.479651412405,2758.52049358783,7967.55019724693,7788.69248630441,7681.53175408621,618.221617850845,7864.80233030688,7996.76925596874,2857.31590014775,703.72474084219,744.927782042946,831.470794150345,7963.39790921147,393.646091901285,612.454325848158,752.652189577009,841.300217698737,655.650683234937,1014.31833410325,913.26126515239,2634.78994306217,2670.39243986065,2694.99258962528,419.037055706349,313.618045115509,146.651598002348,465.907934905036,762.87118163963,2830.55765237516,747.648284028146,2701.80673878202,2551.45739942558,314.619567955149,2558.46331097063,7901.13177925441,2837.63621976709,700.727156371695,912.445799363118,7442.54354643221,7573.2724480215,3223.15850915493,937.573735822221,8066.16333062714,2425.56411377494,7936.37632505981,7649.28819443274,709.606916905105,754.087829122249,820.050939190793,1174.15343133321,756.925381970407,2892.75818176188,2647.78338859237,7600.27877232388,364.639287260322,429.56029350266,813.531318335445,727.403946753829,364.549785144154,316.513830743994,3068.91980589453,376.450539516908,584.887858688837,4017.16389939211,8636.18264551359,8465.59834295053,3922.34769901348,8314.00640997041,1004.44674933137,1066.01693271577,8623.63513024741,635.727531060782,614.737399995672,8599.52500775512,3984.57679987533,8554.96404683339,928.312065734743,989.235301019964,904.006490977457,636.614797873178,4228.65186352328,626.39313440086,1316.26952716001,4174.30028567992,8662.09188904317,598.209418617092,3936.70700835177,4194.35946452629,904.350046973679,8485.25526690037,631.804366399773,3963.65845592589,8572.27080901703,3928.88527041985,3974.037621949,3893.75575275767,883.4541968771,8386.24266623343,811.423930053941,8433.63149540773,8479.46335214064,911.834456267224,8525.82263089558,8638.9826731119,8582.19899385235,8645.69671903525,909.671472627749,3943.19836797419,3925.76359421316,899.999616991107,3952.53683289243,8523.61234420732,8393.06543187354,8450.53441268126,8508.61242162177,3988.96167785735,747.527407372441,3856.98952068601,566.290400181174,691.653227775839,8362.90090975689,4288.17320374116,774.794705172356,825.982465450959,3804.67443335354,1222.16396414588,902.055648288419,815.451104321586,1130.43173149058,1133.27575142162,958.891107546649,8331.67053555239,4068.89004477967,801.826472335085,3411.52018594057,8442.23549907269,935.253225303909,4015.69279027097,8478.3773860434,3624.03597492022,4024.10237278198,8526.12927299331,3991.70767553174,746.092767088303,4381.06004922122,612.486785454192,8823.29425332504,764.514670140861,3816.57644648061,1171.87931235382,777.137907806558,593.41803814788,8551.83332200175,8517.48775644224,923.28442191073,3970.49954201179,751.312248077497,8782.89159886081,8966.77508568751,1077.73113972567,4115.32405054338,1159.02941155309,8337.63069808826,4125.0316016457,877.382453802504,4091.68857077506,1273.9253826974,4053.23321038933,373.565899196139,8494.08549046778,725.063659539459,682.691256960531,3950.8072845596,773.918714402309,8492.27300280771,8412.39108952114,749.531902271158,3925.09373466644,1001.67707138887,4007.65452498141,4211.42970128017,4090.22497673822,1108.65562662201,8455.68971838119,8330.06480242926,3896.03382332027,3989.98432230017,4039.73882402948,580.40542238385,4135.7473356762,8623.28549530567,1250.5063168747,3901.30583909244,1093.91890242988,8677.2072366589,775.153780457158,689.599626436371,862.879772394908,8521.84738219412,926.986277158883,664.310341230606,791.068084636981,892.113014391105,8293.59562093894,869.8732048712,662.395476004625,1204.92222504483,8558.96934966351,727.307116543024,497.250823062624,4053.04462034193,3861.26176376069,1274.15826102999,8507.02680508877,1235.46977749647,781.224422500358,4340.7947873487,853.30245136949,891.599607640281
1242.39289054979,1236.95752110155,2159.9598438559,2142.75951721552,7622.53950298437,7783.75096874,2445.03037667168,2421.19301196591,7673.03048516873,1302.36073495159,2246.60463402998,2539.63274565351,2674.22042360357,1239.76303473625,1298.23937160983,1540.33113093868,2930.24487245064,2461.02407080146,7895.66521023886,2423.32332940716,2212.00566970349,1243.32502692356,2485.90283106119,1291.11290236015,1235.80789787433,7537.01078527318,1238.03590656061,2231.79592560383,7647.8463093654,1245.57300407753,1232.13410589814,7789.65941996409,1311.84472127653,1331.65558887226,2640.30907481201,2335.3765516962,7559.05663441519,2598.67460132158,1342.03386777088,1267.75562114188,1250.75002444625,7880.04130010712,1272.79074666169,1283.75968023199,2579.98542933612,1250.67984823131,1295.04276592334,2149.37006418137,1384.45099469198,7603.45080135703,2615.9371836397,7560.61980006178,7638.59784377286,1234.30907815276,7733.4354487715,1267.24711967314,1267.25571807755,1232.13119024818,1254.30250980845,7775.0575694177,7659.94850700245,7345.04224250789,7697.98748440494,2905.39071272003,7802.08927195576,7878.57140061681,7756.1032561986,2139.48808762674,1244.43244868293,1235.11005267398,1274.03273777357,1467.48997895065,1241.62816182465,3681.24074386656,1232.81805920206,1326.6443143655,3999.95925043014,3108.23325664327,1232.14059052235,3727.60387681689,3459.38810247883,3525.20015247563,1348.24946327861,1564.67867477832,8238.40355841182,3395.95666934724,1529.36561867182,1262.69896306951,8642.34513252721,8039.06451511336,4112.88482133615,1315.94008822443,1596.14716946236,1292.87606327226,3627.08376786408,3493.49095002684,1232.55226698251,8340.14546543506,8209.76627981878,8109.41058927002,1548.80888422785,8191.14486097607,1402.66238839363,8346.71986331485,3595.87435049992,1254.5496705192,8363.06484519657,1353.53771553466,1276.29420055849,1282.96359919753,1303.25879927333,1556.20178662243,8087.95482237793,1264.22264623733,8162.3802924462,1289.812431301,3653.30414748694,8555.33539665305,1492.99626210757,8470.19134966426,8136.21964440627,1400.56377802171,1313.82802855528,8228.87211354571,7998.30463964078,1253.13815471115,8599.51159062231,1623.74563513756,1352.3943265521,8415.49831199929,1275.8320151214,3430.52512609803,3426.21173501148,3249.39008707939,1280.53815409196,7827.98247855765,1065.91119351235,7728.74356746288,863.333227128731,1292.51866988684,973.740750152667,7912.11146039902,3239.35272564175,1215.57279851271,7813.24297785357,1090.62130071108,2946.41048421324,7796.8393437088,905.091229104058,8106.21627846438,3182.92622467473,7722.16642580619,7945.68907961581,850.470424058836,1372.00920433448,779.704662598768,1e+08,7766.52780220826,875.89013133039,7850.02297271766,1306.21825341497,963.853273135177,2928.33265776362,828.035138862273,1774.59814205772,1299.67093095548,1155.38496205647,995.637917379069,3021.87239185582,1576.06718192998,140.546687958777,2977.91557328575,778.893839359356,1120.11632221588,553.678281206499,1467.42599552164,933.121936509354,8045.91938946478,2840.90414646657,7777.91806408111,3030.10323136174,1199.26441273103,8207.6778359907,620.723056419885,2762.58184826951,7885.98838294498,906.288562940095,845.957530180921,2714.60000674423,1095.0978277851,3152.56099765842,1346.61787309056,823.285011364196,661.254594193367,3161.31027673203,238.336058962165,7962.50849623567,520.781105049616,2825.76111613759,1624.7555675654,1128.11152347804,7879.83193180602,7843.3527208204,3012.5978312066,3157.56390476034,646.855535806684,2969.00407178073,1084.98232419164,7920.83349466256,1241.29846138982,1047.24842183667,3086.09763101215,7974.5812315116,938.806102754418,7779.29058365592,3136.83884521584,1074.54422890296,8099.88154498828,7780.47231795845,7831.91120844167,1192.6044050896,1402.07892859924,7848.73456231632,539.028050387145,7826.75418702059,8059.39794294243,7439.51048370648,3118.35491967804,8089.6864329188,1529.0131845549,2639.43903722527,1537.01796893012,1475.86139321541,3063.02652950362,8028.49836383215,7891.65288077208,7813.88877897646,991.863287587169,7967.17050054523,8106.99519619283,3162.88675013725,159.330278296514,903.684302418821,1241.51854328471,8048.53546477387,837.34073835959,795.302538821014,1027.13845324126,912.816939101742,1049.5408055814,1319.08760263627,1145.92731423424,2935.66210998363,2664.33133639262,2882.57845164077,789.995393952714,968.07453185587,803.138778140963,1075.77809861457,1017.26259415858,3058.31619844506,892.064635255211,2997.46663059435,2875.41977499522,574.176301276894,2871.29591305571,8010.40970517452,3136.40194083994,142.207640414343,1163.93458501618,7526.64684733636,7678.6000761881,3002.41925571538,1242.01627700391,8151.01924967894,2791.44811215722,7978.86818067506,7729.07607528926,1155.81535654285,1081.80623154823,1209.48351936624,1667.94504338803,1074.90517264575,3121.43487687382,2937.42698747496,7582.37068449326,1015.19729844569,1080.50368734542,1251.40406113737,1189.7309021719,1010.8152044011,970.189679562043,3349.28856485089,1026.72394765296,741.693381748485,4323.47450601268,8714.61716264304,8575.79210769243,4243.65410292277,8442.19553611401,877.112147777143,1499.1664381874,8748.55336679776,933.420511530101,844.066203766698,8724.28060336735,4312.90308488405,8686.78824073031,1312.95478579353,1433.16182578647,1354.8883557469,1192.16757663208,4512.22704776644,1100.48361525174,1360.31373621819,4473.27836229239,8767.72061031578,1002.50629985084,4280.91730245138,4479.04538504729,1287.50498245565,8596.16433699561,942.026513965707,4289.05309638213,8675.45193773351,4252.9993538001,4284.35960879901,4228.35794145748,1364.34200533378,8512.11533950954,1312.36518641638,8538.2492288787,8616.51157394717,1076.67072258574,8646.74829089017,8751.66344167307,8697.34391870002,8745.49339330479,1348.71829488897,4258.53079559671,4256.31758456222,1085.60857867691,4274.57530335706,8661.19458364841,8512.54411813446,8574.410548222,8634.30969961177,4311.55685767241,761.056139516746,4194.94944025664,1139.95530423123,968.929689181931,8474.69741125304,4584.0627925488,1017.08426017328,1060.69744694644,4145.79562565821,1245.35947215242,1290.22205544426,858.093829617325,810.841903002421,1590.18063592,1390.55983828924,8441.37885474472,4395.37031615208,929.703974153333,3705.83075520679,8566.43816798077,768.152353563493,4339.99503877294,8599.13355943761,3968.14340130162,4344.45092188075,8649.64146093606,4316.76744067599,1146.60943797251,4590.56400539737,983.148969290318,8972.18311482432,1063.38111694559,4166.22159497228,895.504933058889,1015.55616060707,1090.44337173124,8660.168135821,8643.94516869503,1385.74531670687,4299.13221360832,1141.2210140615,8908.57698752439,9086.56027875602,1299.59541495016,4425.6934432113,868.918899708541,8461.14339851918,4428.79759758747,1272.9753091916,4410.99026134165,1229.97234878605,4318.70261545608,1006.89449798108,8612.74621767897,1089.15339515611,872.592885389905,4286.72592680755,838.764688304569,8623.98862635094,8536.12002423882,1272.94819176314,4259.78391668731,1439.46203439174,4329.71190235961,4488.40022456556,4410.12675361298,1194.74076809572,8588.27541399938,8457.96485644869,4230.11915824141,4303.98276447374,4370.54785288226,1070.95682328107,4456.73203654799,8704.4193154407,879.877138427441,4236.54625397272,1544.3500083058,8796.83916562743,1174.59614715047,740.325316481152,1294.653190871,8644.11378300076,1308.7399022864,846.855380251417,790.657435139245,1363.34533400543,8419.76631127434,1321.41098952479,1034.85054723823,900.255837220179,8685.24654916164,833.3182543259,1057.46443437249,4363.47196250813,4202.21396767625,897.952323875378,8603.4302188273,1211.28497673411,739.521415648675,4587.05864917528,1335.3224462768,1287.00566222335
7744.73224831609,8002.30982963768,6215.44421439622,6235.04063190839,2225.776695493,2227.71204479733,5901.25286559344,5926.86580446469,2225.09417717213,8303.15993995322,6117.95777720995,5800.59111930028,5659.83777602542,8029.38762816626,8290.7331213337,8788.29290927928,5398.81449279097,5884.12589256289,2236.07488688203,5924.57252120642,6156.65018465468,8057.36296739527,5857.57433163094,8268.3695834925,7988.95379907078,2229.6137054067,8013.45970434171,6134.48171944628,2225.28760550511,8072.77365137441,7894.66023416216,2228.01028052137,8330.54898393842,7414.19769757071,5695.0506587844,6019.98317509555,2228.30263836122,5738.51024350918,7388.67792745293,8184.27195371375,7691.44007530409,2234.56436081904,8204.20715037582,8243.93467109406,5758.10289851462,8103.63737236443,8280.84719426478,6227.49907324963,7293.93179740754,2226.34101289434,5720.4599131711,2228.21815913342,2225.43209347738,7827.19720998914,2225.82246775885,8182.18600490783,8182.22139634798,7898.71312476425,8123.05612276411,2227.30238192673,2225.15813424515,2250.40697478185,2225.1911259128,5423.80804414292,2228.68999152657,2234.42795722811,2226.52960949822,6238.77753903802,8065.12795168107,7979.80480171485,7587.12174530484,7136.22107606814,7750.55234921122,4672.47566306248,7858.01234343756,7426.94561822056,4379.47665790987,5221.78114212507,7892.72879690918,4629.30491097743,4881.64047075948,4819.14296225027,7373.90522183253,6977.46095818259,2296.48698722099,4942.2410948501,7032.8513963181,7632.92911600401,2429.93220599842,2255.07411273356,4277.81160446201,7455.2429681769,6929.84427503356,7522.53656848822,4723.13948101894,4849.20747152631,7866.57407647777,2324.08077824926,2289.49291891855,2267.73068693858,7002.07677980116,2285.13023272818,7256.80508401563,2326.00884041547,4752.45152516957,7671.24360756646,2330.87739528336,7361.60860760375,7578.72836477782,7555.09844971704,7490.99971981159,6990.5559308363,2263.6409666469,8169.46835416337,2278.68035082621,8264.15609091141,4698.57856802658,2395.95467914087,7092.49443205965,2365.39188525904,2273.12145341385,7260.99577543284,7461.0166114249,2294.12095639088,2248.73822931679,8116.99555939549,2412.86598533167,6889.24500222082,7364.24706716754,2347.21105746976,7580.42679003875,4909.17079242388,4913.29140364475,5083.66316553654,7563.51132352215,1295.24421585667,7971.55417055689,1032.59970151491,8000.7675084344,8270.35223377861,7874.33784657854,1132.27280949146,5536.57561047513,8160.96267411111,1229.08053694368,7880.23262484534,5374.24716012162,1377.28721079926,7728.72910573755,930.76232848374,5358.82894707908,1258.06367620416,603.289482725916,7575.78424456921,7438.47055622694,7740.80764659109,7766.52780220826,1e+08,7741.9348531584,895.743386453202,8021.42290968694,8151.42816527496,5483.77600445885,7972.43581875969,8920.14066439916,8061.93432640033,7894.23011211958,7883.68854751093,5535.76999771611,8104.77967189707,7740.8269628517,5590.52966896761,7748.82462281114,7906.21905331287,7948.61978802307,8746.55319393268,8214.63595444856,1133.80062681334,5579.53498051461,1111.80480087342,5319.71946736759,7921.43182675621,1117.80566520376,7708.18172790748,6134.46759911809,1472.35535908878,7743.93544692817,7693.22859634168,5627.46612114682,8089.68044842473,5341.27620419549,8005.89283889074,7896.45365831461,7387.3566576953,5445.23003907725,7843.90147961798,1202.91257348507,7721.34053745033,5440.40882630356,8281.7405593302,7238.09476409508,1498.58236526807,1420.28006533555,5414.85132003624,5460.67915852,7808.47699150066,5612.83973245917,8002.5014446245,685.912404841965,7992.06009090539,8029.58443530658,5421.42350775024,646.376567274417,7764.03154945624,1347.361737997,5222.32836791493,7800.42681829209,1088.806895019,1486.63562122206,610.048038389677,7953.99610586639,8296.69159833561,1208.77625417855,7511.69937013832,1101.50663633364,740.915787755852,809.902993871458,5318.84462590328,1369.69646510234,7860.96875791695,5938.40124892801,8673.95224389848,7716.87989489303,5501.73350695208,712.314139484757,1314.65441522981,1772.24212079554,7886.87284058543,1323.9728539944,1391.91022228667,5534.65019530004,7731.37557773984,8034.97109215445,7997.14551684082,1068.47801661292,7878.60604824623,7927.35663040364,8079.67725682023,8187.13959713636,7947.5447683625,8270.50287964506,8232.55778831964,5636.40794657213,5727.58492943674,5501.19214764737,7545.56747571575,7849.02874637365,7701.2551541381,7829.99503908714,8040.75863012584,5431.43266066297,8086.4691168811,5535.05921989385,5742.54539893812,7693.21516696395,5666.95158195221,1415.16220755659,5443.25689566255,7810.90365441555,8194.78161340735,1341.84433357738,1548.15936096371,5521.88188531384,8199.62167513573,1143.49836353183,6018.97916910311,572.290531980605,1068.20805767613,7900.02956111748,7878.71638951078,7977.98179446542,8169.8769476925,8059.7461895595,5254.74338569014,5596.06628025279,1922.67380370873,7690.33540017155,7786.14777773785,7913.54653015427,7864.14463596784,7838.01501555185,7672.39321581562,5296.21611092976,7828.25286349662,7924.36589815496,4535.56314993792,3383.52758220769,3290.75372893009,4779.62154622617,3141.03995361221,7988.67443343714,8041.4322541119,3203.79542911436,7479.75448525045,7468.40621238881,3391.58125771083,4905.61702994139,3142.6665600294,7972.37908683903,7991.51191844685,7202.29738803255,7520.16437144414,4299.19033298236,7425.62165228734,6876.1046917771,4405.24017720349,3474.42615163663,7402.82461019452,5291.44984817457,4318.7785026136,7989.28030952091,3198.17968104041,7354.00712133558,4774.21897165415,3305.86375479307,4800.53333320578,4581.93009608387,5040.94683362536,7329.69613301026,2949.97592139488,7738.9643514923,3261.73788132105,3120.96418269462,7201.79921894561,3257.32244562315,2880.40735747738,3108.24586059522,3253.56611867786,7865.85462143034,4597.96922502479,5087.7219123739,7226.48004813227,4728.61735453803,3123.61391919847,3012.65002624927,3037.43976455145,2971.25565399823,4749.40428087984,7490.30831220632,5043.82201129164,7622.86856812211,7328.85025598245,3005.64626448587,4292.22879557682,7326.5728239694,7246.11374054337,5207.04509369657,6974.4772291471,7940.75387377709,7842.28595484074,7913.29682465452,7350.94151937899,8006.43402239252,3334.63850320427,4680.65737401306,7221.44868130737,4824.74750681058,3116.45733320835,7763.81787697043,4881.83871464545,3094.00250060732,5168.116680229,4684.63928787421,3263.2663314982,4853.85795245708,7328.20706779436,4117.94198677848,7378.19485446537,3163.7460355006,7267.4821584405,5220.9913463324,8088.39926654448,7314.38267846845,7420.01171102147,3349.70816596362,2967.45658625669,7886.07531939981,4784.49170595421,7423.90116698197,2999.54285021758,2826.75029401202,7070.15922374016,4564.15018630992,8103.47314306526,2836.32165467714,4528.118098641,7247.59338905085,4563.12275407369,6974.77102900644,4288.23212317885,7614.63110108133,3071.16603733385,7332.04143333471,7390.22620953686,5154.50454475593,7436.56759348064,2941.59390922447,3207.6703221312,7547.40012896101,5011.21420237332,7962.71729909374,4694.95232961329,4267.66283991721,4699.82479328701,7041.74620217422,3002.39924824556,3095.40552574234,4956.46870614204,4566.49609744711,4710.07000497318,7431.08893426664,4636.16511415178,3349.95024311428,7990.22749771948,4979.83302039179,8071.59749869875,3061.20014104865,7367.76537531504,7478.40981417603,7848.34522619034,2879.7941860999,7884.05865142176,7379.83667332217,7749.55292567408,7824.65668723433,3170.50200756331,7853.83633112215,7330.80660395722,8187.56713649082,3086.84284965449,7557.54688381237,7477.44934054376,4557.76852890974,5139.05785384691,8076.49609014964,3316.0552032575,7023.74663264006,7584.99338001993,4146.01322820809,7309.36898633632,7940.9162713653
1229.66436438502,1219.15031950511,2169.73436675481,2152.3894196499,7642.51948615713,7803.79636300055,2456.81327353266,2432.83174018923,7693.03127860534,1279.88925746084,2257.06217852811,2551.95337531288,2687.22276228573,1221.46960464857,1275.92631031337,1513.81353015141,2944.32956222422,2472.90165850095,7915.75429773778,2434.97509287875,2222.19917843109,1224.54172760367,2497.92456967001,1269.09258095376,1218.24471220366,7556.95481943939,1220.02709014317,2242.14181438654,7667.83676055866,1226.52549002456,1216.36431605886,7809.70715531942,1289.03477993639,1325.76085674128,2653.1479940936,2346.46397014739,7579.01002009225,2611.30541760699,1336.64238778293,1246.92403207115,1239.13406568622,7900.12436920547,1251.66488178106,1262.07046721664,2592.52002914436,1231.11566544344,1272.857898085,2159.05592457015,1380.87139964474,7623.42283807616,2628.65531120774,7580.5738465401,7658.58447819829,1219.88560184955,7753.46074798786,1246.44676656284,1246.45483430059,1216.28201496492,1234.42202450194,7795.09951203256,7679.94393743172,7364.90223887178,7717.99845372027,2919.38072312172,7822.14191971017,7898.65390216085,7776.13764380335,2149.0901213836,1225.5155095103,1217.71555970239,1264.60273964832,1466.6984245177,1228.77873962098,3697.47256974785,1217.77414081577,1320.49602193052,4016.81750371452,3122.9418099235,1216.40869762361,3743.93472218068,3475.10197363729,3541.07581018704,1343.14652313948,1566.37850088744,8258.61841863322,3411.5074579912,1530.23267877647,1252.3100438893,8662.69433450695,8059.20764874096,4129.93785443616,1309.2241318565,1598.53205062131,1284.78694664552,3643.19611144151,3509.28956819943,1217.33753049228,8360.3954969641,8229.971069093,8129.57947399525,1550.14342077862,8211.3430604393,1399.76604874318,8366.97213546893,3611.91589001788,1243.3570431231,8383.3226712871,1348.67332988235,1267.03937152403,1274.20062557836,1295.81689245813,1557.70824008281,8108.11590471606,1243.61454198168,8182.56824819911,1267.84836692245,3669.4748650007,8575.65682534086,1492.9229606643,8490.48500010034,8156.39821520159,1397.59111559519,1306.99547652032,8249.08363029541,8018.4326263351,1233.35564742844,8619.84719649996,1626.69249062783,1347.47888126218,8435.77379636879,1266.54175767594,3446.16568905127,3441.84121498322,3264.53446570553,1271.60030694342,7731.68184496294,504.68329836917,7711.78342958019,810.597113599684,1124.37213310427,691.586042799931,7826.73046248976,2829.70751453153,895.060033476832,7707.80633637063,722.36540560516,2818.40565137322,7701.47790691552,106.326923848224,8021.29304200791,2861.56742564658,7609.71418705137,7906.95919816178,267.385935685521,726.351413400948,198.167042391544,875.89013133039,7741.9348531584,1e+08,7791.3956474761,852.019875108496,1014.47101834891,2955.01680229063,769.454170422679,1508.57980095369,896.285964251988,753.827925889254,703.528584423679,2670.94046349538,1032.86299503838,830.263389022789,2673.97065412332,186.167389418836,733.762359693212,755.045092431211,1436.18566939148,911.632432265367,7944.83272122188,2607.41524272827,7694.3884252456,2848.50586713179,755.726766945304,8113.15496870143,360.392354330092,2300.3935287004,7749.02917705279,221.785551522395,111.268467192061,2481.9765987229,886.786238675586,2841.49062782132,906.567431318226,319.216411218173,874.571557354994,2804.89200890493,776.210747004539,7861.37670824227,1129.30245875352,2739.1025590071,1119.946198125,712.153120587687,7775.48679873865,7745.19224283231,2802.94002610704,2822.8742912396,344.804717630267,2616.60860136497,766.938899856319,7891.45483633273,843.878750045422,784.791527925263,2800.96983507989,7930.34807283092,202.729870989582,7677.45196999846,3189.73192301894,329.725827974406,8012.35301804455,7668.46247642656,7837.67834222078,811.623598028003,1102.23501738175,7736.26159069317,637.970568053644,7736.38989093328,8012.25765328713,7409.05084295802,2892.18293326286,7970.51427598448,938.253721909861,2852.78118440621,1290.60551837377,852.92693286007,2702.87242782066,7964.89405625396,7779.09041306336,7663.08435889894,682.043612857166,7857.62412284041,7981.90680430334,2806.60079839301,801.632623118263,823.581722964773,843.016768062451,7952.618322398,484.818042297179,714.233263429808,812.459325986714,918.10870720394,710.146285341839,1044.335532972,963.370631727388,2590.04951323135,2695.05877340227,2684.87389432743,358.432090367745,307.460085862716,132.495778421064,396.851679558907,833.57340405726,2810.76425323142,830.857417198494,2651.24252794008,2492.81639831002,417.538202897885,2505.69995892706,7884.13735391744,2789.18948986028,796.327104962717,962.54825301455,7434.39758275997,7557.83618251327,3250.11612867265,976.390610123247,8056.65403003447,2363.24734932853,7935.49193029487,7642.1062697898,722.03123357187,815.428996545037,844.198181748579,1118.234188427,808.739272118365,2869.88138915407,2599.5779446908,7607.8223124905,235.045833762462,337.101588026842,811.525508143326,734.31345937099,320.880977669277,181.238200489391,3025.85601156087,329.052410539747,696.968892304794,3957.58906596621,8618.02104708991,8441.19607410052,3854.22368752294,8285.84378413789,1099.74742699717,1037.63073227998,8596.69587382918,734.551413436172,727.001396232596,8572.82740334482,3923.81727548461,8527.33200486011,944.566345663054,974.156785345869,854.037536954173,575.849423455946,4173.03822735308,570.225872982352,1289.6540989958,4117.35271343155,8638.43666914753,545.923675320449,3875.42303050193,4139.05750489062,930.465525091476,8460.83830324476,589.138734808511,3908.87364048507,8549.04487984343,3870.98610081546,3913.37406059183,3833.50611292463,832.13185100339,8359.49998054467,740.783549360595,8409.50511207645,8450.88518347987,874.15370768971,8499.37181342271,8615.16049783933,8557.09556090004,8624.2512198163,897.423343014785,3886.63921958429,3864.46992193294,861.174584953544,3890.75745247191,8494.59776989584,8366.44118111893,8423.49011219525,8482.19038063224,3934.94076330011,864.826637659669,3791.83872128576,500.638445279884,769.131214459251,8337.66419949324,4240.53409024499,854.813469159873,783.468668149439,3741.80225256454,1199.28309327024,918.801397608915,926.497027099245,1222.9251581217,1076.69512443659,950.739446650084,8307.0104819051,4011.92704797814,774.354747216495,3356.09682388125,8416.23463182088,1041.61308083642,3957.66090705673,8452.44836701853,3552.6012212459,3959.51164104604,8499.33607515451,3931.04243543845,699.916949088588,4333.0389121635,691.816450718606,8793.51909234576,830.694397136827,3755.76399767614,1259.47490214096,860.320917577393,540.392364255616,8527.80951152328,8490.97423063669,905.80963839291,3906.10616586584,786.197249106615,8757.32994797831,8942.3300331782,1038.1835653641,4055.47269824655,1250.34600731223,8312.53857044707,4070.09335454492,831.872856459181,4030.50156884878,1280.85885539829,4007.86730021101,333.960994478417,8469.02907435875,676.783102297364,792.692695309093,3892.29350905448,877.966737950608,8465.02445694699,8385.14190746408,676.320394679395,3863.57493065318,990.186323617203,3942.5402761204,4165.34387896497,4030.1289323145,1075.88870838997,8428.13976247427,8301.9688799178,3837.8725028813,3928.00356767405,3978.9509313051,531.27436465824,4081.16543325397,8607.25268890277,1333.04460737184,3838.82447639047,1049.6086738236,8652.41012593306,809.835332703985,808.096683010617,864.725956912985,8496.09039217239,942.823994645664,634.232449922868,909.182065261263,867.374006518092,8265.97275528036,873.629106277689,620.139318272989,1290.58671941258,8532.75403761458,836.098906110801,453.141150356906,3998.24577864515,3802.18837445618,1357.50610470243,8486.41681680477,1227.86684428104,901.580666464111,4292.63624023284,799.124037130328,912.309102260939
7789.294214339,8046.8659840969,6259.9117687999,6279.51166395323,2240.40541019641,2239.22545024714,5945.65147228103,5971.2710519828,2238.75474725684,8347.70511128047,6162.40668940183,5844.96163797515,5704.16323751913,8073.94296453927,8335.27882290126,8832.813244769,5443.03542443459,5928.51994705394,2245.39798156008,5968.97718218069,6201.10676972984,8101.91742068636,5901.961148356,8312.91622389724,8033.51034351001,2245.86108001909,8058.01552635775,6178.93395357527,2239.43210531248,8117.32760208225,7939.2192675894,2239.40840386102,8375.09296540293,7458.76089953566,5739.38806665926,6064.41094908887,2244.13565236802,5782.86176317322,7433.24088093276,8228.82194136839,7736.0027544934,2244.19380954945,8248.75637139346,8288.4823142864,5802.4605586274,8148.19028279377,8325.39331330655,6271.96877728807,7338.49334048099,2241.33347910607,5764.80565491251,2244.02171307342,2239.75380206669,7871.75772580357,2238.31506429867,8226.73607179379,8226.77146189123,7943.27206101143,8167.60835603389,2238.98530469878,2239.07032784932,2270.15849571327,2238.37028782578,5468.04031468055,2239.84541874023,2244.08622306485,2238.58167173823,6283.24922436013,8109.68215315276,8024.36160806017,7631.68527624317,7180.7784280947,7795.11422646858,4716.19278809617,7902.57221415603,7471.50892418815,4422.85061926152,5265.91244979738,7937.28787633026,4672.97804317788,4925.5442398568,4862.99524827871,7418.46800655249,7022.01148036881,2299.15327685026,4986.19162803964,7077.40462118761,7677.49236442992,2425.29564846838,2261.58849691628,4321.03834295716,7499.80645797267,6974.39218357498,7567.10024265618,4766.90570538502,4893.08495019842,7911.13375832948,2324.83225053584,2292.70521213161,2272.8760172563,7046.62854699761,2288.69902041797,7301.36585539098,2326.63806708347,4796.24496597016,7715.80650904616,2331.20354746887,7406.17123771008,7623.29193145877,7599.66208979149,7535.5633511034,7035.10712418711,2269.20286455196,8214.01890002387,2282.80189992953,8308.7029059614,4742.32132211283,2392.81689042885,7137.05017924582,2363.76374968731,2277.74774212238,7305.55664031062,7505.5801308653,2296.96866209008,2256.04941600232,8161.54800585971,2408.961490498,6933.79046158493,7408.80973153889,2346.57347789212,7624.99034989342,4953.09617878531,4957.2199716236,5127.71183072812,7608.07494210407,879.727330497935,8026.32351412475,855.78618938805,8088.6427124552,8321.01715806395,7944.46407102974,651.977963843843,5559.03136850911,8194.34774492199,705.007040146271,7939.29994119503,5490.30932097012,738.449219945814,7777.45572929587,730.975549692017,5437.5295502129,723.297787928645,717.712647930823,7622.83963519582,7484.76481662115,7792.62016668265,7850.02297271766,895.743386453202,7791.3956474761,1e+08,8048.51976940881,8240.99453288885,5623.2871608483,8065.66771374519,8932.16565032821,8081.7915193259,7936.46342694026,7947.50577915193,5572.22589593417,8102.60428825273,7818.88336680917,5672.00704143937,7798.29402967406,7957.99805825337,8034.65089217584,8827.45369402402,8314.26956368652,681.607261644951,5672.7432695603,461.451120809676,5433.0490314761,7960.11504979607,868.348972674081,7760.91623634829,6110.80200137637,1004.68910279536,7795.67323235767,7741.46496021029,5719.77837070293,8152.60065542064,5425.98606090454,8023.27486297867,7951.90593395765,7446.18281349324,5516.98711637774,7918.50644126229,683.755227860048,7805.00212695178,5589.27326814107,8276.40125586306,7283.69470875633,994.306835511308,817.744385284778,5522.01259730841,5544.7687958208,7859.78503403847,5644.18392238807,8055.43669422216,860.562743652126,8018.26756323285,8085.74258713603,5515.17099947015,590.393114974383,7814.14565983729,723.669111918277,5369.8880725104,7852.97614342263,712.273220895655,966.348915308013,1092.46617080742,7994.63094113681,8321.79032971285,733.654274738445,7568.06707360105,505.506978521038,662.169845245424,689.024921522008,5417.69581010829,900.268772307569,7892.01378589362,6144.79414277905,8721.65644412359,7752.43949175079,5560.02997847343,539.013668943511,788.528478925636,1325.53499349441,7948.2864045585,794.098003182743,960.95184580937,5606.44813324635,7809.10962873891,8120.92087601981,8025.97920868334,747.607246206919,7939.95762796935,8015.43567195995,8155.03939886872,8283.33970006958,8006.85787101055,8304.71083232242,8293.63922904516,5700.67061918224,5897.26355063441,5604.16986104722,7594.27183444021,7902.83439030198,7750.51117037335,7884.14573111778,8118.84968083604,5535.32951473017,8179.26087570877,5609.41573066851,5775.96827664704,7746.96539544615,5717.02603083035,928.794097413196,5505.55964480532,7887.16026858752,8259.60323690505,866.144228768038,1097.30335481226,5735.45339943705,8247.90366335316,788.799407030087,6011.49182938172,636.27207810895,533.393410294271,7946.50749765802,7935.54836615466,8006.86244275576,8160.25469227491,8123.56980488604,5349.22819312419,5634.57394595818,2367.95124836589,7741.02857871061,7840.46854321719,7947.64780108721,7904.39627404182,7891.72850834196,7722.57668994627,5382.76198636251,7881.43569567567,8008.36704126841,4566.00171694949,3263.4994681967,3107.35229312695,4779.73859104055,2876.17762394048,8076.13245799626,8044.65181218243,2947.69713587236,7560.28192680194,7546.24240752486,3177.3950374092,4877.91294882841,2852.53390618554,7997.21070501818,7994.48472462441,7240.39221435358,7570.51112844195,4326.41890424544,7469.07798540802,6921.30069681714,4446.41088073217,3318.08453844381,7446.96129483714,5198.18958246618,4345.18604032899,8004.68166739656,3002.71741589639,7400.78473387245,4791.54113689275,3144.8983592057,4799.89352715895,4609.74796451201,5011.40750239941,7368.61106013957,2658.95170014632,7785.57412208521,3089.08477716957,2815.15820533379,7251.24352107528,3041.83235808761,2589.73517886134,2850.06045411692,3086.86749925869,7883.64518141493,4630.0564558959,5024.28176633929,7271.44240997387,4749.02359609947,2801.11485231399,2753.03278818132,2752.66811141132,2676.29120762613,4761.04002676147,7588.27173904266,4998.13203485799,7671.8630248736,7401.39064165316,2774.49250664064,4352.47006180418,7401.45062690606,7293.27114528603,5145.60156624781,7023.57514267112,7974.02587450842,7942.16058175039,8005.18304796101,7392.5633020206,8018.40556966884,3158.20889596775,4697.49600853525,7273.99048521629,4857.05479445606,2854.78941794282,7863.58822159678,4854.14374207058,2837.65692699431,5124.71754027616,4699.43568587745,3031.75162310609,4827.62699016309,7368.40132187545,4141.39375760143,7447.3460516662,2809.57909738575,7335.14270825686,5177.28698046672,8166.61808388561,7387.61683002577,7465.03063788708,3181.19469453323,2659.67294917573,7908.08606914365,4795.57058590893,7473.65522902876,2680.36599793946,2457.59969510921,7110.12737931661,4584.39821683212,8191.08465588553,2526.54666930433,4545.39896644587,7284.15004690664,4595.67525137603,7022.3826475696,4328.13758342904,7664.06034197463,2816.17326883556,7375.1261112473,7473.28020373917,5085.60029288472,7531.1180759701,2609.12013094915,2973.11498789155,7597.1914599162,4969.30496400059,7965.24704029226,4715.84611427962,4320.79555439683,4707.5384755143,7090.88916393433,2688.22135872604,2828.39004420959,4936.87896819701,4598.41759702992,4735.42115253143,7475.87282071631,4651.23320115437,3248.77081423929,8070.93201735096,4959.84761839903,8065.83057283417,2780.27375661923,7418.35696681159,7571.51060608092,7874.55376818493,2574.02997016731,7905.93739724818,7432.0898310726,7847.17104834432,7852.8654703658,2929.42132749647,7889.292282891,7376.62153421953,8271.71605553153,2793.71135824241,7654.32936264142,7523.64527720765,4581.04426937102,5088.50905278485,8161.9107173897,3184.60964141248,7071.78750503825,7681.46985939583,4182.94129891615,7348.85882026065,7975.55226612323
1182.07545754689,1099.73404764116,2359.65156022023,2341.00809872516,7920.80700223421,8082.63130201909,2664.60511408418,2639.34978484034,7971.49298816709,1082.76254512678,2453.09067282818,2764.48446031461,2905.73602910973,1094.55775076918,1081.6815516243,1233.89014934606,3172.28441082569,2681.52939520304,8194.9547323304,2641.6083662312,2415.86935081913,1089.95101412687,2707.82370168976,1080.12137655572,1102.5442806486,7834.941349975,1097.51771331472,2437.17364386894,7946.21190364307,1087.73830542543,1127.0923908629,8088.56168118428,1085.6819551473,1360.75559115445,2870.22978743162,2548.09811728951,7857.07485558794,2826.56199806876,1377.23759846365,1078.71743583286,1205.93806660129,8179.27446787393,1078.41070029524,1078.98523370396,2806.93182788301,1084.00725264824,1080.93068773904,2348.17722908367,1441.18335390061,7901.64382979529,2844.67799491521,7858.64421502765,7936.92767231038,1149.51649139769,8032.1275449358,1078.77251812654,1078.77154725962,1125.87144328151,1082.14179152666,8073.90557202378,7958.36075858791,7642.18480321968,7996.54532980959,3146.51231474807,8101.03754403816,8177.79925385571,8054.8804899847,2337.45838782328,1088.80710573569,1104.56646403257,1258.52989082594,1556.1221092144,1179.60006222468,3943.9691501688,1138.78758105869,1352.64740908078,4268.67914729276,3356.30903655509,1127.67936413484,3991.28067246766,3717.14756875695,3784.51315936342,1386.92763750082,1680.7345682739,8538.87016583637,3652.14880062552,1636.35781236408,1234.51800787749,8944.06770951785,8338.8599887767,4383.46367217769,1334.95597683904,1719.58689428945,1294.66693886871,3888.6671381324,3752.06435773396,1135.95065999101,8640.9410242994,8510.13867820985,8409.44705564299,1660.90115837533,8491.45561063665,1467.34267653494,8647.53637521262,3856.77884353353,1215.52923636089,8663.93329266676,1395.07490409113,1263.07861362625,1276.1246541228,1313.22688157122,1670.16179577259,8387.91827497025,1079.20251394594,8462.59520412663,1079.88303129801,3915.44702325935,8856.79843263356,1589.631420907,8771.39473885468,8436.34674554943,1464.3606424246,1331.39935961695,8529.3074451881,8297.95833724611,1082.68387899262,8901.10711968594,1753.19612921042,1393.32059833943,8716.53186874878,1262.15452180933,3687.58021826848,3683.1603136602,3501.67039156504,1271.43971199589,7986.18881894675,542.706422713455,7970.48011691666,840.175212229704,582.232388654919,666.110185060029,8080.92121426302,2999.524480795,300.485877836243,7955.08314152053,517.01654813616,3277.56749660801,7950.36370473559,815.934536611385,8288.64139186907,3127.23292861352,7862.69937078078,8181.08457284263,1014.59735692386,1095.44853208745,856.104047053125,1306.21825341497,8021.42290968694,852.019875108496,8048.51976940881,1e+08,1135.20130183347,3523.07530313536,977.90406384397,981.420002438493,142.236511014457,268.680208331454,561.452080018924,2864.3391420956,441.956469483581,1279.56991234925,2927.2962722346,849.522085159585,401.730849410007,1153.71565263807,1088.1575317424,1102.78674007486,8197.31422376426,2934.43214635423,7949.85961482412,3197.73444952997,209.714709217088,8372.71244190447,943.151609888854,2350.96147776843,7996.64089307563,757.633454143935,880.435221815396,2772.51052219892,541.168271979882,3198.75440235589,148.203076791231,755.569423337157,1291.95045921877,3071.29997003615,1149.70540149106,8108.92493858174,1482.98418350235,3235.34134795537,654.798465222269,1277.3574680578,8034.99485788083,7996.4009206272,3152.56906277662,3136.35469252495,887.301069625799,2765.2868519295,419.247236013445,8166.78703997828,145.449880858669,458.986502097969,3111.66331119787,8202.46847946739,761.20392400119,7922.50252582398,3745.17867798568,713.036075963979,8268.90873733852,7928.22515930707,8122.24669364444,240.2635750629,419.610499063635,7986.4561144472,1149.88361785686,7989.85352618727,8283.98884873436,7659.80226036639,3273.41081858765,8216.67089494878,668.064223255961,3495.98063773196,818.372377783384,761.716801947357,2948.25646207047,8232.45298025378,8028.33594855894,7912.96394831884,572.137825426039,8106.108012261,8238.72362458126,3044.44114519159,1258.96111806787,793.94699012119,130.877438954674,8213.90570642602,702.132591062066,949.417364687336,717.020316138318,988.780389176322,498.012024444457,444.908592381351,586.915432932936,2828.93651736185,3254.1925130703,3035.97640981721,1053.41591307616,674.73751343233,889.392257923782,626.577585335585,698.599420689753,3140.50263462836,964.103447159142,2918.66285113321,2665.21388346863,1005.19669857292,2706.29897222705,8142.37574019846,3014.61499149728,1227.32547435768,591.810443662175,7682.3550510829,7808.37913771345,3862.00200526997,479.228021626145,8313.31394661038,2439.53421993351,8205.74603035027,7897.18939171956,339.95273972268,492.419754241208,189.983285845633,665.355819526431,561.377826279743,3227.10583707055,2784.2173578451,8007.36631747058,823.690770058986,715.934362843389,254.06097115357,245.455593292997,684.286243851414,907.485883549434,3379.81937624708,660.623743442192,914.230677846918,4260.70037537015,8876.68323318436,8694.81383488892,4031.64854522297,8537.81059174883,1555.43715773073,351.468268082674,8843.77486329437,976.361911648116,986.969659959922,8815.36895518971,4015.43573426097,8774.06378548341,226.208644973606,365.795604859887,1266.36094353259,912.08167394214,4520.7477384421,1091.78277575428,1706.92151081701,4432.50617100613,8887.09606054692,1096.11667092179,3902.60658189913,4457.84574291792,308.045616515753,8717.37048540791,1157.87704381578,4045.69118188289,8802.4317692156,4012.2241191031,4191.98317463574,3904.12072088567,1149.02693940773,8610.89758137369,668.463082965428,8666.79954583732,8694.53604194169,1338.07074127147,8749.06564124416,8873.85512468529,8808.6170976,8880.5025940865,243.601810087879,4127.42838071107,3917.22776171257,1320.4254393512,4062.17767749114,8737.64213899506,8620.56146000187,8680.01003351003,8731.86173035649,4069.23755466595,1266.90144318421,3863.54245693824,816.904002070918,944.035535864811,8597.84726096908,4527.93306393244,974.062054293689,1289.59016973128,3801.51014232132,1622.78174984284,253.698283324649,1331.89424843896,1697.83054863735,1121.5390415209,249.646310398955,8559.24115476929,4167.00165642442,1284.35035305305,3703.79703899263,8666.78262728114,1538.23256244357,4043.97889039952,8707.74963774438,3656.53740744372,4144.9441557327,8749.48478652689,4032.83563604165,1179.76962307912,4775.87323125277,936.538720467726,9016.41012990059,945.272483873894,3802.01618564587,1678.85589483378,988.668588546739,1046.81968794433,8780.01076125093,8739.37923802885,224.885674095495,4059.72157976163,670.656053832878,9003.50599851879,9184.72469006275,1461.27624571996,4255.38355956692,1690.27640588475,8564.28511359575,4230.63163756932,1268.6248130727,4257.77487726449,1652.42730012412,4343.61632269557,849.831477678981,8721.99755690449,1182.36364218857,1098.25953660281,3934.91001513202,1258.30330840119,8709.80167100666,8636.09467434728,896.454236687739,3942.65218809552,364.83191992352,4146.01477621119,4500.0389904362,4168.32256910369,1517.34422013011,8676.45105086421,8555.5622618332,3928.55132283205,4232.58669687609,4172.43319251781,1044.64551492983,4238.89662534519,8857.68947793691,1760.18555171967,3927.95386582193,509.197360904567,8908.11679611021,736.06917435754,1233.47392523139,221.055911886428,8748.19069820943,263.523015363644,1164.29386178426,1352.85129813593,289.957402275569,8520.79752980585,312.462052165997,1144.69736049141,1717.35225535317,8781.85070056973,1161.59284048177,997.411912754491,4194.70464868281,3865.06738472268,1776.52968927833,8739.086189074,1616.35435349717,1336.26833439091,4679.27493123607,1163.55830688902,247.495512154592
1439.18742961309,1349.2917190219,2572.82931454231,2554.78142698542,8070.6064320687,8231.8052880621,2868.90259680787,2844.32512892039,8121.09393814844,1307.83348187013,2663.37926826655,2966.19355857628,3104.02070781329,1342.62419397179,1308.09200440088,1393.93420923436,3364.7736964615,2885.37800899464,8343.70833838096,2846.52269369239,2627.29000763294,1336.32692821591,2910.98336361367,1308.87756606882,1352.78538383125,7985.082549929,1346.47853725058,2647.94334549542,8095.91155213266,1333.11753656091,1381.20546600529,8237.71319614034,1307.71282148941,1614.45380351652,3069.35051318856,2755.60549959652,8007.12728324702,3026.73338583371,1630.2898371436,1315.50523335138,1463.3036505096,8328.08610236023,1313.41131548907,1310.20614148071,3007.58378568316,1327.25036464745,1308.38849691855,2561.72076671176,1691.54289120831,8051.5189265966,3044.41045623298,8008.6903662745,8086.66371597205,1405.42724804328,8181.4941683796,1315.74301225349,1315.73894849356,1379.85149717675,1323.9453517429,8223.11267791237,8108.01290345125,7793.11958875476,8146.04905609606,3339.52729264779,8250.14188769513,8326.61635855205,8204.1600437357,2551.34585178593,1334.68664003437,1355.25601506031,1515.37616143744,1801.27408077152,1436.66061262295,4123.42902756257,1393.97310756658,1606.65364285753,4443.88161923487,3545.23810133971,1381.85480802308,4170.08278813629,3899.96012452857,3966.29400076619,1639.58908791714,1920.1710038323,8686.40188971695,3835.9875232001,1877.81697131348,1491.74473884523,9090.27453507229,8487.0906977727,4557.29404391058,1589.60839767439,1957.27318546534,1550.62298468356,4068.91338156325,3934.33820296583,1390.90639676032,8788.12787921259,8657.76889379205,8557.42748053374,1901.2388928119,8639.15021120778,1716.54303599693,8794.70121225508,4037.48735254199,1472.89374823014,8811.0435283646,1647.40220259809,1519.83152106888,1532.57787203706,1568.6155265881,1910.07809599265,8535.97461225953,1317.26906212852,8610.38979257855,1309.07164742631,4095.31007497731,9003.28086462079,1833.2387144552,8918.15193407127,8584.23283612799,1713.69430327214,1586.17694196655,8676.8718802076,8446.33591951172,1324.94462262734,9047.44897707329,1989.38750733585,1645.72025437859,8863.4682699726,1518.92688728313,3870.85574931466,3866.50559683137,3688.00804601284,1528.00573426599,8240.20713272311,901.428234366026,8138.28574919415,511.779110857735,863.234689835952,704.028798211002,8316.75758118421,3446.08315011687,957.248456839348,8192.84147818362,812.623136551635,3187.65307695002,8187.68292536639,1001.44827511217,8492.04092272883,3366.64786203085,8102.55332940038,8337.95223207166,1156.09378766134,1478.84501570796,896.676181340913,963.853273135177,8151.42816527496,1014.47101834891,8240.99453288885,1135.20130183347,1e+08,3255.51254563719,447.132404068122,1406.43994548707,1120.46962872755,1009.77865040671,762.870898381036,3210.61137115227,1445.77696713996,976.975018691241,3155.39150497519,921.647140500983,908.254980660944,616.088221156288,918.836898869429,494.597633558487,8423.44310803863,3019.43558530627,8160.58884904837,3215.37082155476,1052.02462219046,8595.28851448917,907.893550972607,2927.16601326615,8259.67975258935,936.581089514206,1030.78913905563,2877.59830796463,732.636267525064,3374.38440609513,1187.09523769416,783.48237098347,1328.40436276723,3369.28902907776,918.8730445351,8349.52883398995,1132.79547464092,3057.61478097928,1566.72467976104,1531.95941387509,8295.16022997765,8228.56866822285,3200.59289018367,3351.60217636474,841.93243586907,3154.4997305424,828.408694102109,8303.70502927261,1072.78516555075,766.566968175834,3275.3430292468,8372.20702757399,978.503600662723,8159.97703594341,3498.58922591389,1027.18930834442,8493.03838686735,8183.56884016038,8233.37900242328,983.91139524792,1074.50663702559,8231.0604506568,1218.1187531118,8202.89211780339,8446.50880338512,7844.06757247048,3325.36615227454,8471.80565974324,1478.3683626411,3071.25594676664,1044.80036510515,1465.32081999537,3271.7877604624,8405.34009051967,8271.48374502144,8205.18688257666,751.270299560406,8345.02480793501,8491.77198518423,3327.18582330325,950.854863386278,529.90383647562,1078.11593757121,8438.64873294761,709.042314616574,460.49148920495,617.355468640689,444.197694202674,776.724431520711,982.618793695964,742.853710650177,3113.07092906972,2923.1029950433,3065.84757345022,1212.37051240177,896.424749185289,1013.16216576145,1007.86922360024,603.776093388263,3242.67977238065,443.168094543305,3194.66105879342,3065.22684678497,944.228472743546,3073.94493662513,8400.23855457512,3331.05987904896,915.908232281703,762.927849819123,7933.95079363737,8091.36738099273,3521.32077232143,874.407471172787,8541.95244212924,2962.13988996139,8369.52039283574,8121.30681737835,970.383122004562,822.19019477415,1039.00341335012,1599.4476695649,707.446171580627,3334.69140747456,3145.16249754596,8002.7145641024,1098.38773999382,1027.91547133537,1063.2366672279,1038.09451895802,929.308432222709,1100.51531179395,3548.36798277416,960.043068258109,500.900838206535,4577.22987556338,9162.91459852013,9016.68420555463,4479.95786650543,8887.93919102806,1223.52113306958,1388.42270031605,9186.10169550997,826.412301935369,812.656530546722,9161.33233304116,4551.82538678478,9125.19415264974,1120.37663186699,1349.18644207623,1580.75943638737,1240.88823448503,4793.24072143348,1360.51598410482,1952.4949479112,4731.24897912907,9206.22107574643,1337.40055065438,4532.27786908426,4755.00609358569,1153.53528964136,9040.31934879962,1377.64759661852,4519.42286836062,9115.83173637008,4496.42849060172,4532.82204443281,4464.85943193075,1516.23550061021,8953.24119223615,1276.345204186,8981.10095238836,9054.27295618841,1622.63149616699,9085.99020947794,9196.55294261248,9139.13421555248,9186.86002184143,1238.6729598603,4502.64122301581,4502.02583895029,1608.10785851982,4506.44522601744,9097.91742343136,8954.53738323456,9019.22876173926,9073.63626496562,4547.29340901691,842.33382942067,4431.36698808063,1164.21188946337,1022.01479871225,8921.68970468261,4836.53140002668,1012.38129058211,1545.51258570457,4398.29703190538,1844.46602242756,1069.4019811299,865.734984358218,1364.30251510475,1660.29606702582,1247.75609315389,8883.51908050682,4626.8381275776,1505.23270819407,3966.52726763002,9009.40004554814,1112.60967442321,4583.72022741888,9042.64164438346,4212.60805840824,4578.2504946758,9089.31158375816,4560.89361744346,1465.27825185077,4972.30050166363,957.681712302681,9392.22527740812,1091.68969957201,4400.63959867695,1394.89469956744,1007.73213837717,1307.27433984257,9101.88931620562,9082.63836142615,1250.85632061083,4528.15283711385,1159.00814608266,9345.58115507522,9515.78984700729,1771.38122726815,4666.4440550441,1338.7077960933,8902.9676897158,4672.82759446784,1573.78286744263,4644.42448471983,1759.48145635106,4624.21925523325,1079.84618303385,9056.33223471046,1451.58759667736,852.14896693893,4537.38708556138,954.021187570853,9061.89668434396,8977.52444727623,1311.41868264529,4503.41579106698,1364.70785113603,4560.55489682983,4777.26917841256,4641.3741399508,1798.27620983887,9027.43663662989,8903.20810237213,4467.1228197113,4546.66016082512,4595.96831120505,1295.38166637814,4692.84803979686,9140.43079865978,1509.24258525334,4465.34749649889,1484.14863122043,9241.49482423211,1185.01149547458,865.85307918341,1166.16120266657,9083.63964376542,1165.19810161592,1381.59880554241,875.179838347564,1223.0164281605,8865.58973531922,1110.37337049271,1396.0713708434,1381.3931884495,9125.80746760799,816.651506305495,1212.02241074867,4611.94641450518,4449.17358214473,1493.87892642239,9041.73529265589,1762.34938172058,880.367717461918,4919.95636130419,1507.91869808466,1058.10611411455
3515.89785409704,3689.51992055478,2807.09453477084,2811.50822283186,5852.25987959676,5996.96317515034,2757.12329493141,2759.69336911401,5897.48458182036,3905.28772296498,2787.35704899121,2749.68360250432,2746.49236941915,3708.40010901753,3896.12769949918,4277.1405691305,2763.2117289662,2755.55721775237,6097.92422428563,2759.4521422136,2794.74515856488,3728.02388515335,2753.37197443522,3879.69403407958,3680.24920236652,5775.85955370721,3697.28054931388,2790.43988974876,5874.91597495517,3738.8843750151,3615.60668826578,6002.28324108907,3925.54709595261,3311.0468020816,2746.49491705937,2771.31969734678,5795.52703946049,2747.23194318376,3296.17621786057,3818.4954217741,3481.42099983592,6083.80548152825,3832.91523958462,3861.81392616722,2747.82842084679,3760.74126665846,3888.85500165451,2809.79215771873,3242.25894928648,5835.18561062437,2746.82759575264,5796.92224401085,5866.63360304074,3570.25847482928,5951.70511885502,3816.98976945146,3817.01531018158,3618.35537456586,3774.56468198909,5989.13758553223,5885.75850713863,5605.38181350888,5919.87128985163,2760.32871736293,6013.47901828662,6082.47758280221,5972.08403661895,2812.36663427999,3733.49171890371,3673.91480355023,3415.49028430292,3157.26868079952,3519.69464722757,2963.91239369574,3590.87652358539,3318.52905012601,3106.14444606179,2791.40571642607,3614.29773857352,2982.74503161265,2883.36286187832,2905.55341415213,3287.63450898018,3078.1882672055,6409.47075314476,2863.39558612119,3105.00609459959,3444.18174595424,6780.66198431149,6227.85814552464,3163.24778187532,3335.26462590576,3055.82034825492,3375.75089615903,2942.76578665919,2894.67700895077,3596.63380644201,6502.58122907064,6383.31239651612,6291.82110424342,3090.00159482451,6366.31480836968,3221.70316899798,6508.60711867669,2931.00534959836,3468.49330104201,6523.59319652747,3280.56204382828,3410.27811561554,3395.68032819571,3356.65813748896,3084.45165145316,6272.29713310863,3807.82323360191,6340.07723110264,3876.60516494124,2952.88801295721,6700.37411577583,3134.81603338036,6621.97872288618,6316.23469879403,3224.00689714919,3338.70054237323,6400.76192577937,6190.86273368431,3770.24453435911,6741.1158518879,3037.2622687876,3282.07668057,6571.7128540832,3411.33167617584,2874.10190947597,2872.74295180486,2822.80911664711,3400.86460028717,5703.65015465761,3277.42513723884,5549.23433699526,3242.02405096968,3659.15400903794,3156.83199060229,5743.87169046361,2418.18589901556,3559.75343711823,5626.46693418192,3239.67026900474,855.7522724927,5643.48030640776,2974.25711807292,5838.61671732077,1897.51121738405,5527.60352771202,5670.69156691983,2810.83406906676,2919.74716970309,2935.30304186561,2928.33265776362,5483.77600445885,2955.01680229063,5623.2871608483,3523.07530313536,3255.51254563719,1e+08,3120.46051922705,4255.00327354439,3561.3092090487,3352.47962468741,3216.32973210625,2073.80431478888,3699.10527611917,2899.01133995981,1819.86146466076,2953.21412137233,3287.67095871196,3064.39063636906,4014.25329587099,3322.71473948885,5805.57743552261,1431.99846585784,5576.86870766599,1324.79015069014,3387.31212036071,5977.84063682364,2884.32625898601,2600.87151909295,5749.90211921424,2994.19321700487,2924.39824105457,1498.29862914103,3425.33577418125,1634.51141308409,3557.06765129263,3086.76076749044,2771.06061041701,2005.25462773232,3050.7071223538,5776.97432868152,2995.18863611146,680.946823189697,3888.06776756994,2663.07929648865,5742.99725799231,5678.86886844857,1358.1859282415,1845.37744039229,2985.05788602887,2180.4272293504,3366.59522221647,5623.77071924015,3486.39201826561,3377.45406011457,1689.16027498465,5703.99357469605,3046.12598752057,5621.36563991126,356.936607768547,3096.45707761869,5863.803534826,5616.16706258819,5570.84070091295,3411.17414077112,3726.96143326801,5677.38032464965,2793.91863003987,5617.84640343241,5771.91433948606,5279.02789118723,1346.07377245863,5912.93740620648,3493.8260387018,1369.28860489084,3941.25777533164,3324.82183450513,2022.79115372477,5747.8566877841,5702.25838889277,5752.49981604808,3205.51042289249,5784.38817947005,5909.23919451514,2024.9265164465,2883.09187195579,3289.13393872896,3488.83328121433,5818.79004662977,3126.45476114899,3075.01928093431,3303.19989778143,3344.316340749,3291.37635637217,3656.32531282776,3536.11875176739,1924.75257154936,522.104394438439,1337.16452784557,2797.57358891089,3101.15561195016,2907.02386563747,3164.58117228871,3312.1026591732,1525.12120565736,3223.9394773513,1925.51824998252,2188.95586810354,2844.31757665679,2077.30907242214,5830.53986504732,2027.35477740651,2957.74758921455,3511.49657856541,5438.83723039524,5614.31258804994,1281.64448101149,3543.4215061517,5921.29961495665,2459.90714494592,5700.6987381547,5536.99983093162,3311.52694845184,3281.88224438387,3459.9389523082,3824.89999114338,3353.78113085175,1445.45526384173,2078.38851979597,5331.38802068705,2991.41927369913,3076.51957220574,3366.61586949027,3343.01047139159,3099.05666834262,2917.35678276956,1740.04847886339,3123.83401718421,3113.262915968,2782.57197027801,7092.54522499125,6939.10471007697,3094.0721341056,6775.61738425351,3265.27077670224,3668.06451067773,7052.5015816791,2786.01212071872,2779.49586648707,7095.1749119907,3447.94454990242,6974.25021902728,3490.15893482824,3605.42782163528,2751.99482573052,2988.8234439664,2752.92387523697,2841.63761317815,2612.57193542217,2843.24582504739,7159.80789553621,2810.42247226893,3758.04436957879,2828.49370015696,3531.76764992238,6931.78937561197,2756.80637145907,3272.14350062165,7034.48560976876,3271.44605701194,2834.52499013671,3488.00625426303,2909.91461483553,6781.17987908181,3309.04929237571,6899.00239788539,6910.55547668352,2745.40398901784,6987.20896196127,6962.19837096557,6990.38185510034,7074.31237837523,3450.26725392616,2929.55383631141,3567.22518190182,2776.11055940444,3138.40976079733,6942.09171973801,6801.69181015037,6850.61480225825,6888.37251245689,3295.84217737806,2748.75085223827,3419.35105174744,3062.46383059708,2759.49550400518,6773.15234155669,3005.11456952815,2789.46670207992,2730.67234043588,3551.10170691712,2654.73641266755,3445.74031843144,3078.43968752708,3212.76940481798,3133.3253944674,3571.28731409849,6840.69496032801,3280.43498548999,2701.78128599426,2135.91041988741,6877.40201314076,3000.43394822374,3494.71658256496,6894.68080240945,3233.31606590203,3141.44774994091,6986.84748363666,3415.707838563,2802.51093493876,2571.57365073092,2728.55040121126,7208.49389305278,2750.34666199238,3574.2708450939,3398.73941576544,2769.40811378191,2845.38874760307,7031.76950413317,6892.43514005862,3460.900720049,3217.88865283155,3001.81066485623,7121.41710346094,7206.50209077705,2704.35056302342,3159.08256507899,3371.56750305765,6708.35442676156,3247.3425572777,2779.38146265646,3054.79260828513,2677.5453286819,2673.87380534535,2960.43126677585,6907.60508892964,2790.98768480965,2678.86351178415,3674.57475356898,2775.16763538309,6865.38745082223,6876.36684350184,3068.19016614243,3493.0330000019,3603.03351840152,3082.4195874385,2807.99076640243,3324.13762076063,2668.3687598259,6851.2222077115,6775.8285439892,3414.19687662325,2736.69711620105,3173.46232453324,2848.48692067307,3329.85585222213,7077.5521634314,3347.79977345359,3400.41145575463,3709.72507045003,7049.01608620201,2955.19600137153,2728.27282455595,3409.53862541203,6869.19871234569,3436.16153158906,2801.65846558177,2968.96081654675,3377.84578871909,6764.49542295068,3342.91433170176,2771.59597349618,3443.68863816095,6960.75068671869,2867.18111774869,2853.34668466006,3133.42795240064,3560.483314767,3402.41425002955,6977.05331855602,2714.24601742723,2838.38905103172,2741.28907283672,2856.63442973625,3435.2329206648
1278.56733252283,1212.66451713503,2379.66923245314,2361.57609121365,7894.71608631981,8056.1695777732,2676.78248592267,2652.10332559748,7945.28426968893,1208.77030309025,2470.48480981896,2774.49254724688,2912.94540311984,1209.0018273036,1207.33053203914,1362.20399762155,3174.92705417414,2693.32711047646,8168.24444529586,2654.30990344672,2434.28256564722,1205.89892087855,2719.04155826074,1205.08270864349,1214.70837914133,7809.05356570378,1211.07809946034,2454.99950061977,7920.06175004027,1204.48709534406,1233.52230866269,8062.08665663663,1212.42149696126,1434.76795183545,2878.11524632754,2563.03486153605,7831.13427488874,2835.30361535004,1449.5945216737,1200.61691836519,1298.77051850674,8152.59846009172,1201.10287171228,1203.13383782985,2816.06751274904,1202.29804309831,1206.2823363111,2368.53249413775,1507.57164946566,7875.59785579092,2853.06104929066,7832.69990241186,7910.7991220808,1251.56617903983,8005.77990293511,1200.58670879699,1200.58718872494,1232.55810248751,1201.35862869888,8047.46345372042,7932.18241397301,7616.77007522146,7970.27895066742,3149.56091649785,8074.53460449342,8151.12647802726,8028.48127024835,2358.1322275573,1205.16106299714,1216.19839839323,1344.16814346948,1613.27028245139,1276.48924766028,3937.01966012218,1242.86127420402,1427.49364676689,4258.77205988212,3356.2432596708,1233.98664620618,3983.86897531438,3712.5851134365,3779.21051395153,1458.3350892685,1729.51530424352,8511.44042980263,3648.32764282268,1687.95109666571,1323.31189484917,8915.86290188786,8311.84126852689,4372.62013318585,1411.6687731289,1766.03969305346,1375.89465396818,3882.27281696872,3747.11477724275,1240.58011820808,8613.30903707354,8482.76676853706,8382.28099553573,1710.91780948933,8464.12151828693,1531.47460358876,8619.8914874519,3850.7122094969,1306.96845496251,8636.25641953951,1465.69713975515,1348.14054212468,1359.56856461871,1392.32649013208,1719.59723079568,8360.79688388746,1200.48718414157,8435.31986547593,1204.70877896421,3908.78181683412,8828.75442824546,1644.38088840815,8743.5112687911,8409.12520052372,1528.74482184482,1408.49550833634,8501.89691127665,8271.02616758734,1201.61545263266,8872.98106875086,1797.72844846476,1464.11091882837,8688.75322266512,1347.33300985769,3683.35158044197,3678.98205899108,3499.67622485862,1355.45885016125,8052.68715473978,651.167753649506,7962.31585667368,235.244510587174,835.32656342392,433.381008562812,8133.04035284947,3222.75798789979,859.932879139293,8014.59741096871,592.187256153905,3018.73986430773,8010.02751359899,755.013814195649,8311.27688011169,3162.16019563791,7922.17098450539,8158.12694827498,928.636136246036,1154.26903874877,672.633851330236,828.035138862273,7972.43581875969,769.454170422679,8065.66771374519,977.90406384397,447.132404068122,3120.46051922705,1e+08,1413.46871903228,996.830819276831,833.685827249755,540.115512856221,3014.3333500229,1307.10760533025,844.93266376851,2950.73511521799,708.752538927579,708.02579788657,475.975362092555,958.974668452672,308.621807993914,8244.92574632482,2831.96057402632,7984.15087942477,3026.56666464726,875.572211785009,8414.03792617897,696.929548974292,2716.5336196012,8076.44103946828,685.425548720549,795.763334920209,2687.93436548785,604.839613107194,3169.3800099874,1048.93305208684,545.755449572122,1155.35551081621,3147.92147544748,749.506129927753,8169.53388094077,1083.06840784206,2896.83771398987,1420.04930575047,1246.34511611728,8107.96134571036,8051.34276022773,3011.8703410022,3143.34499619917,649.022888177302,2954.71219079945,658.999829428995,8129.59162424824,944.786802154202,600.676480304761,3073.53673823003,8190.972345555,725.493874091186,7983.01867761519,3354.26603484451,753.760958915858,8312.04857449191,7998.2531807796,8057.12779052029,815.661427605083,1018.23281597821,8048.48394525252,1004.31821275997,8027.85272724067,8270.6419164581,7667.57080482718,3141.94140537968,8291.60071940945,1219.38554009192,2940.96201704605,1060.55721807824,1178.67564772789,3054.70803032829,8227.90729702924,8094.23677030838,8015.77831907875,536.770807405792,8167.48151024555,8309.09622972772,3118.79800764809,808.173209584059,288.199488935438,940.345159621888,8257.36731113891,435.764503494252,98.6583850216498,427.459174747332,282.135203072099,569.544052716649,911.709460333135,648.467042448947,2905.35976518482,2778.41555053847,2888.07481412611,976.201912876796,631.169950526198,777.051094704584,728.902193330131,391.402914851743,3042.4391628728,143.786878586897,2979.22839994254,2859.07439811494,739.531874707971,2851.45490325176,8216.6120821667,3117.64749530634,786.355624928412,633.573906857822,7749.8668824077,7899.63641142979,3375.32472181328,772.125947265541,8361.82895081043,2755.85081493043,8190.14493190612,7942.13380527415,783.275027808859,660.947922269806,909.603455350139,1450.59400360523,547.996887185833,3145.27643527714,2945.52347508399,7827.3596538994,825.363416465549,749.507006046909,921.157135386754,854.609921181753,671.043397426747,834.715098321426,3341.29037658058,687.135361761372,182.103073055961,4309.89077364765,8937.78504297896,8788.25051972772,4205.94725396895,8662.57326154815,1088.9809443422,1255.38644652488,8959.99669099938,558.369883984016,579.233505764599,8930.99095271742,4277.40054923997,8899.90295412792,996.088903533612,1218.31000463493,1284.99938633982,968.118633676445,4535.84418994689,1084.67590316893,1690.44243397601,4463.33343874687,8977.69838470763,1082.86161021965,4259.06071059344,4492.76019415141,1037.97530348568,8813.94424637188,1123.22863394198,4235.81494641358,8888.9717889948,4215.79234321147,4262.5085778032,4187.97888561578,1213.27821457125,8733.60365774945,1009.68727797759,8753.87048372676,8828.98363918448,1323.62176775759,8857.51282381142,8983.62018910349,8919.30507198108,8961.95016513603,1091.3762919305,4226.51812408937,4232.61694039212,1321.8198939752,4227.09782696145,8873.56451027291,8732.57338213139,8799.34729598913,8852.84924855444,4265.94236171731,639.8206089444,4159.79148652318,907.164832478416,763.779322813297,8702.08057789767,4566.84738025568,771.311439946598,1261.7161678164,4123.65068019844,1598.34984161139,950.473528288678,703.691534068851,1233.45295030214,1352.76207175216,1124.16172403699,8652.56982230283,4344.69538750639,1245.64608256534,3730.93043088365,8784.67774847166,975.065850632869,4310.40235935383,8820.2013862071,3940.17640484875,4302.02846349677,8861.69989072381,4286.41342418133,1177.29372192766,4724.2352507032,720.112812068506,9165.23504406011,850.285040280577,4119.70604528936,1277.86563492335,788.551417276433,1043.96378760769,8872.7102497629,8862.0014844087,1093.76147560411,4248.91366816061,921.885041506401,9127.14645494074,9305.86659520572,1466.18115323137,4391.55963622452,1234.32347245521,8688.35627618087,4399.30653905113,1273.25742412095,4368.04971218396,1620.50138124264,4364.48584638397,840.063170750848,8834.0379001483,1171.92366700459,637.219392604224,4262.54110147212,731.715382292418,8843.1047328548,8749.83425170665,1022.4809895762,4228.04129070607,1218.09196407546,4282.01657504279,4512.38899205938,4366.5140685498,1499.25848072727,8806.30375286233,8679.88496219144,4186.09064618241,4281.83500387382,4312.68284848882,1035.02479879346,4411.33400311157,8914.26779669472,1378.93888210004,4188.65290328041,1352.37690786967,9023.05040702268,946.125429665318,638.805868624159,1012.9945830408,8867.45471408935,1033.6261099285,1126.54034930572,719.072517903995,1054.94423536952,8638.87744797256,941.374036093476,1124.77866541953,1280.09461788387,8903.3270025615,575.136087359886,970.579479212055,4333.97740689371,4168.81324035188,1370.50202927481,8812.25274087518,1587.08111595788,724.152353502932,4663.38383537265,1206.42542328804,915.106240657895
1781.52072591031,1582.14797130787,3201.13294404242,3181.49254566613,8817.72150402267,8979.73003292356,3519.4777060202,3493.28981348274,8868.4665857394,1379.83899280229,3299.22169597832,3622.79473679548,3768.30935692478,1562.42256764057,1387.37353240125,1162.21642973329,4041.39298761944,3537.01201338323,9092.17401362649,3495.63290133678,3260.21448334925,1542.32506233951,3564.2311692541,1401.1322050876,1591.97330815882,8731.75271359331,1573.99374401906,3282.55122478551,8843.15618802939,1531.38017471449,1663.03897108063,8985.66692258339,1363.51955379748,2061.50004955535,3731.79112195654,3398.43035752223,8753.91317641129,3686.82547510137,2083.989609663,1455.0527519084,1825.06244789846,9076.47726510229,1441.97079736916,1416.45098392913,3666.59181761008,1509.73877527589,1393.42432012494,3189.04793503393,2168.40349575106,8798.53564749409,3705.48723738594,8755.48443733044,8833.86111073706,1715.575937664,8929.17015473651,1456.43198362177,1456.4085665157,1659.92596521638,1496.31846399568,8970.99469347948,8855.31916956832,8538.74994118196,8893.54766043814,4015.06130565386,8998.15642779827,9075.00049458436,8951.94853431417,3177.7502244098,1536.79888024022,1598.73950355734,1912.19753628215,2311.8238462314,1776.80807322225,4825.0465528467,1691.41326098692,2050.3070701096,5152.94222953471,4229.04274442571,1664.5242704187,4872.87217084777,4595.47611929194,4663.71078573364,2097.05756440527,2459.39675880391,9436.42493035081,4529.59210075224,2407.57461199745,1873.63939323381,9841.96125423979,9236.22555085286,5268.68333211223,2025.56203404171,2504.21544407749,1967.29757693492,4769.11920132066,4630.84929996994,1684.74861352508,9538.58647134792,9407.66722123681,9306.88119781642,2436.32419319981,9388.96693473304,2201.85407723153,9545.18755203236,4736.85780310445,1841.74147965647,9561.59864760032,2107.96223444702,1919.31062807307,1939.41352488898,1994.49850842488,2447.1143976229,9285.3317146812,1464.88281992783,9360.07966597008,1403.75268659691,4796.20527697914,9754.62364031809,2352.16959499357,9669.15070238863,9333.80649500217,2198.06829526893,2020.53054869779,9426.85351694034,9195.28322174399,1500.49035731124,9798.96732310755,2542.61786456324,2105.62038775413,9614.24206893961,1917.87009839153,4565.51196281123,4561.03190663784,4376.86904576565,1932.24339404308,8870.01009217686,1185.59316882461,8844.25573102508,1297.27399634731,844.529193878721,1262.23218909148,8965.17813940083,3845.07591755404,835.744288354023,8840.70199937021,1195.53394995762,4061.93240583354,8825.34030664698,1499.26776175279,9188.35940656885,3972.61490150719,8747.23289125841,9074.2837317867,1704.70040059565,1846.31020692441,1499.79962641553,1774.59814205772,8920.14066439916,1508.57980095369,8932.16565032821,981.420002438493,1406.43994548707,4255.00327354439,1413.46871903228,1e+08,917.946826433878,1124.73516606289,1206.99618050464,3710.85469729407,980.6845935927,1756.88019592675,3748.85525941356,1497.57227109087,1128.4601315488,1583.78672856031,947.490370483006,1393.32261093772,9089.94448702539,3734.57390026439,8831.55734633335,4006.77266831475,1094.20691231231,9274.24283962721,1558.01204956179,3153.58464121399,8882.0972597722,1449.95723575389,1558.32321403075,3587.84624420643,1017.88413820767,4031.79735129038,994.078153077889,1333.31965747633,1962.3935360616,3916.21991681822,1618.16893334882,8997.87067180783,1941.63807772395,4014.50716357215,952.698222343452,2044.20160497851,8911.92088654421,8871.0909822461,3952.09498371121,3962.99594766835,1467.96089310863,3613.04740983162,1055.09893148845,9055.05249281624,1005.54589206101,1036.92630151448,3937.06305559984,9093.69891190107,1452.17360422335,8799.96967367706,4495.03572154654,1400.53677674156,9162.85255946991,8807.00388153025,9012.81216476915,1054.60016804147,681.733051448129,8875.0142029069,1808.33270537671,8873.73534111553,9176.2628755119,8542.69479584926,4081.18043553787,9106.36850607174,1368.33556895052,4238.8957693381,576.684931949874,1501.32613960514,3796.7575841669,9128.23233941148,8913.48714229019,8791.38068899362,1207.7254180255,8991.94075739558,9132.40458464186,3872.09929340662,1744.99006496536,1244.12092704344,1002.46878094902,9113.14097188948,1301.81251639121,1410.47300889235,1128.23096458986,1286.30712774967,1140.95440713851,723.16039887077,896.667941943053,3661.82482073132,3985.84565387552,3834.37804756876,1745.43496097669,1335.8974749714,1551.89341540843,1341.15786577855,1164.87836055088,3948.59849425097,1318.46879631086,3764.81496050604,3510.20069181892,1598.21218093627,3559.10768329124,9030.96090160255,3861.80260606579,1681.10413086578,940.250069006336,8561.69185068141,8690.71870510968,4612.47359297036,849.489949568558,9209.67080556866,3252.57829736137,9099.72876076453,8781.474047017,1133.60261606803,1177.66085560233,1008.18526829195,1066.45228649341,1057.69962798682,4057.50337091299,3630.26677867129,8923.98124528114,1535.83230160265,1411.30912660224,1083.08216971969,1153.58166687585,1350.43816645822,1588.65412681036,4199.65296690775,1353.42432221331,1393.72141356839,5122.13423951369,9766.53908545415,9585.85439885605,4889.45986266033,9426.72417295039,1977.54856585705,1003.81338688748,9730.32719179832,1686.55527989612,1698.63458362206,9702.33848389569,4859.92659388361,9657.74391812948,986.470147315603,1039.38722804264,2062.92865914597,1690.66363124653,5384.87246072181,1844.88762722331,2484.49215845924,5295.3658865979,9775.76479890109,1853.32797144289,4701.52859395076,5325.36397713367,982.802717491985,9611.19265640326,1914.67635854634,4907.37482208342,9693.34903374061,4871.21676745715,5055.03977487325,4745.64329347631,1936.46437374274,9497.61373405497,1445.31187601456,9558.78763571493,9577.78823394494,2102.89393415711,9638.07927311817,9763.61031440766,9697.76381579367,9771.78665430317,1121.09911075209,4995.10489025438,4745.34313398736,2083.49575262423,4923.1703380469,9617.1525974402,9508.88743235316,9567.5661846532,9618.73976903826,4932.4969049747,1913.96046890636,4702.50420099485,1581.03410109358,1751.10356976728,9491.48836710619,5399.07112302164,1767.80169934769,2050.89597868314,4628.11358029999,2386.6797858566,1042.92196331702,1862.49267003339,2125.5546984096,1920.09521272928,977.122149200711,9449.38095727706,5028.92306280935,2053.40480661106,4565.97491650078,9556.29271908233,2068.18100503754,4892.45550947639,9598.32037937371,4499.76575867183,5004.59986054454,9638.80468046202,4882.96955244558,1946.4411483865,5634.02786426898,1721.80090231796,9888.84014941238,1781.72827484899,4632.8637448748,2020.39014882737,1777.63530424829,1818.38012508074,9670.23010982103,9624.07009882114,1110.93628149079,4917.18936015691,1584.25979564245,9887.78793402419,10063.1799738384,2247.64062320318,5117.53565349025,2032.51161789998,9451.24084682941,5100.73630026843,2046.74536345409,5120.08942799447,2406.09534302793,5221.67904976417,1599.85613734986,9612.69499580413,1944.7895715254,1800.53821532794,4756.48538547523,1950.81003365807,9590.81557219576,9525.31724635897,1669.21738613491,4782.22564275914,1069.42419127738,5004.30418452133,5371.28303395482,5026.75003031416,2289.7264726107,9560.26876155156,9445.7079607127,4777.84808490852,5091.84430513124,5028.37828725014,1811.64388034112,5099.8254491534,9745.33229324539,2134.47671401798,4773.36008387683,1040.83077085972,9797.15188855349,1641.19439619529,1892.00238573893,1135.58236621279,9634.09690276651,1082.84540928678,1907.73231804126,1908.3746000011,1175.28098234924,9412.3997614252,1132.68222284653,1920.63676510375,2016.24378332764,9666.02029105347,1821.98169812693,1759.64775366811,5063.89976815057,4696.42598883646,2117.13813396151,9628.99934731647,2362.94259610683,1949.88161438622,5545.20440383571,1951.67424509019,1032.68462898069
1167.35919160082,1075.7021008365,2374.83564798534,2356.0187445642,7949.21864446781,8111.13988485612,2682.21608406451,2656.78514450184,7999.93544289909,1048.55872424097,2469.09593001771,2782.75283073692,2924.84387658622,1069.54117370746,1047.84834488468,1190.14916834135,3192.74163165808,2699.25584931667,8223.5282179566,2659.05959345208,2431.55674252277,1063.92454246389,2725.72618459657,1046.96905331521,1078.99988835555,7863.29982748405,1073.07962076665,2453.04441170279,7974.63904189956,1061.15961249444,1107.00075982867,8117.07373850057,1050.6815817773,1356.42155353891,2889.13572645977,2564.86418304862,7885.44715534698,2845.21144569214,1373.59793529613,1048.27139185259,1193.05544293155,8207.83900654084,1047.30392906671,1046.59645560299,2825.46291510818,1056.33336827335,1047.39629619046,2363.25496871926,1439.98357944629,7930.04371324086,2863.43497213776,7887.01749170427,7965.34915974522,1131.87427417342,8060.60631824589,1048.39623723981,1048.39408176725,1105.63168508945,1053.78741365505,8102.40903280789,7986.79527008162,7670.4193053866,8025.00286109453,3166.85058981975,8129.55689308499,8206.36294891341,8083.37274213956,2352.43562638245,1062.50198208556,1081.35658107588,1249.07247427902,1558.52194582812,1164.68054916882,3967.18167612819,1120.0310394009,1347.96053405996,4292.72047653407,3377.55489107676,1107.65829693519,4014.62335377018,3739.684153197,3807.26002239839,1383.68265912372,1686.23064185252,8567.63115072296,3674.4741775602,1640.82917979964,1223.58530012868,8973.03009508416,8367.51392184965,4407.76543718677,1329.47163472471,1725.91945716495,1287.20746594797,3911.72301972561,3774.71099578599,1116.88303084704,8669.75462318499,8538.88461231952,8438.13938431626,1665.94887674964,8520.19169997201,1467.04086307359,8676.35332864243,3879.74210622171,1203.32758617175,8692.75856255948,1392.15440753534,1253.88637316189,1267.6701738806,1306.70678213456,1675.42073604639,8416.59896560439,1049.25402524965,8491.31599552386,1046.86094166706,3938.57937934279,8885.71908451951,1592.93378525196,8800.27370038009,8465.05352737458,1463.95907430947,1325.74989295017,8558.06343261615,8326.58970552492,1054.54110386752,8930.04906863989,1760.21108164472,1390.33078763278,8745.38359347438,1252.90875326514,3710.02176903118,3705.58751012229,3523.47258614403,1262.72406717007,8022.14892633974,600.987412040451,8002.68611241842,852.106802009408,540.650816368021,693.532599591123,8116.45996790652,3066.26289379281,252.554006827264,7990.49978332505,551.560867671337,3327.00254199134,7981.59633234788,861.291205143724,8329.23407973543,3192.63544657586,7898.58850820651,8219.73528068005,1051.21205432147,1162.91208975131,885.127472766312,1299.67093095548,8061.93432640033,896.285964251988,8081.7915193259,142.236511014457,1120.46962872755,3561.3092090487,996.830819276831,917.946826433878,1e+08,318.068277779483,584.782966231648,2924.85717091659,438.242870604554,1271.16395600166,2992.98323595733,877.448870853416,442.573245751859,1155.2460675523,1069.43881943679,1121.7244761032,8235.12414479499,2991.46449838727,7982.92791716085,3252.2734476022,275.575381439199,8412.70185855479,955.940883084445,2406.10581217225,8034.15991930802,801.761493984048,919.968123521011,2828.93330570502,539.151271910558,3264.5697608914,132.657779259854,784.183914894896,1296.02973648344,3141.60133532621,1142.02456817005,8145.00874661228,1463.53273921759,3284.00522323407,638.03628694387,1320.36233388397,8069.12282785052,8027.9605096846,3209.49760639843,3204.37214223246,896.595960238951,2825.90820739126,433.475994527428,8203.62741473457,121.75413041778,462.034014350205,3175.35198636848,8240.40878597799,809.777625218227,7954.93378764965,3782.65345680832,780.151479158027,8307.20709353562,7962.86473677057,8159.98269472468,271.746708469101,353.600314908675,8023.45675122642,1165.43098621392,8024.02571102188,8321.54487027189,7693.45926060915,3330.42242626204,8253.91634543039,734.379538834716,3537.51832646886,792.648386647541,833.005434341462,3015.91534432151,8270.80814040083,8063.89027843582,7948.93110338135,593.301796843146,8141.018039209,8278.10333729925,3113.40443551021,1251.39811153258,806.638121785406,137.716079809261,8253.65868998435,725.525502875722,966.222938882436,732.488752227168,998.267523087092,522.798400112802,395.572154340431,574.303422643578,2894.91376357516,3298.45804175976,3089.15869028378,1089.21266612347,728.091506616149,925.966463506551,697.757725322851,715.236550655827,3201.72659311092,980.099777808989,2986.47268199249,2728.81598536946,1014.87254721906,2773.30748537962,8180.25515176761,3082.14661968841,1217.74855707409,591.523433052139,7715.2627891377,7844.20253503228,3900.23890938614,466.082097871165,8352.07060993946,2497.80274394193,8244.20039432029,7932.04974678239,391.645922950651,501.525688702106,154.941991961229,654.699782068,572.725936231346,3286.52986405819,2844.9333421123,8053.32573358236,882.978110654246,786.610658964148,300.086375966995,313.800094621192,742.84255884546,959.86521408665,3447.48723349445,723.875784528734,925.009028198018,4327.8765851062,8915.33950835061,8734.84300987743,4096.93428641516,8576.00140509372,1558.49275530007,334.899745202367,8882.31414529861,1007.7381691453,1007.14511591916,8855.52048566684,4076.12044578317,8811.7842530254,188.582506621583,332.813127452545,1315.68152048911,967.405188892958,4585.452450173,1132.08605092433,1734.96822898861,4500.34224710415,8927.17521609269,1130.75416520614,3953.31303735058,4522.37429648385,221.811923692077,8757.04027540961,1191.37367796586,4112.14294288976,8842.07526300057,4075.6373233003,4259.21781371208,3964.52025366609,1203.05692159608,8647.68785504812,732.128375477798,8706.51112360455,8732.1208276649,1373.71740411799,8788.87343676638,8909.67772496069,8845.8008516197,8919.73064100559,258.757358957655,4194.80150089355,3972.79920248781,1352.27927744451,4128.90167925309,8774.67156359355,8658.13831858688,8716.97788939799,8768.93331256816,4134.77434628087,1286.0832246351,3922.88405491935,870.739726604684,977.652286610003,8635.52078827844,4596.17703986269,1003.22300526853,1323.03309901659,3856.97945396865,1645.83973769831,251.86005072757,1354.33965216864,1696.61557945036,1187.45482527083,204.803009285452,8599.29387136658,4234.02926754512,1315.91101686676,3764.48700265909,8704.89949585706,1552.38324395417,4104.2153628111,8745.70208456911,3716.20295251421,4211.78157178704,8789.18659488766,4093.66793562005,1216.46383955533,4834.19141252094,972.426189292922,9053.89715391799,980.032472917803,3861.48188026081,1667.30466098885,1012.73017909851,1088.10266520686,8820.17760947078,8776.01408275575,274.227473391132,4126.52062095475,716.033329922296,9039.79484324428,9218.87184608191,1504.61868968468,4321.22235686818,1682.85744069715,8600.03949346349,4294.74150109281,1314.30659100034,4326.34218729769,1658.19315993432,4406.31459577616,898.121410465267,8759.90939264341,1217.25490773006,1119.28531949285,3989.62728976369,1283.02163037987,8745.48955824119,8675.40302383929,952.901061685282,4001.81950399541,337.399162637504,4214.08288372932,4565.67035614928,4233.84682514499,1553.51211509667,8713.35674135908,8593.79241325254,3990.34176437757,4300.37254992141,4241.25602547017,1083.7584478469,4305.05155434067,8896.56763294383,1749.75342542605,3990.4313167381,486.256619108806,8944.94827656994,780.428125628045,1254.90589659417,248.375588765508,8783.97075143318,247.519876823968,1196.25512958324,1371.28402394374,354.10781785638,8559.73788433165,364.567364370098,1181.82245962714,1707.16906452426,8818.78026096023,1188.27755666601,1040.15650842177,4260.30516486054,3922.35852434919,1767.58402085836,8779.15275862167,1625.29266101024,1351.5150069952,4741.13291700556,1216.44732288225,256.488269555522
1146.88478443273,1090.31502606923,2262.12553347177,2243.73964998084,7808.68647770865,7970.44728378246,2563.63438338325,2538.61809735582,7859.35219935269,1105.97070148124,2354.36546192191,2662.63344348806,2802.79493049088,1088.0560204463,1103.57841942619,1299.24749990641,3067.67344985759,2580.40235592262,8082.72863256076,2540.85501267448,2317.60432372213,1086.48574843028,2606.45977105247,1099.64075425129,1091.69588164796,7722.85597106369,1089.29699911657,2338.64251585386,7834.08117829472,1085.95326596386,1106.38996529896,7976.37540145546,1111.75261879696,1300.27877440791,2767.54734160621,2448.29231517794,7744.98031717441,2724.21136500268,1315.19629258741,1089.14091079439,1166.02645573775,8067.05414864859,1091.00736095961,1095.88391273971,2704.73552724468,1085.59824552376,1101.77925569229,2250.80896342805,1373.7757635731,7789.53105892432,2742.18781567258,7746.54902983153,7824.80066456356,1122.08938173319,7919.96296977272,1088.96817912386,1088.97107406719,1105.58253680486,1085.86123078979,7961.72488945901,7846.22518638283,7530.18226793072,7884.39465378863,3042.04437999851,7988.84652142218,8065.57948001618,7942.70711436048,2240.23972255312,1086.18788844382,1092.74302661407,1210.09218394828,1481.18214888802,1144.93945634641,3836.28149292253,1114.39361107013,1292.9718066471,4160.15874396426,3250.77066396297,1106.78022930607,3883.45929848615,3610.17163930018,3677.31273464819,1324.00437016731,1599.70129215773,8426.52443749005,3545.40113091087,1557.30027137521,1189.70604812839,8831.59672451515,8226.58220747746,4274.69089030226,1277.10662780033,1636.97152491992,1241.43168891174,3781.14184651778,3644.97058915526,1112.41118953135,8528.56224841809,8397.80244561448,8297.14479550611,1580.72729654343,8379.12559938261,1398.01240780257,8535.155500082,3749.35028751076,1173.89226343779,8551.54721718305,1331.43053654501,1213.99667736065,1225.26239652207,1257.78109868853,1589.58207481399,8275.62342175992,1088.00783908747,8350.2748761941,1098.95211488934,3807.84226869305,8744.35312538363,1512.87747787636,8658.97522791091,8324.03530237392,1395.24255312257,1273.93081060908,8416.96486773227,8185.69499855066,1085.73885330648,8788.64869065714,1669.31094196472,1329.82996560704,8604.12928904787,1213.20244490907,3580.70665262779,3576.30225828016,3395.49997427339,1221.20565747151,7886.71589044046,429.803616224834,7859.98686726586,693.436757234035,586.364131811344,486.225903102551,7977.64676500417,2924.30044122463,334.335530169576,7852.2780371296,335.863941733667,3108.48054519072,7849.28937246673,721.92801826515,8172.74911228608,2995.09694709064,7761.27745185968,8054.56888913299,911.109591639568,1042.25850275926,736.314430270254,1155.38496205647,7894.23011211958,753.827925889254,7936.46342694026,268.680208331454,1009.77865040671,3352.47962468741,833.685827249755,1124.73516606289,318.068277779483,1e+08,364.551814877249,2757.453285808,657.044359152366,1125.17321719044,2794.01354916637,734.117097416076,206.01234847459,1032.41459109051,1099.56243272343,992.819886776608,8088.97338141995,2779.62887586908,7843.20031453176,3032.89278645839,93.3515668720188,8260.94677307084,804.897642999398,2316.56846626148,7902.64106827315,635.851944144032,780.245796490455,2621.30137292687,433.070474946261,3065.40376775639,355.288542764379,639.377659231379,1138.89577793929,2957.05030836727,1015.62455087934,8005.49752998482,1332.67806900097,3068.14490705394,842.694406060376,1187.71783426621,7935.74371546007,7895.23894106205,2991.11984722168,3004.69884834785,762.193318522213,2667.16758508392,254.954649511913,8043.97080298842,228.156680277804,334.051061353802,2965.44976872835,8080.75199660216,669.074257526661,7821.26986668881,3578.94100226279,624.148066404609,8157.93620140784,7829.88224168626,7993.97564866155,154.195354774364,539.733892734144,7887.44864716493,1004.03380149516,7884.39598159034,8160.52466276246,7546.6740720956,3115.49212046537,8117.50520088945,746.569911873485,3310.72427518092,868.594206647396,785.78577829669,2837.66330070264,8111.44412896914,7926.81769485395,7825.66211039514,371.98944254748,8003.7764797713,8140.6892444586,2923.60408144384,1104.58765296197,652.265534013832,195.726033360286,8104.30973111072,551.344611332331,797.387905147618,573.329088731218,860.011246291064,319.057231325392,521.356561110791,546.128140475526,2707.69066757493,3078.22737070084,2869.51322987984,943.457551067241,562.337802231945,779.476198535423,533.953977545737,562.462274554253,2986.96480122579,835.906705798097,2795.53570035306,2572.00783761075,861.770944634198,2603.34688450073,8044.98119307687,2902.62808400059,1078.61561784597,534.293499455051,7583.54779345941,7714.86930367201,3685.57065970705,472.079448393742,8204.26209287342,2384.87717059528,8082.05298092033,7793.74615355342,129.487645547897,304.2174902035,202.778860882225,851.090677622136,425.017302472829,3078.76435903422,2676.78224784061,7859.19623850799,742.136193387125,620.824219835468,210.829542795183,100.801639744182,572.128392605549,822.815021823756,3246.22683353424,563.358998003265,766.135828084232,4179.10269053101,8797.81828734784,8619.59327536747,3967.22462671406,8462.57173284627,1449.11551356261,562.938870462607,8769.57138527845,795.223913847438,792.175982856225,8743.97962214542,3981.0781531169,8699.31832170883,306.051078122074,534.028306858745,1195.42525976059,835.54432528304,4432.20767720563,1017.90323293301,1601.25047709823,4347.92780864784,8813.78318589537,1007.5053482811,3904.23845969462,4372.44381863345,397.560583508596,8640.47894457342,1059.30581214823,3995.38591556211,8726.45037451987,3962.3686557665,4113.26563066709,3876.34633291093,1091.97623575589,8533.27836370181,637.769292458185,8590.31293507827,8620.98133642202,1243.28770752063,8675.07824917573,8791.34381817591,8730.33792223919,8802.36716143071,348.879949441118,4055.73753113124,3901.29718815897,1229.63103778958,4000.22889020083,8664.02813376466,8543.26580364951,8601.56863552644,8654.32204208539,4020.44894509346,1104.6307984558,3837.08302624983,745.65106725431,754.396533918829,8517.96821964831,4449.12725278416,793.780192109602,1192.53866699469,3785.94238983532,1511.85294210165,250.134972219561,1198.72413975392,1578.73470424615,1093.48702088021,408.381716522301,8485.2018167927,4112.8709841538,1171.03988818643,3602.63972296656,8590.3477577504,1401.50469260694,4010.76176648905,8629.72268490582,3622.18246693852,4079.92182770529,8674.95196845963,3994.88675413248,1102.2385754377,4676.00433544654,732.046025692696,8948.29281609713,757.303304690631,3787.57223179042,1588.37382730375,796.49726490787,964.336405483856,8705.64894431929,8662.12189582156,339.060720255873,4002.85085152414,516.480201865948,8925.82006513977,9104.94871321446,1381.81880146973,4188.50151916471,1586.95558598572,8484.31590586607,4169.30934266383,1201.42511007956,4186.31561294374,1522.06045841189,4258.91091029698,765.294400726754,8644.26929783667,1095.95527726856,905.291510489449,3925.22386839756,1102.61156788006,8633.39757547827,8561.56344233862,823.358395987175,3915.57977217582,542.880082165884,4077.55074729449,4417.237719551,4116.43860491174,1418.10383423324,8600.04811032994,8479.36041013738,3893.81068967335,4148.10634481081,4111.04367070011,961.849561201441,4185.67142456259,8779.06498326838,1661.17210398051,3892.95828963527,691.333687171538,8828.83934850445,581.857889740824,1076.45124606824,254.486688115667,8668.4318507769,349.403323296264,1057.31798136555,1217.05155652461,318.086156279693,8445.13162203133,259.060909408316,1053.58654480251,1624.26560325957,8705.16494231145,1005.36092398422,914.56264402156,4130.94597563109,3847.1940377649,1679.10001675828,8663.06813338373,1495.28275801876,1184.67882249193,4589.46925896633,1099.94701726268,255.346283972008
1161.59976304931,1105.51799812039,2270.39768163069,2252.06916456239,7811.88996801487,7973.60813775672,2571.07998977531,2546.12501020576,7862.54214767193,1120.65685743931,2362.362924296,2669.84746414511,2809.70842571797,1103.26224054054,1118.30858118978,1311.35346285621,3074.09251651729,2587.80751842134,8085.86088969468,2548.35639570961,2325.70871776419,1101.68480424992,2613.80309097324,1114.44570101503,1106.89359795886,7726.08280535931,1104.50251513622,2346.68531431138,7837.27785930841,1101.14378133781,1121.48414880335,7979.5347255834,1126.33584748611,1313.56344381945,2774.53361138767,2456.03073562935,7748.2010849297,2731.28963205272,1328.35376365081,1104.17300396167,1180.55430824942,8070.19035035914,1105.993648057,1110.7638657991,2711.85607744988,1100.76183264394,1116.54318502338,2259.11631344856,1386.45565826408,7792.73971473995,2749.22757581245,7749.76936875067,7827.9998289432,1137.04267801642,7923.13694431475,1104.00476697685,1104.0075861353,1120.68348188917,1101.0011802444,7964.8879985066,7849.41862661297,7533.46343181209,7887.57797264279,3048.50759686036,7992.0026345476,8068.71605362052,7945.87515730802,2248.5802606319,1101.38304949873,1107.93576286626,1224.19438358069,1493.07129007784,1159.67340110353,3841.64662094656,1129.41774779065,1306.31962229415,4165.19488299344,3256.8942109533,1121.87112031817,3888.77313516489,3615.80092933789,3682.86024238835,1337.08781426014,1610.82919577797,8429.57384776946,3551.11220670464,1568.68833914668,1204.00362269093,8834.55675733668,8229.67896123443,4279.62247800051,1290.59345863659,1647.88104788751,1255.24059306484,3786.56852162466,3650.55712117615,1127.45310279442,8531.58834865895,8400.85851892082,8300.22458189899,1591.97003192513,8382.18602978824,1410.50460860965,8538.18011319776,3754.81325968795,1188.34333543345,8554.56814299035,1344.45218541254,1228.06184355106,1239.22147414537,1271.44078699356,1600.77090576774,8278.70835264417,1103.07059427162,8353.34207525641,1113.77050246029,3813.23892117172,8747.33171198141,1524.552414712,8661.97233164446,8327.10869801787,1407.75592024017,1287.44578274507,8420.01649065139,8188.80171711443,1100.8867329642,8791.61781127562,1680.03833223078,1342.86488568783,8607.13848087889,1227.27513348184,3586.37278679199,3581.97395123847,3401.41210605754,1235.20280339451,7918.34028924435,392.481175572747,7860.29186380456,409.617069227801,575.194746366589,150.26824797266,8003.63139419634,3000.03765023516,474.885090878941,7881.52869972068,138.271877305428,3013.5614064422,7876.27090915406,675.14008994689,8190.01128441796,3003.36495145202,7789.8457158815,8050.1557009662,875.526008880283,1029.23559887399,642.082567490585,995.637917379069,7883.68854751093,703.528584423679,7947.50577915193,561.452080018924,762.870898381036,3216.32973210625,540.115512856221,1206.99618050464,584.782966231648,364.551814877249,1e+08,2808.06051531546,928.907097812819,971.292234437786,2795.14121346897,660.964823199568,214.451113761441,817.918535007087,1005.2842338579,736.326523205017,8114.46749637034,2732.45398360521,7860.22651147214,2959.65002182582,418.103990201826,8286.96680365118,691.80516915601,2438.63686407135,7938.39246742823,576.006247267232,734.406432553426,2577.05244969269,289.517396304253,3054.88211624077,639.629697973239,512.382749481585,1101.87100360902,2981.21718344392,870.860319214719,8035.73923239766,1205.62932298879,2945.14217093144,1075.38802057035,1169.64185262892,7971.06013469666,7920.90227109929,2929.82161081745,3003.90663391008,650.382954354884,2728.97464416487,198.588398511268,8034.14216579124,517.588045198348,217.372372806653,2945.9369116207,8080.48602812289,624.272236995084,7848.64021807402,3447.09717014716,594.744599597609,8183.22166702883,7863.92680057123,7977.14612507178,356.003756376891,674.558784618301,7916.22482481689,958.360608072809,7903.74878809977,8159.97486639597,7555.70784205897,3064.84602216891,8153.38562108494,901.156585685908,3148.57137097613,872.810224508088,893.541227554438,2871.95629512947,8114.36818515623,7959.13481590276,7868.74747230006,71.7885110633136,8034.20638830898,8175.58646144843,2943.35100331247,943.175270873613,377.996961549123,504.170990854756,8130.32471402657,347.826303495507,499.859815159638,294.490757777686,599.906712285996,114.495171863349,590.028879554526,443.383328900645,2728.88873573155,2916.98678989214,2806.2834957652,917.334988721401,489.549371821185,725.500866034983,516.042497576774,284.09208058532,2942.71537611059,549.362050036807,2812.06417745923,2637.24840511278,746.216485277352,2649.40486948031,8080.38652905785,2934.61478480408,921.879988507756,400.56101393974,7613.9449700883,7754.63473432217,3547.50001987654,457.090716371405,8232.30289933905,2491.10714094141,8080.5861194945,7816.60278447952,308.182474790187,185.431405270304,470.543026049627,1092.7099127146,225.905593284814,3046.327346358,2730.8128386507,7815.91636622328,714.147572195586,586.520203665152,473.770107882606,397.740130554165,517.334389353659,773.67234752923,3231.33050180147,520.969346716912,480.403006040795,4188.7881347782,8828.48279418776,8660.4814828079,4016.06337746568,8514.76701038046,1295.97720566623,854.077717299455,8818.02340917809,560.052519249858,570.496641641516,8791.35321087813,4057.68346891199,8749.71257918993,548.273625615303,812.970746126924,1180.75137381298,820.592699368293,4433.86271445372,997.782303659209,1602.96971926912,4351.41119144951,8853.89991776727,993.648530069189,4012.5933520044,4379.30518888938,624.627880608622,8683.39810090879,1043.68010804312,4045.8824408058,8764.65588994819,4018.39887083733,4129.2824721744,3959.59645081669,1085.36572198221,8584.13527373816,717.210128470916,8629.53958147413,8674.41831883566,1236.15146400958,8720.8208025726,8838.57900411399,8777.8035455391,8838.19648128325,652.714187528992,4079.00236441621,3997.85769062189,1229.76560153981,4043.66343103953,8717.09090474059,8591.32001468123,8651.76752190982,8704.10353130462,4073.95244598201,888.363598272775,3926.50916156416,742.383105163488,610.672840351171,8564.58133677911,4453.44539014007,640.580831692017,1179.10129180871,3883.33257223648,1512.16029261138,492.242986595339,991.142859320948,1432.75929867389,1134.6998616479,693.99235115259,8525.81402196994,4159.93271993558,1161.12916284358,3610.01613560706,8639.53293249229,1225.89667563056,4089.06623496761,8677.5619116844,3708.69364351946,4121.85818572655,8721.65387828153,4069.22946429255,1086.8528092816,4662.59949057705,580.377605104002,9002.69932122723,648.599981197156,3881.77167240639,1460.88847547927,643.636833898471,944.069398118791,8745.95653804319,8711.85922041489,646.151842424224,4054.34647998571,568.549893438106,8975.59887344281,9153.03305539481,1376.18081763293,4223.73655104993,1442.93768896946,8535.15347664719,4215.36771297041,1185.19170705736,4213.01635940471,1526.20251477049,4262.18506180485,736.141131874965,8691.90974367639,1082.25051842258,679.351257395152,4024.1335942233,915.426181810905,8685.8676069093,8609.22535632364,829.21898732267,4000.23881727685,817.312031972934,4112.19620636334,4415.64142131448,4171.74456169345,1414.80866851389,8651.88599342336,8531.54517902564,3967.39668018399,4158.10931925879,4145.39027585032,939.012728125405,4231.04153392118,8806.10859485845,1544.59174562134,3968.58639726203,967.124926224868,8877.55473612944,609.51354285893,864.421953862092,557.072877527875,8717.87697372627,602.201874991894,1045.64476851251,1013.61060802874,600.329974350577,8495.15635385696,480.071584667504,1036.20910704613,1487.32473562051,8754.50474736673,791.286430642862,884.70372464838,4167.01019399567,3937.13930604309,1554.38612283703,8695.80180913952,1496.35407310886,986.110536227296,4582.87993651518,1087.77335237102,458.559512914553
3180.60292232414,3354.40717507261,2515.40009174139,2518.53810317967,5929.80520902808,6078.42732578429,2488.7994714301,2489.26518798608,5976.27957483534,3571.63716951573,2502.33160675211,2489.9497907211,2499.56825464228,3373.3705867114,3562.3959872531,3947.61582556454,2542.10500824788,2488.6592878537,6181.99081735871,2489.21099688715,2507.00866159312,3393.09152019793,2488.71384485723,3545.82022644189,3345.09944403652,5851.23990136569,3362.20075934428,2504.24638935749,5953.09024719147,3404.01023475869,3280.27602951526,6083.88714581338,3592.08080378317,2977.59610351695,2496.2840881131,2493.531186023,5871.47131999366,2493.03859836283,2962.98922867982,3484.13551587457,3146.24655093373,6167.51435124772,3498.66338306123,3527.79084955985,2491.86727816174,3425.99345927473,3555.05984081754,2517.31039217942,2910.22789730179,5912.25304989653,2494.27820535492,5872.90635363196,5944.578633232,3234.89146348856,6031.96823131066,3482.61882599959,3482.64455357104,3283.02946460641,3439.90281604739,6070.39562231375,5964.23170600253,5675.67142290874,5999.27636863704,2536.65328022389,6095.37605896903,6166.15270572764,6052.89066207087,2519.15572861135,3398.58828050697,3338.74126336937,3080.73590890137,2827.83653540923,3184.3901772016,2821.238336912,3255.51595604145,2984.95386834429,2994.51674293031,2588.92998384214,3278.96491628811,2844.72657508072,2717.89816600995,2746.92664384193,2954.60917411556,2752.33213792604,6500.95675398562,2691.29329168812,2777.78504654882,3109.21159954618,6879.94785257982,6315.12628441362,3062.02314206274,3001.42999708442,2731.24332402701,3041.38937274214,2794.60175622304,2732.76252939844,3261.2780973918,6596.12212300333,6474.20836337406,6380.6076666296,2763.52283944816,6456.82430264875,2890.20499091731,6602.27861808579,2779.65399099793,3133.38061342176,6617.58827549018,2947.67638841027,3075.56881628386,3061.10741091288,3022.52809357683,2758.26107208639,6360.6241089465,3473.3861138893,6429.98535243953,3542.70516592988,2807.38868117111,6798.05850819514,2806.26737477355,6718.05552223753,6405.59121303408,2892.44622714323,3004.81579065915,6492.05212038543,6277.23559999048,3435.55532152434,6839.61846903393,2713.85569664516,2949.16065928887,6666.73522438725,3076.61311443002,2705.62201343979,2703.8116937572,2635.25409086332,3066.24150999197,5507.39678067532,2823.87853262778,5566.97927867465,3032.06092782266,3184.12736632009,2816.80779729451,5589.19468520265,601.297661726278,3016.18375842782,5445.55021589745,2783.20775352469,1417.82572907506,5496.95877177508,2666.20389931457,5723.70386332477,507.661999808231,5344.57890370551,5678.84776628016,2569.61348749216,2453.5135715235,2717.04414971607,3021.87239185582,5535.76999771611,2670.94046349538,5572.22589593417,2864.3391420956,3210.61137115227,2073.80431478888,3014.3333500229,3710.85469729407,2924.85717091659,2757.453285808,2808.06051531546,1e+08,2908.41695676585,2970.3185307952,522.271022501782,2724.76012716343,2761.71200183055,3124.8059862216,3713.11006824264,3265.7139343337,5648.76380818818,868.982960841447,5483.81101414942,1142.79229181961,2765.28367128379,5826.28100562979,2754.77757516273,924.156805037302,5487.2405213434,2664.9430344665,2659.08524653264,830.32845883436,3003.01255663558,715.272599924217,2879.06068978189,2840.63104436553,2647.86710267848,453.339692843604,3054.83204741596,5592.74132131396,3095.09438102257,1598.23442558864,3144.29057441098,2384.42745783535,5548.29899336579,5538.78148965586,1017.05967384936,617.437398222288,2835.70628425432,231.255316796114,2889.30371715834,5680.7851784597,2863.45923148381,2942.20102277224,683.973245537325,5698.47802913593,2700.42814886008,5455.59837161333,2199.33903010428,2657.83210608478,5722.13017734277,5422.28523832342,5680.97365811611,2835.30542683196,3137.26122702635,5478.50544030144,2659.98903229387,5502.81066048283,5770.74601031643,5223.97852405373,1032.31861740984,5682.01103506332,2759.41620895448,2808.66918690308,3459.54636495516,2629.84712848777,300.875991953835,5711.13395096316,5504.92869669833,5446.76572514463,2802.68607334194,5607.36132329705,5690.42517141731,454.181944266677,2955.23609413064,3042.78525716374,2858.04604618549,5663.35338876141,2852.82605348186,2959.33778116188,2983.73657601693,3199.83692328879,2854.24226108647,3124.39486367683,3133.64674862996,318.409978300423,2069.39791362478,991.037366445016,2567.88244035787,2735.32521487508,2661.38269670646,2695.17654155297,2995.58811010232,887.15775216363,3096.32937971005,379.252113984867,304.026193661095,2749.47181821677,294.001047035878,5599.08628462868,298.524642483937,3005.98883570705,3100.54863091693,5245.93176957709,5350.8667758336,2822.99733117924,3058.95413183419,5763.91940987115,710.837645252639,5698.73987604608,5400.38358895454,2736.30350915597,2810.02114040271,2856.29971094721,3036.53654079483,2946.65768074674,858.570175427138,253.310262487405,5741.07167430439,2609.41637420323,2632.74549915533,2716.77243445591,2723.88972113833,2701.91414464868,2607.72732627754,875.952712270095,2708.9335772076,2990.28205530925,2115.47391543592,6945.30386825788,6699.78374092087,1991.2428173501,6456.59371469766,3423.53142758256,2891.40972076617,6758.70639812455,2574.92646468101,2588.16162264919,6803.08690916885,2281.57128630752,6657.9557540952,2830.28945583409,2869.38753916969,2376.19957709765,2522.84094274672,2282.35632602203,2516.11918761063,2382.92971753972,2261.41155438303,6928.4390697693,2499.7243046298,2555.00500850849,2267.5770231238,2902.53711434538,6684.73567707571,2484.25578676962,2223.13289042977,6810.44298847841,2201.88137469297,2074.41145254777,2294.75889771795,2476.20424920267,6463.34940723749,2670.40157652943,6673.64546055056,6569.65609543675,2475.46058031161,6709.77351605766,6686.09189841789,6711.33728187314,6870.70985325717,2717.28702040918,2086.46293849085,2359.80302070073,2499.78302064556,2085.61673978818,6600.86255870724,6510.87474384539,6547.89759216927,6578.58969101369,2250.78343157124,2792.21653559559,2162.14841696381,2591.76391810903,2433.48018582955,6500.51367233427,2439.33682184482,2466.08289256982,2467.80429626289,2345.11219249531,2431.19747656683,2788.89732526185,3151.00860840712,3440.93519289583,2497.67171178562,2851.15112219911,6599.38351119056,2256.44879874313,2444.4355601708,1365.2356344505,6579.16000057346,3202.83450812073,2342.07775934463,6609.19245760074,1959.71702049876,2108.90888439091,6703.06270167555,2258.20226052873,2489.73614374291,2562.98107658352,2403.48788495064,6833.9540936646,2352.22774288873,2355.05991468463,3583.94970262245,2443.77357319567,2490.6990994941,6795.94966924359,6581.39878501308,2708.373540745,2111.99623726082,2420.89877887849,6812.49509775092,6903.09423621109,2429.26191568129,2222.61869137069,3583.15462964524,6388.28908133261,2237.6085705836,2466.72686224895,2156.73611462823,2461.37265953558,2232.57783646475,2592.30880447425,6624.42996464838,2488.42414913364,2542.94764521846,2492.34008570617,2762.31721863232,6525.21277841138,6585.57532289037,2532.36665560854,2306.51089241471,2868.73770903631,2095.56649361018,2397.60964265136,2246.89250458713,2417.67748189178,6520.95679535214,6455.23174438496,2253.08537611478,2014.86088662138,2220.7826022966,2505.24698531425,2354.11534872228,6931.96986806866,3553.93532966267,2208.8275311456,2923.12517054223,6763.89624056441,2376.96218441798,2761.49066235269,2711.80535788204,6560.52191691649,2763.16547908919,2542.56046113468,3081.34884321333,2622.96795840216,6460.06872438981,2658.12422558287,2468.97206537889,3656.36880841839,6658.249289599,2814.9690576401,2510.95205103519,2212.49729179452,2385.05600497761,3622.09467648507,6786.62361973595,2497.01121687287,2932.90686627097,2516.39266368644,2444.59971925694,2799.10028722143
1360.41547681057,1280.601159584,2481.75471750896,2463.6721053258,7988.78091648673,8150.11014297261,2778.50412492935,2753.86531731394,8039.30973206602,1255.47822299288,2572.49303701755,2876.04284195607,3014.22921543746,1275.21644991632,1254.98448003653,1372.39848493261,3275.66564419085,2795.02097741997,8262.10114310097,2756.06834181963,2536.32611619389,1270.28757763535,2820.69119461373,1254.42957786704,1283.4774151784,7903.18603873731,1278.31118724854,2557.02351613991,8014.10679669913,1267.85032079601,1307.83248584429,8156.02274576865,1257.0328820359,1527.93200474809,2979.46812956933,2664.93014467167,7925.24919598044,2936.73967036399,1543.36841777359,1256.19002545217,1382.91775550516,8246.46675122446,1255.22308471212,1254.31444397968,2917.54023766453,1263.56773488844,1254.68624533977,2470.62467168426,1603.33784522163,7969.67767784833,2954.46285555212,7926.81358206627,8004.85138658206,1329.46463777294,8099.75880749956,1256.31091004038,1256.30882792816,1306.64255925342,1261.28514966419,8141.41061469391,8026.21803662911,7711.05889731913,8064.28510638311,3250.35354047823,8168.46129489075,8244.9958617658,8122.44285311763,2460.23004100816,1269.03473548761,1285.53101677419,1432.2616145631,1711.53142218972,1358.07435031282,4036.16200220749,1319.16043710022,1520.340648746,4357.29704635157,3456.59341330881,1308.40399072786,4082.91876889625,3812.18237517412,3878.67083091296,1552.44723799758,1829.47031527328,8605.05179737924,3748.0583541392,1787.39401730435,1409.76060171663,9009.20566447836,8405.59326179276,4470.93717205075,1503.78151097192,1866.37584888436,1466.08413795636,3981.52440427093,3846.64087682178,1316.42304021868,8706.85074504368,8576.39799680491,8475.98272194826,1810.65480504306,8557.76572161807,1627.91380232584,8713.42874187537,3950.02729798535,1391.93606543572,8729.78262657021,1560.08279671227,1436.52089953205,1448.73308257405,1483.44919360438,1819.43811515958,8454.51386672354,1257.12859462024,8528.98420602247,1254.37310811109,4007.98036096008,8922.15328625281,1743.18054778085,8836.96593592814,8502.8079557797,1625.11088656879,1500.45315738329,8595.51487665507,8364.80761357386,1261.96325333413,8966.35132934649,1898.3503586068,1558.43849842435,8782.24422774536,1435.65567123422,3783.00939433629,3778.64894686717,3599.72007654543,1444.34813260513,8007.60636492601,808.462426524014,8029.07034630604,1191.63833964619,899.373257177003,1021.63577442568,8112.46627699775,2988.34539527604,633.76434951394,7988.01065501447,881.583270317681,3431.38887465751,7978.86301882643,998.650093912458,8340.67268861512,3202.25738581829,7891.77094073997,8257.39206640367,1164.00841860242,1191.05500288422,1081.9854369987,1576.06718192998,8104.77967189707,1032.86299503838,8102.60428825273,441.956469483581,1445.77696713996,3699.10527611917,1307.10760533025,980.6845935927,438.242870604554,657.044359152366,928.907097812819,2908.41695676585,1e+08,1541.33817555903,3019.40682505961,1067.77921280969,775.212356234388,1451.09123410395,1359.17476686733,1424.89368014264,8240.17883195025,3067.24611546837,7992.96494650503,3344.7486472437,587.253240582752,8419.02193013511,1191.79520252367,2293.13189818879,8008.47035512042,977.97206231496,1060.25115006555,2911.63872238078,910.425670487742,3275.86792237816,389.279127228317,1016.54825499057,1504.97811660691,3119.23742352718,1423.93116606968,8142.15522837333,1740.03081859402,3397.01357028433,384.823466104915,1384.3652952501,8050.22172842732,8024.67477377331,3291.53992008017,3202.3256061187,1138.19036205533,2803.48248987632,803.669742397601,8241.82187111446,516.313348398069,835.857146892798,3210.05293274108,8271.40671843225,949.606933440125,7951.62574097963,3917.70480006669,888.950313519033,8314.15776301749,7945.68453218895,8206.42204757128,652.17725226325,635.522921442982,8012.99878260176,1362.41887780179,8029.93061085961,8355.25449747076,7717.98606069638,3394.50248224129,8239.64260109875,684.924463703053,3737.27254694002,1022.16438500441,810.960350416831,2992.58416994861,8299.83361506757,8055.96602868025,7907.52620188211,930.835196755644,8137.00741735745,8260.53869497084,3105.60768342259,1523.55146484162,1148.94600974618,519.976735465023,8256.65745056468,1015.06662637352,1274.59956966901,1061.79757958711,1321.4959090517,867.0019021055,706.85239810529,922.936457966254,2898.35609054136,3457.76527064966,3176.78757759314,1206.02277753027,912.412819311643,1083.14579531805,828.055955094627,1063.01947520828,3260.15184105587,1291.51988941745,2980.84959243083,2691.81553815865,1250.73744612797,2752.65548562367,8157.96713913231,3069.77990581452,1490.86137257979,939.6664751027,7705.12584560316,7816.92593488839,4071.73518850816,812.397774294443,8355.48620749209,2418.46565957365,8279.26562747912,7932.57690259902,705.810653699958,878.73690232299,561.270251803433,336.857748797356,923.562813416007,3334.84303448972,2834.08281364763,8127.52577576118,974.151480678707,898.310883163973,579.916941477137,613.207128827477,906.164372289656,1057.19913300639,3451.9194751402,873.782803190704,1243.19084271948,4280.35101026474,8897.01818233706,8699.68046087303,4028.78436038027,8525.71086704863,1803.75774648052,213.5578768948,8835.05381530378,1288.45696183104,1300.44476169265,8811.64518082578,3992.12743859301,8760.19014315761,518.806547866488,282.563976708446,1373.15558048254,1031.70073331633,4543.46522447487,1199.60350863318,1826.54034125822,4457.13590099603,8893.72575199037,1208.06715351405,3832.16120541058,4479.79806487737,482.925900943818,8719.68288596903,1278.22181319777,4048.45980310223,8809.37462170209,4005.3698801559,4208.49551773759,3876.94998598812,1261.64236635513,8596.08658431165,776.71878297642,8673.3932514441,8676.85393079612,1459.63298715389,8745.92054168349,8864.3176372006,8802.74146433962,8890.8222965656,410.794310215161,4142.2304810947,3873.16855131245,1434.82570827752,4066.15237830833,8718.52488832985,8610.63019749829,8667.36091170794,8718.94800829383,4070.58394824848,1571.81050688807,3826.52323170359,940.991784821313,1243.85421216005,8592.56855053326,4559.60944725396,1276.21417698659,1407.08969060027,3752.50272556528,1746.83117865641,581.736372913239,1644.66758764164,1943.23815399712,1225.58294523516,323.666002081117,8564.76081163078,4169.22871094471,1413.06887455615,3725.17591410487,8658.91759241998,1829.65549802551,4022.19460305657,8700.78872338354,3618.0742703399,4148.59803490324,8745.81606178762,4011.78315734614,1292.44508834463,4809.86286052784,1228.43326168241,8992.35148305116,1234.32928344518,3760.61837655557,1893.61564170458,1287.42248087188,1160.12038722355,8785.1782752063,8725.58658564629,405.383879547926,4057.70589795585,947.348778282596,8988.23420673339,9166.78962837482,1580.98139168463,4263.89283103725,1924.88069382333,8549.97474826664,4237.65360930775,1386.3208707927,4269.27471097441,1781.72274571687,4374.50514367248,1000.64894142202,8715.73612261473,1294.37460645262,1401.25122264614,3885.64870412764,1554.98571706932,8689.27061548688,8630.51954407698,1006.80492186903,3909.80354366995,314.323759538141,4153.77443710365,4533.59905454214,4167.50413372133,1639.56843746453,8659.53449460596,8542.93907376191,3907.87917298091,4248.7106532872,4179.49639292398,1160.57475245548,4242.65217388236,8881.9437117243,1973.92455859354,3907.3873567882,207.473873993074,8897.74000730971,999.841834469183,1533.11358461668,499.921735724729,8733.1653385985,531.860717299737,1299.62117841061,1658.66548348627,488.853371743705,8512.5700127879,613.671300642203,1264.50574919419,1941.8458355553,8769.8146588707,1476.70658621659,1120.27737786659,4203.6650221849,3823.0703283684,1999.17286552567,8753.95770244974,1740.42397076786,1639.35164647686,4711.26827779066,1275.64464560118,597.572482194103
1250.43302054438,1249.00743051367,2150.78135504006,2133.68855629361,7606.00676324998,7767.17326928518,2434.36570805744,2410.63455909637,7656.48343720961,1318.19719862396,2236.91919530352,2528.57259434776,2662.66053431559,1252.2014761518,1313.94430667092,1559.70190798603,2917.89559233905,2450.28968101392,7879.05750173733,2412.7552697137,2202.51602580439,1256.15602615107,2475.06236715463,1306.57552078933,1247.66320791518,7520.50277229083,1250.24679300206,2222.19325712139,7631.30637175841,1258.61623393143,1242.56612345697,7773.08011214603,1327.96321359257,1334.38540568795,2628.86881063035,2325.22496871753,7542.54218800632,2587.38682993912,1344.37528880258,1282.24280115049,1257.92038091428,7863.43772401118,1287.51824652898,1298.94929706543,2568.76822225154,1264.13919299124,1310.64147366395,2140.25748989978,1385.39678202467,7586.92352635386,2604.58541122606,7544.10489908246,7622.06053047592,1243.67935417552,7716.87155706488,1281.70883126541,1281.71786228878,1242.62597841589,1268.01737056274,7758.48224138637,7643.40514601333,7328.59208115773,7681.43344147634,2893.11027586154,7785.50658942722,7861.96821423811,7739.53311917519,2130.43785493094,1257.37074854683,1246.83097622034,1279.50063728142,1466.29672157157,1249.7629545391,3667.34228714536,1242.67700198692,1329.56994751301,3985.6136460609,3095.43141529098,1242.54264960378,3713.63458205586,3445.86110974071,3511.55696713045,1350.36834630028,1561.58338787292,8221.70957228278,3382.54694643957,1526.90504154353,1268.91270349991,8625.55916490072,8022.41971290018,4098.40067761285,1319.30441756778,1592.5306037687,1297.30338332543,3613.27086461604,3479.90307507377,1242.54593255909,8323.42738056375,8193.07919639497,8092.7481233079,1545.99187375052,8174.46229480639,1403.08299970136,8330.00024362749,3582.11218443026,1261.38969407567,8346.34142130991,1355.47269374121,1281.62601021165,1287.91353026723,1307.18477923554,1553.25378345649,8071.29770770581,1278.52777064481,8145.70474910193,1305.22858737864,3639.44943609576,8538.56842997178,1491.25369785862,8453.44339515004,8119.55053606309,1401.04302335708,1317.28251726902,8212.18041894601,7981.6702303941,1266.77380089118,8582.73492371432,1619.70204581574,1354.36866109491,8398.76279503673,1281.19134554083,3417.05082998973,3412.74540832836,3236.27322973725,1285.6238164663,7793.83343417784,1036.47714291104,7701.43192028096,876.897520570807,1285.42439346326,954.755598424951,7878.8155268115,3190.0287556144,1189.7496908206,7779.69035370485,1067.36599614906,2908.49131741832,7762.84863857323,863.899610598858,8074.56165322161,3137.32333500597,7688.52877550156,7916.35454191649,794.654396896635,1335.04212429175,737.063099572733,140.546687958777,7740.8269628517,830.263389022789,7818.88336680917,1279.56991234925,976.975018691241,2899.01133995981,844.93266376851,1756.88019592675,1271.16395600166,1125.17321719044,971.292234437786,2970.3185307952,1541.33817555903,1e+08,2931.7964761477,734.116436344103,1090.37818458269,588.876355251322,1498.40259787513,965.473831596506,8012.67395025418,2795.1004100513,7745.53961955604,2991.97159543555,1168.20040163085,8175.42940053887,567.94521867244,2707.69941401745,7851.9502830772,867.154220496914,799.342025859225,2669.80521152403,1082.37585486851,3104.5240211868,1319.2400427174,792.058491184571,626.951116138832,3113.72229491757,245.48902862439,7929.29572583436,540.368427918882,2792.79763423836,1590.06074522134,1077.28272047015,7845.17259552177,7810.08649430758,2970.11351495006,3109.79103262851,601.091925511243,2918.48973218419,1060.22251770727,7893.28965886008,1212.56660670643,1029.18259576446,3040.52102584908,7944.51523944491,903.320580714602,7745.653728228,3111.26080834356,1038.59773286154,8067.35221285283,7745.87367989964,7809.48068065557,1167.04640353817,1380.89872892733,7815.2879609508,488.398092614819,7794.57714732618,8028.9092299116,7411.13841556086,3074.36430318309,8055.80063357461,1498.20870954637,2640.87032289741,1524.61395590552,1440.94074569147,3014.1433130791,7998.06522150883,7857.27105593262,7776.89521109364,965.566358239235,7933.6576245553,8073.52465786259,3114.63529287184,93.2476962380342,915.538435511217,1212.42880728639,8016.51661667404,814.588537937951,803.326924677161,1015.42402488126,937.561489561903,1026.76524629245,1299.90017193035,1140.08491984304,2885.88354088251,2646.51205967254,2838.61412713001,732.11128857194,934.177094166355,755.353691979897,1043.97904611344,1015.89211658552,3015.72363990297,909.116482947207,2949.04460086508,2823.87788420014,511.849888906537,2822.21790659865,7976.0024905414,3089.3836168867,100.140279590976,1157.31302413877,7493.09199720298,7643.02883313567,3000.73798749191,1225.33217211721,8118.15735000961,2736.61935761087,7949.27717011181,7696.39805936034,1123.32330985964,1057.89411149653,1179.87428255574,1630.38006520963,1057.30319810682,3075.6489391307,2886.4909661591,7569.17784873035,976.642436520222,1044.73149629224,1216.72746081105,1159.60713414274,974.850523475783,927.538634949383,3303.24817645919,994.758901814679,751.41537949662,4282.71577994567,8693.15403634734,8550.46176275305,4202.22917832202,8412.02124475213,901.578757036719,1468.45937028913,8719.49508818952,921.150700970198,828.50691786475,8696.44633353509,4269.70911881891,8655.56236675295,1282.8024953309,1398.16272751557,1318.8014584915,1160.74251884881,4472.25976540118,1061.28584348933,1330.25238299464,4433.56612532174,8743.28776195527,958.278898426405,4237.31033016183,4439.30178691524,1255.73447137292,8570.1085973991,895.931433095916,4250.4690042775,8650.71695921163,4211.67917501866,4243.72032939951,4186.18804779002,1332.71442020861,8480.9931927457,1285.57736169749,8513.47380910293,8584.65259409193,1041.23956883014,8619.07298087427,8720.7800645025,8668.24492079879,8720.0663282136,1315.13100095008,4218.24390182386,4213.06943258395,1047.53265220776,4232.82888277912,8628.1797047645,8483.35751290915,8543.13129329679,8603.3636577682,4272.99223737883,787.009263805589,4151.5232650344,1108.09870107235,947.28097958816,8446.51171934968,4545.88095584253,1001.65536640562,1018.11103227558,4101.4531298823,1214.9924084322,1261.07622283629,892.159883123731,841.325061486563,1560.76802840826,1356.3174101621,8417.01021383868,4355.77681161375,887.861391218748,3661.34482398711,8536.93554863457,800.850395826301,4297.86971525297,8569.58198327889,3923.53838629366,4302.37046023751,8621.07544846259,4274.01230480735,1107.27674810146,4550.35975389678,952.900438000874,8938.22940670528,1037.85756056508,4125.34991734504,921.529852089696,995.553496958236,1051.58225729549,8634.96676909364,8612.39084025978,1353.55827455183,4256.72664473232,1112.5313361038,8876.94893498158,9053.36595098872,1264.01234828606,4383.86370163598,898.965306661737,8428.8030462729,4388.49151056155,1236.38132991733,4369.59181220427,1196.41745359193,4279.08337693883,972.55765907198,8583.71809629365,1047.14294186879,857.623055148818,4244.61112073326,861.316609538241,8590.95810178795,8507.53826089171,1240.83086031933,4216.53033020138,1407.56702772896,4288.43245158918,4448.89785739221,4367.99912415993,1162.99089075858,8555.72182448121,8427.48104670796,4189.73641372184,4263.16903291422,4329.46123724615,1032.0052362937,4417.28706010304,8682.87587918995,909.034793565618,4194.07206640821,1506.25743042149,8766.36141764363,1144.26382852103,760.388788669562,1262.97232447268,8612.60674084392,1278.71686520239,803.266940606014,824.65547618152,1328.29138790918,8390.72938633936,1290.1687689828,993.926140191946,930.496212201932,8654.05444716515,859.245930313263,1019.60897723004,4323.71250176994,4161.097596763,931.923257409267,8580.59606103595,1179.35452275474,772.202508748784,4545.88764999289,1301.40971643443,1260.25935801062
3269.36306526777,3432.85061001637,2672.22201445692,2674.59060483694,6069.11736078626,6216.3697664096,2656.70537311628,2656.36504517212,6115.15740056252,3639.00066489604,2662.85556313023,2660.83776580197,2674.10721816879,3450.77347435582,3630.19620340832,3999.29959842532,2721.74041978022,2657.09365613251,6319.0110706775,2656.38378624926,2666.08913634907,3469.42833058172,2657.95057240112,3614.4109037346,3424.05925892247,5991.29908993284,3440.21469463556,2664.15819122623,6092.18409378763,3479.76367770565,3362.9399652607,6221.78032017601,3658.48809208652,3080.61587588033,2669.9679315432,2657.54658400874,6011.33657995831,2665.61310074718,3067.15095738969,3555.75098423453,3237.23263669598,6304.66196470459,3569.55434927097,3597.2518715843,2663.92235862714,3500.58690827262,3623.20876605059,2673.65995464586,3018.6714830547,6051.73068898831,2667.3206530973,6012.75789940911,6083.75211663706,3320.26761858542,6170.33286939142,3554.3103726528,3554.33480901001,3365.53209836863,3513.77213478268,6208.41066950933,6103.22159199914,5817.46039050334,6137.94132219191,2715.89579870569,6233.16580248356,6303.31232416195,6191.06450531319,2675.06059654838,3474.63080286807,3418.05599504301,3176.16425404543,2943.52834809364,3272.90905826661,3004.31641581726,3339.64689725388,3087.40513940021,3175.51555095035,2770.78278635988,3361.70578743589,3027.5962944273,2901.41597032966,2930.41796513009,3059.43425560885,2875.41383107356,6635.29191440815,2874.74464942332,2898.28265079308,3202.6757675347,7011.36889872094,6450.9981318981,3241.9819865184,3102.62410310074,2856.547742029,3139.62152606426,2977.87562016805,2916.27833287165,3345.06495690435,6729.69874314118,6608.76012606483,6515.9294342183,2885.45574201986,6591.51765034766,3000.34280967139,6735.80680608996,2963.01610206233,3225.21808736937,6750.99635727224,3053.05488896048,3171.35929524484,3157.92104275275,3122.14337173527,2880.73158133134,6496.11274073342,3545.54259858903,6564.89855934855,3611.44542597809,2990.57435749103,6930.08565148408,2923.98841551149,6850.68701652299,6540.7055988074,3002.39239010216,3105.7542168527,6626.45922083076,6413.4301408224,3509.65016639541,6971.33645179801,2841.05421984731,3054.42031927318,6799.76091830074,3172.33025950782,2889.12114359085,2887.30639194664,2818.17353308447,3162.690261442,5644.32195147565,2823.44849910064,5666.16516542289,2990.7041674748,3199.76495652567,2785.13922591133,5713.18061003125,953.100947356709,3052.20873862011,5569.79207318719,2776.59913476178,1126.97335015141,5626.66712672174,2675.84844029684,5812.27693656101,379.155669551725,5469.86367753286,5741.25731086529,2583.59171054085,2492.30009475193,2710.3411183754,2977.91557328575,5590.52966896761,2673.97065412332,5672.00704143937,2927.2962722346,3155.39150497519,1819.86146466076,2950.73511521799,3748.85525941356,2992.98323595733,2794.01354916637,2795.14121346897,522.271022501782,3019.40682505961,2931.7964761477,1e+08,2723.56136220886,2767.60494864002,3077.78329772629,3685.49225559002,3196.65406031418,5755.55253075404,535.361377075818,5597.13150998759,803.951773596702,2809.29684074495,5929.02279954014,2737.87395434773,1261.73968719006,5636.77461992296,2665.94628135515,2667.84872363381,569.260591021102,2997.41811699508,565.181205462941,2961.89359716886,2825.99574390849,2672.3013770607,489.036158090503,3028.35995535598,5716.22795452932,3089.04086566535,1343.90983252066,3257.47981250454,2424.53821055289,5683.56027359814,5666.73653482512,665.258194520505,438.392245941258,2823.88000728818,603.711492634722,2894.64948114153,5744.7714917994,2927.00489762491,2945.9949001505,379.794218245123,5769.8399974143,2716.60627651231,5586.53804663169,1963.56373947409,2668.45668935101,5824.1348969455,5554.96223628073,5736.91335822074,2870.51975291125,3183.64044782655,5610.29939208818,2657.73111380191,5619.10658009148,5838.18490790678,5326.00422405097,728.103257381496,5815.98814066925,2848.72274843019,2612.29158667611,3455.40563103158,2711.10275709986,503.934810021411,5785.90430444581,5633.49597587762,5615.85319251775,2789.0384302225,5733.6438281887,5821.45574057726,321.17411898425,2914.40207073911,3005.40228366623,2917.17333111428,5770.07687562265,2836.03808120801,2900.77701771179,2940.09610327679,3140.90387694016,2848.28407689224,3154.11247361893,3125.74768558906,271.746608238384,1791.3316475878,660.469619716125,2579.16123997026,2728.28899058164,2660.97908246456,2706.88171299314,2960.8691780698,487.870954828302,3030.58293983351,392.113430296491,685.784893078841,2725.37520725279,537.557598816819,5737.6466319185,434.161334396458,2966.83769841337,3086.80337302684,5388.83294306952,5505.53446128412,2630.86573502393,3063.41024819994,5871.26389136097,1038.75337325672,5764.66284550175,5521.47610898361,2757.16513830817,2816.95900209304,2912.64920496821,3163.95530862061,2929.09012319361,638.782096135033,586.83785262772,5753.90766037369,2630.7673378063,2637.81269970618,2764.11391824933,2769.22645031733,2701.69840820975,2617.47653394752,653.991942122961,2715.04939101561,2945.31126128352,2223.33928852113,7125.66244245283,6892.3014175055,2189.31167884559,6664.08455390034,3391.9452549122,3004.36055295546,6957.87004976417,2538.81700803496,2560.10109933241,7002.86211368346,2542.92434539166,6859.65967990944,2893.49665255105,2978.05294177557,2433.96929636876,2573.13402586382,2367.44904043534,2559.29146972738,2476.90497732613,2349.16713520987,7121.63844714262,2548.16412479543,2869.39783376719,2373.00525389047,2980.44547099933,6878.58635309665,2526.40845272046,2425.07948283854,7001.3796993445,2425.17348102989,2200.47516174317,2565.16222925911,2536.17216237997,6667.68676338748,2738.53660659601,6865.69250756436,6775.94921202447,2523.84929952912,6906.7280431649,6882.73110689873,6911.50334254935,7056.68556490292,2808.37988668155,2234.99426279512,2660.20477256812,2558.30804522844,2273.9979298939,6806.41896769025,6712.00894271585,6751.14519101148,6779.43661962683,2460.68377569856,2748.5525298349,2450.82436394336,2641.7612744723,2428.64735707295,6701.31876987724,2536.88643735179,2463.48359278682,2514.12614708952,2646.18337452552,2522.76891611329,2845.06474991732,3104.58405923461,3405.86873033819,2579.21705649943,2940.83561215932,6794.05276666192,2449.03022970748,2491.48752286596,1484.69211432012,6780.62767542124,3156.39418589277,2606.40029360462,6809.2428944893,2250.76786526619,2289.72323673402,6901.17657118193,2517.37342936257,2540.3220445185,2600.34341714557,2383.90820364631,7036.58587450589,2357.43775786638,2640.50166190843,3562.45697325134,2441.56100427254,2539.57306279726,6988.35062766849,6782.14879002724,2790.37999976472,2314.21079711342,2468.4362177381,7010.68613398124,7096.27367854111,2484.19140098239,2394.23652663368,3549.73001381311,6592.92777080686,2438.08897209452,2516.27903141082,2302.40871988509,2570.33240922693,2341.67161497798,2624.4536390466,6823.60018424618,2537.61762054967,2504.98823182021,2791.10179529333,2733.92024188806,6730.90581920619,6786.39283481155,2587.3019037131,2583.72853913403,2979.78461276499,2256.24254565766,2483.39994848139,2458.29867174569,2473.5934138416,6725.23272185435,6662.58466045912,2506.22521085951,2118.35289344284,2382.23528848383,2552.29543502049,2544.27240614478,7107.57543838945,3534.82088247654,2464.54862193295,3048.75947368378,6962.68330805713,2424.44606244224,2718.64945369535,2787.78322793632,6761.32206388674,2838.60076107285,2581.06832255605,3034.68631908112,2695.99155944365,6665.29777297051,2699.71817152634,2515.28147278435,3623.19895412878,6858.50583324732,2779.88198118437,2552.30994068964,2391.66617623936,2669.24358262225,3594.07657290425,6969.86904861462,2603.6320513543,2895.11954032441,2585.70051563296,2500.48187332301,2846.63927283473
1155.2875810203,1143.89877900197,2129.08340075752,2111.39643162124,7631.69245565663,7793.21048868528,2421.10128462043,2396.75304345682,7682.28086885279,1208.21492066174,2218.05074191381,2517.62656947795,2654.69260833502,1146.35026626907,1204.02482298764,1453.43679732623,2914.75014095268,2437.43158956746,7905.33003763473,2398.92947258387,2182.54917020623,1149.60249344246,2462.82441531858,1196.79642278177,1142.94347048833,7545.99565241209,1144.82491328001,2202.85959644185,7657.04826010923,1151.70398733617,1141.00919368582,7799.12992959309,1217.87974724833,1257.30697967419,2620.18291608998,2309.00072798536,7568.08519896202,2577.79038275315,1268.79293526211,1173.32337193448,1165.40077458709,7889.67782280483,1178.34603622088,1189.36493701619,2558.75217879548,1156.56850720747,1200.77966128773,2118.19506500723,1315.36711401195,7612.56657477285,2595.37048817144,7569.65145309785,7647.78192644137,1144.81240954491,7742.80068740452,1172.81766321228,1172.8262118602,1140.91843713888,1160.0731551124,7784.50088868847,7669.17377268135,7353.63527115337,7707.28554487311,2889.5381799165,7811.58284555859,7888.20525450795,7765.51112440271,2108.03142820672,1150.63397127098,1142.38624031551,1192.5198961667,1405.29695721036,1154.34060192567,3674.14167191475,1142.53928099943,1251.74555637538,3995.42056114491,3095.12122913832,1141.05794512787,3720.90594084598,3450.21183948266,3516.66896899974,1275.65296841127,1509.1288134529,8248.66175899569,3386.13352689808,1471.54508221065,1179.44305599425,8653.24111684883,8048.98388580918,4109.15351734993,1239.82928196264,1542.50279389406,1213.94866270586,3619.50240905739,3484.65217423601,1142.067533999,8350.57023950592,8219.97683575861,8119.45147183399,1492.25682601331,8201.32425366792,1335.21287588964,8357.15525871464,3588.00808525024,1169.90465011144,8373.52657311972,1281.47910833253,1195.1094948465,1202.71588452405,1225.63825858595,1500.12019300611,8097.95887197038,1169.81640336192,8172.51126216706,1195.47995243251,3645.95817615996,8566.09918608558,1432.67209502794,8480.82309971105,8146.30627145049,1332.92992215765,1237.47166798306,8239.1144939387,8008.15260615585,1158.94280418423,8610.34283799734,1571.68971648435,1280.22020556926,8426.04380907088,1194.58070526313,3421.05766526431,3416.70030905517,3237.96926372533,1199.95468486563,7746.41542819474,528.00308342856,7717.27313598558,748.549876018117,1078.00901437379,649.568354274209,7839.7212638837,2905.40347410092,865.899414157441,7719.61973505756,691.217590664609,2836.65574972979,7710.11050899785,191.784203958409,8035.38426059821,2913.02413518562,7623.64651766795,7915.2562605487,312.391045100437,825.018235757074,89.9001996881314,778.893839359356,7748.82462281114,186.167389418836,7798.29402967406,849.522085159585,921.647140500983,2953.21412137233,708.752538927579,1497.57227109087,877.448870853416,734.117097416076,660.964823199568,2724.76012716343,1067.77921280969,734.116436344103,2723.56136220886,1e+08,716.14042610482,644.673989112288,1383.69976733778,858.627359825674,7957.67421658268,2642.32633978678,7702.39928086861,2870.70257488403,749.155244624903,8126.56929754698,222.145074555179,2371.03900376386,7768.21892243108,228.968837891884,157.608592157088,2512.08173908616,844.557541000684,2896.13542361285,896.83477031692,261.41379543601,805.593464976849,2870.32230527322,674.898004686631,7874.1253848086,1036.6509885866,2754.48997742613,1153.62762305843,762.955075548582,7791.01958265254,7754.43171324662,2835.62463021336,2884.67010343325,193.871121144239,2668.94000445014,731.378317631905,7898.17287319511,818.75372515488,744.058888318478,2848.72175555066,7939.75100477318,268.84695480254,7686.92748197978,3184.62417456165,438.979983204063,8025.10005796899,7684.17097129976,7842.76776027904,786.217236930052,1079.53221298866,7750.8173311652,575.872113564584,7745.62085604788,8020.40568295335,7414.21817543767,2926.13963792916,7986.1893921522,1014.33765056934,2824.0171532378,1271.41924898344,943.383752679541,2767.44263898797,7974.22795324226,7792.36977264213,7683.65926080925,638.675264565678,7868.81890956955,7999.7127181149,2867.49790728243,702.825583489968,766.142683669032,823.981882334722,7967.24369275229,426.369211715969,651.462908513101,776.434903313235,864.353066290945,671.652810226998,1018.80763012958,924.925953219673,2646.55777449483,2694.05550784409,2714.35598944862,385.660560845406,333.676679822292,139.954982004798,472.687717391534,786.650687130286,2849.76806158827,779.258389675926,2712.38165037081,2556.80716163441,305.897985300379,2567.10359943218,7903.92065270283,2848.46619761856,698.65105898248,927.734317619377,7446.1777709123,7575.63947076316,3231.34707346108,947.580985204967,8070.02494678299,2428.62271101846,7943.59748721052,7653.83403066321,712.624118825128,766.013911293427,815.201094642393,1156.78052920645,773.545645440446,2907.02106892665,2651.90815359067,7608.36529971003,370.387703978737,445.393330590673,811.335685067932,724.33138302031,384.059158707736,323.972217757713,3083.27448556871,390.816899964364,617.584422696407,4025.70944163466,8634.32863025408,8463.05367976015,3925.92728487368,8310.56417291101,1000.2661848188,1052.70242228916,8621.10784287505,676.854149601325,647.804788215862,8596.83904132438,3986.84320509923,8552.45830438698,927.099840346715,975.445603994155,901.13500657244,644.805817474478,4236.80777333611,618.304779094211,1304.58528386397,4183.67159402336,8659.57201352175,584.086572227015,3935.95459617033,4202.40113520587,898.319746605228,8482.63395989071,613.809616957982,3970.11787628242,8570.05989130185,3933.33912343666,3982.23033543668,3895.58831487758,883.691308646182,8383.72790211296,806.929220826171,8431.01668847711,8476.82814142428,897.730089711294,8523.25232086637,8636.83231286999,8579.33940635513,8643.94669797702,900.870261106721,3951.69443105021,3926.02061060428,882.802522737041,3958.19169548919,8521.05935794697,8390.31613623929,8447.580688216,8506.34517270523,3994.95916979986,772.00479211003,3858.10613439905,569.990806512599,717.765747348085,8359.90868871575,4298.87226789792,801.76681117542,810.60822149331,3804.12653372402,1207.81390501182,900.611586681984,831.132212707388,1122.64248605665,1133.76659677182,949.169413296391,8328.96730702332,4075.43579109009,786.133297640842,3419.81908013078,8439.39503306611,936.960553367893,4017.86042964367,8475.50470005147,3623.74082742247,4029.25472326205,8523.29494615593,3994.03872376725,736.263150857221,4385.7836058021,644.569150418136,8822.18488614657,787.766175708476,3817.84556761002,1160.64701584642,802.811193395834,587.887627493585,8549.46166264188,8515.28730763357,916.186162220313,3975.12366192048,758.75233282964,8781.10270933972,8966.00189117077,1066.38565987459,4121.47214606552,1150.03729869765,8335.36696795674,4130.41287343587,869.43711600428,4099.66068717173,1247.88516267997,4061.28707151039,375.56117705366,8491.46384228671,712.410076855392,719.681578843401,3951.0857799863,793.23978331874,8490.17713559778,8409.41297042547,752.355517941915,3926.46356107861,989.514537833024,4013.71046765434,4220.80136278367,4094.92512901863,1097.60019065375,8453.26551083002,8326.70267832777,3899.24424185682,3999.0630543733,4047.36880609626,572.709973874154,4142.39203427076,8622.59765456423,1239.00973886163,3903.89189394496,1075.91858326514,8674.75113706675,785.938179772852,715.398294720848,856.70056300245,8519.72941217868,924.556975518343,644.350712693596,806.047334386391,886.658122654516,8290.22660291647,873.973526047669,650.734503714136,1194.27149952683,8556.52080019376,753.803354704802,494.927814707825,4060.0503433503,3862.53591374973,1263.64304927078,8505.64140062211,1211.28247769262,796.736713425859,4347.56265735453,852.256668289875,894.465707553746
1230.12814623902,1170.42271325215,2327.21120423537,2309.05985834452,7850.68350883566,8012.2328390586,2625.26501076967,2600.50970757735,7901.28209018233,1176.75210403152,2418.31843318571,2723.27164922754,2862.13013704687,1167.56513418759,1174.84686022507,1348.42174055675,3124.82892754143,2641.86041239913,8124.37220392893,2602.72311247744,2382.00012479539,1165.32221590063,2667.65333811738,1171.76765044657,1172.07964027032,7764.96867925743,1169.16450163892,2402.78352539116,7876.04445263098,1164.39594168827,1188.36162232461,8018.15336393394,1181.4369227234,1382.09531274109,2827.19962566189,2511.16278216062,7787.06297110634,2784.26307178129,1396.73716819779,1164.26472393783,1249.38529553315,8108.71731177919,1165.45615055077,1168.92071851846,2764.97028308675,1163.20348154403,1173.43010416449,2316.03863771928,1454.1670192002,7831.5536934784,2802.07252983836,7788.62955906802,7866.7762508454,1204.81596699752,7961.81363031716,1164.1612754206,1164.16299702546,1187.49887011804,1162.90689947057,8003.52163631275,7888.172392363,7572.56389783092,7926.29166670365,3099.39627721122,8030.60854626324,8107.24449014059,7984.52834488692,2305.60491843909,1164.82798464845,1173.30856132685,1293.2433656882,1559.35733788518,1228.16020437037,3888.64895761953,1196.8138337665,1374.91971354834,4210.99407669772,3306.60262660071,1188.77784784609,3935.58903763868,3663.7566603905,3730.52203199752,1405.37841290107,1675.46580768963,8467.75602242001,3599.36078668487,1633.91488008959,1273.01400132052,8872.38276715439,8268.04934346885,4325.03571330331,1359.32987827481,1712.00340150013,1324.20849739677,3833.79400758609,3698.35930900707,1194.73489252905,8569.67774179188,8439.06720057077,8338.52754889062,1656.87016841353,8420.41204157549,1477.90920201203,8576.26358450466,3802.17005804742,1257.25360357173,8592.63692986535,1412.66190326741,1297.10890001761,1308.24895313245,1340.31741448761,1665.54794475963,8317.03176416047,1163.61769488105,8391.59500373829,1171.23805548992,3860.35563187026,8785.23174964974,1590.3986068165,8699.94620297943,8365.38626259962,1475.19618289516,1356.20734159452,8458.20746836468,8227.21167294324,1162.96182846335,8829.4800865737,1743.71923102527,1411.09222863023,8645.16052538797,1296.32279631224,3634.46058219064,3630.08165210968,3450.37586256051,1304.23960561629,7920.32669386987,378.742941669897,7879.18792999836,578.512928441216,547.445822228926,326.244496009397,8007.73675662652,2940.04764151029,360.811598964957,7881.63061413222,191.864845243603,3053.16719841449,7879.2862085476,707.158242226773,8195.203413888,2979.26112755886,7789.68311954989,8067.9112601492,910.378025080965,1031.03841773971,705.764627739064,1120.11632221588,7906.21905331287,733.762359693212,7957.99805825337,401.730849410007,908.254980660944,3287.67095871196,708.02579788657,1128.4601315488,442.573245751859,206.01234847459,214.451113761441,2761.71200183055,775.212356234388,1090.37818458269,2767.60494864002,716.14042610482,1e+08,968.79511973253,1043.58901559848,881.954719850665,8114.82557785945,2734.41332727958,7867.75554597778,2982.08074679017,247.519702419544,8289.01858301585,774.540189571204,2351.47498284907,7936.12974575164,609.823154147122,772.380230626372,2579.41830351206,321.988476805746,3043.17488518922,498.969549620667,583.166835137563,1167.62494591062,2947.20468878859,990.199494728943,8035.84223968927,1325.2372214401,3005.13809886872,954.627642387171,1198.50255908964,7970.14376510349,7924.42827010326,2941.46510692548,2982.24549598803,733.388454912619,2675.86496015002,145.679658268757,8054.51934340816,375.648340670776,236.200398183334,2935.36249384339,8095.99708573057,657.783607353728,7850.73592181645,3520.16746166215,592.283769793171,8184.53037939376,7862.36404387915,8004.30597709082,216.555142637082,561.319111750052,7917.60142174066,1017.3146691272,7909.59301815015,8175.23250059615,7569.70814519351,3074.69080668433,8150.41776687839,802.610639521809,3262.60604403051,813.184254951751,819.991697810425,2833.84943974936,8127.35745836885,7957.62562361771,7864.17493876772,223.07250941737,8034.39543594576,8172.82220659449,2906.30095491421,1065.7070365571,536.35482292544,350.805261375672,8132.09399408714,470.119733990759,670.663473349471,405.911364079755,744.103330378126,184.934489178767,502.187898312628,454.416322515944,2692.73004465224,3001.96453276071,2820.25700026125,951.265872258585,514.788604503965,764.541817242521,507.29738676316,419.775458245818,2943.35892299862,702.27361457635,2782.71949923132,2581.47460621531,826.418669894025,2603.67988303932,8077.2466582968,2895.95354247657,1040.29215798764,421.684070738114,7617.52641797314,7752.69246453505,3644.80564350918,394.30095054124,8232.72920637132,2410.13121517849,8096.6704600004,7821.31105279768,122.278527586593,210.177594854399,332.102085356432,969.082895220452,273.572090844813,3048.95544877646,2683.48980925815,7867.60954537638,729.74785153913,581.73839075225,290.192687784789,249.434800619216,529.049726544875,800.167260066578,3218.58893836971,531.808785374657,659.64296031804,4180.1112778788,8849.18560066273,8672.63164817742,3983.92988776662,8517.69263743318,1436.38999932578,704.381104012732,8822.96721868899,705.491026516616,719.208793334677,8798.8255560918,4018.41413365763,8751.9628285346,397.688849653268,679.853090187486,1204.99445187408,841.936955375165,4430.71265003158,1027.94164805956,1641.14909655761,4346.71953713247,8867.87745924244,1027.8106367987,3961.9396514867,4374.88477934911,517.708729030803,8693.85404923047,1082.66972662822,4019.81936742503,8778.79932142322,3990.5762307129,4117.45541702911,3918.04138151203,1105.36865700163,8586.26262963052,676.451743459545,8642.88714903835,8674.5622019436,1270.69456115772,8728.73182703833,8842.84794041625,8783.98618728042,8853.39015781967,497.91068469363,4065.76323376932,3950.49431315546,1263.70053603456,4017.70530655192,8716.8317859039,8596.26645925316,8654.89158075959,8706.4166300433,4047.1387186104,1049.59173581749,3878.4020112776,757.702996788822,712.243163116038,8571.58618716366,4452.71021318114,749.421172112366,1215.43606798399,3837.21869741458,1553.92989339379,338.79097591768,1150.85645322094,1571.87452062896,1125.79095093748,543.544589623215,8538.48794612344,4134.30697218742,1203.89974981002,3599.43382801593,8644.09637880163,1375.42917588113,4051.06173271693,8682.9930772233,3661.00422756708,4095.31994201675,8728.77124252497,4031.2158962255,1118.20356636654,4672.75572234616,673.567761923089,8998.78764268057,725.026076498472,3835.81239887597,1590.63004091413,751.731752189521,976.923786907854,8758.88498952825,8713.80354654165,475.3096609608,4023.28681968433,558.940122768101,8976.87300301982,9152.38108884398,1410.8438600986,4203.65617111817,1579.39409740975,8536.90999297282,4191.87157721496,1217.27824527018,4194.92586311723,1580.73251556673,4265.46003629948,770.58198804263,8697.67487461041,1115.24962703534,827.138974380028,3978.19309752435,1065.68119106966,8685.20573627266,8615.51282009715,830.528538479594,3958.17900847618,690.04042269282,4088.43565718671,4419.55960724997,4141.14470408451,1448.86661301604,8652.53744651948,8534.28991774706,3930.71076455654,4146.42294557072,4124.36466344306,974.205471797795,4208.13879460179,8828.09545623629,1670.05419259659,3928.19550901211,828.670251428289,8881.75798507422,611.87030567088,1020.99649025926,406.48400060378,8719.84263879936,460.139917621302,1089.2786585267,1171.99485106836,427.908334903853,8499.92221738743,301.119200696863,1073.87855230073,1618.14032449348,8757.68431364097,951.530535609782,921.798393784444,4148.88713196538,3895.08454995196,1681.93602306254,8713.4941845923,1548.60311368766,1144.58564736257,4590.11330688965,1109.00732003942,308.353387097001
1171.38263214542,1118.18888560167,2268.33415816361,2250.08178265814,7803.95207867521,7965.62704620021,2567.94705902735,2543.0696878652,7854.59052644139,1135.90595668884,2359.93835310935,2666.42373549884,2805.91279253698,1116.21045861509,1133.4758422329,1328.18499545284,3069.69795840604,2584.62353415712,8077.8508742938,2545.29406223276,2323.42400932357,1114.91163780911,2610.54126211779,1129.45994994346,1119.42510895334,7718.16860961306,1117.28847210353,2344.31993503433,7829.33306400335,1114.52043312225,1132.99058408892,7971.55208561929,1141.757263255,1319.61323832513,2770.82748142461,2453.27089824997,7740.28072908086,2727.69715305733,1334.13660769285,1118.54690676224,1189.71519698099,8062.18432213471,1120.52846118202,1125.60254873183,2708.3160249947,1114.4302318584,1131.64371395723,2257.09948214638,1391.28503975031,7784.80706584314,2745.58745730009,7741.84857752388,7820.0575519835,1147.78255674035,7915.1691374729,1118.36151312406,1118.36462387347,1132.23524079076,1114.84719811137,7956.90918960384,7841.4705453554,7525.60448843418,7879.61963243257,3044.1658819902,7984.01674501517,8060.71040134756,7937.90134356356,2246.60753977565,1114.68570701637,1120.37086871955,1232.14926839082,1496.45299647703,1169.52417034556,3836.02606721048,1140.51033263335,1312.50429362167,4159.20505197867,3252.14908860861,1133.3559227932,3883.09460022275,3610.48141639407,3677.44709336466,1342.71803756862,1612.93067533686,8421.48027588267,3545.8867286182,1571.21681708531,1212.48486727964,8826.37343784041,8221.63309510414,4273.51658166163,1297.08102925782,1649.63168485082,1262.46647957122,3781.01774354689,3645.18860364344,1138.64297387085,8523.47133068316,8392.77165407971,8292.16160531556,1594.25872832663,8374.103552065,1414.9772616095,8530.06160036399,3749.30373463002,1197.26897833945,8546.44592416436,1349.95646032946,1235.92103134137,1246.81270222517,1278.31767236335,1602.97147738431,8270.65056237203,1117.32144579899,8345.26641475848,1128.75509975795,3807.65407911577,8739.16698940361,1527.56408299121,8653.82618685234,8319.03928063044,1412.26835174703,1293.99573175233,8411.92514576893,8180.76590673124,1114.67782305478,8783.44359850366,1681.50131092099,1348.39610080203,8599.00447326368,1235.15366494467,3581.09558712445,3576.70314248413,3396.41949047655,1242.88917562358,8018.77196973554,871.742657383333,7927.39253474892,574.895853663016,1079.11729462244,756.805426978889,8101.71971033651,3332.3739513484,1053.61618339939,7988.6335102469,890.615592727225,3060.79981709155,7975.38978435753,755.29496406832,8290.89282111513,3280.78548407608,7896.96932089221,8136.65505247217,828.731693685805,1229.46474625549,628.435737840088,553.678281206499,7948.61978802307,755.045092431211,8034.65089217584,1153.71565263807,616.088221156288,3064.39063636906,475.975362092555,1583.78672856031,1155.2460675523,1032.41459109051,817.918535007087,3124.8059862216,1451.09123410395,588.876355251322,3077.78329772629,644.673989112288,968.79511973253,1e+08,1150.1363253276,526.972617081073,8222.91996094246,2939.72044738984,7952.72090345327,3127.00398065102,1068.09396428101,8389.41169470878,559.695551486446,2833.17681592945,8055.06321739704,750.418941454558,739.529229186394,2801.00719005579,889.488733280476,3255.37118150131,1201.94793697235,606.213611893544,974.679889387135,3259.27714389614,483.480642437528,8142.9835996926,841.090567337467,2918.94376557365,1520.54879793194,1149.10081565184,8073.74334192374,8018.91726966022,3115.37507605524,3258.99673412604,518.419053187785,3071.63868728981,909.999902072842,8105.60085486017,1102.43328355628,854.246405789335,3189.81227208217,8165.93757319603,771.606581750659,7954.19787282472,3282.13165576864,905.647693684721,8287.41503118988,7966.54155651293,8029.01575408106,1027.09658826288,1228.77979864806,8021.76037080132,826.791606720285,7999.58508514541,8246.89335974193,7636.24047058147,3227.83151233605,8267.34566758047,1370.25527568915,2768.63323147503,1302.72409271793,1329.73693324893,3164.37314357687,8206.59181138648,8068.56336523923,7985.28147373525,815.849514757395,8139.66215616883,8282.43870682629,3252.64363455151,548.888289968343,625.561093216466,1110.41975617428,8232.01821757757,610.325597363242,478.518579837446,790.051555527856,599.498006571958,844.696854219231,1134.32281088214,916.158084791867,3029.04176603221,2751.42989918746,2990.53420530292,851.803236637177,773.919086776172,714.4800630964,904.114166740565,746.580415403694,3158.1347568981,550.054780964311,3094.75651769993,2972.30976819817,582.464690723291,2965.69614278311,8190.12799930977,3233.01541009586,536.680345072885,931.437775547902,7714.30307746651,7864.77560044173,3203.0476353673,1035.7548310536,8335.92225828231,2875.17440829472,8166.674532236,7911.44268331581,1015.3544562771,914.896935913054,1080.36564260285,1556.29479056116,858.305887249225,3227.88104311664,3052.33504451797,7758.53610407553,875.506567823683,912.028707786187,1131.15669483674,1050.86848504603,830.406815707573,838.426807340275,3444.92937446149,838.860021225972,427.744595363325,4365.74903179162,8856.71443799262,8718.89278456087,4290.73240341536,8600.38345848153,748.690386033778,1396.20545452288,8899.78967759298,748.598149871967,709.124750167667,8867.09149429724,4344.39543612253,8843.78863037245,1191.73809219233,1339.2402204058,1266.04251318812,1052.5916406033,4569.6279363807,1022.75117270837,1553.16559076696,4515.1269316454,8905.48768765004,992.699940825501,4308.01171034478,4533.8652822108,1179.67907581826,8745.4968806789,997.467463827616,4309.04755725677,8818.88031691581,4283.63513708681,4325.97505745973,4253.81430714867,1237.94408787958,8676.37055658762,1171.67872601157,8682.90468266775,8774.17143155559,1201.87097585233,8793.51198227845,8923.82028998068,8856.88979973929,8891.19780909716,1252.22397791578,4291.55087832929,4289.35957945682,1191.32323990544,4307.86660946349,8820.75825740071,8671.65527590887,8739.02592641321,8796.78581480005,4334.04690890354,545.918204870956,4230.43231873148,993.537765955898,892.180174627982,8636.67562547978,4610.56729919398,919.474266417572,1140.54494985878,4177.03316237123,1452.50509193835,1163.51932598747,518.423711413488,867.598239098152,1452.71921718986,1284.37242525023,8581.66759040792,4418.85871155435,1106.1099063902,3784.88311764045,8723.20305515783,631.342797165995,4371.50009783004,8757.89294920369,4011.90625109976,4383.18712520486,8798.22083178933,4352.46058732458,1100.82984378213,4691.82546435779,886.187999017621,9124.19794935452,996.998069364988,4182.49791808382,916.468733624526,937.895234616361,1007.16154838735,8802.18138357207,8806.98321548529,1274.67579574521,4331.64481299152,1069.32536883213,9074.03714552043,9261.43700035956,1354.03846300095,4463.55870437021,871.963030472464,8632.0352515018,4468.27403486559,1204.27510649165,4445.17527412433,1468.57439807597,4374.51576951805,853.792113194927,8771.39897374845,1081.87008001765,757.836531116887,4313.24087732674,644.047420251392,8791.50666237066,8686.6799022542,1145.54729603927,4290.5742948179,1336.1691948493,4365.68241548177,4528.95763190228,4440.84472343222,1372.29461458829,8751.90890394218,8618.41911067876,4254.52168462646,4349.33240049859,4391.74804603649,987.854879866013,4479.05975343627,8838.74688276028,1017.44718824626,4262.37585785476,1465.22875497327,8962.0315427821,1098.97525299628,529.205465646806,1187.36824985414,8812.55724395254,1203.24309595834,982.797689037894,470.246508729607,1258.99649049535,8574.59205829374,1191.60471073955,1029.35942217414,916.747108219444,8845.55034126502,567.710596908629,939.659547402586,4397.70160939434,4225.46268060636,1011.24383513973,8739.53129925639,1433.5412180723,510.870510840588,4654.53314298935,1218.85314475511,1140.6517107885
1573.13284953366,1376.54046698164,3000.42383711257,2980.65031668139,8635.10618529115,8797.34110879926,3320.82192693972,3294.47267065103,8685.92298736118,1183.76680712065,3099.16643193821,3424.76237930567,3571.11981731125,1357.33568664831,1190.71179588634,1008.90694082876,3845.67830966925,3338.46351849312,8909.93790282854,3296.83025137882,3059.90142176261,1337.83400129053,3365.84801339883,1203.45959600618,1386.12827036008,8549.01416665645,1368.59416141768,3082.38614761807,8660.57691070062,1327.24387681049,1455.84272780754,8803.28615379803,1168.81959059396,1853.06986976911,3534.39388984916,3199.01733368089,8571.20660433053,3489.16900659582,1875.64822702733,1254.11460156761,1616.47047248544,8894.2200292219,1241.73435216907,1217.74489362663,3468.81742788456,1306.37294862587,1196.30788579746,2988.25700183024,1960.46429697926,8615.89301697783,3507.93882907914,8572.78012681773,8651.26868395817,1507.71715540175,8746.71137846167,1255.42286288757,1255.40064608849,1452.77700574162,1293.48044791745,8788.59375201565,8672.75706096948,8355.72657070986,8711.03923578249,3819.21026233431,8815.79278353419,8892.7412678032,8769.52131682334,2976.88254823654,1332.48415228603,1392.73881585966,1703.45948134885,2104.74495988799,1568.44860325844,4632.88662584962,1483.828940475,1841.83607565242,4962.02109060699,4034.26555996017,1457.30580849198,4680.90103554922,4402.36829153098,4470.89211645938,1888.77168239437,2253.33571873085,9254.63596314975,4336.19887496572,2201.14624209121,1664.92821384369,9660.6621821241,9054.18024892048,5078.17005749184,1817.00945103529,2298.47793583325,1758.60652493588,4576.73479611751,4437.89217773092,1477.24875965413,9356.9245141786,9225.84204645534,9124.92751366319,2230.09857850405,9207.11810638652,1994.09895560249,9363.53371583497,4544.34205735064,1633.09675735248,9379.9649566034,1899.72472324935,1710.57334785284,1730.68724260385,1785.86199590932,2240.96555924047,9103.35022270428,1263.45082592309,9178.19412893329,1205.89666171624,4603.93009257395,9573.22222333001,2145.35943386906,9487.64748250806,9151.88739082106,1990.2917463472,1811.96291667736,9245.0525212304,9013.18424282031,1297.48392632408,9617.61807892393,2337.16070498283,1897.37233549113,9432.67257401272,1709.13252577722,4372.27510113264,4367.77564331736,4182.78988012594,1723.51173718171,8813.92111917775,1107.71572968787,8726.85049750755,847.768632047559,667.888383303316,1011.15711869603,8895.4280010752,3880.89817548966,892.006993912664,8772.53062492932,1030.20865492735,3892.50713964427,8768.0716973874,1418.01242366857,9079.06737685656,3909.90584791353,8683.30942765995,8932.06376858875,1627.01391627332,1788.49337829943,1375.62646866732,1467.42599552164,8746.55319393268,1436.18566939148,8827.45369402402,1088.1575317424,918.836898869429,4014.25329587099,958.974668452672,947.490370483006,1069.43881943679,1099.56243272343,1005.2842338579,3713.11006824264,1359.17476686733,1498.40259787513,3685.49225559002,1383.69976733778,1043.58901559848,1150.1363253276,1e+08,848.672685774728,9003.86017956721,3629.28289754468,8746.61648688647,3849.68542998523,1105.39459868519,9176.32263931738,1403.57741793937,3294.35237647808,8834.18913471227,1357.53853581459,1470.77590820306,3470.57948700456,779.460504121073,3969.92405846061,1148.27114244146,1198.91941516357,1824.94934275887,3882.04807107113,1340.47631879955,8926.41047432579,1653.02546846049,3784.69703074073,1420.84477532347,1957.96878515066,8872.69053451413,8812.17783955424,3824.41996643066,3910.07182224666,1314.38906763911,3623.45485537483,928.536189000608,8899.10596944692,1079.54776524428,860.502944017197,3853.62552447181,8962.20736719771,1366.71881062225,8740.57810554077,4241.50733547462,1351.40154848621,9074.18978231866,8762.21092046274,8833.07997983324,1012.87875624063,872.318177295896,8806.37046942893,1684.85394175289,8789.2930550823,9040.41517809258,8428.33424386591,3971.57424277387,9046.65858778146,1444.90578531613,3807.37492035286,625.138983766219,1544.81862440805,3779.02819708191,8994.43831232362,8853.24190146715,8769.65378007498,1025.49543138981,8925.82418055967,9067.86740199521,3835.46551718234,1478.89602025482,799.91726455777,1074.05387070224,9020.01021788751,1102.89444673297,1010.85643159749,832.816986291199,765.217011954073,958.97148326336,809.081626867965,648.356443242401,3630.24219260754,3673.40808675903,3701.95294585426,1666.02749015813,1245.69836976979,1462.37357608747,1274.43551384455,791.707598597159,3839.60947455896,855.022726911158,3720.24351820068,3530.20066447549,1448.86207595476,3549.1329238607,8976.86347490956,3832.9235263738,1419.36420766142,683.189470694623,8506.18555193175,8654.20783210725,4231.58456178616,766.836559525102,9122.93629259508,3358.60788834573,8959.34350707689,8703.40486295928,1088.74382016761,994.642758337622,1063.48856319542,1502.47531436927,834.960813880626,3960.52180168052,3636.63786849127,8654.82861035684,1471.73874011546,1353.03843235701,1138.4116603699,1134.99719610432,1280.877032852,1517.15432512231,4138.59749242472,1278.78951689307,1000.64749089691,5064.64674161272,9643.55380009138,9496.4929048863,4871.77660366823,9378.07709820768,1582.92122239213,1304.97643950107,9674.08958590704,1374.26982978665,1390.12369734259,9634.30754785192,4878.72172340689,9617.4263995138,1108.07355230434,1329.68109673899,1963.90516494172,1600.99923802139,5317.88776523015,1750.62107088193,2386.65701882968,5226.81785886052,9678.52529994184,1762.06167801414,4798.57392561836,5260.30719522519,1169.68940833579,9527.78213542255,1812.80265939924,4876.22346007002,9597.00188479481,4858.44606930701,5003.01003867705,4768.95336665238,1841.88625793412,9456.91521200189,1407.03225619382,9463.93159130727,9544.98722561963,2002.74106305804,9568.17055754791,9715.71427626386,9638.0658275236,9674.80811764949,1273.13083745648,4945.0408033107,4799.43011244284,1985.92639906775,4893.75946158963,9591.44114227905,9453.31753118559,9523.8473701851,9575.8948325663,4903.49157224559,1461.31951677852,4744.30451323364,1503.33533014854,1499.57267424582,9424.609617791,5313.92495644139,1484.60071310721,1947.03710156324,4690.10307991509,2286.8753735882,1094.65731406823,1348.31182077804,1751.07135115658,1845.61650059385,1223.01287144159,9355.72127247153,4998.55849225149,1945.65329616887,4521.86109368841,9501.27348885714,1595.58942097711,4906.6028716216,9540.54814990744,4544.30392323534,4976.34767615049,9573.17483686097,4896.56626370677,1846.02034389784,5549.50278134205,1499.10153586102,9876.24842859365,1552.21917967307,4676.16978490989,1701.76198131339,1508.80363559705,1721.02283966821,9578.87257181605,9585.38794945512,1257.59581539116,4898.53072732522,1453.50273938954,9852.2798299009,10039.4164317736,2138.59108517086,5079.92598642644,1670.66716881343,9415.94097993238,5062.79489753778,1937.23842187747,5076.17143915716,2288.28516464962,5140.94308577344,1496.90439443239,9553.27317383737,1846.90085086855,1483.38945325871,4817.37741613333,1513.50352964457,9566.87610477015,9462.26894335705,1598.90731219964,4816.32853249245,1330.91223090589,4968.80444629476,5284.68200185483,5006.00389015929,2191.19145156806,9528.99935963558,9398.04537255717,4786.83196024895,5039.87850097214,4992.59618233476,1709.02753513092,5066.65961843204,9616.75729033724,1833.14574741619,4786.31884184306,1428.91444967756,9748.85207559201,1508.49437066833,1467.59586245227,1219.54026759299,9595.62837969373,1187.90071816199,1799.0396009036,1408.1558108107,1281.60843422623,9353.67277456773,1185.30557893886,1810.27730406078,1674.73865727332,9623.91645601248,1361.87068432648,1654.5038299019,5021.35352868102,4741.295201554,1794.88933820044,9516.46580363292,2251.69709481226,1477.73446914872,5461.63799224673,1856.73503988192,1066.16501557004
1366.44825931221,1258.30576979768,2571.93684776906,2553.37508461615,8114.20126630735,8275.76999228317,2875.36893504932,2850.2481556254,8164.8062580081,1197.72193840544,2664.94119418933,2974.70927776728,3115.18956276406,1249.76110643905,1198.66916416072,1266.91877727274,3380.29465782397,2892.20258272505,8387.92107336143,2852.49474114059,2627.89763873865,1241.54588667748,2918.3554341266,1200.7214424387,1262.7317583197,8028.47484040291,1254.71739444476,2649.10085147966,8139.56546248598,1237.2906318635,1297.81635139695,8281.69117022915,1196.12309426239,1563.68174728118,3079.8774915503,2759.47357470767,8050.57221230732,3036.44840641013,1581.07249496157,1212.4016015243,1394.29332683555,8372.26462685225,1209.0714882791,1203.47265582982,3016.92541135729,1229.35478378107,1199.52134683305,2560.51302526611,1647.89133296796,8095.06894447509,3054.46540904996,8052.13901622856,8130.29608136123,1326.84385235113,8225.34506055285,1212.77000984189,1212.76372777021,1296.17399972274,1224.7678182369,8267.05782145965,8151.69492948564,7836.04039601836,8189.81888788904,3354.66019614914,8294.14771362922,8370.79165764954,8248.06238945423,2549.8407092271,1239.37760896822,1265.84319821994,1453.49006959847,1766.15391627521,1363.5114359171,4148.18835403755,1313.19445884169,1555.09631358249,4471.51670867259,3563.35406153958,1298.60315625487,4195.29068027772,3922.40788694457,3989.45765196487,1591.26106978072,1892.7325480996,8731.3329683588,3857.71913358323,1847.79853736043,1426.76310375088,9135.98020819503,8531.61131330868,4585.84236801951,1536.287684849,1931.9698273353,1493.00021505028,4093.13434153014,3957.16028014104,1309.51762933107,8833.2610136604,8702.64221119686,8602.09521373746,1872.66684029321,8683.98575611139,1674.98243275174,8839.84723648062,4061.39075657216,1405.28262054716,8856.22151216621,1599.80843410556,1458.50643913745,1472.82127533545,1513.0275019821,1882.03915783278,8580.59774095253,1215.09754292512,8655.1666569247,1201.15801731001,4119.79366489163,9048.82577324395,1800.32304432249,8963.53637839888,8628.95597756064,1671.9002356227,1532.49304886563,8721.78377789511,8490.77012756166,1226.16545364512,9093.07590855634,1965.84582649229,1597.96940136715,8908.74795300884,1457.48844466444,3892.98091767415,3888.58209021909,3707.97807781869,1467.69259399436,8302.19304738163,776.454579103221,8209.38967507018,411.36018264058,918.574304375993,646.745111342678,8382.48684215498,3466.31229509949,966.251630625298,8264.02197893095,779.152417411315,3244.83344559653,8260.40095551213,905.243986199348,8558.27982436738,3406.9413727766,8171.94398567352,8402.56535767088,1086.34194150222,1308.82642332898,830.439592038962,933.121936509354,8214.63595444856,911.632432265367,8314.26956368652,1102.78674007486,494.597633558487,3322.71473948885,308.621807993914,1393.32261093772,1121.7244761032,992.819886776608,736.326523205017,3265.7139343337,1424.89368014264,965.473831596506,3196.65406031418,858.627359825674,881.954719850665,526.972617081073,848.672685774728,1e+08,8493.35416532259,3073.58042091844,8232.59769777499,3268.09597918775,1026.55464660973,8659.75752147843,857.962477880842,2966.63520282879,8325.38276919251,848.432231879921,944.677738352517,2936.11719924206,738.456502989698,3404.0806924801,1177.92443417086,680.688999794969,1311.21732619261,3388.82450159453,845.315278410618,8418.61433956452,1163.99947193644,3118.82585609998,1503.75951216763,1420.824526539,8358.21551167698,8300.39619398623,3249.77003648104,3381.31639729301,789.529957529792,3210.23516132204,808.44043513968,8375.87626997548,1079.81943228243,747.742002248078,3314.43514440542,8436.80925494982,869.597613169079,8233.442443954,3561.07665204919,896.478150814325,8559.83234713608,8247.75116579218,8299.75501339394,966.057520460997,1104.55262637459,8297.52592275166,1161.8740452184,8277.03510812406,8516.60548579731,7916.54117954394,3377.0875446109,8540.77965194333,1336.99469323692,3064.81965763771,1044.99379466754,1313.08986885603,3298.22941395749,8473.87644005567,8344.03927923538,8266.07867095143,731.239432918909,8415.99169273184,8556.59312726758,3362.45913998315,935.601926109898,440.548578281297,1074.83379346714,8504.00078302973,608.556943985465,374.543889242039,574.132278368629,261.043558939822,741.174851032325,1002.2052753555,733.310866962907,3151.10085857791,2970.99387154431,3129.85639955018,1134.8190526523,780.340506102708,928.625144532606,874.721670203155,548.326704631936,3282.7039903188,276.873592013711,3222.47999327969,3107.5660869334,898.705636922342,3099.55146359037,8465.60608589108,3362.93701077561,898.366763311737,731.252317731917,8001.09972117409,8150.23803992859,3528.03562355592,875.532201042319,8609.12716534032,3007.57667526519,8435.71808473958,8192.04037350077,947.441887639431,850.407170575517,1054.0072320013,1556.18072944165,695.646868626414,3383.80938630845,3195.33000027321,8027.58487102995,973.303269564438,898.510515276202,1082.37695800503,1017.38552481069,815.917528494037,981.52450784179,3573.92454709247,831.773950547358,401.635938692533,4527.94787062342,9143.35893134701,8999.55103262425,4431.67826162313,8883.01932380952,1066.83917043857,1381.9270017168,9180.70477070517,824.026178679521,841.438573120519,9145.47056647233,4502.16445520138,9125.0388046107,1151.13213303591,1359.2672367036,1460.09753481001,1136.68638852709,4754.20698607085,1249.26354585776,1855.96887769729,4679.98506614692,9185.61863757985,1254.40274709572,4478.25310953468,4712.14528415008,1189.13173307816,9028.29579070621,1298.021538438,4457.66830250374,9100.18119142945,4439.56536585319,4481.8078446377,4410.41011079153,1377.60788433408,8960.80712528931,1152.34430495972,8964.41492416236,9054.64252892116,1491.07507976636,9073.8278543791,9212.31754297806,9141.33597140804,9174.3348282798,1252.59851565752,4447.74286312605,4455.56050821105,1487.87083967943,4450.93170712401,9101.31943244478,8956.06788135894,9024.31782866283,9079.8855672373,4488.35558287777,809.56165019586,4386.14326338615,1067.7234083506,1020.02499583771,8922.78318195663,4782.52051365889,1028.32890378815,1432.59393026871,4344.28796409559,1759.72547235949,1111.44774480528,697.177722475888,1226.90143171899,1512.07456273667,1267.56038280414,8861.15641894558,4566.9172373622,1424.17502935576,3962.48623710277,9005.91056997816,984.019220587194,4534.56920846717,9041.68815923618,4166.18620862901,4525.64770975099,9078.21921674697,4511.75151068124,1345.28238752765,4938.24840173329,979.462214790349,9397.61415533233,1109.98295778239,4337.76026510223,1251.03249439652,1049.10400174188,1216.68764671469,9083.30983038303,9090.00043668476,1252.60979766923,4472.59830340139,1152.04057194206,9357.47543997167,9544.51929503824,1635.55947567988,4614.11747485237,1194.28129613508,8918.35778281326,4625.44625727258,1439.32053322781,4589.04158774898,1793.00859936465,4584.29548853302,1008.54482505211,9056.13017751983,1340.76605152331,899.871644349612,4482.06155500032,889.22196877283,9074.3316341712,8967.2760458992,1183.81763041852,4451.35960653819,1358.68923399924,4503.52823180086,4727.79174413736,4590.07632513395,1667.87386912676,9034.77013460425,8901.80581583767,4409.58068889533,4501.76393001034,4531.29544710952,1206.94148195997,4632.19972192366,9120.93483404028,1370.42055358563,4411.93915355669,1477.80272778881,9248.79822606204,1181.23051875506,818.183958047767,1179.4952444643,9097.03998840683,1199.15576728118,1295.71306826419,753.681517163104,1226.75980553482,8855.92997816637,1118.65673916219,1300.59810643434,1227.02892890221,9129.19922115896,736.825897026428,1144.83225364932,4557.11468103563,4388.58808669097,1341.32023030501,9020.24604874051,1749.40956985518,822.724156902587,4878.09483399766,1374.7272191533,1077.54474283239
7982.92106220361,8238.25673047058,6470.10090399708,6489.4446497854,2519.66422424797,2511.00948597982,6160.14234235062,6185.39694408896,2515.81618909317,8536.64178612852,6373.89070057229,6060.91288293215,5922.22845317115,8265.10609196874,8524.31369568727,9018.11281884332,5665.25866610797,6143.25635116082,2511.23602635252,6183.13564552869,6412.07269480306,8292.84682252991,6117.08056320045,8502.12848398297,8225.01387021132,2528.53454984827,8249.31237902706,6390.19603619479,2517.60623979059,8308.12887184527,8131.52871555823,2510.89354957208,8563.8141400644,7655.4585954756,5956.91633133322,6277.23188174707,2525.9663034794,5999.73482978715,7630.18575676593,8418.70905310336,7930.10887270937,2510.89729646219,8438.48238741769,8477.8893804397,6019.04092159809,8338.7362490626,8514.50649491332,6482.00017878414,7536.36923049439,2521.38812487251,5981.94985039601,2525.79161532394,2518.32823693679,8064.6543991788,2512.57424130019,8416.64008073118,8416.67518407622,8135.54651595546,8357.99458231781,2511.20598825963,2516.71388541235,2559.06412264693,2514.2966223296,5689.85134712166,2510.69619738568,2510.87055427038,2511.74140416916,6493.133519176,8300.54693825965,8215.94258503346,7826.74683950524,7380.25213693493,7988.68908768191,4951.88804697402,8095.1995448328,7668.08370756566,4664.9222339522,5491.1459749254,8129.61401178502,4909.57526002889,5157.04152855351,5095.71773629431,7615.55665749006,7223.15735503486,2543.49491653406,5216.52376804301,7277.95959806279,7872.13152769428,2640.01488150812,2518.98375207961,4565.46837376433,7696.10973131226,7176.0526034395,7762.76509716199,5001.55827970949,5125.21502816965,8103.68658833663,2562.03175443594,2539.00415824495,2525.82451163284,7247.51081644546,2536.25707269188,7499.61239715549,2563.36681147529,5030.3019624765,7910.09580469002,2566.75746044765,7603.37995308657,7818.43138246465,7795.02164159898,7731.52613514758,7236.11256622456,2523.52739698279,8404.02609562731,2532.28289038656,8497.94868402468,4977.47725662406,2614.15095120555,7336.97791331568,2591.47588370381,2528.95350103185,7503.76117781183,7701.82823018493,2541.96452082864,2515.93274423709,8351.98401322223,2626.94729483607,7135.89448316927,7605.99265515534,2578.31820249709,7820.11402775145,5184.06139427822,5188.10594529201,5355.40938183195,7803.35599257836,859.457342149553,8177.08604460002,1236.71232363349,8268.64609608845,8492.24624040651,8114.29326674604,657.267093770522,5619.31144064909,8353.45546060314,439.078401170454,8101.59089112352,5632.73057918286,754.90874248494,7931.06380581394,478.260679457328,5510.72303313726,562.311075012128,986.678791929732,7778.68281900758,7633.04829591877,7953.37724592316,8045.91938946478,1133.80062681334,7944.83272122188,681.607261644951,8197.31422376426,8423.44310803863,5805.57743552261,8244.92574632482,9089.94448702539,8235.12414479499,8088.97338141995,8114.46749637034,5648.76380818818,8240.17883195025,8012.67395025418,5755.55253075404,7957.67421658268,8114.82557785945,8222.91996094246,9003.86017956721,8493.35416532259,1e+08,5786.96343689277,668.180067362185,5562.4355295285,8110.14324539742,469.973566087771,7930.33456988517,6194.69380509038,846.000263497847,7948.57213397782,7897.17476968268,5844.59291633299,8322.13491120423,5504.33953583975,8174.58726176984,8112.79251115193,7627.30637417558,5584.29021450562,8111.34113171118,407.145079236853,8009.35726431545,5753.73369516215,8417.47177064163,7443.50217417259,872.625466503958,808.01689443287,5638.98047921357,5615.12027569102,8028.11767730048,5724.98765289089,8218.21778760869,1125.15369332156,8171.63481049457,8253.79576510416,5602.17071538516,892.631119744195,7968.54082840931,715.591576860873,5564.89572484666,8000.18087008232,257.929805804827,828.14287150085,1384.88742249093,8151.74230839982,8481.45036794732,622.206414238285,7741.50798950149,556.419598432099,899.327731139632,1042.56018041452,5520.30446875156,592.511488874574,8034.55786364719,6351.97074261998,8878.83027218062,7896.26252102583,5634.07835622376,763.563191955026,509.82403717011,1207.6380172481,8114.53910135915,463.248996175398,663.250601855877,5671.75368470383,8002.49797746885,8298.84650351741,8178.24709130342,407.98302298816,8108.31121861983,8194.55908871158,8324.0096837693,8462.71178750877,8170.36430433646,8468.62573479845,8464.03063850198,5781.05460426068,6084.04047375861,5727.04982845239,7752.46935628926,8054.91155144386,7906.76555677815,8033.02999179921,8291.80519849787,5634.55346902612,8357.60574533075,5689.06351050088,5856.10720416717,7917.95944144478,5800.83948234424,664.880115253842,5577.99844744949,8078.86970423116,8429.82718928615,969.375722425314,1046.80160239922,5953.38615666002,8412.38901768731,375.689419143225,6092.53469176725,891.867553724935,599.986316356778,8098.01555255796,8102.93824271248,8162.85899420613,8298.48908933577,8289.51308000523,5447.94105989115,5717.79345840592,2530.34638114322,7891.35826533648,7986.67333853124,8095.79863008845,8055.19386268592,8041.43237236411,7874.24172260729,5447.39082300275,8031.949402389,8190.59906336142,4635.27542269193,3355.11769524762,3144.68049076813,4844.1307637416,2863.07788657981,8271.02450250809,8190.91887636001,2935.54574200381,7739.64961505301,7727.9609476984,3183.71582211926,4956.12031428429,2827.40393375316,8152.51758205487,8142.96131804869,7399.14364605483,7724.16135373123,4390.43078891196,7626.98697135156,7102.83612452621,4512.4487083314,3361.37137926343,7607.63718818807,5287.8068017146,4416.44158174836,8162.94337063153,3022.32350164805,7564.34038480827,4872.96702650584,3191.12931621246,4882.41526249827,4680.55044471846,5093.82696962808,7527.26675693188,2633.61070797425,7935.0741283605,3136.53581144375,2781.36344414211,7421.73098174853,3047.90435783955,2556.23940286139,2845.03998434502,3136.86366121566,8032.13763219414,4707.78931501863,5108.97055904066,7442.63429274857,4821.21386664435,2765.93326270481,2747.45469952884,2727.95290602066,2647.65119475966,4842.7820568185,7780.08771259471,5073.57045730125,7824.84475509317,7577.74566185086,2774.4553000938,4427.71487267732,7582.59534389935,7460.76247914157,5232.88176069815,7204.57658810128,8127.29928306712,8129.16549796263,8207.75990669411,7547.1067201947,8167.87279976245,3213.4885145867,4770.10141414665,7444.15919204623,4935.0677702315,2846.49298859588,8057.91201292468,4934.46078635829,2827.20950813855,5201.78653081594,4764.36785606142,3032.93659106055,4904.87445490952,7530.97336547817,4223.60672620462,7614.95195316085,2749.31763804069,7509.07037907568,5261.89339230455,8369.70072189495,7567.91775784962,7622.68501988546,3220.15714560511,2631.94045450444,8052.43578363285,4862.80195541407,7634.59285447263,2632.09177624394,2386.05149261043,7281.90102437129,4655.4070463717,8392.60979300987,2497.62265562903,4622.13464246521,7448.09233904581,4659.21988572878,7206.76945835242,4421.13818625893,7818.41510061532,2809.55648621243,7537.97439427437,7657.69951021653,5174.36137582954,7721.08483067069,2565.9992650559,2976.11320777095,7748.60023670075,5049.97759026407,8116.2656900811,4780.70108660091,4403.92132120662,4777.38593916872,7266.27532941404,2652.43282763724,2808.34897342408,5019.90464307075,4659.16713049916,4804.89643539405,7634.11963596721,4727.4978073982,3352.73863276683,8278.06826742135,5036.90781124753,8207.39215935204,2749.20666794833,7580.02512214571,7761.72525361602,8025.3722718768,2537.4769014269,8061.0758346397,7600.22236307483,8036.68509754322,7996.37999563266,2923.95010809487,8035.94723369518,7539.31974672803,8473.52733618504,2773.76527496159,7841.97906990078,7679.48876144705,4660.27721505682,5177.14230875984,8368.63488824831,3263.44113777402,7256.15117317466,7873.9051146109,4264.86603990051,7506.79733527949,8131.14145653807
3199.56219453272,3366.69683574396,2584.35405042312,2586.82908907936,6027.89039150905,6176.04108507873,2567.88509085833,2567.56748978448,6074.21593341462,3576.94202700214,2574.53786696798,2572.02459152289,2585.56056512689,3384.99667276551,3567.97284652904,3943.32422078972,2634.44824039033,2568.26372514782,6279.28380314802,2567.58379105023,2577.93382945524,3404.03942524962,2569.11448406974,3551.89008076546,3357.71901261582,5949.5795925946,3374.21632426016,2575.9072195906,6051.10070398869,3414.58774517167,3295.27401947591,6181.48383611755,3596.79102981142,3006.0674633796,2581.32680354995,2568.9150322508,5969.74512158023,2576.88084194377,2992.23844903646,3492.09997109286,3166.66731035737,6264.85179637528,3506.1728627683,3534.40452994326,2575.15828281041,3435.83594654006,3560.85407585902,2585.85684897564,2942.4167443732,6010.3947733778,2578.62281192261,5971.17549084608,6042.61636787809,3251.64449643085,6129.72794903254,3490.63110051928,3490.65601642419,3297.92344195257,3449.28745883451,6168.03452309591,6062.20652195686,5774.59309541297,6097.13955972426,2628.44294686842,6192.93688912294,6263.49433899771,6150.58449055113,2587.31997696513,3409.34927194681,3351.58781672071,3104.09845835315,2865.08907481871,3203.19153769002,2924.5804425927,3271.46178581017,3013.03892303748,3099.83804006356,2684.8527521347,3294.01253090436,2948.43651748312,2819.039414408,2848.80102552318,2984.3114135831,2794.87188210523,6597.30099255497,2791.65918695675,2818.46071920636,3131.26921871492,6975.23896874299,6412.01613245369,3167.77279272838,3028.66297642914,2775.40033993343,3066.62649881996,2897.47571359394,2834.29253549477,3277.00131085405,6692.19451446701,6570.62992577786,6477.30300451488,2805.23178850942,6553.29633547516,2923.56731484955,6698.33359687663,2882.23862628397,3154.3625650657,6713.600044319,2977.75723314751,3099.17269332368,3085.39437925323,3048.6951917191,2800.35839054054,6457.37854569817,3481.69080668579,6526.53564235037,3548.86841008069,2910.49458199004,6893.57058434629,2844.9586105435,6813.78692992887,6502.21298714722,2925.6755028358,3031.87584207818,6588.42205550214,6374.23913189789,3445.08247553215,6935.01796053068,2759.40143844458,2979.1601517244,6762.60915436865,3100.16810272547,2806.41900724539,2804.55602278439,2733.5540465832,3090.28465798349,5683.74875459785,2786.5230507272,5653.07350010144,2892.24957357737,3159.40371462288,2705.02922384642,5741.80716442023,1347.79811701207,3029.0688129863,5597.46657278177,2718.6943626415,690.786307154676,5640.38455623147,2611.59815225888,5844.75840156369,700.996260591606,5501.80965710957,5733.28307475374,2519.14812061914,2462.53058056178,2621.91854838201,2840.90414646657,5579.53498051461,2607.41524272827,5672.7432695603,2934.43214635423,3019.43558530627,1431.99846585784,2831.96057402632,3734.57390026439,2991.46449838727,2779.62887586908,2732.45398360521,868.982960841447,3067.24611546837,2795.1004100513,535.361377075818,2642.32633978678,2734.41332727958,2939.72044738984,3629.28289754468,3073.58042091844,5786.96343689277,1e+08,5600.52562021031,470.453329388749,2806.09053271629,5965.87143384469,2632.74770235408,1556.81307458822,5686.53644517141,2598.9083651963,2600.44997987578,262.324855129642,2944.56383677272,626.824066524729,2969.02213548518,2738.14356731745,2552.53706024059,874.386677852472,2905.63554375676,5750.8951914474,2924.62911167417,965.708007004838,3295.88102153486,2374.99887549048,5723.17074038717,5678.3944994085,272.096439114072,725.177421696744,2723.20315768331,983.737906751156,2850.91407566759,5736.57494232361,2920.10502451249,2894.67796840047,473.423233061601,5769.27068582166,2656.8026216311,5602.67356185611,1607.59805053415,2627.84684605155,5855.47568354252,5596.65244498023,5715.54065449075,2850.92155379174,3170.15120734493,5649.53194155915,2563.59245561359,5630.58661852718,5837.12170511022,5324.19257343658,446.162671384272,5866.22518002695,2892.40494455163,2294.96809341991,3430.12760609073,2735.706377067,857.366656980237,5791.01037306893,5669.29912137859,5678.32160357641,2721.95317485027,5760.19489608268,5877.75927636813,790.278433735419,2778.23840439755,2916.58611178859,2913.73596122879,5809.5347656282,2743.14201139025,2778.85774328463,2864.55289500921,3032.67477232987,2794.63603878787,3129.0359253442,3075.52691979774,655.215237668138,1393.12345040952,262.090107199928,2518.47174544558,2671.25614326847,2586.82350396127,2677.91754514572,2884.42555188619,354.763258378295,2918.67503283021,738.285586250846,1030.88204427866,2614.41393329446,895.633980511842,5793.22300457279,821.14186818337,2836.40561984044,3035.15447401537,5418.36740892509,5558.97884288201,2348.34042651446,3027.21374608244,5908.70162358004,1356.12658809078,5763.27689452288,5545.43075163834,2738.6111797983,2765.7908903506,2899.19370739047,3212.63819091436,2872.21304046317,474.103512883076,887.7058402223,5665.27515126618,2583.08582655393,2600.49420155547,2765.47291360663,2762.28517593222,2646.64339028373,2558.09182535199,769.430134733293,2668.73720328354,2824.97470999176,2312.43672798544,7149.28129352872,6937.87356401774,2379.16272348448,6728.7525400952,3249.97373161436,3041.4131428446,7016.39953608659,2415.33754987722,2432.95312469947,7058.49905401918,2729.18809104224,6923.08744027147,2891.76726499299,3001.49435013797,2384.20995397929,2537.14469637205,2432.62235933016,2514.29120688175,2382.43679155708,2425.21704130635,7164.24936879656,2500.19010242411,3051.31399469485,2445.72553372163,2968.2074815892,6927.96520481465,2476.73160911407,2585.84705507759,7044.00381453811,2587.57341793744,2304.83399941362,2754.69633068255,2493.5926895802,6732.56662699062,2748.60781374152,6908.96606513646,6844.57386248884,2472.72940535917,6961.12213616034,6940.5827161513,6966.09187105129,7093.56849968163,2827.508127026,2350.03905039892,2848.75602554916,2508.37467507482,2440.97424779409,6873.85784572962,6771.6392007506,6812.8440676193,6842.65139837,2621.42867561956,2594.05152493936,2659.55478783096,2610.40271168202,2326.39478245767,6757.99412172688,2603.36769303425,2359.12015255796,2463.2616857452,2830.99793090328,2426.51081990273,2842.89728660311,2959.12449352,3254.86164106034,2575.77287024112,2958.102230655,6839.36147025023,2609.92377866426,2436.78787896439,1580.12154479948,6839.99555056574,3001.77772368105,2789.12289390279,6866.90498083708,2462.20747590756,2458.35767517419,6956.45603269926,2703.08429348,2489.42311313949,2609.87273795153,2278.38662903678,7110.78898636298,2267.42136202719,2833.35024732329,3421.12470788559,2333.71345815538,2492.7010164017,7033.23429111055,6844.87179824557,2819.09503096927,2497.13741622164,2436.99424589424,7074.7680642153,7161.02663364518,2429.20629995428,2535.25186876993,3402.45688509675,6656.87888418103,2595.42472610047,2462.86459686132,2439.02928431951,2467.51224982943,2386.41657037227,2576.36657641853,6880.59594999132,2488.45742025564,2360.20582727549,2971.6662698021,2591.98750265381,6800.12462712013,6843.70712487337,2567.49141238552,2771.37859705272,3001.26818856438,2414.65587232171,2527.18179774957,2632.51781449883,2413.09453699231,6791.71185850204,6728.50291474658,2689.7786018562,2223.28585027339,2524.35267000324,2504.88745491732,2691.61478432497,7126.68877822477,3390.05258043934,2657.66274072874,3092.03956701848,7021.61667114329,2384.89152003627,2568.77296177585,2796.42858522232,6825.13000758791,2839.93225382517,2530.961518675,2884.38120154492,2724.59710228299,6726.85818985771,2701.72086091627,2466.53951911494,3479.33341215399,6918.21579397414,2643.42574761919,2501.79546887132,2526.75051605472,2848.94670580794,3447.89768267824,7002.84789975088,2502.07651561477,2739.1210606785,2612.07313135169,2455.89202042192,2838.97516580795
7689.84097585595,7947.50669554401,6160.04360022601,6179.64577762243,2200.86515793378,2206.52950644507,5845.76665685448,5871.38602149189,2201.33825720753,8248.4583119199,6062.52916659177,5745.08080557934,5604.29723407509,7974.59370099344,8236.02733759926,8733.75057558822,5343.23140561775,5828.63545063217,2217.53122886744,5869.09215833458,6101.23254964307,8002.57853879057,5802.0774311646,8213.65631246296,7934.14611907972,2202.77709846323,7958.66036293199,6079.05777324,2200.95366678129,8017.99444917942,7839.82037842315,2206.96629661645,8275.85650293788,7359.19239553802,5639.51726209855,5964.52765555659,2201.95796131263,5682.98605986563,7333.66380918382,8129.53043045939,7636.53046491679,2215.65081154575,8149.47233773938,8189.21320678207,5702.58300464448,8048.86862410906,8226.13810208888,6172.10199735702,7238.88496698104,2200.99608311683,5664.93185154943,2201.9084803601,2200.88668094425,7772.33425351083,2203.46463722146,8127.44377900498,8127.47918236743,7843.87465479024,8068.29394262898,2205.91617531671,2201.10157456219,2219.43648147297,2202.01095019347,5368.22813485251,2207.93782268979,2215.47962729765,2204.70018749873,6183.38378784553,8010.34615705146,7924.99400602136,7532.17617015056,7081.1199516717,7695.66307773016,4616.93143535398,7803.1599464121,7371.94472052609,4324.063722656,5166.18212644298,7837.88828068879,4573.77433016112,4826.05227098269,4763.564373245,7318.88600074224,6922.3055661542,2286.03983160108,4886.64611794281,6977.71487866362,7577.9993429766,2428.49012617585,2239.9331622203,4222.46925803773,7400.25184735873,6874.67271964584,7467.56869482152,4667.58137547891,4793.6239130774,7811.72461104797,2315.98245475667,2278.37759389574,2254.25555125205,6946.92976669515,2273.57903230169,7201.74544955618,2318.06076533834,4696.8863873456,7616.32704068185,2323.30197242107,7306.58513948768,7523.77989282761,7500.14182052342,7436.02095249948,6935.40499431899,2249.65847846591,8114.72184242016,2266.45390606758,8209.44140797861,4643.02691090829,2392.65398110845,7037.3783120862,2360.22463935711,2260.27906832793,7205.93758568463,7406.02748541527,2283.45171506279,2232.62990612456,8062.23133013884,2410.51538002681,6834.05971702311,7309.22451028436,2340.82205978751,7525.47890429374,4853.57921592993,4857.69936496606,5028.06103942904,7508.55759882319,768.869183021314,7930.77942862781,997.328225229857,8007.66319088576,8236.24015050683,7858.25148761281,600.352348650924,5463.39784504191,8102.01264840159,510.922103234991,7848.50550700001,5424.15121363162,469.382352803991,7678.44677810926,860.479147066981,5356.82274714076,525.242742120255,967.858048757647,7527.73964531251,7379.32586838673,7696.92658845886,7777.91806408111,1111.80480087342,7694.3884252456,461.451120809676,7949.85961482412,8160.58884904837,5576.86870766599,7984.15087942477,8831.55734633335,7982.92791716085,7843.20031453176,7860.22651147214,5483.81101414942,7992.96494650503,7745.53961955604,5597.13150998759,7702.39928086861,7867.75554597778,7952.72090345327,8746.61648688647,8232.59769777499,668.180067362185,5600.52562021031,1e+08,5365.77372530778,7865.92330056089,900.882996824023,7670.5992782897,6003.36157925144,803.763905588443,7697.28162827999,7644.22609412553,5647.63876071583,8068.6373120943,5341.22715762928,7921.38797350785,7856.16683719502,7362.34409397748,5432.34843440379,7841.45766300427,586.634001900738,7734.17454421643,5531.14317961733,8161.93184751459,7186.37297050924,850.059403773135,563.58217313847,5455.22052026744,5463.95275497321,7767.77824705812,5556.42842666567,7966.78802221794,1132.51306164562,7921.09290353003,7998.74181270451,5440.06953703272,871.218380203081,7714.44712729744,427.63758994501,5329.24969655254,7753.83613712031,748.634828941875,830.289315919351,1331.67590131509,7901.45426808983,8227.89350365022,584.241557262496,7483.03892923547,305.345362630328,945.182370945122,766.660656169292,5342.52537301312,798.89268300801,7788.81067459407,6105.39696443617,8633.58785235706,7648.68759889525,5473.38423790093,811.988622626943,627.458702801235,1112.96404225482,7859.91149945272,582.140455544663,900.214640544024,5526.21681888435,7735.20690211721,8039.8004752571,7929.95678873617,783.27007126327,7847.36775843248,7933.02347515054,8072.25857601286,8204.88091798614,7917.19458124519,8214.26160320712,8209.87763762285,5618.33373062122,5849.9131610015,5538.82185485983,7502.2070780918,7805.08812605266,7654.79535418034,7786.2035042018,8036.14382027783,5463.4344529762,8098.47229326703,5526.54802364603,5687.05750351793,7659.12333155917,5628.85610104198,826.884677101973,5421.64326787057,7812.58723720324,8175.55761099871,705.317918722199,925.760487384226,5716.32382302734,8161.01590141027,813.042258054943,5911.0290756372,915.161581999567,468.946966009104,7854.49662810699,7848.80476740863,7911.63520958187,8043.87395157765,8038.72211968628,5270.53039047471,5548.91283771639,2437.19874795625,7640.83993912803,7742.16793211377,7854.80879370259,7809.43248226485,7793.99220480012,7623.09855149757,5298.53792235976,7782.36628630161,7924.80322986083,4441.13821093764,3167.28491916595,2984.84959929074,4661.6008287147,2731.38340721671,7988.85125267786,7939.83662698715,2811.44885322427,7474.08619424563,7461.16211558385,3042.73628672581,4742.42074883844,2710.7103002411,7901.73509367025,7887.96372521826,7135.3092059206,7466.60714534065,4201.66574412627,7367.40476218969,6830.10758640269,4320.19485652675,3202.61878289135,7348.62213285327,5043.5827059963,4219.10500655747,7903.24368575578,2877.77670355374,7306.12468221732,4659.77098080069,3031.42708654002,4665.83783920932,4484.99542675865,4874.26891534565,7262.33292837707,2513.37749390638,7685.09327786189,2972.74126836146,2664.94357565967,7156.63123568921,2908.02983910108,2464.91136104202,2722.20794104618,2977.46310012382,7783.75109489384,4500.36692596095,4882.56916494902,7176.84170210691,4624.27067861046,2651.52508296135,2615.82444989973,2613.12351723278,2536.59999697664,4628.16635397583,7506.71840073725,4863.44954031118,7569.09784089689,7313.9254214003,2644.66600238055,4217.99849756558,7316.32156195647,7198.78029836656,5000.45159937265,6932.87859827992,7880.78631421389,7856.9306244156,7922.8730297416,7285.5975830088,7916.47372139245,3035.68737889052,4565.41742274148,7182.88671210521,4745.86178407694,2716.76053838554,7783.68817329335,4716.59741901319,2704.18224570889,4993.94381694015,4576.8019272063,2898.00511312967,4692.66591810163,7268.53366723807,4031.4371477945,7357.63428955588,2659.80638074819,7247.83555197661,5033.95113295435,8079.39977134065,7302.47599976772,7362.85037863049,3061.18169641433,2518.88543526659,7808.44778330314,4670.53032093331,7380.38134826215,2549.33149301876,2344.55802464577,7012.72794853291,4457.71118629853,8106.40972544901,2379.29757887458,4418.55957459559,7182.44213853575,4469.80768638498,6935.00759401741,4197.82813484832,7562.37313087599,2682.50755772127,7276.95574582511,7389.6587361475,4937.23691596275,7446.84448911208,2460.58025105087,2836.09700286466,7494.7775984382,4829.43054881623,7858.38347715401,4594.50489469896,4188.38734661327,4579.89544559662,6998.76855279458,2540.53492230116,2684.65763669602,4799.42898608007,4476.83754113013,4604.81030440227,7374.39734435849,4516.05260545519,3152.8678175815,7987.08243866429,4827.13197964361,7955.87452208206,2649.79038674285,7324.67571630027,7488.54928842367,7776.99771827118,2435.26816926094,7810.11518570662,7341.02066407839,7763.83082494492,7756.23882479093,2787.5068107611,7794.50052008889,7279.04084567979,8187.28706990895,2654.09689872125,7570.08141897589,7421.15564296291,4449.79275909644,4942.0940454527,8079.06128304099,3076.46813338801,6982.67510768124,7599.05663925355,4057.22497537977,7243.27600362705,7881.90581794668
3358.7934112287,3539.77939172951,2610.48178969715,2615.19035130153,5765.13252296588,5912.09604348016,2557.27930233936,2560.00025558414,5811.07590306099,3763.75759265022,2589.43198989688,2549.45317243128,2546.28738736516,3559.41744227982,3754.26809637451,4147.7584250486,2564.8247320718,2555.62411090854,6014.56868384675,2559.74466385288,2597.30949631186,3579.8205230228,2553.31953604686,3737.23930798084,3530.13359966108,5687.49172254414,3547.85250490638,2592.71866105404,5788.15007833629,3591.10867418488,3462.82052160945,5917.49706822607,3784.74002700437,3144.22849705335,2546.2208737322,2572.34951475081,5707.4817648948,2546.93050136143,3128.60450595073,3673.77790933147,3322.76398767265,6000.24165979666,3688.73761515994,3718.7057526624,2547.53544462995,3613.81850414882,3746.73266840621,2613.35961153037,3071.8964508983,5747.78393477371,2546.5297912644,5708.89976570705,5779.73590156628,3415.53919916464,5866.14323823554,3672.21564132189,3672.24214282183,3465.68477091584,3628.17609273641,5904.15109775159,5799.16457951592,5514.12005368893,5833.81417661118,2561.66914375639,5928.86273686919,5998.89412057488,5886.83633168165,2616.10613500087,3585.50398895708,3523.54179944806,3253.77428876269,2982.31086022599,3362.75926519143,2781.22828907869,3437.04240752998,3152.08721803204,2932.863581689,2595.52105409089,3461.45647593283,2801.37021631495,2694.82041781787,2718.66961915619,3119.62689067053,2898.72682946859,6330.47138069531,2673.32817997271,2927.09732532083,3283.81176670783,6706.31734223782,6146.37382943477,2993.45690828678,3169.65859762621,2875.04354395417,3212.13171454833,2758.5855928423,2706.98481033439,3443.04498648976,6424.80064469105,6303.96405475754,6211.2287771606,2911.22736805314,6286.73813027776,3050.25169020576,6430.90417946484,2745.98077102479,3309.24592213012,6446.08271924188,3112.19174590805,3248.31509790219,3233.02132233094,3192.10811029652,2905.35521154931,6191.43451793795,3662.70342631685,6260.14562445605,3734.03799774917,2769.4274501197,6625.06743041185,2958.60243117715,6545.70961719019,6235.97793701363,3052.67816280489,3173.26504844199,6321.64669696677,6108.85385551909,3623.68943801111,6666.30028267323,2855.37994944593,3113.78418812039,6494.81428175083,3249.41865283064,2684.8561701617,2683.39343748435,2629.53345101216,3238.45347158781,5464.96580460173,3025.6177112629,5409.9195056875,3096.22123297024,3404.26674052313,2922.93709165552,5517.55824487259,1563.84998766095,3288.36707396616,5376.90566361487,2947.5638012914,540.195060293811,5416.5197393139,2846.53838383924,5608.81050466613,837.208560987837,5282.54471592706,5478.36011128128,2753.74264380966,2685.01619474739,2848.25720915028,3030.10323136174,5319.71946736759,2848.50586713179,5433.0490314761,3197.73444952997,3215.37082155476,1324.79015069014,3026.56666464726,4006.77266831475,3252.2734476022,3032.89278645839,2959.65002182582,1142.79229181961,3344.7486472437,2991.97159543555,803.951773596702,2870.70257488403,2982.08074679017,3127.00398065102,3849.68542998523,3268.09597918775,5562.4355295285,470.453329388749,5365.77372530778,1e+08,3065.4776912232,5737.83569867619,2850.31622987052,1848.94890440415,5474.17535100503,2830.85857030366,2834.0668657978,564.527731575162,3181.83845133798,770.546599757794,3229.34598505367,2966.51624964278,2759.77014470922,1064.09753344357,3104.77844500074,5530.2192437622,3117.50312811589,835.784039890696,3564.17878783801,2585.44877608883,5508.16803330802,5451.72377603719,324.208174681047,889.99352755414,2944.37080535702,1247.80072738144,3092.41455268056,5479.42693075189,3179.41784897867,3132.47536994074,625.03502018017,5519.43415944753,2888.49554502254,5378.40541765676,1444.52194233069,2872.05465090113,5628.59549820954,5381.78099925746,5454.39641131038,3099.58667232902,3435.92608608209,5429.46581898738,2778.08303876631,5399.36612030994,5583.7977651896,5087.13476006809,395.761617932943,5653.11395348514,3152.60907895771,2193.27268618219,3696.29022322128,2992.12779498448,1100.52016547754,5541.48408559465,5453.00926177874,5475.9680322581,2949.69573820398,5538.01806387299,5664.69989776507,1007.0538565331,2973.06625109535,3125.46666745686,3173.83925714691,5584.77490434123,2960.17474736366,2977.12134497168,3091.76148317197,3238.5861499066,3024.31835005122,3389.24956976914,3316.68670705469,958.448602842279,1293.37558472464,381.604104016014,2750.00642608054,2904.83689898324,2822.47285782491,2916.16766466049,3102.07694797982,396.658769111844,3121.65722589663,971.908244434787,1339.51972605066,2834.68047530061,1175.20250018415,5582.92885649141,1052.61474483433,3036.66244001606,3272.68211795324,5199.44665243697,5350.57346466979,2227.33924581683,3279.82929935019,5685.37194802492,1666.50199456993,5510.24351205779,5321.45287516967,2993.28974416717,2998.4073008242,3155.65864380596,3479.00736762088,3109.51927424154,508.81855093858,1186.89721381251,5366.4049154534,2823.79576160937,2845.0641303127,3036.52075638211,3014.82484939068,2889.84178358402,2796.93920924195,807.11336655223,2904.55676494934,3019.82073257182,2232.55939572198,6933.97325436338,6731.87118952097,2378.00787143461,6532.406829258,3388.11999145375,3313.28164432772,6815.40328263867,2595.79028394455,2612.71238008388,6859.63034998779,2752.79812334081,6723.43384894127,3155.00424311059,3264.92160535266,2579.82193392162,2749.87652021594,2320.41364656451,2722.40047303501,2572.87761998729,2320.48851571936,6959.57769182781,2711.38102246668,3108.40527432909,2338.70688293438,3219.62401458183,6720.7637269779,2683.61023722547,2557.83398224131,6835.62308855341,2572.57643140016,2235.61708366414,2788.9637962044,2691.29604848699,6531.9663251073,2982.18446310229,6702.28346505189,6648.20610954829,2666.36193544476,6759.33178540474,6732.50412662646,6762.40251154662,6881.3895022133,3095.24465553185,2282.93158475148,2900.82432229272,2703.1846907519,2419.7809579855,6678.89361347254,6569.60110265887,6612.52321057213,6640.29092682802,2595.0284402895,2741.66102451951,2712.9526973497,2831.55367304438,2514.78662322458,6553.17888674282,2480.91314542669,2538.13750406457,2660.30344025313,2886.01959583179,2623.50750029427,3105.48196719045,3104.40319434404,3386.13496333821,2782.75966995352,3225.39854233311,6634.8430300718,2573.39784388019,2634.05089506491,1542.15072468133,6637.76534955445,3137.07461400307,2806.06736342435,6663.35064171267,2532.26573628714,2436.38198319509,6755.29558305501,2719.97200085705,2689.6892474081,2470.95069928317,2474.91852906721,6918.34993784658,2458.2876780582,2878.74662005893,3559.70440267571,2513.31063147428,2701.48599060502,6827.26014450447,6643.41390437096,3089.03130784843,2492.90416394679,2656.19519352836,6869.58622376767,6954.93366954695,2610.0259253035,2488.87291895975,3541.79645572664,6454.92127896653,2552.11261980424,2654.45078932268,2379.81747891145,2646.28230831451,2269.6076417213,2794.97742970834,6675.51684405655,2690.67412955483,2530.90200526026,3013.76020475467,2733.5116966381,6601.6495789166,6644.23223252651,2786.97665981079,2804.82015913747,3259.48309793044,2383.06572882476,2402.47847564539,2623.1504457261,2600.89788942037,6592.764355574,6531.07218856526,2701.03063084798,2144.51014872694,2481.94242971067,2712.77594577544,2646.54213538843,6907.73155708311,3525.77451001766,2688.84728517816,3365.02011384687,6814.92260639893,2599.13222206599,2720.5907032834,3057.56390911068,6621.47682054349,3103.8542848441,2734.45869580794,3028.32362304636,2996.38432275554,6528.39988588981,2965.31537468265,2667.9784013527,3622.9801486509,6716.3315884525,2796.78622452091,2712.88428288298,2468.70672140112,2881.01089321442,3585.22173236644,6789.89732483439,2690.13852347369,2883.14535718914,2483.72088213552,2656.42115500507,3096.73979602878
1171.74508177155,1109.9130337733,2293.94325332218,2275.56512035686,7837.81914198594,7999.54287593669,2595.27532987555,2570.27618255658,7888.4731125396,1117.7563315456,2386.13773305891,2694.2040836507,2834.26151739268,1107.00575431935,1115.7019939069,1298.87579749294,3098.93850910508,2612.03165578881,8111.79923787234,2572.51157757155,2349.39590928031,1104.75010434807,2638.07074262357,1112.37178841443,1111.60783300957,7752.00884049083,1108.62993981705,2370.42322549406,7863.20793654168,1103.83375432188,1128.39838791,8005.46965936622,1122.79325486383,1329.31040802632,2799.04043123289,2480.00943741054,7774.12794205968,2755.73676993831,1344.44396939772,1104.13457801835,1191.75052713155,8096.12820640194,1105.46919194359,1109.27677042836,2736.27533637072,1102.6975727872,1114.1715084696,2282.63151165437,1403.71823238828,7818.6681997891,2773.6998566843,7775.69628381951,7853.92957739874,1145.45740675107,7949.06999341503,1104.01728300425,1104.01923773298,1127.50542295349,1102.46132664615,7990.82244784664,7875.34913178767,7559.38190834451,7913.50980622485,3073.32892954459,8017.93797797079,8094.65386316892,7971.80897256776,2272.06661218635,1104.25936387692,1112.86772765713,1237.28407644511,1511.96281062249,1169.70064412433,3866.99834509072,1137.15581020874,1321.89058220322,4190.67313013256,3281.89790897359,1128.8292642513,3914.14553840899,3641.04049207015,3708.13554830509,1353.37125156698,1631.01882720215,8455.52210241679,3576.31510260172,1588.45939442953,1216.28896186168,8860.51478139652,8255.62165515371,4305.13792650376,1305.76271953701,1668.40401276171,1269.39208640663,3811.89496260765,3675.81548606399,1135.00049454952,8557.53924293703,8426.80600713818,8326.16929948658,1611.97789015988,8408.13301395604,1428.18505622137,8564.13117367998,3780.12454919921,1199.92325011263,8580.51961443686,1360.89346003881,1241.29429800714,1252.84817186608,1286.08034894016,1620.86466587985,8304.65246028944,1103.39397510687,8379.28827190135,1111.79744256375,3838.57775934664,8773.28778624018,1543.83252032675,8687.92641911528,8353.0541689056,1425.39031610026,1302.5311967637,8445.96449137209,8214.74320651691,1102.49535939418,8817.57488542242,1700.82753976327,1359.27252186764,8633.09124934086,1240.47881516291,3611.59594577297,3607.19461904997,3426.52090439006,1248.69043669601,7906.31961261191,433.891997987967,7885.70181559242,738.100071262766,595.332209510308,535.539250057305,7998.65452801781,2918.67358966443,321.739615918299,7873.21676170791,387.41963685318,3142.56559032938,7870.54884446666,724.661697364558,8195.05599755218,3009.72362601929,7781.04084931885,8081.53576639613,913.559269265031,1026.47974231571,754.514690641908,1199.26441273103,7921.43182675621,755.726766945304,7960.11504979607,209.714709217088,1052.02462219046,3387.31212036071,875.572211785009,1094.20691231231,275.575381439199,93.3515668720188,418.103990201826,2765.28367128379,587.253240582752,1168.20040163085,2809.29684074495,749.155244624903,247.519702419544,1068.09396428101,1105.39459868519,1026.55464660973,8110.14324539742,2806.09053271629,7865.92330056089,3065.4776912232,1e+08,8282.65743825701,833.218565139776,2302.80752240288,7919.88843861227,649.820476666467,784.660848652912,2648.00549084829,462.912664010588,3081.10577390963,309.278692383426,661.548540568618,1182.01454385861,2964.22213072527,1055.14371207418,8026.05873424477,1382.09294159929,3100.52888955473,785.327040407988,1185.29676002712,7954.77659109642,7916.66427823811,3019.80325986971,3016.96008193035,787.769253915144,2672.93828422546,297.160058942461,8069.30787314733,199.024847694875,368.397316861,2985.58430795988,8106.12160580735,672.460311347213,7842.57552430045,3613.47027141203,618.008901247016,8180.04648632663,7848.10679296012,8021.84097357527,166.096825242827,516.613584677736,7906.45969679798,1037.55772593907,7906.35885789485,8186.16756200485,7572.25806456209,3142.98807289784,8135.89191802883,686.919098916026,3354.28512817606,852.147463164837,741.25961868837,2844.50930694126,8135.86438871003,7946.69649720901,7840.22264577948,427.867463450644,8024.67152799001,8157.8135148011,2932.38339500309,1146.91600357694,694.417994315313,161.579653692628,8125.11590005569,593.060616075891,841.748449000315,608.874388691735,898.872741992714,364.735556845526,505.96701922239,558.665992695983,2718.47893603677,3116.01064673015,2898.92982379521,949.583586777557,572.709588537543,788.632376386809,527.089015085096,600.72293943575,3011.82010676231,873.141887471428,2805.59685824317,2573.39405956009,890.914813720823,2608.77337555582,8061.75578870484,2911.0922731338,1120.16010170212,551.504004122878,7603.62329370889,7731.93826281477,3724.65983992476,473.995406847192,8225.49229608478,2377.38479182323,8107.97340455189,7814.44700646969,155.69116336199,360.355372636424,193.012352015682,790.245966549828,456.475431066157,3102.48905580949,2685.4998051839,7893.89407819491,735.122171484213,614.870867424805,178.4006057238,93.2162333230607,578.313606894477,818.15477929402,3261.60636864687,565.653607489953,812.533353126413,4180.74277577282,8812.76314059646,8631.79861043061,3962.5290112044,8473.08422245649,1480.74066659546,505.353852165987,8780.5848328473,847.985566585788,850.893281477082,8754.9616051356,3973.39397995328,8709.91273585998,281.932925909336,487.584902567509,1190.90549927007,832.161797068956,4435.31084187376,1011.56192604783,1618.21365726933,4350.92998223998,8826.06072430056,1006.93747719586,3890.65302283398,4375.8567588676,385.650068663373,8652.7965588973,1063.29410805206,3992.79365061138,8739.10784571713,3958.79452964757,4114.44029053757,3867.40108252441,1085.76532872799,8544.49718822857,611.611756449344,8602.71845422215,8631.04337574195,1250.74426750125,8686.42734588786,8804.25073351698,8742.54432260869,8815.990618523,304.514069238724,4057.01363308512,3890.37561725293,1234.26812655293,3997.70931210572,8674.10378729864,8554.61564430081,8612.93972563698,8665.64623246722,4017.56252133656,1153.40436725435,3826.27543390933,738.764081351748,809.021124738056,8530.13044840603,4453.74745992165,847.540661897278,1196.01434957171,3774.41837823824,1530.89554532228,234.998136387867,1239.71349081881,1615.89784368033,1082.63011695756,360.525915245507,8496.99279130085,4110.24112740978,1185.40599654438,3607.47597993408,8601.73431380733,1440.85567198353,4003.64263878752,8641.41133168095,3610.87722505812,4077.07125904735,8686.28538063851,3987.90625128952,1098.11905676977,4681.69399199923,787.779423451353,8957.28757482295,809.407920805292,3776.14949639398,1619.80146961936,853.647418209784,961.890457366274,8717.87339218764,8673.37850271306,281.051165638296,3998.27430787288,556.110838569263,8937.33879437535,9116.98908704248,1386.56534948166,4187.90154057866,1620.65901039883,8496.39957940729,4168.5721714902,1197.68242789226,4186.16114923547,1552.91460114418,4264.46679216063,765.807462672535,8656.26401706813,1094.14411483894,963.110159799198,3914.14553016505,1149.25360678841,8644.08167147826,8572.56345160054,813.633776455364,3906.49503299831,499.705315294993,4075.38420841386,4422.19691837375,4112.31437815116,1430.11127740574,8610.86695026918,8490.06586481213,3886.9589398564,4149.35391417175,4109.28230850528,959.553491264455,4183.83048844502,8794.5233246096,1696.00180470168,3884.6873061685,633.86816954023,8840.9987335419,621.246530935647,1122.49309872772,223.266286801184,8680.13898350399,328.534279051888,1068.10223485641,1257.2512151058,267.971637470664,8455.86082379572,251.699872011062,1055.00607203449,1655.35090745511,8716.54100348134,1053.54625442678,913.402036882483,4130.96335737544,3837.34057855356,1714.03498488152,8676.54766274597,1520.92613394892,1230.67193784489,4594.41752380323,1093.78002415579,243.909685212724
8140.60169736484,8397.31351366523,6616.75214272916,6636.27854238317,2459.56995635924,2437.80988617037,6303.6641325303,6329.18888337878,2451.60430708223,8697.18026397288,6519.6123342946,6203.34489650098,6063.05740771479,8424.30155332793,8684.79345058447,9180.79371233086,5802.84272658312,6286.5959081562,2429.05743132324,6326.90351184012,6558.16752840815,8452.18441511285,6260.13505580979,8662.50204147435,8384.00184593165,2475.42253348602,8408.42639868798,6536.0777415499,2455.44727940775,8467.54426824967,8290.02315017874,2437.21674621522,8724.48132433646,7811.2077740148,6098.15537222213,6421.98260999479,2471.05476541462,6141.47157142292,7785.77733329329,8578.67719207924,8087.49126322912,2429.96369413108,8598.54750710441,8638.14613593745,6160.9990565281,8498.30642795278,8674.93938710725,6628.76394164085,7691.3642928031,2462.85200464991,6123.48099498653,2470.7524604362,2456.92365528419,8222.78716921923,2443.44954176544,8576.59804011456,8576.63331622309,8294.06244758759,8517.66144305799,2438.70905691673,2453.56813725185,2521.53978207125,2448.05273212488,5827.76269982726,2436.01648491359,2430.05423971677,2440.77859494399,6640.00208621903,8459.92377729421,8374.88327154214,7983.53115636429,7534.21266314724,8146.40200319678,5078.02114868478,8253.49841510488,7823.91113555756,4785.05177510645,5626.30094989923,8288.09819273905,5034.88425788395,5286.90949313959,5224.51234118974,7771.05641481478,7376.02037102528,2435.06372971592,5347.40018748215,7431.21219579816,8029.1808302279,2504.44897813679,2425.54664347718,4683.26587431175,7852.10972889352,7328.57480461095,7919.16934988444,5128.63430960688,5254.53030039711,8262.03133769107,2446.31747210135,2432.67122412594,2426.99739102811,7400.54786643995,2431.29928632428,7654.36869503867,2447.19154930351,5157.91198018537,8067.36389598668,2449.44139582964,7758.8029499302,7975.16673720891,7951.61846603521,7887.7419996121,7389.06834458081,2426.3337320826,8563.92186062067,2429.46543343563,8658.30215793912,5104.09937668306,2484.0091066689,7490.64195689009,2466.87510396474,2428.09907106668,7658.54457064083,7857.86324870586,2434.22944269833,2425.66166798542,8511.6207576877,2494.02094638832,7288.12167733075,7761.43214780229,2457.39424448028,7976.85930040882,5314.39134660529,5318.50448944134,5488.52330771816,7960.00225412049,900.760327420887,8345.45233024734,1340.34417302349,8437.71786552977,8671.47546054222,8286.92752940252,720.823464407626,5794.09049921394,8531.49416898684,716.258396136657,8275.0936692379,5807.15622305367,980.109381339661,8099.64498758549,377.463309546924,5677.91940099899,762.635718580741,1003.53133894481,7945.30366340706,7801.53688375726,8122.67860500572,8207.6778359907,1117.80566520376,8113.15496870143,868.348972674081,8372.71244190447,8595.28851448917,5977.84063682364,8414.03792617897,9274.24283962721,8412.70185855479,8260.94677307084,8286.96680365118,5826.28100562979,8419.02193013511,8175.42940053887,5929.02279954014,8126.56929754698,8289.01858301585,8389.41169470878,9176.32263931738,8659.75752147843,469.973566087771,5965.87143384469,900.882996824023,5737.83569867619,8282.65743825701,1e+08,8099.45905289488,6383.17349687374,946.112184574071,8116.63521713716,8064.87692843175,6025.08390004811,8497.01866848776,5670.92166195345,8351.53646565935,8282.8605519913,7787.07269470746,5751.51350814503,8274.52167203852,505.70051495099,8168.62083017404,5924.18028310312,8591.62084611671,7607.74956610433,920.969943087191,1018.25663660578,5814.73515631026,5779.99439097574,8197.71211245611,5904.33967776546,8391.98646960831,1172.46057827915,8347.58062558935,8428.20293845485,5769.65316083034,939.992662019955,8136.34015747625,958.414744710586,5736.03266631467,8168.35904730011,392.913444005825,929.31377834654,1379.23911013534,8326.7380745158,8663.99456209956,753.493489895826,7902.86985325418,813.596345912516,933.483581748708,1162.69930182435,5691.58418537651,628.740090080394,8205.94063909115,6481.40216974872,9059.04409107503,8066.92647858819,5804.94568955136,824.425732655348,627.897245062673,1288.72597302901,8287.2896916376,685.185655988245,696.579499924984,5842.32307777515,8165.86382212957,8468.28005555006,8353.04692633225,352.599340302089,8278.59986192102,8364.73432336035,8497.36497253293,8630.32311453581,8342.70885515326,8650.48498735191,8640.63592010646,5955.50147399746,6251.33532108027,5902.96800198889,7916.72947679678,8223.85215728581,8074.82528949054,8200.60655538203,8464.00785790457,5806.47153214756,8527.76540987874,5856.96613484239,6033.82420615023,8087.34950099031,5975.4635397732,756.876248794838,5751.01071399571,8242.72790614767,8605.90595827144,1088.46437500134,1113.09502744262,6082.89669128805,8592.06864304616,193.897411347943,6279.74235464728,909.05188784124,780.054484460337,8271.05549120853,8277.22894917531,8339.19337140123,8473.14927461605,8464.05902026966,5618.01089011564,5894.93725804952,2433.59474139153,8058.77273161889,8154.96042828564,8272.3456916799,8227.26642663747,8210.02875655807,8042.63369395632,5611.98136652398,8200.23141070482,8359.74850962523,4795.51350136984,3257.31760782795,3058.59817837011,5009.31166317251,2791.76508226444,8421.28917356983,8368.76285761198,2849.03358489909,7910.37977505961,7897.50838410764,3094.90014706481,5119.87629981325,2752.16335792277,8332.11258153259,8319.67801123821,7567.77712299953,7890.19678054832,4551.09713117502,7793.50530796363,7260.64150931049,4668.46156854266,3263.14282631723,7772.34001819061,5458.17227337783,4575.19011393504,8340.51119678821,2929.76603618151,7727.01672152727,5030.5812724065,3095.2728253118,5040.63232083623,4840.26337649486,5256.55904216342,7695.40596365605,2559.05019047332,8101.35542537968,3050.68773971215,2712.47311896024,7582.11845607626,2959.64933380457,2455.53427483883,2754.43749099316,3036.53588510908,8208.68030232039,4865.05633489382,5278.76606094834,7602.21228067579,4979.58381009084,2699.93736978569,2670.22593921416,2647.03018633428,2568.63707703463,5000.94044379328,7943.5900284858,5244.04086062176,7991.17032448682,7746.98117699517,2686.91936654842,4576.91761454991,7752.18033258201,7621.78424307058,5398.20716524182,7361.4945747903,8304.63530787409,8286.71845122703,8354.67215920192,7712.51408398046,8345.35406870077,3140.6029426234,4927.20951408469,7602.6861007092,5105.30997036122,2767.96517202859,8210.11654822936,5095.49819008227,2742.52058927401,5372.13796098141,4923.60746310136,2947.23822707383,5068.07283207789,7697.35182529592,4378.77983064652,7784.79859002181,2686.99672084046,7679.42118801731,5425.95527550855,8518.71674289984,7737.74102437631,7788.96962395649,3126.60973069972,2556.88694081129,8228.54209074952,5022.06307999368,7804.40698561772,2541.64043652048,2297.71574769897,7443.33783654607,4811.4883598937,8540.5662522679,2423.44539922498,4778.98985637187,7615.06227778951,4815.42459491361,7361.14058411606,4577.2037037932,7985.4809726383,2723.12499858278,7702.03305272251,7827.24382211032,5341.01553528745,7882.46447413345,2497.36910492704,2897.76005415871,7914.42624628006,5214.38909517083,8293.3218908205,4940.12262383324,4556.29567174502,4936.01664933098,7424.86849397504,2581.71487904984,2733.08459794743,5181.82154404229,4821.31364203797,4960.55933382746,7800.55294334077,4882.8905933362,3260.8298842144,8424.49791342847,5200.92778791157,8383.88663693262,2651.30104659462,7750.11844270806,7926.45752305868,8200.49537846361,2454.44499254603,8240.75889738939,7759.41558259859,8195.70892711714,8171.94072168731,2849.89759083483,8213.1818145223,7703.2466158067,8621.93400357438,2695.05208820188,8005.01631198585,7846.82824203022,4816.47501639243,5341.11418641293,8514.86421575856,3176.61756979508,7411.61854020522,8034.37153791491,4417.20868015019,7675.47595147385,8309.85168303423
1148.49783148104,1146.63445321927,2094.18612045106,2076.61411219344,7591.20333121463,7752.70557178709,2384.69895721859,2360.45297310333,7641.78668222244,1221.2959887928,2182.62234634541,2480.85092019617,2617.46230233561,1150.08028026585,1216.71851904677,1478.26076990716,2876.84204579756,2400.96259544207,7864.81476712648,2362.62011906703,2147.32376372373,1154.35121264861,2426.25469091854,1208.782692828,1145.18620191566,7505.51535560082,1147.97090973078,2167.5166821066,7616.55658486795,1157.00949958243,1139.74538212985,7758.62445396416,1231.79982289478,1239.74502760372,2583.0596786863,2273.10004131936,7527.60259571621,2540.80525077158,1250.51962764272,1182.53740845277,1156.70916843318,7849.16396908315,1188.23243397355,1200.56349511999,2521.83156288195,1162.97839852892,1213.16225475328,2083.36816054865,1294.62073591638,7572.0793926348,2558.32717359556,7529.16868714136,7607.29118021987,1141.04084316943,7702.30058491845,1181.96083233154,1181.97058415521,1139.80571289018,1167.16976143004,7743.99679638797,7628.68088725292,7313.1760174481,7666.78889576396,2851.6871638557,7771.07619898878,7847.69153454804,7725.00884040306,2073.27136197356,1155.66365891717,1144.29050210624,1180.26439934733,1381.00876967844,1147.76122404064,3635.05956689334,1139.91079082603,1234.54609496599,3956.04208673656,3056.84792167356,1139.7221372242,3681.77552896257,3411.39110293582,3477.76504333855,1256.97663517574,1481.94006487269,8208.11756913298,3347.39804801369,1445.29839962475,1168.7233805765,8612.66750878651,8008.45602674275,4069.68744709387,1223.45133339014,1514.559655512,1199.61569661034,3580.47930985922,3445.78768782471,1139.75749814401,8310.01819974633,8179.43491283511,8078.91770019301,1465.47792696162,8160.7838187052,1313.56923204229,8316.60272241019,3549.02031932408,1160.50525436317,8332.97280784022,1262.4722130734,1182.57800218868,1189.4168553595,1210.33116962879,1473.14774749071,8057.42688595114,1178.52546002411,8131.97314744316,1207.33147781107,3606.90615177677,8525.53153371703,1407.52231376956,8440.26147011577,8105.77029017666,1311.38555659998,1221.26417112786,8198.57105573514,7967.62825070327,1165.82580494901,8569.77213721374,1543.1415660624,1261.28386207923,8385.48615374264,1182.10492092674,3382.2750801348,3377.92351645269,3199.45228037305,1186.92729394303,7721.37193557961,653.113925098877,7675.1428680581,741.573730209739,1104.97529187373,671.760704272979,7810.85355274081,2956.53239257042,921.857144153448,7694.02343086053,746.544637464782,2803.44044751468,7681.02328394162,383.509261064455,8006.56438084462,2936.51274937799,7600.0531519923,7875.64498481563,394.339899230361,929.701322973399,234.476633106949,620.723056419885,7708.18172790748,360.392354330092,7760.91623634829,943.151609888854,907.893550972607,2884.32625898601,696.929548974292,1558.01204956179,955.940883084445,804.897642999398,691.80516915601,2754.77757516273,1191.79520252367,567.94521867244,2737.87395434773,222.145074555179,774.540189571204,559.695551486446,1403.57741793937,857.962477880842,7930.33456988517,2632.74770235408,7670.5992782897,2850.31622987052,833.218565139776,8099.45905289488,1e+08,2429.57130390648,7754.73949643134,392.703114776093,322.954773764134,2501.56615383712,872.016140598622,2914.68379674761,989.908567275353,361.039787803667,715.821405182094,2904.3154327654,523.204352002033,7848.18147076956,919.288705083207,2717.23580361572,1272.80027639136,783.41980400259,7766.20047793228,7726.65597233979,2821.60708917642,2913.29116896201,125.858068335369,2699.96231583,777.729927627645,7856.30219026896,896.346817639973,779.251656535782,2860.39053279848,7900.43028215895,454.807254183288,7660.40967656687,3109.52857956739,612.095256074884,7995.22547245502,7660.40480471954,7798.39772430578,849.773612541432,1136.48774433828,7729.05191409349,470.242941135659,7716.86451130141,7981.12402716222,7374.844610972,2919.25035896654,7966.54482607035,1134.16870740371,2734.90301409437,1325.6188264437,1066.40338559766,2801.87101038693,7938.83622600667,7769.25264695908,7673.01126562582,675.806575048187,7844.28934775034,7982.21687012112,2899.1593685979,530.072331135018,769.190782719158,900.634919583898,7941.10149471114,470.988648706389,638.282718954601,798.739551602842,860.734900103365,721.143360268887,1065.58103110941,950.530414732602,2672.8628936481,2629.93665944542,2699.08168781103,409.308015733975,486.289794326369,277.093539443566,632.604586443751,803.270680904591,2847.87967901549,774.008177628491,2742.77871907194,2597.43144470936,111.672084680542,2599.77957967356,7886.55303229412,2878.47240358813,541.986558639226,954.790247355455,7419.15374149446,7555.93357843207,3131.67725394738,985.079021722143,8042.44336603739,2477.17851198942,7903.74208187156,7624.78420288388,788.417799282767,793.956257485641,879.821403191617,1285.79154517926,808.799839823296,2907.20418174803,2678.42061738073,7567.92682690769,542.959861271533,615.549963117631,894.684042185474,813.823966304014,545.331444291667,482.613742559735,3105.54326615391,559.184430908845,592.709678667325,4054.4384796955,8618.02647278133,8454.68439381079,3963.03151847368,8306.64601761507,920.702032239644,1156.95347938636,8615.30087194202,664.387567777867,613.227163684527,8591.30566939221,4022.51023238664,8547.50838081816,992.633967787723,1075.65183404794,959.177077351337,775.436730451759,4259.13511562714,688.775543930383,1274.99679768531,4209.67007870117,8650.66648170737,638.068447378778,3976.57112188623,4225.33416116473,963.271241856613,8474.69557169742,631.483655391932,4002.60572406505,8560.44519292414,3966.8560229331,4012.91990850835,3933.09450001997,960.003679121502,8378.71834109931,936.358250441397,8421.97292442341,8473.33633227295,881.573345514266,8516.9955077682,8628.64535257936,8572.08337638132,8632.13757158852,993.647635032342,3981.96649578953,3963.41426260949,869.350180286494,3992.24721902558,8517.12881405257,8384.315667996,8442.2487566843,8500.50515251979,4026.64891797564,705.509005371965,3898.14467470516,718.213772774159,701.186457369591,8353.22315696008,4320.90620736149,784.532283191376,801.824450070374,3844.44427168414,1177.22274015856,971.28774922406,792.595086536011,1013.49412421377,1212.89992593475,1042.51428286745,8320.85834373888,4108.57424798772,765.727486807534,3448.37777372897,8433.50080262347,840.826836599375,4052.3586997015,8469.30067905698,3667.92222834062,4063.99358147105,8517.48597182252,4029.20301883414,772.00346882188,4384.17717521928,652.051308042208,8818.56993172299,781.973151404521,3859.65263033766,1063.02739326705,785.047502840328,677.680969886168,8540.64555895205,8509.06797519899,1015.86474157355,4011.61061148586,799.909164301143,8774.48450035674,8957.26862389912,1052.73479647477,4152.14479960787,1052.57866355196,8329.39573080011,4159.0501971277,899.709771476736,4132.52739192625,1217.41431650449,4074.85091101057,537.927404447255,8484.57672060952,740.467815443722,677.534966930429,3988.70211546546,743.006109160638,8485.33189652859,8404.01358769875,872.885825461077,3964.22770575821,1083.35954908717,4048.61941787863,4235.7653784038,4127.96672485743,1068.8255479911,8448.70447230014,8323.11378351614,3935.76285258599,4031.74520182501,4081.93371628043,658.404783119044,4173.30848231638,8605.10353408077,1128.95702492633,3941.79373778801,1190.17742535695,8667.9594260934,826.391472431023,643.049426149139,941.951700617703,8513.52745656021,986.556647196928,632.689887060285,744.143623650813,989.671839115907,8286.10485024035,955.309261297093,683.284853146675,1096.54366820266,8550.14766931107,718.983793276778,613.770178779409,4089.05679951738,3901.51820552546,1155.25919587572,8493.00663574473,1182.77630853388,726.582026538889,4354.97232976049,926.864214311465,959.690339656382
2776.84821243303,2925.1498781941,2380.52405885467,2379.07871903986,6380.78080292598,6532.65231638958,2428.75724663465,2423.07761445028,6428.2952018343,3118.18575886664,2390.45698798141,2454.0196584003,2497.0525190773,2941.70416942697,3109.83855413001,3465.13081176437,2599.59344819608,2432.72541170976,6638.35413848273,2423.57367555338,2385.96858115507,2958.98693525199,2439.14577059648,3094.89306304765,2917.04852091022,6300.40518049921,2931.94553933293,2388.45238773698,6404.5897284034,2968.58426006532,2861.09198011658,6538.22736398392,3136.68865730644,2614.27080531558,2485.45779095592,2405.02088709872,6321.10918748542,2471.9061865696,2603.18176734766,3039.59298967458,2748.39316097632,6623.58467049319,3052.57034009514,3078.67693864278,2466.07325877259,2987.96669638768,3103.21965822563,2379.61307508361,2564.00526003068,6362.82996927812,2477.43234645296,6322.57757112238,6395.88726931655,2822.44138502534,6485.20110771881,3038.2398982781,3038.26284798472,2863.45141940229,3000.27042809173,6524.45058942661,6415.97986336445,6120.53743123274,6451.79843365703,2588.5452708991,6549.95782215444,6622.1953686099,6506.57291758534,2378.8240831166,2963.81597372987,2911.52368574465,2695.10260172087,2506.09818815884,2780.00457536396,3021.70082684642,2839.94854701207,2619.89345373732,3240.69780519755,2684.93268775318,2859.96904400265,3052.35796167254,2881.45657809832,2921.88964927809,2596.86527361344,2457.64046981631,6963.33041218888,2843.48731522162,2473.3832055549,2718.10133163873,7348.50211134043,6774.09874945183,3322.50949846362,2632.57039458824,2445.13184297945,2663.78123317771,2986.45622865112,2902.27946916738,2844.85700659268,7060.13784259376,6936.108712888,6840.80930522114,2464.47982848888,6918.41419663634,2549.53399158491,7066.39837220698,2966.43174692886,2737.82316776231,7081.96560758402,2591.66544964237,2690.95823847054,2679.40839612779,2648.97013149344,2461.24743005692,6820.45427259109,3030.01022717936,6891.09147106307,3092.0882767808,3003.44250923653,7265.35535945433,2491.73765107221,7184.08412179275,6866.2528530396,2551.1420854674,2635.18984168827,6954.26879795659,6735.48083609979,2996.42152428611,7307.55850533325,2435.22828616074,2592.77670992144,7131.9286907046,2691.79510122715,2864.05487527007,2861.47205090537,2759.77581913256,2683.50042365667,5996.00333478731,2419.28596484781,6083.89782757094,2705.20490552777,2734.33168586104,2468.97924482072,6097.25790034078,847.771133502611,2539.87229924083,5963.19989509641,2404.08661157772,2076.06435998205,5992.20350798519,2287.88503665155,6295.41782112717,1353.38080030323,5858.72630075024,6273.27810700247,2214.91280199819,2042.24742321403,2369.93028817504,2762.58184826951,6134.46759911809,2300.3935287004,6110.80200137637,2350.96147776843,2927.16601326615,2600.87151909295,2716.5336196012,3153.58464121399,2406.10581217225,2316.56846626148,2438.63686407135,924.156805037302,2293.13189818879,2707.69941401745,1261.73968719006,2371.03900376386,2351.47498284907,2833.17681592945,3294.35237647808,2966.63520282879,6194.69380509038,1556.81307458822,6003.36157925144,1848.94890440415,2302.80752240288,6383.17349687374,2429.57130390648,1e+08,5973.07598836109,2301.47882662684,2290.86945969491,1437.83002162302,2600.11614243014,1496.49729763489,2346.02322947392,2481.55296707391,2404.89748643534,1182.06071563566,2750.32486931611,6113.06225455829,2882.62111625026,2159.73220944776,2530.74716502044,2023.57771457669,6037.10836867493,6036.02909291744,1762.77666823409,1392.13762565496,2495.15042295092,786.750795299588,2480.28538458717,6259.40979499258,2372.55410081395,2529.89722696201,1502.3783322125,6273.70294724227,2314.13674510537,5955.50766372301,2736.48677337651,2260.98677590901,6272.16914864714,5916.72579961398,6270.91450051399,2379.53834457733,2622.04624966862,5982.4853030832,2367.57379775383,6024.55052449344,6354.98118830281,5756.77440957617,1805.67086110827,6193.16581497215,2200.02306857376,3203.62006785803,2995.06665864762,2113.39149823235,1045.39238729837,6292.36326798281,6021.62457145603,5893.00279706607,2439.1533427051,6122.06144948041,6202.30086296147,1214.44188686935,2688.13513065333,2703.90633870362,2369.14282913312,6213.53988232309,2502.74575975511,2661.92156239362,2629.82937390595,2891.29454173384,2466.5898394962,2630.38884540655,2707.02712524587,1072.02207437341,2542.45947359374,1707.2878501937,2217.31398875735,2354.10775302532,2306.29781573963,2283.43042919778,2636.0091974103,1645.2255443123,2783.05803413861,1138.56712132117,705.890973065799,2436.42185807537,821.026616496214,6100.52852200536,1110.44818157236,2728.66985822688,2683.75327337908,5724.97515220705,5813.44056586748,3257.27445785827,2607.61212393012,6311.19687274517,268.41845608187,6283.74474237794,5915.10802917853,2311.81945367901,2420.72665075261,2375.10782353088,2408.62245770641,2559.88779348057,1651.37693115162,913.970682415905,6399.58203908211,2215.18320067375,2240.68144265243,2244.0468752049,2270.38768887471,2324.43160816125,2228.10248506908,1647.00773280185,2314.41843364884,2680.57925654551,2466.3733040715,7281.88787799321,7031.19320160582,2204.46620952157,6789.67026112522,3157.41603652138,2298.68478709424,7095.15641981907,2304.9251504784,2328.9926613228,7124.39125171138,2301.31932480079,6996.23556369914,2324.15949146046,2297.89353327478,2005.28286928852,2113.45955746815,2691.88752064504,2117.78952432514,2147.043220261,2639.65479467313,7251.514931541,2113.765073816,2353.29331269866,2648.25568283701,2386.18557525242,7024.87211941326,2115.78630584523,2342.76568451014,7143.94240131758,2306.6467525455,2399.89334767165,2257.09834097978,2077.94994534737,6812.30809351896,2196.28036439948,7008.00121093742,6903.45368012651,2124.11596768747,7041.44144984189,7059.68163711617,7061.34597741895,7215.32358933377,2186.5046560301,2358.22013608157,2261.20170522302,2136.69000385478,2284.99891105481,6936.6552858957,6855.72316859627,6898.79333255298,6930.24203033251,2363.77102539998,2573.30042639578,2117.1320719351,2170.96001125726,2152.97192871555,6852.30801635083,2782.08479454665,2185.6187656822,2107.50724047222,2217.96851032143,2183.40243882642,2309.7164745694,2912.74929432293,3203.00530062209,2060.14109021737,2305.67842768271,6919.47825333591,2417.83595029174,2109.33096409087,1829.86314573664,6919.92022058202,2990.21007137659,2356.30098636112,6957.00481413922,1919.75034167951,2340.86712850327,7037.53807758744,2300.46750514756,2104.43454953872,3006.46584685387,2140.22221971026,7161.99668298013,2067.35157745489,2227.58441375448,3294.89253315685,2177.43822541493,2098.99094453476,7123.59162541331,6932.36921902011,2177.42888661329,2280.6216301641,2034.90643579185,7171.07222927817,7281.0407645799,2087.19511742612,2471.95184555846,3317.89565395092,6748.57112872874,2446.01115810836,2090.80101109342,2445.42660162418,2251.78021987238,2589.38176904609,2198.98833856367,6971.46517768062,2107.03039669312,2313.91353804118,2357.27465758909,2532.60616933471,6873.48990687488,6917.76305375458,2109.97063090328,2270.55957397755,2291.27667483029,2350.03923352616,2756.71637797679,2399.41354163881,2113.95161933732,6867.86100998337,6794.44042269218,2257.32110384819,2391.7949444337,2430.69703437786,2114.58180003171,2514.80057570546,7268.29679824958,3285.24283519114,2223.17095048126,2312.52882409116,7121.91460324743,2005.7229845202,2528.16860177794,2212.22746243018,6922.11042225261,2247.28887812593,2181.05736654049,2847.6262747475,2114.802209796,6793.35374331023,2190.82522311516,2090.130156983,3376.82102809531,7003.84201454342,2567.95997968648,2125.04978395699,2431.62518236989,2280.26887910857,3354.10694933857,7116.13058588236,2258.17831974229,2715.28680818929,2915.93129426939,2054.59669557338,2317.53323058114
7762.06120121381,8018.42143006806,6242.12978177916,6261.5765649366,2348.05494497182,2351.26050329037,5930.4767263383,5955.87240976595,2347.83796769648,8317.94707006669,6145.40233062617,5830.68789366218,5691.20859362769,8045.37587818094,8305.57302103509,8801.13864077109,5432.72880758205,5913.49611113346,2360.13303641176,5953.59850018732,6183.79054856889,8073.22466567733,5887.17318129616,8283.30485537259,8005.12655552269,2350.96505388725,8029.52040965346,6161.79588492801,2347.80684877709,8088.56601831117,7911.27075394296,2351.59327904286,8345.22037462666,7433.21528246753,5726.09667834021,6048.21590628991,2349.90933455229,5769.16104061224,7407.83230002382,8199.57062383988,7709.03127813507,2358.56963086201,8219.41899123715,8258.97475140186,5788.57752231426,8119.2916940049,8295.72918906245,6254.09247793769,7313.60256414123,2348.42736121064,5751.27411181288,2349.84253097358,2347.86504420449,7844.12753020798,2349.04225901617,8197.49378545498,8197.52902228289,7915.30460962538,8138.62413726484,2350.7984701346,2347.7871910416,2369.07349998857,2348.14232017715,5457.46791481395,2352.34287062566,2358.4279484227,2349.90511680721,6265.28504709779,8080.95468221655,7996.01957099487,7605.23717596738,7156.78247021368,7767.85288423534,4715.01330530441,7874.79589363363,7445.89523270885,4426.33239075981,5257.5695180808,7909.34839494388,4672.4432259104,4921.42322911547,4859.72298140721,7393.13921870685,6998.96045660236,2420.27594803627,4981.27066502484,7054.01868127074,7650.81255232214,2550.40529427016,2379.34532625201,4326.30930298242,7474.04255219175,6951.63370061994,7540.983992471,4764.98667954347,4889.40131778702,7883.31705592118,2447.30357545844,2413.40381922428,2391.93151266757,7023.42797774076,2409.11125825023,7276.68195658654,2449.18818669405,4793.90621181997,7688.93516797843,2453.94523827129,7380.90913150263,7596.88661438913,7573.37776896253,7509.6113782163,7011.97640444026,2387.87513021379,8184.83178183862,2402.75524521702,8279.10939063662,4740.75855766772,2517.36489143853,7113.30992397581,2487.61133333101,2397.26623170755,7280.849275992,7479.78572665234,2417.95238203214,2372.99825396243,8132.59046505807,2533.81353489679,6911.28486266928,7383.5332973894,2469.88854295456,7598.57636730307,4948.60900462187,4952.67838871548,5121.00705971138,7581.74745030852,529.112384504176,7983.29451490944,1337.84710941355,8097.80045004414,8315.39880896189,7940.5076340956,589.188940370618,5417.02108533081,8166.97849495436,604.840591253095,7921.12696029171,5547.07839736007,715.660277857089,7731.47387487096,1000.75553181125,5372.12837156166,537.585636260107,1379.87796137817,7583.44865929035,7418.15073028813,7764.28920401128,7885.98838294498,1472.35535908878,7749.02917705279,1004.68910279536,7996.64089307563,8259.67975258935,5749.90211921424,8076.44103946828,8882.0972597722,8034.15991930802,7902.64106827315,7938.39246742823,5487.2405213434,8008.47035512042,7851.9502830772,5636.77461992296,7768.21892243108,7936.12974575164,8055.06321739704,8834.18913471227,8325.38276919251,846.000263497847,5686.53644517141,803.763905588443,5474.17535100503,7919.88843861227,946.112184574071,7754.73949643134,5973.07598836109,1e+08,7754.03758165386,7700.94046255194,5736.01407004005,8147.94797491639,5359.7408785701,7965.33703832895,7924.94048415657,7446.73201501058,5422.8654107449,7943.70650309264,609.485702025291,7842.15395245882,5655.17155974331,8171.27847071043,7241.73703784743,622.628351739828,755.074309252435,5549.91216101448,5468.41227576198,7848.72273712526,5559.57917375733,8039.49214014162,1505.3218881259,7975.7887605786,8074.5460151792,5479.87368042689,1280.28324488536,7763.83131505435,643.432964232288,5520.23567369199,7795.40051654084,906.492237543877,650.931234095889,1670.91167036118,7965.49405335667,8289.51161434097,384.448418557169,7563.73431167414,702.644940794863,1358.5626118707,1121.07691292729,5418.63854374548,506.303207250722,7814.83286416741,6293.78370016843,8702.93687837266,7675.87563238354,5465.75884293682,1227.51575881647,547.478204218295,532.917512153931,7937.22730750446,626.904465632909,552.631560792793,5531.25254567861,7842.34356801989,8127.15947324041,7984.02692968947,809.855007923925,7923.69426696066,8024.06997199418,8155.40099792179,8295.78429605741,7990.95155125333,8281.73157898998,8289.27885311705,5637.11107767101,6015.08578980604,5634.77663049417,7560.62549694024,7860.3929239796,7715.84426602695,7829.29492507626,8121.18223965122,5532.96212210884,8189.97186084743,5531.5649025837,5678.49473795523,7748.16530993259,5633.13440023054,413.63677625133,5423.49719928117,7916.44646152625,8255.54320651377,632.3195142927,545.825865464117,5920.36805388472,8236.04159186152,865.247942389468,5894.32327374703,1332.03158746912,619.093952375419,7915.90701714279,7927.63961096224,7970.97910606492,8046.73840303658,8117.02770353552,5328.22216455526,5556.90332850497,2650.11660612902,7683.53291504467,7784.3886526605,7907.87815577455,7862.81881806276,7843.84577586624,7671.67366280338,5309.01262885306,7829.65918328785,8016.36778493393,4403.71043061719,3068.63087951572,2804.04218975494,4607.42871567042,2468.61683318276,8092.88698003711,7965.5241695112,2567.04012723177,7564.32056968894,7554.44632049743,2826.09670798842,4677.71394221232,2444.63881103397,7956.7901788063,7916.67309335514,7186.84097849307,7503.81669105666,4169.18043051136,7418.23459821388,6895.86054740624,4283.52014815448,3030.26060896929,7399.84574603025,4959.79514722608,4184.60944441165,7954.09682983549,2674.92150992447,7361.54587973146,4610.156423655,2855.9960633401,4610.01296562246,4443.05774447454,4811.25280177666,7310.01638945856,2215.80340826857,7715.87002200502,2797.98460013263,2377.31625166361,7218.64029902163,2687.42334228849,2174.13902102738,2482.14397003875,2818.68905162704,7823.81965822291,4456.15183394303,4812.57048095194,7237.69465320026,4572.02627650599,2362.97844752742,2353.829033268,2334.5331185434,2252.05134291125,4578.31299391903,7611.2149686907,4794.47641103187,7605.32292185041,7400.16871400467,2393.22317186904,4186.56093395307,7404.89842206205,7260.04012943918,4928.87178627207,6997.43580882844,7935.90668108911,7959.60290069169,8034.60673528874,7324.82977985494,7953.99215335244,2869.47565461762,4509.22167843086,7242.07375529414,4724.34749090872,2471.98092747614,7897.53711536947,4651.87959917576,2457.19988837679,4928.93719124189,4521.83976247949,2676.36564046095,4627.86984599639,7325.33544353578,4046.83216355614,7439.41393287325,2352.26047399749,7331.81840384918,4964.52376875734,8184.80609395969,7391.26769917967,7410.12530382863,2880.51396991844,2236.41300422125,7846.39150911481,4612.99589214787,7445.16841645903,2248.82531120158,2011.29346094574,7079.06822969963,4405.38403463893,8214.90147657829,2066.70780546983,4366.99404346116,7242.28891115563,4414.91691579804,6996.8963009516,4185.77932669267,7606.38661578722,2438.40150939816,7332.91236873013,7486.02327627766,4863.97831040529,7546.19835259026,2136.64041389171,2605.98488809487,7530.49196279409,4760.9043678373,7890.06693241138,4543.07835171549,4174.32525598244,4523.24668014214,7063.76134936374,2240.9987927314,2407.35030312707,4738.356202375,4430.30999706043,4550.85863517093,7423.42358923396,4461.46850442873,3075.20563750554,8095.17167208587,4766.23517412808,7970.04114296348,2374.11712885896,7389.5852613025,7591.91926744479,7823.86487914776,2123.79016488449,7864.60429326265,7398.70548362039,7870.55010958746,7794.33212589226,2540.04010636383,7846.78073298894,7334.27904812335,8295.40215112001,2393.59980075818,7667.15995972453,7466.83860325244,4400.58875578491,4871.88522570107,8189.2498285743,2948.15372954445,7045.33149102041,7705.72613430414,4053.77736634684,7292.09292807379,7941.10257786711
1170.29548857596,1157.34816073752,2142.81615718465,2125.17083014243,7641.07249687652,7802.55037207714,2434.20786486654,2409.90763806786,7691.64815893017,1219.06988325134,2231.58068408021,2530.54970208625,2667.37303708326,1159.59238048859,1214.99534724622,1459.94241085494,2927.02081315113,2450.50636690898,7914.64296789631,2412.07974597879,2196.15872557296,1162.62333941216,2475.85036922962,1207.97403991409,1156.49243991073,7555.39766635229,1158.18980159831,2216.42339322971,7666.42189011967,1164.60004351269,1155.20670910292,7808.46837144978,1228.47907727976,1273.11100753428,2632.92258030239,2322.33447018315,7577.48150369789,2590.60451057707,1284.60892396874,1185.26490110234,1180.62701723315,7898.99447179815,1190.1091130396,1200.76724274898,2571.60037155745,1169.20890451537,1211.84188280317,2131.95340437112,1331.17932053693,7621.95147894403,2608.15350554063,7579.04735423122,7657.15789473538,1159.4098376728,7752.15293221242,1184.77775200194,1184.78598594238,1155.09015991072,1172.54906287216,7793.84289690035,7678.5443510686,7363.08838370046,7716.64659140689,2901.84593659549,7820.91826163035,7897.5222540879,7774.85778120711,2121.8137995574,1163.59218787792,1156.00238083737,1208.06857498786,1420.96698528671,1169.32242866443,3685.5019268192,1156.96101982449,1267.54135235154,4006.48794281445,3107.14134540677,1155.26768336751,3732.22077961006,3461.80448498233,3528.18994509089,1291.47322097004,1524.53908402414,8257.89652114701,3397.79758855682,1487.05578083515,1194.86692526913,8662.39141337839,8058.26333277348,4120.12707459238,1255.60120389906,1557.82032182773,1229.63080736985,3630.91703739991,3496.20738061204,1156.43835770544,8359.78298607037,8229.21788916717,8128.71490885505,1507.71281698491,8210.56942064299,1351.00519538341,8366.36660041326,3599.45471590114,1185.20403945137,8382.73443130381,1297.30147500463,1210.67827816441,1218.33678589622,1241.36846245174,1515.55499060208,8107.22716373678,1181.8891528646,8181.76281880908,1206.69644261317,3657.3462981613,8575.26702814273,1448.27982828471,8490.00844672782,8155.56367700309,1348.72495337496,1253.23774344685,8248.35134536043,8017.4414532382,1171.47033397975,8619.50172921456,1586.92436851597,1296.04222661421,8435.24058022359,1210.14548833519,3432.68251550272,3428.33001357939,3249.80776277774,1215.55778266552,7739.02097733498,387.353894972067,7716.18010870716,710.925777981787,1023.48967158482,563.392682632566,7833.15381445977,2838.54359028191,801.501144556414,7710.45796371038,577.417580849278,2825.12302631966,7704.98863420453,179.183407621233,8026.06720889157,2852.85833240113,7613.76643077956,7909.96727634684,416.39706012612,728.585984679328,210.850644163678,906.288562940095,7743.93544692817,221.785551522395,7795.67323235767,757.633454143935,936.581089514206,2994.19321700487,685.425548720549,1449.95723575389,801.761493984048,635.851944144032,576.006247267232,2664.9430344665,977.97206231496,867.154220496914,2665.94628135515,228.968837891884,609.823154147122,750.418941454558,1357.53853581459,848.432231879921,7948.57213397782,2598.9083651963,7697.28162827999,2830.85857030366,649.820476666467,8116.63521713716,392.703114776093,2301.47882662684,7754.03758165386,1e+08,255.607949065036,2467.3487410513,778.381283895827,2849.78737471841,811.153207911574,231.012877585606,889.277566951729,2808.76474064365,798.390408469253,7864.91802155055,1144.60218289975,2754.91217713116,1077.61530287057,792.001623643592,7782.16861774692,7747.81590941364,2795.30808047268,2825.73005338572,364.814917478104,2607.98602558552,646.592156145829,7895.4043715501,741.97822579486,673.810386476619,2793.40857152071,7935.71224419835,171.585707678053,7678.80809074745,3230.46765880022,270.983648559486,8016.84137061793,7675.28250958994,7839.7288621686,695.205068826076,1012.46990762595,7741.55710525285,686.470442229654,7739.08626306235,8017.1366083729,7410.30361038365,2888.53360069929,7975.2353289254,902.822971534849,2899.34857055345,1215.50779056076,816.578718712674,2706.8712846692,7968.76606050867,7782.34691828576,7671.58023961074,547.420190216122,7859.46667670272,7990.34281977855,2802.33981497099,837.165040331831,722.198131790375,741.182067688473,7957.72251581253,355.604910792157,627.953112545452,706.655068050669,838.712816822578,576.67774832007,957.011529825724,872.539496946106,2583.88729124237,2722.05885785763,2675.72666422539,496.571397999605,175.729005009048,249.938134632101,310.93792686186,721.918269967398,2798.72237806091,750.838291906717,2650.56901206029,2494.73720866239,467.809624664767,2503.55714402964,7893.97194595814,2786.48698175955,828.597994024931,862.637769971224,7440.093276277,7567.48581270031,3310.37181339473,881.526108599671,8061.30396288157,2361.88283103543,7939.57259532354,7648.36155907901,602.322176508766,688.555010235048,738.052963737823,1075.21877799193,697.408971859744,2868.97856164096,2597.83892052681,7614.70413460548,282.850266643859,276.038853422015,715.649467034343,617.314734107368,215.3724053819,297.875418825099,3029.80480446357,218.158128480493,610.497190428908,3971.71867986151,8629.47049694126,8452.53610932327,3858.30240884574,8296.69554592284,1120.88700603044,969.764337800679,8607.30359615196,622.838546689342,619.246156108366,8583.74386661784,3923.80763998511,8537.51536165674,843.293369079905,898.723796111602,866.913035490716,538.30515075002,4193.94290798023,622.985941003755,1332.81119823616,4131.95795394635,8649.68137844331,614.533525548454,3875.68145540283,4155.02789545208,828.174241089369,8471.74793316438,674.817452912416,3905.35446184777,8560.14086601019,3869.69785400518,3924.06206148533,3831.69162970284,820.177802521251,8369.67624644918,677.486426073344,8421.12257909327,8461.07793215081,925.274231259722,8510.59628341733,8625.14051475417,8567.00122011878,8635.28243694274,805.901165360161,3891.91561412113,3865.29702764229,916.976812795484,3891.75914892114,8505.26637584057,8377.32218548167,8434.37976124383,8492.04168458528,3932.12952408137,815.231728426379,3792.99843999345,461.289212112175,664.89456023882,8348.19514425172,4250.00986902429,745.926103667497,847.353393988376,3742.74641444237,1244.43408157869,811.131104828244,889.894707786607,1253.96253923181,1042.00761561394,862.120879801951,8318.4215746086,4010.56289048847,840.46788220126,3370.94038400262,8425.93468336595,1057.30952697245,3956.92824120619,8462.64994107946,3557.18353560606,3963.34369106224,8510.64614268946,3931.26890894826,742.4562551137,4376.70832487251,567.280792223207,8803.21713249943,721.423839411198,3752.61926386135,1291.42036097223,747.035717189007,573.359832476093,8539.35029137163,8500.92996111036,813.903508302651,3907.57697086304,666.620113090904,8766.59813358579,8950.92449174138,1092.53301371589,4059.14747592084,1280.26721477465,8321.97945446033,4068.93079927775,873.006396124444,4035.38931214195,1308.75256174498,4028.17565224215,327.785376110753,8479.09251266614,731.337174780593,695.686565030167,3891.07261290761,824.976301967593,8474.70221782787,8396.26614160168,626.747776547343,3863.594957375,912.243910103297,3946.89167913243,4185.29018009852,4031.20860497755,1120.52393926938,8438.38077570868,8312.98355228367,3834.47721450812,3940.22730797367,3980.93653634588,569.431142387424,4080.0803932447,8616.06767996858,1368.92767061397,3838.12206343173,997.790430738823,8662.19812988089,690.805719549064,766.454992423206,760.977820924505,8505.60202347478,846.9807626144,714.715539153963,888.145680724344,775.006349666155,8276.59062116038,755.167306947168,682.334975160466,1326.87011740611,8542.68301927471,763.575548190229,484.892453186965,3999.82115152539,3799.61289275743,1392.90431352082,8497.24620480351,1266.5322789185,869.672682706393,4325.3338932038,796.946383827085,802.051553124624
1177.80352405488,1180.16125198707,2096.34035236973,2078.97141078576,7577.91774715987,7739.3107473536,2383.99709209469,2359.95844495516,7628.46636607429,1257.38979625756,2183.81290173498,2479.37239800921,2614.99143265091,1183.94556298709,1252.75562628711,1514.30708534025,2872.77679263556,2400.12434764448,7851.34685733873,2362.10685943289,2148.88775903903,1188.54344413216,2425.20851271385,1244.70793332282,1178.53811838022,7492.28972137527,1181.63970115759,2168.86529944143,7603.25353239534,1191.37192568635,1171.71758999914,7745.22571594584,1268.00521588237,1261.9333374632,2580.82750327873,2273.39500283045,7514.36137249466,2538.87629193111,1272.13490828814,1217.92331062869,1184.95203336277,7835.70613173877,1223.76367001039,1236.35169148396,2520.04251788961,1197.6605318658,1249.15148429819,2085.64692677386,1314.12665627356,7558.80706566208,2556.27109853783,7515.92636220517,7593.99449755186,1171.87893374695,7688.93934228506,1217.33088251047,1217.34090431319,1171.84229510028,1202.03864958964,7730.60774155295,7615.36952388484,7300.09028933472,7653.45158863931,2847.76234521793,7757.66924810005,7834.23464697603,7711.63241213737,2075.66775308139,1189.94252669103,1177.51962224977,1206.30215624476,1397.13930995194,1177.17979355077,3627.75450126315,1171.28125144142,1257.0209047649,3947.76976176048,3051.85244889577,1171.66351227536,3674.31828988148,3404.87781880243,3471.00518714551,1278.26078046868,1494.93523614066,8194.43875785989,3341.1326429156,1459.35336176152,1195.74653745419,8598.76255331659,7994.89758553839,4061.11208620823,1246.56202920231,1526.67447649908,1224.2316346635,3573.35751536064,3439.1453274574,1171.27165834657,8296.28027099793,8165.77301784716,8065.31607339062,1478.93938935543,8147.13298995952,1332.26189256828,8302.86102541631,3542.00695117593,1188.33275237122,8319.22176923939,1283.48118934461,1208.43285464587,1214.75350869768,1234.24360006853,1486.39003253021,8043.83834751721,1213.79619660409,8118.33951662411,1243.234202789,3599.69486631797,8511.67340557154,1422.7599189617,8426.45013826805,8092.15241096539,1330.1695266122,1244.50451296337,8184.89786109126,7954.09519622602,1200.63759580083,8555.89011046685,1554.5285678384,1282.35184040321,8371.70540394113,1207.99683683787,3375.87330386168,3371.53858658859,3193.8017620539,1212.44896018818,7681.85159878122,560.301387678541,7660.80082948173,834.17042570075,1156.29950615378,726.35146012257,7777.27947363463,2817.66512467059,929.493676609792,7659.1261123141,758.521741399661,2800.67158172074,7650.93877282879,138.96672159111,7973.86473948146,2850.70681093269,7561.36352613769,7859.00667428635,198.257329344666,724.693795863505,195.769744547708,845.957530180921,7693.22859634168,111.268467192061,7741.46496021029,880.435221815396,1030.78913905563,2924.39824105457,795.763334920209,1558.32321403075,919.968123521011,780.245796490455,734.406432553426,2659.08524653264,1060.25115006555,799.342025859225,2667.84872363381,157.608592157088,772.380230626372,739.529229186394,1470.77590820306,944.677738352517,7897.17476968268,2600.44997987578,7644.22609412553,2834.0668657978,784.660848652912,8064.87692843175,322.954773764134,2290.86945969491,7700.94046255194,255.607949065036,1e+08,2471.98990358684,921.452097419984,2830.5513260591,925.616134203799,360.024493813125,828.94439553724,2795.63465646629,746.536677019578,7812.57875910441,1097.36673563107,2714.3227590743,1145.22852980218,655.387634959169,7726.25753680066,7695.07522680665,2794.15262427697,2815.31480230279,320.547399574209,2603.84167520505,802.317923763408,7842.59947811409,864.419359283138,817.308336920919,2792.89772576812,7881.98921028202,232.76543606781,7627.61429048522,3153.5884531127,397.183159775868,7964.58548288782,7619.76475837915,7787.87078527529,838.391786968166,1139.33084564187,7687.14486282562,589.26873562301,7686.61487223819,7963.94483296327,7358.52652125265,2880.42060239154,7922.25749493094,957.791261261064,2803.86233886951,1344.89714402981,871.81427742485,2693.3724625067,7916.72688573413,7730.55167732959,7613.62818343747,715.886479361132,7808.30608956114,7933.7217338086,2800.82604468883,769.662099181108,850.583189802696,866.9502790769,7904.5651556371,514.235517617495,741.506874651266,859.724176451342,953.904664837852,744.098736236343,1083.26341077348,1002.48522796826,2583.79141448711,2668.98116115637,2674.31710324738,297.210196720607,365.049254598609,124.150356047192,448.614951833578,868.98379489253,2802.93970043854,866.645655450044,2642.01764832791,2483.4550429803,388.108476524743,2495.54991611578,7836.13448542646,2780.33305160801,771.533678788069,1003.43007290951,7383.52829869768,7507.7962753135,3200.31442369508,1018.65949089736,8008.57348955893,2355.04553144276,7887.19493196232,7592.63440452376,758.712843637206,837.235976037379,865.524074913927,1137.79433151964,851.291760372705,2854.16023880868,2587.89795729622,7555.3240760516,270.822405235698,404.959138936477,845.542897930378,758.518307861774,390.216039521018,208.093047288095,3017.58627278524,385.048276903751,712.733436450994,3929.88934645657,8556.73484782634,8382.16731692774,3828.86661117327,8228.6818571346,1052.20754605085,1057.58185551095,8539.61134985629,728.178992375418,709.363469751973,8514.87982720234,3892.9788348701,8471.16172779647,969.560822305635,987.577528317211,810.343527355586,564.550963430231,4142.43224293362,518.853238381099,1237.45411552862,4089.04776762617,8578.77940354656,483.18735318481,3841.79726672076,4108.12611193443,943.988898455377,8402.05487620716,519.429838109897,3879.10079667486,8489.65165689439,3840.00189816157,3886.13995874058,3802.13003060259,799.611396578875,8303.24848936409,754.313648315804,8350.19165234109,8395.11229800672,815.121015556787,8441.4948207228,8558.57153247772,8499.41184939367,8564.84891805008,914.787585541035,3857.86332180263,3831.89378416423,797.977700916213,3863.7075735829,8439.25338078715,8309.27575001012,8366.78233359261,8426.1071853895,3904.04663416744,825.2902590865,3762.37585582434,496.524677266316,748.589703877916,8279.64059330586,4208.62883782563,833.714239508449,720.859154934314,3708.52165304446,1146.15603190239,944.492994781678,895.452838742677,1170.00083472521,1060.1292372925,972.997993520961,8247.7007825692,3982.97560311072,708.51632298007,3329.93483788428,8358.92222545266,989.682463695349,3925.10859256926,8395.00736784207,3524.13727490336,3933.26247090021,8441.59720832485,3899.9171117915,645.119037305393,4294.27965572384,683.882406919567,8740.24467502116,810.70582383268,3724.07086849829,1210.53414738706,839.428060075041,490.125029474802,8468.56966974861,8435.09282428903,929.372701712674,3879.54645514463,772.154550413091,8701.85945878341,8888.56693074728,978.730847323706,4027.02919312632,1205.1285922748,8256.4956588401,4039.12777412401,778.781480821604,4004.4720652778,1212.82567593321,3970.57269557056,304.92146400278,8411.44072935601,618.140901966994,773.495326982607,3858.23250401965,830.839621902612,8409.99828612831,8327.50523095782,676.56882514151,3831.81713862624,999.869020154219,3917.4537750898,4130.16084827713,4001.28676310173,1021.09330172886,8372.51520104619,8244.95564480131,3806.63367587665,3903.09759867309,3952.5460508134,477.569859399625,4050.76464711948,8546.46690760458,1281.82183265157,3809.50039779308,1067.41391362685,8595.44009518576,795.303304417295,766.109297476891,881.835025332843,8440.34973573105,959.680608797677,566.612328036907,868.722126854921,894.690681671492,8208.40045273089,908.57896603923,555.733074275712,1249.06476368064,8476.25608982349,805.27077218377,402.80379078562,3967.51704211989,3768.99197701391,1311.4533445665,8426.51251058391,1165.24220394735,854.228121764371,4255.0643764903,763.986468672866,939.745869223108
3022.87717412154,3192.91286255517,2413.14478990907,2415.13946452939,6028.90832044858,6179.03020511099,2406.12159143777,2404.91502319555,6075.86178217152,3406.95501722633,2405.91131900523,2413.94508838795,2433.1060968402,3211.5404231305,3397.82372265062,3779.78409579678,2493.64231529328,2407.10582966819,6283.5854219821,2405.01009656198,2408.24385482637,3230.92532721082,2408.91286684408,3381.45005242533,3183.77471098794,5949.51113676789,3200.56687263999,2406.82037898304,6052.43458098863,3241.66358770305,3120.22533089588,6184.5433679407,3427.162410337,2826.52378136151,2427.41653204852,2403.20376443939,5969.95947011277,2421.21754550847,2812.53017487656,3320.57713973328,2989.44360497973,6268.97283699325,3334.90495764949,3363.64797839139,2418.72103190942,3263.29512227319,3390.57621928936,2414.35054643495,2762.18439275538,6011.17273972436,2423.68161621826,5971.40981777842,6043.83506748359,3075.83929144481,6132.11228239497,3319.08166333671,3319.10703054065,3122.92115149944,3276.98971064548,6170.91981210322,6063.6906191223,5771.97721147873,6099.09218502239,2486.46475863672,6196.14413652884,6267.59834703868,6153.24243902369,2415.5402304226,3236.33075344944,3177.53421181159,2925.89862107977,2684.32743041605,3026.56683579546,2820.18598897393,3095.99833118593,2833.5809634027,3009.99778280255,2552.60805639424,3118.94176711871,2846.22185779191,2703.9915143197,2736.94605393498,2804.51224256554,2614.0860848707,6605.36022136307,2673.51542136511,2637.61980322493,2953.48441595597,6987.27496084907,6417.93628732905,3082.81865932466,2849.40338427263,2594.72014014523,2887.88114690339,2790.51218634813,2720.90196498212,3101.6339659131,6701.29872761202,6578.389450781,6483.99232769511,2624.41270847201,6560.85963797719,2743.16966613811,6707.50429175449,2773.78430328292,2976.94144059335,6722.93548332765,2797.88491021981,2920.89926288117,2906.91801782479,2869.70162428563,2619.5531138565,6463.83495673399,3309.97945053209,6533.79374276091,3378.37369940185,2804.77782604559,6904.7877640699,2664.13561302643,6824.18338029741,6509.1912818043,2745.29532006113,2852.65806268424,6596.38180869773,6379.70624495797,3272.70871293899,6946.65333577501,2578.8556782577,2799.30333060414,6772.46793472552,2921.90950097884,2689.96431193922,2687.89080139172,2608.22013890035,2911.87981626752,5731.17950195535,2647.65464887671,5688.95008230881,2738.38139682729,2991.64939887109,2552.01188575206,5791.06699635575,1305.16485053021,2871.06389788308,5649.06605945635,2562.13593820477,816.48989843777,5688.20844722551,2481.80270633159,5906.78719499933,756.543210532842,5554.44305745405,5789.12765986633,2395.94408281369,2321.09521362483,2492.40969254454,2714.60000674423,5627.46612114682,2481.9765987229,5719.77837070293,2772.51052219892,2877.59830796463,1498.29862914103,2687.93436548785,3587.84624420643,2828.93330570502,2621.30137292687,2577.05244969269,830.32845883436,2911.63872238078,2669.80521152403,569.260591021102,2512.08173908616,2579.41830351206,2801.00719005579,3470.57948700456,2936.11719924206,5844.59291633299,262.324855129642,5647.63876071583,564.527731575162,2648.00549084829,6025.08390004811,2501.56615383712,1437.83002162302,5736.01407004005,2467.3487410513,2471.98990358684,1e+08,2784.02302902835,751.123729430702,2803.50788110983,2605.75043902838,2425.92680022815,904.732007655839,2769.57407798466,5803.05627574743,2795.97800976988,1001.07882140732,3146.39124470317,2242.76592627376,5778.15014634134,5728.22940766391,460.837349945991,823.722788873862,2591.11551481001,904.980612792086,2694.97284997877,5783.58760673265,2757.49703933867,2735.46103196361,599.949159673037,5823.45564650924,2523.14510198949,5650.49934065284,1664.97711613558,2497.0835720408,5915.30064173502,5652.47778208685,5761.04924787341,2687.13485793299,3007.70127790123,5697.44931723723,2441.50864433732,5679.28219037084,5893.32563268374,5362.13644982551,647.807726343241,5920.35714142603,2729.67109482548,2292.71241930467,3283.05572312514,2577.99785202046,854.082003563952,5845.75254065942,5723.24178807098,5723.21226339645,2569.99873288,5812.20897878035,5934.39010279406,828.080197055216,2650.9735822552,2761.86414162732,2752.38794969238,5868.36244071809,2599.97319751802,2635.79357580875,2717.06719996669,2890.40120802938,2639.80358347428,2967.01858632666,2916.00273433314,646.952010630419,1411.10085172676,412.611640109129,2397.30173932451,2537.5244250837,2462.39341391418,2539.85391875886,2727.53927402103,521.203557267079,2775.11738513925,745.971814246315,955.541804514431,2487.66176483502,822.801823876999,5850.13346705938,821.368692801842,2710.9323389124,2874.54117865355,5458.91115632243,5603.69183116797,2367.29180380812,2866.79777910623,5967.85526310336,1246.15344194705,5816.9994935907,5593.35523762649,2584.90916792936,2601.33349050573,2736.25553764823,3060.13515720305,2718.34174903769,604.751706356927,821.883155753282,5730.05758637547,2452.15071846599,2469.97786391878,2607.75433308693,2602.08219730218,2515.73657279964,2432.61134612252,924.490985661404,2533.12643846044,2677.375227774,2316.17770185531,7144.97701381999,6940.17619332525,2337.99852333375,6741.79459926206,3119.61410771546,2877.87584236033,7027.84411496076,2254.44033589914,2274.24049839142,7061.99139289711,2637.91401684952,6938.40797827804,2725.17506062632,2839.4644996071,2236.11527945106,2390.78627734951,2463.39729727389,2375.52998051079,2250.45587921759,2437.6261370193,7162.15838925513,2364.328760663,2936.46039768536,2458.98052479704,2802.99634393498,6934.63150279627,2343.80917894628,2504.38660573412,7044.88499372248,2509.0976938194,2296.96341231934,2651.18801594286,2339.46754407866,6751.22775781745,2592.47417744621,6911.18440546983,6860.70080532033,2335.84541917756,6967.90675019938,6965.12915112393,6979.64176088352,7096.78431938817,2662.22243631982,2315.70380580374,2742.4183264129,2369.66060229865,2385.26068374755,6891.49816637043,6785.86430525972,6832.04980859005,6861.43709497509,2538.72856891262,2440.8144897563,2563.9736007803,2465.6491251861,2157.46757448623,6772.33299536606,2589.42005276323,2184.03998765603,2327.50811349794,2722.13295553849,2294.21782625879,2677.18362213078,2818.04427911211,3131.30345874554,2404.94078841356,2796.3233783135,6837.80111277102,2543.25279533628,2304.73653412852,1611.40543345901,6852.66693826728,2869.64016709697,2693.95411902246,6881.45749184914,2375.00525064308,2417.02087800407,6964.78532117436,2616.71093328216,2346.86415405093,2671.64737012201,2123.45540974847,7127.82974394401,2093.95404637818,2718.18325526905,3294.7138077173,2161.17419201978,2352.12683533422,7033.83348036012,6864.02573001796,2655.29358202993,2437.71788465115,2262.85291016775,7097.30089943598,7191.25722334367,2284.40644410973,2495.17157421004,3279.13025701311,6678.98126883652,2534.50021287025,2315.21465755355,2413.9207114107,2331.72942444832,2381.06840551851,2437.33671474713,6894.06068519598,2349.68061004803,2203.09053278584,2858.48909050836,2434.68283537337,6822.16787992346,6852.25965119124,2419.18099288058,2673.39851518273,2834.55036687157,2381.2055500389,2525.68199396991,2564.74108889656,2279.97010603777,6811.55780084145,6743.61619680697,2592.2215806538,2238.47655426533,2476.73550359271,2364.49062814668,2624.3241551648,7118.29896082628,3266.85535296534,2564.77770449206,2936.37260903512,7041.78491424267,2209.26745998758,2415.66540958251,2630.18316470544,6848.24558942735,2669.03815603249,2398.56848053691,2742.49299424186,2562.94734033734,6738.19228197122,2540.5242856916,2326.93523075512,3357.79326804218,6934.77254191267,2485.13056877569,2363.27490682007,2473.58918778222,2739.05451956313,3325.58772660274,6998.32763851756,2365.33043699663,2592.77309193889,2640.43909471428,2305.21659298,2671.33902685883
1239.76304715777,1138.27036782296,2455.43555972608,2436.66769438787,8021.52768247254,8183.3470285369,2761.99041234875,2736.62817497919,8072.21217682618,1093.77923930867,2549.44592527945,2862.25711812694,3003.97323437446,1130.79140488151,1093.88373387173,1202.67034193658,3271.19496772308,2778.98421399058,8295.66671326552,2738.89647515147,2512.00697675586,1123.75684989113,2805.38328514463,1094.45494891529,1142.19831561592,7935.66442270685,1135.11169589278,2533.43736139678,8046.93184339027,1120.18685700048,1174.26922017913,8189.27721592578,1094.08589269726,1435.34409362708,2968.35839421679,2644.9560115872,7957.79732832105,2924.54977306956,1452.81378888536,1100.99660310739,1266.91672653991,8279.98698566665,1098.8210292134,1095.6416742128,2904.85353761539,1113.69829189881,1094.07550557184,2443.88510237767,1520.0953219461,8002.36505892842,2942.72520118188,7959.36664476957,8037.64788434656,1201.65063252634,8132.8448762828,1101.24654248694,1101.24226671724,1172.7388514123,1110.07317544186,8174.6215794572,8059.08033914803,7742.91256854165,8097.26376050591,3245.36725302913,8201.75267309763,8278.51182192973,8155.59710467012,2433.09387300669,1121.9307487456,1144.97901575491,1325.29272967441,1639.57520253926,1236.91412149527,4043.9534223191,1188.70299012175,1426.72746981622,4368.90104336479,3455.56952702668,1175.00319499191,4091.3049993276,3816.9078304638,3884.34595402316,1463.05762829795,1767.72994723272,8639.56937675464,3751.833659382,1722.21845285815,1298.8459056211,9044.74994142423,8439.56684665822,4483.75154982594,1407.87050665786,1807.48071545347,1364.59593124616,3988.60187361695,3851.86289860447,1185.23591849502,8741.6361275861,8610.8390217187,8510.15128011673,1747.40464490778,8592.15668478342,1547.42983166182,8748.23120876876,3956.68361039525,1277.69483338239,8764.62745345846,1471.6560746311,1330.27029283876,1344.49548657954,1384.59347299371,1756.89790982546,8488.62331053681,1102.86144653692,8563.29739763995,1094.61769366819,4015.40612363858,8957.48446279689,1674.15202715645,8872.08441680554,8537.04994711368,1544.31863606122,1404.06970419917,8630.00703426235,8398.6666859168,1111.16637266109,9001.7912299303,1841.80416193316,1469.80570168809,8817.22385096601,1329.25985038115,3787.30686674923,3782.88184023103,3601.15763061638,1339.39546452569,8129.41013155338,539.222050008466,8059.55216177068,429.530245571404,310.145931721311,353.756942135229,8212.64609815204,3185.09753203156,348.530681224363,8089.86133256596,330.328431511786,3238.85637298417,8085.78464231521,864.465927322795,8399.51581696886,3215.31517521273,7998.34297077176,8259.23724014058,1065.90648378411,1214.1960942796,831.893510333693,1095.0978277851,8089.68044842473,886.786238675586,8152.60065542064,541.168271979882,732.636267525064,3425.33577418125,604.839613107194,1017.88413820767,539.151271910558,433.070474946261,289.517396304253,3003.01255663558,910.425670487742,1082.37585486851,2997.41811699508,844.557541000684,321.988476805746,889.488733280476,779.460504121073,738.456502989698,8322.13491120423,2944.56383677272,8068.6373120943,3181.83845133798,462.912664010588,8497.01866848776,872.016140598622,2600.11614243014,8147.94797491639,778.381283895827,921.452097419984,2784.02302902835,1e+08,3277.06451812788,619.069511477146,676.840656310098,1275.03013182534,3188.90559741761,960.76202594919,8243.70321718562,1287.98100432797,3160.70020411068,1059.58589706838,1371.67201488905,8183.23234813273,8131.17439046285,3146.67973745817,3218.46202030946,810.197971878065,2916.42269138614,219.070555247892,8235.61213727879,499.351920326479,136.144028406575,3163.11040939601,8288.2109861094,810.934053775347,8057.53217445644,3655.89255424097,775.749727772096,8392.20507954403,8075.01519821489,8178.25384839317,360.559770515156,489.272301116008,8124.68222022815,1138.76484627698,8110.93495985583,8367.76018762807,7758.31488621065,3290.22675007602,8361.27100085477,946.298950669497,3354.56351131737,644.114636686022,989.922972636006,3076.31004607422,8322.1901194835,8167.45208077027,8080.82652480957,319.969633161127,8243.63229957671,8384.23946447833,3144.75349359261,1057.33488707667,368.729098802779,487.043093419194,8339.25199846181,532.802533962447,590.996350695662,276.74968001259,568.160256927426,269.329397268962,385.010538081172,184.117851288142,2930.68005802057,3120.37643640719,3021.14889902564,1107.57570625162,678.06571379923,913.726753569351,693.495362873675,249.743807085277,3160.9140406289,558.887630326675,3021.07292049998,2823.69416535888,919.952471195467,2846.34603128497,8289.60102501518,3135.21886776416,1021.36738398823,153.780864815384,7822.89010646742,7966.609915315,3746.48050593822,241.16692396581,8441.15864806191,2657.86158435958,8288.27329899768,8023.05781346707,399.544913535548,254.867990510014,449.360468608796,1096.43170130038,139.713353788333,3269.95057327315,2924.21231516922,8041.90087411099,901.749653379338,772.31394833075,482.338434743905,477.229157645978,700.805102848591,961.567855432305,3454.39181639206,707.237789372733,575.975774414724,4401.21929407563,9034.34555981238,8868.81995334238,4206.58509319291,8726.39641282593,1406.60072076398,825.700182406761,9027.80900366044,771.847521689673,782.720135579547,8999.54653434247,4233.90889953623,8960.82514329136,502.215980553376,817.175018401633,1377.89255233851,1014.2271693669,4651.66497135233,1189.74588360989,1791.08701194877,4566.97472039012,9060.24820514401,1187.58854135815,4173.87505941817,4594.6646588063,614.34758560211,8893.28958352111,1241.76270014969,4236.50391185645,8971.89597227686,4209.13188109305,4339.0622197099,4132.30571371062,1270.64657964241,8796.70780891342,841.765045082802,8837.46358305064,8886.00665434243,1428.46740286302,8930.09589784437,9052.54402662087,8988.16854154312,9046.70647906199,670.450806503629,4287.0315889552,4162.68976603473,1417.01789087608,4237.95345582912,8928.37182673985,8802.19324535649,8864.73598132391,8916.20910615475,4263.31849750856,1044.92958439615,4096.15518551916,925.023274058528,838.902815062602,8776.27193357403,4668.08965485728,842.61170411625,1373.10150900529,4052.76319933417,1697.05586931728,458.104274767328,1110.38408225934,1548.47856889676,1287.81956440225,677.471110197335,8733.18528993817,4353.14487263184,1361.56313711058,3829.57122020071,8851.05353170698,1352.98498012736,4265.50219164648,8889.35973491061,3884.20467475816,4316.35297697106,8931.65211308489,4248.13522299848,1278.44221135258,4889.13927451643,829.438876961452,9210.43335272585,871.616234059082,4050.61638324593,1553.80444803375,852.896821290845,1142.6885166492,8953.79211174865,8923.63987557351,662.600955967628,4243.81409523651,761.151208576529,9187.99545859322,9363.192451532,1569.60531613643,4422.18615291572,1534.80367552329,8749.04422273809,4408.77389657896,1376.60692595626,4416.86450152981,1705.21427383745,4482.0488928242,933.268476202054,8903.46343828769,1275.63638067605,885.4470245399,4190.25770567899,1085.47982159618,8898.25243066915,8819.06536095513,1006.73107532489,4174.25554396595,822.839667528941,4309.78320179515,4635.06661108933,4357.30520877231,1606.98610830807,8864.70903122993,8743.89184751957,4147.75306442443,4371.21118981388,4344.08875500964,1136.22469647499,4424.86259149668,9010.59076148525,1646.00324212229,4143.95294733879,962.502649915222,9091.11406987291,813.111533266645,1030.59102379781,588.407301317103,8930.99255826884,576.646956605663,1239.10037813881,1139.87852519874,642.677736646388,8706.978145142,520.458427299581,1236.41049847891,1567.9305390163,8966.26865032785,946.530691980071,1084.98645565792,4367.8418615919,4110.4800950932,1645.5728227455,8902.10672442997,1672.12341888706,1128.76359324248,4805.40913007775,1278.04711359613,423.622340410373
3430.6271103619,3609.238635631,2692.40978255343,2697.10360465272,5786.33109101363,5932.31555948661,2638.74802937963,2641.55763962691,5831.96282315414,3830.50265035958,2671.36030323581,2630.48200641817,2626.45503651512,3628.62887201482,3821.12324437543,4210.38613586555,2642.65172843569,2637.02831016279,6034.1351713562,2641.29449198484,2679.2524556427,3648.77651462218,2634.61535678979,3804.29307750665,3599.71526810464,5709.2289672491,3617.20964117301,2674.65564333365,5809.19186262143,3659.92422922147,3533.26946691031,5937.68157376874,3851.24316207741,3219.08030875221,2626.63085895515,2654.15084879223,5729.07884663894,2627.61487663348,3203.68364002017,3741.58406454977,3395.08971337005,6019.89804568313,3756.36466851655,3785.97725892063,2628.33457052039,3682.35343136041,3813.67553945669,2695.27910593403,3147.8074077732,5769.10154333689,2627.10352289215,5730.48694408779,5800.83484699266,3486.61086585386,5886.66336144528,3740.0405628667,3740.0667459259,3536.09635108544,3696.5349113092,5924.42223633962,5820.13180045317,5537.11776674423,5854.54875991769,2639.76047093096,5948.97378619092,6018.5589850407,5907.22047935249,2698.01603356399,3654.38919341123,3593.20739806999,3327.05941223283,3059.55123860434,3434.5391917463,2848.47124987226,3507.8294821333,3226.82502422706,2994.85342607951,2671.25086003437,3531.92323010324,2867.85832059548,2765.57609089758,2788.40434922642,3194.83703247129,2977.20933712217,6348.16357001413,2745.04635025098,3005.15948746804,3356.67644044331,6722.01893009241,6165.13382390944,3053.57715152911,3244.14234390441,2953.87474348722,3286.00645624047,2826.7029176564,2777.21406739257,3513.75302935496,6441.97042231504,6321.80598181691,6229.60505829886,2989.52494409366,6304.67807151928,3126.48252125047,6448.04070487153,2814.59771800415,3381.75786925601,6463.13683607083,3187.51059226968,3321.67707933437,3306.59933090581,3266.26903650421,2983.73972288577,6209.92702131191,3730.64286615099,6278.23798038466,3801.12926032063,2837.1225389424,6641.17942991942,3036.19593496164,6562.23271059542,6254.20998684075,3128.87307980561,3247.6967983524,6339.38859075183,6127.83972439977,3692.1031806957,6682.20270513907,2934.49841395026,3189.0797370182,6511.60653325007,3322.76508686521,2756.05261836989,2754.65536227857,2703.37701297535,3311.95463079708,5372.98034031447,3050.66152296925,5423.58029513275,3229.17138455031,3497.60711623269,3035.99221671908,5450.45241688926,1043.16935762889,3331.86588517761,5311.91565082314,3035.4971576626,929.966526066071,5367.8066865754,2843.64868433532,5557.99762051595,430.383965481559,5208.57726348333,5494.42221237897,2731.42987786492,2641.19483375131,2882.58746528599,3152.56099765842,5341.27620419549,2841.49062782132,5425.98606090454,3198.75440235589,3374.38440609513,1634.51141308409,3169.3800099874,4031.79735129038,3264.5697608914,3065.40376775639,3054.88211624077,715.272599924217,3275.86792237816,3104.5240211868,565.181205462941,2896.13542361285,3043.17488518922,3255.37118150131,3969.92405846061,3404.0806924801,5504.33953583975,626.824066524729,5341.22715762928,770.546599757794,3081.10577390963,5670.92166195345,2914.68379674761,1496.49729763489,5359.7408785701,2849.78737471841,2830.5513260591,751.123729430702,3277.06451812788,1e+08,3226.63665327507,3017.18133209548,2807.17716421212,503.33917917321,3210.92932208718,5459.76880818923,3229.34601389584,1165.04565903886,3486.41091268055,2543.92107238596,5411.85812906239,5404.04249391404,634.83786310837,351.938206838906,3003.67233362207,890.07621200545,3165.57118701863,5503.7141213449,3196.43805010065,3214.60997458937,358.559001072924,5523.65659465238,2887.90375193708,5327.60624567654,1762.150643849,2857.66643833848,5572.00858785997,5285.91206417556,5490.34901805917,3147.23456469039,3478.38205161929,5345.07472887236,2818.42459120411,5362.1733533992,5594.15792357181,5084.62833967013,509.597927870039,5552.95363211032,3086.05384356802,2455.67048078543,3756.46555539434,2926.11554680919,559.653841440701,5539.50825384115,5372.08359324136,5328.90978005309,3043.4119229022,5471.98664507889,5552.09145745501,573.736391711384,3089.68180540675,3251.53044902405,3190.21076206506,5511.58824437248,3045.17097416945,3115.5445354017,3204.79192342209,3372.74430097126,3108.37941546699,3446.70922562045,3409.56435632636,567.67875680555,1670.75270484794,687.962047056032,2730.07934110083,2929.72230208619,2827.93466542848,2913.00437051186,3223.30159190244,508.986516471244,3260.58558181607,486.259116238728,905.440951542358,2902.51431933486,775.05763096194,5465.14327296061,571.14726168752,3146.84774531604,3371.76145791735,5125.80627100021,5231.53718101513,2460.57961746825,3357.82984001117,5615.34490648387,1310.88252525511,5521.42125940369,5263.55658163395,3030.75352081341,3092.27307644189,3186.11626751197,3389.43832023713,3202.79240750963,356.898343995656,790.14716262677,5411.24855239317,2795.55126671971,2832.74750211089,3048.020195195,3034.92850965804,2898.748774525,2774.25966618714,313.127043198474,2911.25344563538,3154.99676820948,1974.61351214754,6837.75161136007,6601.11194512655,2086.30267924303,6366.46692342166,3505.33769586039,3267.99184374204,6665.33608555751,2746.22216811299,2762.99181940812,6714.01529808198,2482.16191524673,6565.97872090975,3181.35043626932,3230.18402159638,2556.55377741788,2729.62889295836,2068.62180717657,2696.48858395265,2533.03604504095,2082.16151173617,6832.55428171107,2682.66153425936,2836.02414477637,2099.07155070581,3242.03877621006,6582.97187365754,2658.51217421826,2327.76549248697,6710.22135915788,2322.85089106662,1975.48607275483,2524.4439909245,2676.38800804111,6368.877032939,2949.09558804034,6573.13820178205,6482.60887899943,2646.83948071227,6614.36051396893,6579.55809860224,6615.48927959415,6764.21801259316,3078.85110382463,2038.79000063887,2624.79209182987,2679.34168944006,2157.46399425078,6514.10177336466,6414.66767744257,6449.79202683113,6482.92010220797,2363.00822780315,2907.78318086053,2418.19027388432,2808.12728470986,2641.78443528129,6399.60068798283,2284.61249858395,2681.40052521147,2639.40001831287,2606.42104720197,2586.87778567299,3133.78902235306,3248.45599512967,3509.8390242983,2759.69691497941,3210.22777898771,6505.57034215413,2330.52515642282,2614.50785261771,1180.52820937926,6484.92633137078,3276.03715200757,2543.8803423144,6510.52765929468,2214.11215276868,2162.72869118709,6608.0119035655,2447.73679467974,2670.89488485662,2249.9170007934,2594.34827965018,6757.55097374938,2581.8303268636,2612.62716549168,3671.61509371007,2658.43191360168,2676.95339248835,6697.1265696509,6487.15297447462,3069.28225721491,2217.22560365153,2714.48988153651,6715.03017921286,6804.95618180828,2596.55245903641,2238.55061071485,3660.22338063338,6292.72133011434,2312.42245415413,2642.41565166986,2119.02241937969,2633.52098201002,2053.35170949273,2783.81839735792,6526.47153052711,2668.00721868661,2697.57980433122,2751.35478649016,2887.09913561569,6435.43301157095,6492.5610314083,2760.59627442671,2530.63101231275,3232.11422372168,2115.31050621667,2197.56255473274,2362.75434537053,2576.73079043912,6428.26345177656,6362.59641587784,2447.72506887945,1862.70690937033,2235.6887787007,2691.0696357153,2416.99659572223,6825.24286867304,3636.02681101022,2417.5476940592,3292.31924616701,6660.65254230208,2662.73314777675,2879.1846933407,3061.09468696096,6461.87654056995,3123.6087054121,2718.55088738923,3176.50888969542,2977.43953360978,6366.60128516921,2991.04575565393,2648.21647965974,3736.16167979838,6563.42713850528,2951.18381325907,2692.57057599433,2231.58574889379,2621.0468227098,3700.14996264342,6683.42696822741,2666.9123139524,3037.93785029355,2265.10922933789,2637.57794369072,3136.97961264627
1126.92622256331,1049.25693518756,2308.06806860549,2289.3264790018,7880.01112115136,8041.94299550669,2614.5000036558,2589.13097892783,7930.73124428956,1042.05080972635,2401.98524661878,2714.81451151826,2856.64398250533,1044.77840895266,1040.49215404992,1212.963634014,3124.17491577337,2631.49963569093,8154.33873399004,2591.39978960669,2364.57621939641,1040.93401897267,2657.90969056732,1038.08478442924,1051.73767676035,7794.08668839946,1047.32310877458,2385.98838858957,7905.43318419368,1039.15898788889,1074.23680317665,8047.8772397679,1046.03892208926,1303.8497397812,2820.99644283663,2497.45571925306,7816.23546161227,2777.15126827371,1320.33025028034,1033.65964715957,1150.23345330557,8138.648488063,1034.04341408603,1036.04265453987,2757.44003417729,1036.34154344966,1039.36475567312,2296.53345200698,1384.38190485227,7860.83493468954,2795.34134421385,7817.80590051301,7896.14269314686,1095.48803624548,7991.40610457513,1033.64347046092,1033.64370702113,1073.09398958077,1035.07562303898,8033.21156881288,7917.59020946504,7601.19366233544,7955.80030801771,3098.31349618227,8060.36121626008,8137.17233311718,8014.17402562495,2285.75798048419,1040.00908397052,1053.53977884505,1202.07612244269,1499.79077823007,1124.51922746441,3898.082404366,1085.26524637341,1295.74772070778,4223.52131386033,3308.80534349496,1074.7868513999,3945.5064792457,3670.68754657369,3738.22947219749,1330.02570618998,1625.10678293137,8498.46435768425,3605.51346688407,1580.46642898854,1178.3417992121,8903.88984345127,8298.33393671811,4338.54094390915,1278.08368206641,1664.19698028996,1237.94349419044,3842.64586702591,3705.69639984873,1082.5777237066,8600.59454601213,8469.71592634272,8368.96405803758,1605.15427924802,8451.02178259313,1410.6235488149,8607.19368486497,3810.67850926416,1159.64618752097,8623.59999593592,1338.180820655,1206.58206916568,1219.52038794748,1256.41818082038,1614.47029288942,8347.42221861696,1033.64318971851,8422.14417527667,1037.68870002289,3869.49130094053,8816.5731472067,1533.47651843245,8731.12218053924,8395.87997584812,1407.63122135474,1274.53507702176,8488.89600965677,8257.40702023832,1035.42858346346,8860.90602059326,1698.0154468464,1336.42458146471,8676.22847887003,1205.66643869564,3641.04109126641,3636.60927003085,3454.60848101065,1214.87168561352,7956.92602960217,630.452714331892,7943.22662759566,907.022157303765,628.412086998868,745.042063050235,8053.27557623285,3008.53440340443,365.34454024522,7927.5233791022,593.686659416646,3309.66928573629,7918.65254724186,864.096463310397,8269.97461185393,3153.10107042143,7835.20959959428,8163.54530113278,1053.33188897494,1118.65116474704,905.260979551445,1346.61787309056,8005.89283889074,906.567431318226,8023.27486297867,148.203076791231,1187.09523769416,3557.06765129263,1048.93305208684,994.078153077889,132.657779259854,355.288542764379,639.629697973239,2879.06068978189,389.279127228317,1319.2400427174,2961.89359716886,896.83477031692,498.969549620667,1201.94793697235,1148.27114244146,1177.92443417086,8174.58726176984,2969.02213548518,7921.38797350785,3229.34598505367,309.278692383426,8351.53646565935,989.908567275353,2346.02322947392,7965.33703832895,811.153207911574,925.616134203799,2803.50788110983,619.069511477146,3226.63665327507,1e+08,817.165713652784,1299.79869658906,3097.06414618276,1187.49423073924,8082.10474168059,1495.38618061227,3266.90524220414,601.645476449986,1294.28916381043,8005.14485955831,7964.63023859778,3187.66473866985,3166.92295386864,933.665703731197,2778.37624189933,506.920951952713,8149.01654752558,170.325263226555,536.066240246353,3143.52156817173,8183.75223184463,805.562916476432,7891.07839827145,3774.64369294655,776.621245493477,8247.24913642871,7899.51902975799,8104.30602930573,323.343840259026,444.211407283076,7958.11941352923,1180.99271708509,7961.69285981025,8266.11545897716,7633.68454225524,3304.78934626588,8188.79761882879,678.676998872854,3532.92759218827,890.668370674344,774.386061416748,2969.38811423087,8213.71512360071,8000.44360591061,7878.50903599154,647.556288562887,8077.22406461144,8212.53991210008,3074.92280234599,1299.89578693618,865.014901136167,193.535625275556,8192.25002872582,760.898116296231,1017.29704205535,809.494376612629,1064.68780647921,580.292623771253,492.716770724827,665.402984184114,2856.75873582312,3294.08489248772,3069.49474704766,1093.87785526696,745.072848077918,940.066007695095,694.874578116901,781.367267891554,3176.24950715928,1041.64001164381,2944.39554665554,2679.79815855385,1054.35771503149,2726.13705624859,8114.81664103961,3037.3191843788,1269.76952356672,674.676957238427,7650.42829961679,7776.83248666006,3895.56666029654,562.280211193003,8291.11781823354,2443.85548320008,8188.31587177743,7869.95677208309,440.221442914171,556.117455132398,223.200711482636,598.347192769694,652.767429584706,3253.99413574411,2799.47353795515,7997.10981807122,869.055075472275,785.323305211946,341.958900954446,323.04736090599,753.473376647861,955.157182766734,3411.05287341382,724.648110376405,972.382053082376,4257.98004211339,8832.34439934105,8650.56479443642,4021.99020330795,8492.92658393682,1582.01828724901,265.312214610462,8798.89781333447,1016.38259163821,1019.28119924485,8770.19787145328,3991.26791593926,8729.35564534102,233.786230656507,268.265981572622,1266.85477883169,924.030273672382,4518.97680640535,1105.09010644235,1691.45433918837,4431.0333339043,8841.96116721072,1107.56244730801,3860.41965300057,4453.00805710938,231.97170231113,8673.36262353106,1173.43517595356,4030.31358259285,8757.93515744506,3993.213201886,4187.50660495489,3877.66567130837,1147.62012674701,8566.37036395344,683.74128604184,8622.59304447377,8649.54927542472,1342.16529669062,8704.61150590372,8830.11368143965,8763.49497750466,8836.54300944233,199.468560838233,4119.4178168296,3883.88360077981,1321.24319282866,4051.44039675941,8692.50817813998,8576.09239909221,8635.52771970006,8687.65466013981,4052.38898342423,1296.82800744632,3837.41107323496,833.19564294315,969.730221648554,8553.63006840411,4523.01562362196,993.451722759271,1298.71971661284,3766.90020814828,1607.39395796158,291.983555960046,1371.88074330333,1720.44285704072,1114.62934478692,179.88267128837,8514.63915020068,4153.47440203076,1292.86684368664,3705.26990898861,8622.19079467996,1574.07687119919,4018.16594675807,8663.40921956926,3632.72435772075,4135.78757044353,8705.09633396096,4009.31708488712,1185.76516104288,4778.02606940834,973.532005623888,8971.34495074914,966.13714204824,3771.05676592884,1693.39023619818,1006.17002071174,1056.25783438397,8735.57019064973,8694.97371626063,231.120729635165,4048.09965248506,681.604520944255,8959.25717086413,9140.92427268,1462.31026827245,4244.57328338647,1713.13181481001,8519.85662988789,4215.5537125074,1273.45802771216,4251.78670326173,1625.06892219288,4336.72640852242,875.52179709634,8677.57411407581,1190.9088492077,1128.96081893527,3898.26223407456,1281.59366423013,8664.94075253741,8591.50537628277,909.252752285399,3914.69366371141,251.712856659803,4139.42642998973,4496.28093169523,4153.60086239847,1516.1257806181,8631.98476823879,8510.99855908991,3904.59187500199,4232.09895907589,4163.4552445118,1054.92506061237,4223.75053631761,8813.71397248138,1771.69376133814,3906.13902426512,429.946290914606,8863.70089073163,743.953741438214,1265.15193153108,214.64924622869,8703.93415512191,243.135008953491,1181.5623834539,1390.34500255585,326.935053376361,8476.28856067142,382.698083867766,1156.30336945849,1740.84717544993,8737.04330598901,1193.26979440075,1012.0269326344,4181.79845825408,3832.16088378554,1793.68511591479,8695.29745459417,1590.82725401563,1363.67309292824,4677.05011875359,1165.21539259895,298.220766219233
1167.78843380182,1117.98938721593,2255.89438298187,2237.67954282002,7789.41351287499,7951.07961818047,2555.00605983201,2530.16341440824,7840.04913164574,1139.78419777773,2347.32391509473,2653.35494990322,2792.68599274107,1116.3849343193,1137.19423058551,1337.08588614318,3056.22968947044,2571.65983363334,8063.29757566129,2532.38464093579,2310.87657943789,1115.47326020789,2597.54316559984,1132.88774807605,1119.04164051035,7703.63495159012,1117.24282975439,2331.7337547736,7814.79307405,1115.29537677644,1131.32533212967,7957.00434204779,1145.98345516409,1312.52427043411,2757.63815015426,2440.49921825419,7725.74579185867,2714.5559114768,1326.82630261558,1120.85332266829,1185.48080080899,8047.6318297788,1123.10424155854,1128.70885648375,2695.1971593922,1115.63188410126,1135.23409572211,2244.68269586333,1383.21144404612,7770.26958263431,2732.42598816114,7727.31354997734,7805.51808103459,1145.22866537056,7900.62442267718,1120.63963719112,1120.64322811614,1130.62426085381,1116.31658561778,7942.3622270314,7826.92987877264,7511.08240509427,7865.07685753041,3030.71826358615,7969.4683396789,8046.15798506499,7923.35540062663,2234.21255527254,1115.35482351134,1119.86162623617,1226.74417172802,1487.29820645788,1166.00149430818,3822.11539840643,1138.35867852547,1305.52846210027,4145.17537778299,3238.54708068849,1131.66483881253,3869.16479758296,3596.67273712144,3663.60621843319,1335.2827138541,1602.89417903368,8406.9103016983,3532.1108081229,1561.46680721132,1207.57987899057,8811.78602549033,8207.0725899112,4259.45091720712,1290.36252024154,1639.36542164985,1256.39458128285,3767.13032007878,3631.36302176899,1136.60421594363,8508.8967534178,8378.20300281594,8277.59768804289,1584.34691354873,8359.53576761009,1406.62871796676,8515.4867307543,3735.43016662845,1192.79917603187,8531.87033037388,1342.41879208038,1230.42672748027,1241.07133557017,1271.93663252618,1593.0007936388,8256.08767745482,1119.42667905333,8330.69997957332,1132.1277474734,3793.75527757259,8724.58315001654,1518.147398153,8639.24593791078,8304.47408355996,1403.95018668995,1287.33077980227,8397.35561054329,8166.20741506893,1116.06373347711,8768.85793314724,1671.05042528196,1340.88026147374,8584.42658142067,1229.67735123877,3567.30159578102,3562.91137707598,3382.72651383532,1237.23507759448,7905.78988465263,382.40872240431,7866.62549939248,580.364024774802,915.973889810305,481.224772491844,7996.9277584534,3026.92483536977,731.093130090859,7874.7516702569,532.658260285025,2949.09489335804,7866.46305640641,301.637567006278,8190.30526347594,3025.20213679274,7779.53125249672,8063.30393909967,536.532795794865,873.256765031378,227.355787645844,823.285011364196,7896.45365831461,319.216411218173,7951.90593395765,755.569423337157,783.48237098347,3086.76076749044,545.755449572122,1333.31965747633,784.183914894896,639.377659231379,512.382749481585,2840.63104436553,1016.54825499057,792.058491184571,2825.99574390849,261.41379543601,583.166835137563,606.213611893544,1198.91941516357,680.688999794969,8112.79251115193,2738.14356731745,7856.16683719502,2966.51624964278,661.548540568618,8282.8605519913,361.039787803667,2481.55296707391,7924.94048415657,231.012877585606,360.024493813125,2605.75043902838,676.840656310098,3017.18133209548,817.165713652784,1e+08,926.374996414172,2987.08624299521,698.963793250988,8030.51306349168,1080.00757801045,2871.52631194189,1094.648139523,937.80542531518,7951.2967795764,7909.681671224,2932.73727419617,2998.80601911761,286.464164112442,2782.62734238785,578.678681202445,8047.79378493007,731.955930921833,584.80653960944,2954.78619208168,8090.46968654702,292.113999168834,7841.2042313771,3324.95675952728,385.120377995444,8180.59908217964,7844.71374599272,7989.51714077751,669.445284460332,935.963655147026,7908.24138256152,721.905323227521,7899.63257929996,8171.45802919531,7564.49742453739,3035.34379429824,8144.52877255665,981.662969671413,2965.15255380359,1088.12869086176,922.748576243945,2885.11221165792,8125.40793001618,7949.04018016663,7845.84495039268,483.023154090553,8024.28938681499,8160.64584044859,2974.73708762538,761.168204244135,593.419153328181,732.664297749778,8124.80791163057,232.714278670551,489.59072913353,584.185348181148,682.869130279837,512.805832682931,864.896896838589,748.260358524903,2753.02225735253,2805.82806783553,2813.93052772557,603.130659937295,217.286875142835,331.436518296316,402.826790342991,602.716050491638,2947.65997881051,595.607163839047,2826.3689447757,2673.37363913446,436.097487768517,2679.72163721458,8065.39452558388,2959.96589786546,738.356013342436,743.18649389353,7604.53441225796,7737.7142380376,3387.25571342873,781.176727227054,8227.03279425437,2537.80359277252,8093.59178269326,7810.89053282105,603.653115868524,639.619364956498,720.379949249144,1119.04761578459,598.553429867577,3024.16857131906,2769.91232622006,7760.71885269119,429.045351368879,394.715861784315,727.268492710872,642.481820174258,284.105991113922,427.10050005183,3198.11347919617,305.137062432918,465.276445522809,4148.60972927435,8790.38966734179,8620.77167267301,4039.78317315226,8472.56600522409,1038.9450051808,998.131179426482,8780.36050294562,625.758102151706,623.301751374219,8754.00309845477,4097.12297848166,8712.46340113829,831.279732179507,930.414617964554,1014.50745848914,687.916902701396,4370.3992122035,764.48368745572,1448.30442931559,4307.0954565948,8815.89427068266,756.473684424151,4043.71869286086,4331.56041431909,817.367516667908,8642.25881316684,807.529431216171,4077.66154643622,8727.34579270793,4045.13530135754,4102.01942909282,4003.47022948908,954.431668458934,8546.22921921728,781.88597856825,8589.22649880405,8637.3387398541,1047.39584907324,8681.73825367741,8800.99863996542,8740.28559996178,8801.34573339177,849.567415980819,4068.2974877291,4036.16245471141,1040.26975542959,4069.05815143572,8681.19162333115,8551.95392375751,8610.60698040093,8667.83291205919,4104.29385283052,789.642378212531,3968.44357711114,603.153011649485,719.206666458231,8522.88735803646,4419.85973329432,789.266382488584,977.509119244813,3915.11164390259,1354.59334329426,805.816451719417,810.582927282265,1182.54262639705,1156.73942315358,879.661397200351,8485.97220232881,4184.91884786347,963.28419942081,3555.30410211699,8600.14051547845,994.511662465654,4129.16772170547,8637.09775364019,3738.12489628636,4141.93645500971,8682.26844553032,4106.11367630374,881.203149629432,4546.21111299288,637.571766412591,8978.09068883019,795.22696369397,3923.21835042473,1204.44740815199,795.288685559938,725.997340660322,8706.83442417905,8676.45648909883,857.378576760215,4085.18757191119,758.910973111792,8942.51106765581,9127.22592871899,1210.4143318906,4235.62461722186,1186.24377303739,8498.92160100969,4244.73461684017,999.547755338935,4213.21002150841,1411.62384991106,4199.96993344082,479.525691463429,8652.75169095616,870.284568380789,706.09013777287,4059.76857872292,824.880625203656,8652.05005166387,8568.97820300406,771.223399759131,4036.94750118637,943.544053615641,4125.33484580687,4354.40932251513,4205.44020445723,1239.63490285409,8614.98589217898,8489.50311805312,4007.68775113316,4120.39397551327,4155.76122557177,718.048550941102,4252.48380517301,8774.88565304597,1295.80935501732,4011.64792653182,1041.48251806984,8837.68517948498,789.656667647387,743.906084939319,794.872197394423,8682.55044058672,852.070089995778,826.830257295836,819.567696263867,832.621666375282,8451.71912983598,779.146121780822,821.476918773703,1226.00626512239,8717.18913101902,735.583112314969,638.41947781539,4175.43644083375,3970.95427608895,1306.51372378674,8660.46216362112,1367.85349437851,828.927623664462,4494.92274815077,938.048787331815,787.410945019665
1136.88102618051,1223.3235381799,1762.53464781044,1746.28616935665,7203.35477021835,7364.76144744065,2036.08741387261,2012.96917346047,7253.90728477829,1384.16006535762,1844.90362920746,2128.15783147341,2259.88066611087,1235.43445084054,1376.4930123685,1731.86843067228,2512.16650720573,2051.6180165528,7476.80904015261,2015.03377365107,1811.91435670619,1248.48802399544,2075.80590239007,1362.89195799121,1217.54460396913,7117.72101336351,1228.24701546776,1830.76894839216,7228.69246199273,1255.90744302784,1180.58746432129,7370.6769835211,1401.32641045075,1114.5382977166,2226.62057937391,1930.05811212026,7139.79403378153,2185.84793988129,1117.26055675114,1314.13561722392,1126.1682954804,7461.16662091207,1325.33831422997,1348.32819673693,2167.5694907444,1271.24089022802,1370.44908198345,1752.52650431464,1132.86861252158,7184.24271308214,2202.74451164094,7141.35912348051,7219.43271956632,1158.52416970841,7314.38539324753,1312.97664360792,1312.99628632455,1182.03253716211,1281.20403395393,7356.0576148002,7240.80939803748,6925.51309700883,7278.8945668741,2487.5990616555,7383.12172401334,7459.69497828192,7337.08051653092,1743.20001564136,1252.2064302922,1213.66159548242,1112.97549822809,1177.25388648924,1138.2092475654,3258.81162625669,1168.13037852915,1113.41708069041,3577.06650514649,2688.46244755458,1179.90347881028,3305.07647835048,3037.62337821531,3103.20097726616,1119.12630307331,1243.02671345453,7819.94456573702,2974.45279297993,1217.85470560931,1117.48008194135,8224.33246388808,7620.37658580248,3689.92538220186,1111.49886390755,1266.44124637354,1110.10968400925,3204.78559228235,3071.60038390084,1170.94134256089,7921.80110461211,7791.27475162067,7690.80410745939,1231.55884063076,7772.63211282225,1141.29908743747,7928.38285834103,3173.66011638465,1122.80140815475,7944.74610096217,1120.84062770018,1112.37156981344,1111.04203994338,1110.2039022847,1236.87091302548,7669.32357467462,1305.96567268022,7743.83466708697,1360.35821930692,3230.94031572097,8137.22856957001,1193.37749872072,8051.99133418443,7717.64401405213,1140.28361376684,1111.20434649351,7810.40230514028,7579.56919090838,1278.06885013906,8181.45270430816,1287.63467696416,1120.46047208464,7997.237886617,1112.48821583077,3008.87462117354,3004.57893007538,2828.64233081237,1111.452572143,7395.70291238292,1129.57554665861,7339.2354476766,1144.87194237014,1483.64878179282,1118.37123404503,7489.42068761388,2863.65807444475,1306.89068570339,7386.11029402323,1154.37885020189,2690.37228893628,7368.68557028504,887.010877675623,7697.51059497718,2837.94463509565,7295.89536851713,7552.94506088399,783.220080266657,1238.02343805952,816.834319549332,661.254594193367,7387.3566576953,874.571557354994,7446.18281349324,1291.95045921877,1328.40436276723,2771.06061041701,1155.35551081621,1962.3935360616,1296.02973648344,1138.89577793929,1101.87100360902,2647.86710267848,1504.97811660691,626.951116138832,2672.3013770607,805.593464976849,1167.62494591062,974.679889387135,1824.94934275887,1311.21732619261,7627.30637417558,2552.53706024059,7362.34409397748,2759.77014470922,1182.01454385861,7787.07269470746,715.821405182094,2404.89748643534,7446.73201501058,889.277566951729,828.94439553724,2425.92680022815,1275.03013182534,2807.17716421212,1299.79869658906,926.374996414172,1e+08,2811.82404728476,678.100331904289,7535.74604153686,617.757448166772,2625.47974345524,1546.89260444265,946.740220021138,7443.88652378126,7415.89366225748,2728.59532549888,2828.78986556996,774.250684617826,2603.45395013594,1181.05027050718,7546.51638765258,1221.0185905448,1187.06770736459,2763.51214022174,7582.49721903172,916.359723749143,7349.23375925875,2975.04316438292,1054.01388684983,7681.26172676282,7349.86671112291,7458.36864979544,1219.64145495841,1508.5470174794,7421.98388487593,377.371339969634,7409.84727029198,7669.65833187682,7036.15694387732,2812.55820344196,7655.67742021814,1457.2872657029,2562.65134211844,1776.73193274179,1362.43133519682,2695.08285682179,7632.51676612395,7461.08516945765,7363.34872209085,1085.90275006863,7535.98488140531,7676.95201693964,2839.36809863676,650.4116591674,1176.36438935613,1228.74531625882,7629.19139369251,953.131065518178,1092.60407626897,1262.90949114802,1267.44140407796,1155.1250726745,1462.60747638397,1381.52978269919,2595.97654161642,2556.97294038342,2605.60075401876,717.284403969481,1006.49176774482,796.666876899909,1074.41409477861,1251.32702351101,2767.27982043606,1240.0484668701,2648.05983414276,2503.33449116005,692.007177716633,2511.35433157104,7578.88395249256,2776.32007202788,667.520526056807,1383.00122000711,7095.1889076742,7236.7419347926,2906.68072494234,1414.06933464061,7729.5725006881,2433.65607935277,7588.54791638628,7312.40987038466,1165.4692714269,1157.18339130325,1205.04588358988,1559.01600562153,1252.24029587644,2788.93108234155,2549.78591719539,7208.29465080482,954.825839203619,1065.02747823027,1237.86481931842,1154.2087680579,1019.56686062867,935.595422346927,3025.62242342362,1026.26842678177,1025.96381704373,3964.02647525577,8285.96933011267,8130.91988076552,3864.73954465352,7974.58003250792,1130.90395768549,1414.79594325827,8290.69305252233,980.766032841684,873.908639776425,8271.59706817577,3919.25092375907,8222.06603378693,1300.36364253058,1327.27570715901,1153.02949735654,1056.81892676603,4153.29022050276,970.858692999052,909.983667831041,4116.73420823835,8327.81005200091,846.832053606981,3875.63183475455,4113.73564530913,1238.57028118903,8144.77284622889,778.976050199833,3907.86908778634,8233.85522793971,3861.77211177377,3919.36924708282,3834.29294838421,1191.1032663226,8043.25193183306,1214.89272754229,8094.93817948691,8148.00824546039,824.998125888517,8194.11704268323,8283.40794278015,8235.25541797165,8304.53954673308,1251.40187688064,3885.56513881363,3857.14633793462,849.799237746825,3896.88920891495,8193.10341671994,8051.16979344285,8105.78921108704,8167.83131359665,3926.89609682598,924.562100754798,3799.58613962688,1032.95472732354,869.92826500706,8012.12471320289,4224.88233384876,951.532793711412,867.444079115257,3739.82555615481,773.638025757502,1277.258690445,1106.52016515753,1054.51557443268,1417.39643514991,1323.79236129192,7998.16454406657,4013.86977814498,658.657278911587,3332.36036893016,8102.1278746377,1029.74583569887,3942.46580802037,8135.68566741335,3569.99611289532,3968.79243793216,8193.90533885649,3920.38583584961,980.77557318107,4251.59788969214,897.03362724992,8510.4879906388,930.914158396221,3768.99886552538,1157.95604287246,927.524986151252,937.610263962309,8216.79472032124,8177.84056942414,1302.47288088258,3920.01388695222,976.394669871108,8441.13862475762,8621.85990739707,1080.48262964361,4049.20130453152,1161.62579582732,7988.21207024881,4041.16663670937,1112.77620080472,4040.73330376266,738.412412759887,3952.18560656134,930.061612485359,8150.16188589752,922.04322330083,898.311561205423,3882.65352788773,927.622467006291,8152.31926030959,8078.3434216167,1134.28843882206,3861.07332222056,1332.87831992837,3960.35025262115,4133.79238719649,4030.01732476702,860.40186298769,8118.23198608528,7988.92368920388,3835.98728046154,3942.64391783417,4001.31783905803,928.318808161937,4075.42892827403,8281.32455367242,1084.73436122548,3849.55280558638,1431.88112873823,8328.96219467256,989.353703641114,897.212508812191,1211.69652649095,8175.00068843309,1264.52633152162,681.162588360323,1052.94390176165,1277.68370259149,7954.83085900816,1284.09777420553,870.154800239064,1214.24989429042,8219.89862053934,974.893867064071,934.567340480863,3980.26483618937,3799.2052972411,1147.12167700629,8172.22490225378,728.752309609743,932.121028073861,4238.98740239788,1159.14849984915,1293.92928945582
3362.13932340925,3535.90532927884,2671.5457007838,2675.41823450043,5884.5107717071,6031.08130545738,2631.53842041786,2633.20742306748,5930.33084223274,3752.37880649813,2654.64186451897,2627.78497328834,2630.11504501735,3554.82816587298,3743.18066152665,4126.13639853071,2658.05180520755,2630.58334165318,6133.28271323134,2633.04625227184,2660.87712166268,3574.50081494377,2629.35857757518,3726.68010727575,3526.61531196461,5807.07916226138,3543.68295407897,2657.22784285845,5907.46650132643,3585.39025345692,3461.87110992046,6036.46797318967,3772.7245345118,3157.9922596029,2628.69814838976,2641.68818146221,5827.0152557097,2627.71781433607,3143.22774786198,3665.25084178542,3327.70046174833,6118.99345899775,3679.72223069801,3708.72950778886,2627.5528776634,3607.30931266718,3735.87812026027,2673.90930045804,3089.77955915366,5867.20884297666,2628.02203871906,5828.42943185707,5899.07491434921,3416.49009922122,5985.25091035297,3663.73990921621,3663.76553934905,3464.62286694734,3621.17462618243,6023.15749080955,5918.45145099411,5634.17732072434,5953.00823349814,2654.04731824893,6047.80345105367,6117.64947486871,6005.88882466843,2676.17453398769,3579.98305791638,3520.26836934731,3261.92285190504,3005.85705052852,3365.93351588971,2893.56547071953,3437.11877067512,3165.42460685657,3049.87173114936,2694.4156647206,3460.56073957398,2914.49842565547,2802.78783199934,2828.03769866767,3134.75127247068,2928.25948210073,6448.36680928143,2779.85871711263,2954.51010467504,3290.53370958318,6823.27890931425,6264.74288943151,3111.72595802243,3182.05660144126,2906.42413055902,3222.3349296684,2869.94685972465,2815.68933973917,3442.88032065719,6542.45738400623,6421.92705563701,6329.4298474254,2939.81391745142,6404.74515843738,3069.44158218358,6548.54557141749,2856.75361113643,3314.7940459958,6563.68599643683,3127.73528603907,3256.72781712505,3242.18231136514,3203.33303914107,2934.38376933704,6309.68673238261,3654.54166354655,6378.22079578533,3723.57888715792,2881.26829408735,6742.22692938931,2983.76969869452,6663.06457530095,6354.11522128784,3071.71972915083,3185.47258202116,6439.5645974192,6227.32064122694,3616.84117585537,6783.35905633474,2888.35410261368,3129.2376361088,6612.29569170908,3257.7778503611,2792.18047036704,2790.62009890436,2732.40717475293,3247.34727979014,5442.3592093738,2973.98194139958,5516.95604129717,3184.17879600152,3393.24940647207,2977.44063091743,5527.72969935883,619.991335401744,3223.59835058262,5391.99454518367,2958.87366831409,1340.76360629899,5453.1071331211,2802.22411648281,5640.22277829723,354.459754057036,5287.46228894451,5596.95274660748,2698.95071047628,2563.13170329845,2860.09274296128,3161.31027673203,5445.23003907725,2804.89200890493,5516.98711637774,3071.29997003615,3369.28902907776,2005.25462773232,3147.92147544748,3916.21991681822,3141.60133532621,2957.05030836727,2981.21718344392,453.339692843604,3119.23742352718,3113.72229491757,489.036158090503,2870.32230527322,2947.20468878859,3259.27714389614,3882.04807107113,3388.82450159453,5584.29021450562,874.386677852472,5432.34843440379,1064.09753344357,2964.22213072527,5751.51350814503,2904.3154327654,1182.06071563566,5422.8654107449,2808.76474064365,2795.63465646629,904.732007655839,3188.90559741761,503.33917917321,3097.06414618276,2987.08624299521,2811.82404728476,1e+08,3203.80289325824,5535.54458682713,3257.68804806528,1505.26322261985,3339.50493366512,2494.36321041795,5488.54535330801,5492.28068597612,954.125858103174,336.170193488204,2987.99236880338,571.590360338987,3075.60245256013,5602.06288748669,3078.97012004481,3127.84489424049,543.027187908953,5618.91182574679,2838.52353519192,5411.16076179661,2117.40001911439,2789.85375753128,5653.49319441587,5362.06969866636,5597.50791969239,3036.66192078005,3357.03929334459,5414.89320203164,2807.50674973294,5449.26496345074,5691.1763277608,5174.06568199433,924.359811233538,5620.42409047459,2923.11570338277,2739.74653630102,3649.36056087024,2783.85679408599,216.569036339978,5631.42904394088,5450.59021288519,5379.85453291841,2975.33473766831,5554.44836866605,5618.09419220511,303.015175821729,3097.65756047414,3198.17074122214,3070.47410543031,5589.45612055182,3007.23517464922,3097.15817831068,3142.49252285899,3339.9924776762,3028.78745686466,3333.97694553222,3318.47264645681,372.477078850554,2001.16522764492,969.620267423459,2696.00303745014,2876.45118943221,2798.55366010794,2832.36211906021,3157.92987172575,757.556583352124,3232.23870533586,220.199643516527,579.553833568562,2897.73692289325,447.550801289118,5527.61882527881,239.376133375436,3149.95648743761,3280.92344086187,5197.46115368549,5288.38878279751,2735.52094978338,3255.53842042938,5694.88973271978,997.765798542128,5617.95732620495,5343.61995773462,2926.14914511549,3004.50325617191,3071.90403350819,3235.13694047052,3122.43918245795,759.029453126489,580.109211447122,5598.54825755281,2736.82858284942,2762.67111411115,2925.73286456769,2921.13508838174,2844.47530634261,2729.14159735244,597.480817820657,2847.63784621311,3133.88842695598,1966.31546659159,6874.56638447161,6626.40516085082,1926.72690809695,6383.1010787885,3526.79922331018,3113.96457275232,6686.43585021917,2725.56801475564,2746.89003037912,6731.79124100398,2291.89274141341,6585.02627916316,3054.07969975267,3092.08784098103,2499.87421920264,2650.48644811345,2111.30174810728,2634.16904629174,2520.66395083672,2095.32343440113,6856.74655203459,2624.13838453918,2628.38045279137,2116.2997898248,3127.41463723261,6608.85497350559,2604.89292646479,2172.4665483197,6736.15703738861,2166.74135654761,1939.35538558746,2319.98980374457,2606.92554057952,6389.14011927317,2817.67453503174,6599.89601088958,6497.48654372548,2593.92681479312,6635.84725576059,6610.36610669681,6641.33297622717,6796.72873616153,2939.98525232957,1971.12937049237,2418.55011599072,2624.50817792209,2013.62279948473,6530.86044670445,6436.58924412139,6473.39504592155,6504.54357304193,2207.72443789432,2921.89657621501,2198.28230388943,2725.20331516752,2602.00898048291,6424.07247385342,2288.44134147032,2637.91724058642,2586.39552517793,2400.40225290198,2573.49158809574,3008.7707719126,3262.11594422672,3542.78461245306,2643.58082442557,3073.78947605512,6526.77254606423,2188.09596828095,2565.91660809877,1202.64639375269,6506.09909637391,3306.70064106136,2355.3309166047,6534.59023279463,1993.2782925163,2028.55290723436,6629.81134969382,2261.33160929919,2613.14791011151,2375.14509096347,2566.77192734129,6767.00154602459,2530.09956293122,2394.46653727399,3694.44843226711,2619.76626033003,2614.45186392307,6721.55587815408,6509.20814009446,2924.09229887503,2053.46916469314,2617.02545610833,6738.40752454959,6832.48614591221,2548.96002564616,2136.12509282238,3688.75957244429,6316.33797864528,2177.95906196261,2589.03676190852,2034.26616773702,2633.17579948669,2090.71579814023,2724.91947125625,6550.29812679856,2610.43012330214,2696.40675764181,2548.46737819648,2891.13929611149,6453.13876608271,6512.64004437139,2663.31504603639,2332.33730697491,3092.18774558891,1997.4604368593,2237.83582398274,2204.70857757364,2534.91356412261,6447.7897157513,6379.84204858819,2254.33306364337,1847.88117809039,2125.60384953153,2628.69791446554,2288.97444837189,6862.12719262007,3663.53218298373,2217.36491256948,3139.21234026833,6688.00058338826,2571.49349107059,2890.1139269268,2930.55377800602,6485.8325190091,2993.64714520356,2665.84064245497,3195.52269705515,2833.33258667154,6384.58855899146,2867.30248656348,2589.18864401589,3762.24194323125,6586.73338195297,2946.68224990305,2635.77914701143,2126.79750165988,2420.75648775034,3728.55993235585,6712.31374407192,2658.49556763714,3058.91704492746,2346.39376776988,2572.15867364047,3013.88768691455
1091.04905799561,1063.7478674781,2141.25813167135,2123.07192614751,7680.72303168758,7842.49702775903,2440.24360964933,2415.39272724899,7731.39283015901,1115.71575153126,2232.58737836184,2538.64770776962,2678.10558328877,1064.77587674763,1111.88229150204,1355.1504576244,2941.98726429787,2456.90429291674,7954.78780430811,2417.61458562326,2196.17193084423,1066.61881172522,2482.80043985397,1105.32827600685,1063.51553355365,7594.88574361232,1064.0809130734,2217.00963844877,7706.11976911289,1067.97135809741,1067.04666484144,7848.42563799054,1124.63945375022,1215.95810938009,2643.02143127909,2325.7221458099,7617.01182205117,2599.89837753086,1229.15482504714,1084.77456369784,1104.81824835592,7939.11199225793,1089.0497969484,1098.68213977193,2580.52278956513,1071.3957820431,1108.93005358525,2130.06369515032,1281.8982442964,7661.56608545154,2617.78484295358,7618.58065796202,7696.83850946997,1075.09670694115,7792.00854419779,1084.34906607882,1084.35625065227,1066.70895172533,1074.03592561791,7833.77390981244,7718.26475591562,7402.1974673419,7756.43731861428,2916.4393356782,7860.89779613103,7937.63719886589,7814.75456160697,2119.61075130945,1067.27045599106,1063.46128951272,1139.22095916901,1381.33509588002,1089.70740924935,3709.08928694825,1070.85335314538,1209.53535167501,4032.65715208134,3124.57983447871,1067.2134548806,3756.21402061683,3483.28164191818,3550.323965234,1236.99637430801,1493.66468085267,8298.61354648022,3418.61464091714,1453.24052189397,1122.93524053706,8703.72248658576,8098.65373150375,4147.10617538318,1195.6925011588,1529.37538078507,1165.16427547214,3654.01571386629,3518.02836355828,1069.84296684063,8400.66048190895,8269.88900292573,8169.22247566234,1475.54674418695,8251.21050168989,1304.07298720103,8407.25432612012,3622.26434957548,1110.72339365011,8423.64751782566,1243.63431052085,1142.39867114549,1151.65922520069,1179.0418804649,1483.99649219089,8147.69921812506,1081.84505097768,8222.35722881962,1104.14359627189,3680.68357892505,8616.47090807855,1411.16010619293,8531.08524036545,8196.11534357687,1301.52983142092,1192.93950970022,8289.05312658042,8057.762983311,1073.17190847207,8660.77052014272,1560.47938985187,1242.20163040603,8476.23433337462,1141.75088989628,3453.86269676491,3449.46533245075,3268.98831893013,1148.30945103155,7890.0809532478,928.687185284945,7801.23721053096,751.550062026625,1152.52640801486,856.502366454824,7976.50167443544,3257.97900464508,1063.78913359753,7875.60221843394,963.080197420786,3040.63576169016,7857.13134544357,800.87578737442,8177.24050911602,3232.0492667015,7784.22375120612,8020.37748238884,780.096811288345,1253.97573217899,681.76707488849,238.336058962165,7843.90147961798,776.210747004539,7918.50644126229,1149.70540149106,918.8730445351,3050.7071223538,749.506129927753,1618.16893334882,1142.02456817005,1015.62455087934,870.860319214719,3054.83204741596,1423.93116606968,245.48902862439,3028.35995535598,674.898004686631,990.199494728943,483.480642437528,1340.47631879955,845.315278410618,8111.34113171118,2905.63554375676,7841.45766300427,3104.77844500074,1055.14371207418,8274.52167203852,523.204352002033,2750.32486931611,7943.70650309264,798.390408469253,746.536677019578,2769.57407798466,960.76202594919,3210.92932208718,1187.49423073924,698.963793250988,678.100331904289,3203.80289325824,1e+08,8025.62586604482,589.149107137406,2924.33759924784,1455.77049156058,1059.64368642017,7941.79788770295,7904.53313662165,3084.10063644484,3211.54103300618,527.738200967581,2995.29352854522,945.306219207655,7997.64460704157,1088.6454163713,904.116207197794,3145.90487230418,8048.11153124317,821.631364050626,7839.2307836643,3258.92369045335,961.352804624019,8168.23822502942,7842.87205383753,7913.48517691329,1043.19772268801,1251.09414942235,7909.54893735394,524.437626038435,7890.64129352083,8134.0517950867,7510.69657132571,3194.21781390417,8151.33685279509,1365.15971676533,2772.75044890224,1400.11411557317,1320.47862715899,3100.40224234914,8099.86458357238,7953.7311704152,7866.10041842125,871.202759282744,8027.99484363476,8169.56545827332,3204.59243909709,234.25982075249,788.249850242648,1089.75529444885,8116.20247785198,703.039430646736,718.866849395556,917.301651995566,824.892240559273,914.47304399235,1170.17975281321,1008.90686590541,2975.28398589144,2782.65347274309,2956.63381641222,731.599297843088,846.66589872565,713.715727893212,950.8739246109,896.209456670521,3125.63835055665,804.2024896576,3039.5683205548,2898.71377193895,497.767893556464,2897.95824030836,8073.150344632,3175.32022969514,215.629298622907,1025.18258103462,7586.26635108821,7734.75387844338,3147.47729966327,1100.99137170109,8218.21995070746,2791.28016229478,8052.94101343516,7794.03882072691,1024.19294749343,951.752908088991,1059.86103647749,1504.62902306615,948.97045239049,3186.59104665873,2968.08062707532,7675.86150425878,909.589226170093,972.179100445242,1124.20008495293,1048.81832721738,893.687972248309,877.300097760774,3409.76335983838,903.026997372347,640.088564847783,4324.50591398588,8734.42444467919,8593.25879118479,4224.42321350608,8463.94359713456,800.935302821312,1347.03891933532,8768.60893300681,870.028643187258,789.260199096507,8738.39051103327,4268.16108656721,8708.36292162043,1169.65031161007,1279.64883454267,1254.82516450312,1088.94076613066,4527.36919274588,1010.53788826836,1329.37754051847,4477.61046832305,8782.56853111792,930.431795507092,4214.57466919719,4486.93888649966,1133.15172487679,8617.25700855174,889.013233161615,4254.57934818219,8694.12671883739,4217.37201017903,4280.73227050654,4177.03341950079,1240.65580327073,8539.88081050972,1176.07935656736,8557.20631102959,8638.07719764456,1010.859757334,8664.59138551453,8786.15969429182,8721.9221222897,8765.90933970083,1208.61597610857,4245.91304541483,4202.22179923893,1012.52529815296,4249.72942022014,8682.5725915145,8537.99268183778,8601.28554651458,8661.30543340837,4276.7773663491,739.714436899132,4148.95215423214,1030.73122756738,901.660781054958,8502.75301903802,4580.76759285188,949.494351693558,995.1906386431,4086.75962471168,1220.23066490142,1155.39675695837,789.516834765532,782.225371707144,1445.27156076294,1242.33886963314,8456.85086392214,4365.1406481902,902.532613870063,3735.8993345298,8588.75604411326,741.546521930035,4294.37987070824,8623.46933291206,3926.06231429371,4323.67632375215,8667.44135090934,4275.55119517672,1051.17820424425,4629.09144127056,929.696742514872,8990.76084972989,998.71397739044,4105.82155936029,830.045447884323,957.159747589102,1004.38584227572,8676.92562444331,8670.49314171623,1247.80326079934,4270.14361605619,1035.77873585443,8937.94564858816,9123.55580403651,1215.00946629198,4406.37547598423,816.988797370012,8492.65495583767,4405.48854830035,1165.72625896413,4397.9021802315,1242.31580527523,4327.90158125196,912.253951022467,8637.49982468587,1005.48468772219,842.544350210297,4225.87919569156,797.691676620909,8652.38739103799,8554.77581809741,1157.00391545451,4209.81157388563,1279.9330042038,4311.65727156214,4493.86564536036,4378.43552936805,1146.73257813647,8614.03450510689,8481.89330997373,4184.32086946713,4310.00058441936,4344.91932285406,985.892252773974,4425.47500400573,8721.97895794082,843.315589574655,4191.25245902494,1392.8651480304,8825.73949029633,1074.07664585167,710.796339097882,1154.69501821383,8675.72813717016,1168.40943042097,800.970685682038,741.572151432185,1236.21634283493,8440.77967228587,1197.16250550169,963.294835590404,845.573984030674,8709.00931469985,775.617812045917,978.121325488143,4342.7781530643,4144.7693773801,859.230284271012,8620.44923706896,1205.42298599774,715.105867563121,4605.98391821181,1219.62546008221,1147.03155447899
7876.03140440736,8132.65445162019,6353.68998636403,6373.18079141247,2361.38871217213,2356.49770884281,6041.26267076772,6066.72666346719,2358.64164635717,8432.45287273636,6256.73647072287,5941.19551001054,5801.29882628375,8159.63488326943,8420.06821763011,8916.01954218965,5541.94587726138,6024.23582181682,2359.74977232545,6064.4466779883,6295.21584852036,8187.51020501732,5997.84032014996,8397.78082811729,8119.34665055331,2368.55953005026,8143.76416658569,6273.16919111138,2359.87355321952,8202.8660413519,8025.39746488926,2356.53326520335,8459.74936345728,7546.80169007999,5836.29457760186,6159.31037210543,2366.40931306551,5879.48878646547,7521.38663787281,8313.97269671935,7822.94334390787,2358.96921772067,8333.83881529649,8373.42951635903,5898.96273675931,8233.6204435899,8410.21590944453,6365.67981773653,7427.0345073185,2362.71519116236,5861.54832855947,2366.26479505351,2360.39507048977,7958.1850730563,2356.8106307642,8311.89399240686,8311.92926090668,8029.43541230043,8252.97077127536,2356.47301795183,2359.2471859496,2396.03949109109,2357.69273190285,5566.7747409495,2356.65766394273,2358.90122694926,2356.53324282402,6376.89761576608,8195.2475312083,8110.23076884302,7719.03141092527,7269.99838508357,7881.82935493826,4820.86494816777,7988.88528006622,7559.49752122648,4530.25532221456,5366.10888068063,8023.47315343841,4778.03653169201,5028.41924043804,4966.39459906335,7506.67482095585,7111.9420608126,2403.10957702931,5088.56810351541,7167.08405744324,7764.65919857048,2515.23592982633,2371.83032492092,4429.45450558093,7587.67976596322,7064.54148286149,7654.70249008486,4871.13134677387,4996.23074972597,7997.41521493204,2425.37994111526,2397.59922262593,2380.96798082368,7136.44708563154,2394.19709348335,7390.06446301415,2426.96178169701,4900.21559941434,7802.8248431507,2430.96867019916,7494.42904170911,7710.6711296893,7687.13472428713,7623.29208925994,7124.97801485926,2377.95908799904,8299.22057749148,2389.22382179168,8393.58172158855,4846.76251058797,2485.86042284255,7226.46305890618,2459.81333822661,2384.99968230905,7394.23740526807,7593.43001157603,2401.23821037125,2367.4984174695,8246.93153296852,2500.43244380553,7024.12834320108,7497.05658204883,2444.53098289355,7712.36285233856,5055.74350919897,5059.83339723621,5228.96151801729,7695.51425105163,592.473308179029,8094.99835643076,1151.88108362141,8190.87649648189,8411.34098370227,8037.03535031414,411.500440410032,5556.81184605694,8269.3349988169,332.635510749358,8022.33706246742,5599.60661959932,578.890657119727,7846.46534761673,615.34493600315,5467.62582162235,346.250043488805,1084.03114689005,7694.0475455026,7548.77875880526,7870.27460511895,7962.50849623567,1202.91257348507,7861.37670824227,683.755227860048,8108.92493858174,8349.52883398995,5776.97432868152,8169.53388094077,8997.87067180783,8145.00874661228,8005.49752998482,8035.73923239766,5592.74132131396,8142.15522837333,7929.29572583436,5716.22795452932,7874.1253848086,8035.84223968927,8142.9835996926,8926.41047432579,8418.61433956452,407.145079236853,5750.8951914474,586.634001900738,5530.2192437622,8026.05873424477,505.70051495099,7848.18147076956,6113.06225455829,609.485702025291,7864.91802155055,7812.57875910441,5803.05627574743,8243.70321718562,5459.76880818923,8082.10474168059,8030.51306349168,7535.74604153686,5535.54458682713,8025.62586604482,1e+08,7920.90263096614,5717.41542693476,8312.74309998886,7356.63736783892,600.806787781738,648.974922596206,5608.04078728339,5572.73432665993,7945.19770791157,5665.54248049843,8138.34486527209,1224.12578461047,8083.61790313469,8173.16252147808,5563.01474014324,986.52068032422,7882.75254617133,560.319921462716,5536.57019212347,7916.87612531798,462.991530643158,597.306350865465,1432.18800843948,8068.40307370852,8395.33651577339,385.192307624161,7653.54585013238,490.290817603834,1031.39880800214,932.140947309298,5486.2149635531,407.082841486772,7946.05114370674,6311.4856143293,8802.41231904002,7808.64648218503,5580.05761506971,916.378036678464,230.372289965839,961.832886343359,8035.68378329864,373.99505580399,548.173588427384,5630.76149460369,7919.66234680967,8221.16416249851,8091.03478237708,432.316059870075,8026.27601065653,8118.38097733454,8249.41287328072,8387.3061981448,8090.87774320492,8384.65280157912,8385.05146640874,5733.63787927798,6052.68991417567,5693.97398996374,7666.78237809893,7972.47489364556,7823.23637206781,7949.22435574717,8215.48214428255,5601.02148023661,8282.68914326117,5639.04375675006,5795.04032179402,7837.20390469408,5742.39859142126,501.476744933799,5528.78812595022,7995.75176762655,8351.57877219174,695.17201732399,776.664053806241,5915.28799276128,8333.12866649085,380.391098954088,6019.28518835561,1002.3816548021,406.091772832922,8018.12179675083,8023.60384087923,8076.01249870303,8192.80255461234,8212.965045332,5407.64698874947,5658.86038694624,2545.54264696189,7806.16366111457,7904.48062758964,8013.49070245417,7970.56978608098,7959.04117957757,7790.5727146614,5409.34983090618,7948.00897841552,8111.20510562956,4574.60004371019,3209.9029595528,2993.31082717492,4776.1839902894,2705.51487981962,8183.16175964492,8093.22978874458,2781.51800882947,7661.41934127867,7648.4280032602,3028.34240698924,4859.09008830578,2674.32077012148,8064.75212792368,8043.7443582434,7312.28011784367,7635.86893390644,4337.74989033021,7539.3506079497,7005.78172088452,4454.52372940574,3209.84456833695,7518.58985799027,5162.75855991803,4355.67047777903,8067.89127793584,2870.89625388854,7474.7711899273,4784.82409450696,3039.96976256764,4790.12062232963,4615.77109213252,4993.02661101777,7438.71729805306,2468.77203560823,7846.22807477598,2986.62327663677,2622.60411579409,7329.54270565118,2893.008811067,2399.95987041347,2691.79361162294,2988.55611366522,7940.29162121802,4631.78095638071,5000.03450326434,7349.56974024966,4743.61703072566,2606.7098938255,2587.98218180075,2571.2831503823,2489.87141242391,4753.59391092423,7700.57405564544,4976.79024812274,7736.31853990194,7496.44668305953,2618.1134369844,4359.26933829581,7501.10423683961,7370.86583545936,5120.68738960252,7107.18993150319,8041.96201970449,8050.57401666577,8117.43404450255,7455.10352092197,8073.73369002992,3063.20018687552,4686.81659366494,7351.36822727583,4878.00216160809,2692.93537932809,7977.87931283098,4833.98553168004,2676.06503130334,5109.85734118272,4692.86060659894,2881.31280368174,4809.29164621203,7442.96118953404,4176.5855115585,7536.6141971975,2590.16628651434,7428.41395484357,5153.69981120641,8273.93375887356,7486.99664012998,7534.38255726982,3067.20823520517,2473.01342481202,7962.91351256315,4785.65037075626,7548.64237805397,2478.8569612462,2234.33705645088,7189.08139615493,4579.24098398549,8301.0402780352,2325.65123710451,4539.37699780105,7359.70076339582,4590.28154475238,7106.12510384785,4347.91327093278,7730.81320087602,2654.85320280135,7449.32008215059,7579.30296530263,5057.64457193604,7639.23143319433,2398.7626659034,2821.77222984697,7661.46718605763,4947.14097792365,8016.33311304466,4713.04317723817,4336.39285209027,4695.46342294384,7172.28481253329,2491.36406390636,2650.08992346463,4920.85277889731,4603.8474389771,4727.96761042619,7545.94362277264,4640.45414847686,3209.96984451112,8180.45010558999,4944.04579602221,8105.41258818298,2596.23962818003,7494.38876609787,7681.80771711895,7935.84723472363,2373.94814385236,7972.12989603964,7508.32792094265,7958.02361592245,7909.58152148505,2770.02458011699,7952.83572944987,7450.31550563186,8380.99164297835,2618.3937905382,7761.54444935505,7591.8710993894,4577.77669030467,5064.77091825858,8272.81431921455,3115.73752294509,7156.39535595324,7793.70307914919,4204.45362941991,7419.46099380999,8046.50825122306
1238.17963831564,1255.65748624989,2076.49811531032,2059.68325726891,7518.51057754288,7679.64627958152,2356.43868138814,2332.95516791156,7568.97734766049,1345.06919525521,2161.35085247747,2449.7418607431,2582.73061326451,1260.79884471992,1340.05669937184,1610.11389034588,2836.33258966693,2372.20122536829,7791.51047034382,2335.05339639321,2127.43901659756,1266.74573893524,2396.73003340134,1331.3020551796,1253.34673355138,7433.02392197182,1257.70077697438,2146.83184344338,7543.80519213863,1270.29399010423,1241.34503836601,7685.55203770951,1356.48247722794,1299.75997426898,2549.19754697163,2248.51291127294,7455.05880059566,2508.04939483133,1308.21947464114,1301.55056852479,1241.81213283403,7775.89342764476,1308.13896578196,1322.13445484411,2489.58680043633,1277.97366611004,1336.14420866125,2066.14440861196,1343.86012193311,7499.431147893,2525.10731272466,7456.62119180254,7534.56116887098,1237.47907299079,7629.35392886698,1300.87824253961,1300.88962251093,1241.70364702482,1283.19230386174,7670.95685322795,7555.90159954828,7241.15486938784,7593.92254427518,2811.68443288356,7697.97624286149,7774.42417621552,7652.01124583206,2056.48634667198,1268.5095786213,1251.85035733767,1256.06858057318,1416.880603498,1237.93392624503,3582.98570186479,1238.7513418247,1295.72148760074,3900.5653875595,3012.99303502979,1241.17915651495,3629.16472223529,3362.12038098803,3427.61971726759,1313.34210625003,1505.5537899822,8134.10726783396,3299.00806146539,1473.03958943203,1248.65392687691,8537.90184411769,7934.84848818461,4013.14968896678,1287.20977051634,1534.75676820218,1269.53365918145,3529.05289051174,3396.05893959972,1239.25242258702,8235.81026791693,8105.48118461162,8005.1656049817,1490.90571229767,8086.86710449633,1359.5700026989,8242.38219728793,3497.97733674246,1243.8378256258,8258.72106559386,1317.73068131273,1257.62076470495,1262.30937809491,1277.36198354806,1497.72246324618,7983.7185952781,1296.84974885781,8058.11396449617,1329.69133410329,3555.16348028926,8450.92213846129,1439.88845291172,8365.80831523787,8031.96380893506,1357.74934756799,1285.55055589972,8124.57953704054,7894.10571921489,1281.5318110991,8495.0829796119,1560.52217565813,1316.77955652932,8311.1351443368,1257.30186913682,3333.40037058626,3329.10866204197,3153.25340776629,1260.58636308246,7786.82090133791,1301.72931780053,7674.07486735517,1074.14304010418,1456.95298778959,1202.13193053,7870.1293577552,3329.89268418344,1394.85930184129,7772.67884581347,1285.03940915976,3012.67284296887,7751.79352960256,1150.35891840504,8071.42645246218,3265.16647216,7684.18289843159,7899.15717984516,1095.70538637487,1573.89542292359,1044.07720434482,520.781105049616,7721.34053745033,1129.30245875352,7805.00212695178,1482.98418350235,1132.79547464092,2995.18863611146,1083.06840784206,1941.63807772395,1463.53273921759,1332.67806900097,1205.62932298879,3095.09438102257,1740.03081859402,540.368427918882,3089.04086566535,1036.6509885866,1325.2372214401,841.090567337467,1653.02546846049,1163.99947193644,8009.35726431545,2924.62911167417,7734.17454421643,3117.50312811589,1382.09294159929,8168.62083017404,919.288705083207,2882.62111625026,7842.15395245882,1144.60218289975,1097.36673563107,2795.97800976988,1287.98100432797,3229.34601389584,1495.38618061227,1080.00757801045,617.757448166772,3257.68804806528,589.149107137406,7920.90263096614,1e+08,2895.5271806016,1768.72119254683,1344.00199784888,7839.73265915424,7798.02186943983,3087.3959478232,3250.56463053051,929.000669812446,3055.59172736486,1283.05255749388,7880.05464999044,1395.14679194654,1245.28070064307,3168.00663658895,7933.85417999587,1159.15454112523,7733.18415304616,3203.20897699181,1296.68733548468,8063.05379070519,7745.32312776632,7773.86276543403,1377.65902055285,1567.09358623928,7809.48461455065,765.354805074947,7782.890245818,8020.41845902651,7386.17110261718,3191.59469381114,8048.06646141375,1712.88693572123,2670.09616318573,1731.83532477897,1643.58187759619,3142.23390031113,7988.47631946825,7850.01832654398,7772.63291049854,1194.40245469691,7923.67563513603,8071.15317833866,3270.04643444465,588.306899744047,1113.46641478532,1405.29512521286,8010.57593607454,1061.72210232352,1042.39268183709,1262.65802651481,1115.7632144061,1262.09859940308,1502.80073654205,1356.79246490259,3030.30583766929,2741.86942317879,2954.52605981537,1057.86957017222,1220.9963996839,1071.63297204556,1306.3811236297,1242.57508674779,3155.74621107293,1143.28206977013,3083.6141377736,2954.82356340045,893.303529267896,2966.88488222352,7972.96446345159,3219.47400090273,568.353105695274,1374.33339571324,7481.14734226444,7639.58864030659,3041.47052049871,1449.6867412356,8113.14369408091,2905.04911562262,7938.78039180979,7688.15812664766,1351.10957153799,1258.03675949612,1368.58537981113,1810.14120871299,1289.97688061819,3183.73623032498,2994.22288088192,7498.33312630301,1232.25265682303,1311.41694401774,1429.61739884491,1365.26383672273,1233.66336323198,1214.50961672785,3446.5097611725,1255.22775256295,973.946607664863,4390.10887225072,8637.96407614364,8506.85991287924,4301.40524608622,8375.87406473794,1060.87448338483,1635.3398301347,8683.25643627158,1119.3626094056,1005.0250026544,8658.23525225982,4363.53261158363,8623.95815873303,1467.85244005333,1565.52653362794,1518.61836410151,1363.43620039831,4576.7559074463,1322.79530686685,1305.18996451106,4540.3054839481,8695.96857584945,1211.29292716058,4329.12743748074,4537.10764915506,1419.3898490443,8527.01771232072,1165.88054210661,4351.46239104069,8604.10667908941,4306.63831487952,4347.94828477775,4281.40601679708,1524.765617892,8446.24292612927,1470.84271867087,8467.04225792808,8555.08065853255,1244.83571981753,8580.8203226582,8680.90775698159,8624.37191457733,8673.81641854018,1487.51099709496,4321.50991160852,4302.96087087132,1253.06569867859,4333.74581458617,8599.3462519152,8445.1244322448,8506.20030101174,8569.46284811457,4371.54607466982,923.459210661972,4250.12843074439,1316.43650055156,1108.33039830492,8403.06210453433,4649.06033180094,1144.60382555406,1264.40002479027,4192.97221272524,1170.93915731015,1438.36880791547,1037.00817849217,953.512186062798,1724.63756890764,1531.2012017963,8372.82455207505,4457.64686005491,1099.50705858131,3770.55020252502,8499.88921630528,955.020766648059,4387.86080338866,8530.74891840329,4023.09304826069,4402.59849735506,8582.80472793662,4366.13821580021,1346.3206215273,4663.73842509496,1144.42360058635,8919.86567670326,1193.55939183759,4224.59254078859,1048.16044560252,1125.09272197174,1285.3313250253,8591.22103755649,8579.58681818796,1544.98136380257,4359.17774693919,1281.42514581732,8844.53841895984,9023.00322664738,1462.13944898489,4478.88298434607,1019.68942465063,8393.41651524103,4476.8309945302,1465.51039742132,4474.2602126866,1052.05948529698,4378.69745418299,1221.68826948447,8544.6313553343,1296.17079909203,1021.96761841906,4334.61742937715,984.260467464028,8561.18067882897,8469.48633036306,1434.30594035932,4310.40640529524,1573.72013542717,4392.08968519195,4557.67734733079,4465.60008466984,1292.17841588795,8524.98066236405,8391.08415237221,4286.64152370514,4373.22033149237,4436.94494477408,1271.25031152367,4515.76878007978,8630.82785481423,979.840992961209,4293.02482431976,1676.22178313334,8728.29104211136,1301.80070265857,938.679694840645,1436.85224094503,8577.37214004463,1458.36510749125,1075.33749726126,993.060528171951,1523.95939323183,8353.08021461933,1495.2218634865,1249.68104556916,1062.42178046345,8619.66941480448,994.464548040729,1260.99408364695,4419.6494063875,4254.45571421242,1011.5570081156,8534.77576704112,1054.27493016104,888.140431839494,4654.62050232771,1501.78076877877,1453.85235359465
3275.73020016769,3455.72266317663,2546.68850586089,2550.9491822009,5805.03181209836,5952.89709514218,2501.42951571319,2503.45186128161,5851.26320749121,3678.9724846491,2527.95222555564,2496.4282413489,2497.40476101143,3475.27794243521,3669.50548295114,4062.48130239931,2524.08343830696,2500.24615520815,6055.96627033055,2503.2584740966,2534.89459874174,3495.59939534233,2498.68031616291,3652.51867096191,3446.11909310326,5726.8910334876,3463.76123844775,2530.83684333096,5828.19437574029,3506.84422733296,3379.13156824967,5958.33020147336,3699.90738887876,3063.11077710137,2496.28270596983,2513.3346257911,5747.01143252767,2495.70676748349,3047.67473301374,3589.23307975273,3239.95844275217,6041.55735822535,3604.14846509651,3634.03322432508,2495.73865670612,3529.4707283672,3661.98837199532,2549.29012141536,2991.71822644095,5787.57297017603,2495.83762449321,5748.43863682052,5819.72735767892,3332.11449416207,5906.66836303182,3587.67554723843,3587.70196823719,3381.98079991297,3543.77817921648,5944.90482472721,5839.27775932045,5552.33870125273,5874.14193562664,2520.12873010186,5969.7631443272,6040.20209206798,5927.48637205392,2551.78021643084,3501.26088960645,3439.55675641356,3171.53212275918,2903.58605221699,3279.66908618608,2763.93835369644,3353.49361618528,3070.87783065868,2924.39781451909,2560.51154781671,3377.77471279444,2785.41944564165,2670.89260064119,2696.74783972112,3038.8086619915,2821.74795790745,6373.55947322189,2647.44105833119,2849.4751006381,3201.31225684896,6751.16629595233,6188.50273701364,2987.89234742518,3088.25091249576,2798.64834040599,3130.28028253701,2739.70921070919,2684.10007909952,3359.46273881451,6468.35426890362,6346.91826156668,6253.70355249962,2833.95792917057,6329.60458997922,2970.39207275643,6474.48735275845,2726.17971223347,3226.54321221009,6489.73908114192,3031.46792392654,3166.12183523184,3150.96871739519,3110.45985119273,2828.22083005662,6233.8046750216,3578.19261013807,6302.87546310718,3649.32548764435,2751.32207628374,6669.55621380523,2880.32884098342,6589.83614081683,6278.58237314548,2972.78187956312,3091.81776967588,6364.69036934949,6150.77854092319,3539.30698537982,6710.97317272061,2779.50538758759,3033.0399893528,6538.70280943418,3167.21544999006,2660.03979670041,2658.44383972018,2599.03805997024,3156.3502810224,5634.66665394703,3004.59584512481,5517.9622404643,3001.67889564616,3396.43431953086,2889.88296301212,5686.57084690894,1932.90827935244,3298.12145013768,5564.68955787484,2953.23167718944,506.122539302965,5594.73868701793,2745.20337716119,5788.49757684707,1394.28056643903,5465.1175529617,5634.49535861617,2612.3851629528,2615.75442252218,2732.43954651164,2825.76111613759,5440.40882630356,2739.1025590071,5589.27326814107,3235.34134795537,3057.61478097928,680.946823189697,2896.83771398987,4014.50716357215,3284.00522323407,3068.14490705394,2945.14217093144,1598.23442558864,3397.01357028433,2792.79763423836,1343.90983252066,2754.48997742613,3005.13809886872,2918.94376557365,3784.69703074073,3118.82585609998,5753.73369516215,965.708007004838,5531.14317961733,835.784039890696,3100.52888955473,5924.18028310312,2717.23580361572,2159.73220944776,5655.17155974331,2754.91217713116,2714.3227590743,1001.07882140732,3160.70020411068,1165.04565903886,3266.90524220414,2871.52631194189,2625.47974345524,1505.26322261985,2924.33759924784,5717.41542693476,2895.5271806016,1e+08,3601.36382398322,2438.31363026067,5688.83359650442,5628.19159544579,897.563961253555,1349.41094226374,2813.12836691061,1704.8437229072,3096.28148674151,5595.30047671284,3208.48549039762,3113.44076326791,1192.93362297525,5670.96400690563,2799.09616710404,5562.29549998766,850.078554978069,2819.677376687,5818.64044393645,5561.60955573448,5544.5223189296,3127.45639305666,3458.09306215901,5602.98477406613,2649.06600237855,5565.63647517447,5741.17190560332,5229.065370074,911.514274697559,5842.17593769795,3165.38590783846,1605.54426155637,3693.28236232135,2993.43914147964,1526.34733746563,5704.84202857079,5640.61591241658,5650.92006193028,2935.75266186274,5724.97395189308,5842.15598895925,1528.68495386916,2773.49186742951,3043.52548363346,3208.40260261359,5765.55615441243,2887.72121395966,2851.3763391443,3048.64878977785,3123.13310692878,3017.11850471612,3393.76336679844,3283.62134624396,1433.7761633587,603.584710937888,864.750843677807,2612.22775816685,2848.69010066637,2707.32219073067,2879.9461387509,3052.60454920439,1040.71891143857,3001.04464882363,1411.91426620222,1713.71887036856,2693.6351722261,1586.67762571292,5759.04765202256,1535.36994648272,2845.89455408019,3249.47839000045,5369.27659700389,5530.9607969927,1638.21525129357,3280.48155604482,5872.33646072129,2018.4445769507,5665.94047492349,5483.20012320243,3025.43038337956,3003.01873417704,3183.45222840427,3523.39406434487,3089.55400125956,974.480502511929,1621.17715412706,5350.96604370042,2732.79928505127,2797.66463683736,3076.76937410643,3048.79602514085,2837.45131220663,2681.72550408588,1280.08684809438,2854.40703463552,2893.92552334057,2413.33804565054,6992.43584060064,6821.75724475618,2668.87187638059,6651.71926193339,3156.90425064463,3366.81948452225,6932.6686772965,2512.56842212622,2521.8666555821,6968.51480936778,3024.81159329343,6853.0292285145,3201.21197340412,3313.34068473797,2477.34554589132,2678.74091639809,2449.74924503208,2595.55790265442,2422.93030417384,2492.04057681517,7040.41409110491,2576.1030012992,3355.68553572144,2496.18338171277,3253.73118227633,6816.11977680406,2541.44665412152,2833.5256692518,6917.23446659328,2840.33050054967,2443.18390677237,3060.18466459462,2616.52007459136,6660.13095027894,2976.40576876288,6783.97775364095,6784.93887516655,2534.86926190657,6865.16220950762,6856.16503896004,6876.16482858737,6964.57450961568,3148.19861265068,2513.87709203311,3157.60559196685,2566.48943882959,2700.73827800388,6818.54546296453,6683.28176067165,6734.56698417466,6770.19391224868,2865.0012162223,2545.13458269352,2993.34021569661,2761.79791242111,2472.33395670582,6657.16569576476,2647.21432644822,2492.3917694478,2518.27619660136,3137.47431889442,2465.86403165646,3150.761653463,2901.28179009375,3137.90132486714,2787.47425155457,3277.29878876089,6719.90156949943,2849.17777313007,2495.16003669312,1725.17208605415,6757.84890999841,2888.42882459217,3075.1430201139,6778.21397141493,2804.86039279901,2716.38312277277,6865.9459881206,2993.79464719639,2563.05593172974,2450.12393060752,2441.29619684018,7077.56082200904,2444.34051829117,3144.44096594269,3321.70656310036,2472.63575410782,2583.22313661546,6913.21192842985,6775.35150373252,3153.0075477888,2781.30325021126,2688.27750918153,7007.92188755313,7100.85139886063,2488.78765012996,2745.40105080516,3296.78793452258,6589.77129535976,2824.96885574718,2537.52638486391,2635.57119183776,2483.94587912274,2365.74131266358,2696.75388452176,6791.42385316384,2558.42488523283,2421.28715983471,3266.75668275993,2554.7492407233,6743.57868302457,6753.87332860669,2743.78221166186,3072.10447934755,3308.14291950145,2658.02326030196,2502.72754158814,2898.98954435912,2469.9961353073,6729.88550768596,6651.9425916604,2980.278101901,2349.98772615913,2744.89515792093,2591.52499892284,2909.44858202505,6969.88901808523,3285.06358942054,2967.79394019548,3412.87527101239,6938.06768181083,2633.15307286702,2527.97297623087,3108.6675399565,6753.23770038713,3147.30232489401,2598.19052735964,2806.81140472037,3061.62070157056,6640.49152774134,3034.03758798439,2536.14002070154,3377.68725472058,6844.39488016866,2635.22557824483,2592.81526499035,2716.26398112515,3139.44054543728,3342.69257666948,6862.07961252532,2520.83869276549,2664.38187120169,2520.75539190306,2570.61976251735,3140.33810940726
1315.24386418094,1204.25971643991,2540.10909118608,2521.37845449952,8098.59052410591,8260.3091466954,2846.0023672292,2820.69711302522,8149.24309726344,1142.96255650975,2633.9253869845,2946.04256237334,3087.43837337813,1195.51414993601,1143.86646596957,1218.52781944311,3354.06884907514,2862.95789252801,8372.56091131115,2822.96032471315,2596.56508012252,1187.11634379798,2889.29738547924,1145.85759166971,1208.793155247,8012.78213757803,1200.58581901255,2617.95064400573,8123.97864231093,1182.7718479539,1244.77792702808,8266.23570795069,1141.48280578531,1517.34932001748,3051.90381856723,2729.22880221048,8034.90080160541,3008.19420368298,1535.12795387762,1157.49802446578,1343.82450559028,8356.8905698077,1154.15060030609,1148.56653218059,2988.54254020979,1174.68256070672,1144.68895700269,2528.58161477377,1603.37458437234,8079.44005950526,3026.32852925153,8036.4691108386,8114.70053599729,1274.57967572457,8209.83805931154,1157.86918307528,1157.862852867,1243.09221888802,1170.01695252085,8251.58904120311,8136.11949697373,7820.15724261448,8174.2790301372,3328.29717000229,8278.70355149547,8355.41629070297,8232.57625138318,2517.81165518975,1184.90207152052,1211.98127148745,1404.53874528814,1723.93643835241,1312.22885069225,4125.30128370952,1260.56485292393,1508.56985967334,4449.69816214781,3538.0520099047,1245.58552833506,4172.56933969376,3898.67219206635,3965.98381086601,1545.54060597011,1852.69075543096,8716.26515471372,3833.72234655752,1807.01536639539,1377.13538831984,9121.22889565779,8516.37631426286,4564.36616570621,1489.33026153213,1892.54950882563,1445.01994160981,4070.04881691469,3933.5613927133,1256.78989955636,8818.27563387479,8687.55084872855,8586.92009501023,1832.29799613023,8668.87899800517,1631.01722184075,8824.86711843515,4038.18840473349,1355.10068136339,8841.25444191545,1554.27416121523,1409.6803458799,1424.3494638122,1465.52583481938,1841.8238681955,8565.40446219335,1160.21729110123,8640.03598745257,1146.28505440935,4096.80489000926,9034.00866373455,1758.72008873104,8948.6536514394,8613.80342344409,1627.87304647236,1485.44769085467,8706.70814351303,8475.49998050968,1171.43761565278,9078.29236188712,1926.94361966094,1552.39520541728,8893.82241728304,1408.63698265482,3869.1275067241,3864.71093263215,3683.34267864674,1419.09437950596,8164.48646369056,917.174965155159,8197.81900630005,1301.90654137351,1053.54590416428,1161.55666065506,8276.4327681058,3210.11337193627,796.954308970319,8158.92100128586,1037.41241376344,3636.03581226392,8141.74049092369,1087.99174433961,8517.13718809869,3428.45686206303,8062.61588955634,8429.69319603245,1251.79956121651,1281.86281311352,1170.51794646365,1624.7555675654,8281.7405593302,1119.946198125,8276.40125586306,654.798465222269,1566.72467976104,3888.06776756994,1420.04930575047,952.698222343452,638.03628694387,842.694406060376,1075.38802057035,3144.29057441098,384.823466104915,1590.06074522134,3257.47981250454,1153.62762305843,954.627642387171,1520.54879793194,1420.84477532347,1503.75951216763,8417.47177064163,3295.88102153486,8161.93184751459,3564.17878783801,785.327040407988,8591.62084611671,1272.80027639136,2530.74716502044,8171.27847071043,1077.61530287057,1145.22852980218,3146.39124470317,1059.58589706838,3486.41091268055,601.645476449986,1094.648139523,1546.89260444265,3339.50493366512,1455.77049156058,8312.74309998886,1768.72119254683,3601.36382398322,1e+08,1465.30267640063,8206.42560751275,8189.19557661376,3514.01901395807,3421.33413042652,1210.45274121586,3044.24958775484,954.11482032497,8422.01769395615,714.037176758947,981.750251928977,3432.5381108462,8444.30683935419,1031.21945302311,8116.75140930598,4102.96606841794,993.880942886172,8488.48323443213,8110.40569628698,8378.90735371879,838.908742451964,805.77959629377,8180.95678398892,1413.92314317612,8201.57621549046,8531.6587663643,7887.34315633587,3608.61339610799,8409.22636762996,805.049936336138,3880.19835895933,1114.55410828197,921.426400272372,3214.85155698007,8476.89263967824,8226.69697472668,8055.89000887462,1073.24092392696,8305.08993879757,8431.41299260024,3340.22481607755,1578.76578244484,1262.96449172391,717.484945666164,8430.49285721139,1104.25725031835,1387.20676463842,1196.86998720968,1416.15015869714,1011.13663245212,867.849504026862,1062.67059335402,3132.32138524237,3653.94651033565,3403.01841489506,1284.89627005605,1014.54412999864,1169.39254433388,937.603661979172,1198.94000360509,3483.05622359326,1398.71793587437,3203.26843515314,2928.06443298884,1332.06703313547,2982.45696770582,8325.91044531331,3298.64819257123,1538.43149642258,1075.2358869217,7860.76603146192,7966.2588135826,4225.18847231989,981.942619903696,8529.36360855157,2662.53799163463,8454.2387336138,8103.19364542026,896.8927710419,1049.81244593288,756.055589641368,176.680335535298,1076.67742181058,3549.40338618957,3066.69643591756,8274.82304605493,1064.71809432542,1014.07337380535,831.560324694023,811.714376516862,1013.75960980891,1146.64408830227,3664.44484229997,973.071992693621,1335.10271640091,4439.8396427992,8981.41143991669,8785.09388879868,4195.01073084114,8611.87533257536,1755.60723081316,465.203624561448,8924.15841355624,1437.63885130061,1442.00036453404,8894.06232149984,4137.2272928963,8848.58836522832,751.639193399665,442.635642915071,1462.58556556875,1127.60946075743,4702.9096946414,1279.46348376565,1862.47217959109,4614.18846742272,8976.68891778401,1286.61227847975,3947.41699498029,4636.73309074439,624.848464824706,8806.21988560857,1352.79966547974,4197.23708555054,8894.93481907009,4148.31120427575,4367.68590588748,4015.71864428936,1340.74751160877,8688.83352883382,881.35661909551,8759.85427777183,8766.51793168718,1502.02888981048,8831.31423934104,8961.69183651084,8892.61736225474,8977.89817399961,667.569241833602,4296.58100754035,4011.77348665524,1478.32314886015,4224.50956664223,8808.2061694771,8701.86727353168,8757.15896947215,8813.30709694459,4218.12305038379,1687.24592619305,3977.55124172614,1034.50507659509,1396.26820832784,8683.07164640319,4710.46444923418,1435.48244388551,1468.62311985241,3875.95539143228,1779.84819911705,818.943926595778,1697.51977851945,1890.37014156557,1312.64916988232,549.851280939173,8648.44989716999,4319.86897970964,1470.15439019502,3905.93990695803,8746.59797430432,1856.57503769445,4162.79713212331,8789.48279802114,3768.06828538756,4309.639370603,8831.23545396116,4157.90962989685,1365.37827506565,4959.14736465647,1392.29717978714,9091.31698059539,1405.56320040377,3889.30843263709,1808.15834848042,1447.56128515347,1247.12720020803,8868.59835851861,8820.45625765809,676.168156197443,4215.42845525489,1130.58468267113,9085.99985816491,9277.53538580767,1635.54446523197,4420.1755148444,1850.2844617992,8645.27179298461,4394.35750028231,1460.33527439007,4428.98700048302,1835.35772078968,4524.35282651477,1098.71933048007,8804.63668743623,1365.49243859376,1546.10686471921,4009.05487025394,1665.96162276658,8785.38174546126,8716.18395446489,1104.32149461015,4046.97793653823,473.732216152216,4315.80065479946,4682.5854464928,4324.49830622291,1674.68114273364,8751.37651836015,8630.19351064899,4048.30735897394,4414.22475970467,4331.41874896439,1247.80022560398,4389.39774874272,8968.08309019635,1886.13139929991,4056.98214855867,313.618188646611,8988.51438805543,1179.13664496594,1647.51460366161,735.590705718274,8831.33814169816,781.357912173519,1355.27179760882,1728.1727388962,765.534858339483,8598.49727861942,872.475847975278,1344.32568123327,1856.28221554486,8859.13491554913,1591.14381639401,1217.69937558408,4354.18576725375,3947.58478773257,1908.45153563887,8839.6679103873,1781.13187939967,1731.62350767658,4859.30540131922,1360.42013923338,830.224406432612
1268.78261950978,1370.49072787051,1742.55821816899,1727.57905049353,7102.07215230965,7263.03274698168,1998.64888744884,1976.77047581183,7152.48263574044,1540.33748845918,1818.9491813395,2086.11909303569,2212.07110943045,1383.75709254432,1532.44224888561,1891.20127048353,2455.35703717751,2013.36659970089,7374.78293951245,1978.72286845944,1788.26714151965,1397.92379013387,2036.31925839943,1518.40420426945,1364.11276956883,7016.6839954998,1375.89946187486,1805.78955418265,7127.33838624667,1405.9224804789,1322.351287578,7268.93233664779,1557.97136293998,1215.13873436675,2180.18770959806,1898.62318007391,7038.69309729056,2141.17441671512,1214.99759307151,1467.67675240893,1253.88016649297,7359.18145757061,1479.39615001153,1503.32271039712,2123.71169324564,1422.34614375986,1526.20938330262,1733.32812984151,1219.62697582465,7083.01435769415,2157.33200526652,7040.25367113792,7118.10469515674,1296.19887059709,7212.79362483632,1466.46184184311,1466.48243661422,1324.02429677293,1432.94897526772,7254.3524277007,7139.42134181354,6825.05143620277,7177.40050494739,2431.56818891339,7281.34362052025,7357.7136759067,7235.42680580486,1724.73761078837,1401.93703516699,1359.80810715971,1231.46947758403,1245.09255215783,1270.5466032353,3184.85097758747,1307.74250389751,1215.42978251181,3498.29934763416,2626.56738099008,1321.55798084628,3230.34984668123,2967.70675363904,3032.01451078632,1215.18523721062,1292.0192853811,7717.06494230195,2905.82222062272,1273.33463757993,1240.18330532523,8120.54533481255,7517.98325157858,3609.68294495747,1216.59979098952,1309.96786085833,1222.26613651225,3131.7522902889,3001.01784259462,1311.07086364533,7818.68347696533,7688.46333261836,7588.23604539163,1283.41903194615,7669.86533572903,1223.64545571016,7825.25007837578,3101.1779269209,1248.83215527248,7841.57576742927,1215.49209674119,1230.06789700392,1226.45035028014,1219.10736418707,1287.38570396435,7566.80843705999,1459.10200495843,7641.13730541262,1515.78424176281,3157.45353362648,8033.62870301715,1255.96001752026,7948.57894668083,7615.01027055909,1223.13016709658,1216.9270624625,7707.545322332,7477.27870670158,1429.61789351121,8077.75722463849,1326.59661946871,1215.41472102059,7893.9482034269,1230.34659509169,2939.53535162342,2935.32705322913,2763.24258635578,1227.68256238133,7216.47348504872,1054.86888478681,7200.19607788749,1273.88431753478,1601.40563078295,1163.42450849419,7315.67371613012,2478.85967522231,1382.77229397325,7205.9562698306,1194.78433707941,2552.48323327865,7194.83037797207,712.714581415793,7517.77812484488,2576.99647104038,7105.53844593003,7405.10344960441,536.680646081787,566.270372533813,775.432330912828,1128.11152347804,7238.09476409508,712.153120587687,7283.69470875633,1277.3574680578,1531.95941387509,2663.07929648865,1246.34511611728,2044.20160497851,1320.36233388397,1187.71783426621,1169.64185262892,2384.42745783535,1384.3652952501,1077.28272047015,2424.53821055289,762.955075548582,1198.50255908964,1149.10081565184,1957.96878515066,1420.824526539,7443.50217417259,2374.99887549048,7186.37297050924,2585.44877608883,1185.29676002712,7607.74956610433,783.41980400259,2023.57771457669,7241.73703784743,792.001623643592,655.387634959169,2242.76592627376,1371.67201488905,2543.92107238596,1294.28916381043,937.80542531518,946.740220021138,2494.36321041795,1059.64368642017,7356.63736783892,1344.00199784888,2438.31363026067,1465.30267640063,1e+08,7263.14297312534,7240.21471568673,2558.42009854908,2539.92539450263,849.863608868034,2333.70038443774,1254.2181428814,7384.36827407142,1268.85269985153,1267.07525710819,2538.39017839299,7422.01445481638,757.448935124164,7173.66346775572,2854.6839164256,850.374011248682,7509.39677845747,7158.19670585149,7330.20099430215,1242.30793571151,1578.59305572627,7226.52068400079,780.299576913967,7231.17865582572,7509.35580805525,6904.4576444172,2632.51085734363,7465.65693072804,1055.81153215065,2542.57861114951,1854.46245852233,915.52826229944,2397.91948423149,7460.36169964966,7277.51311281501,7143.73341259793,1168.92455346321,7353.88469172545,7473.70323066879,2538.80655610087,1044.03063985613,1301.90429463279,1270.65007978451,7447.34921107188,1015.35139519769,1201.98617670627,1341.90869516775,1439.2823183813,1196.02572650727,1529.27765001251,1470.76846999536,2326.52435920623,2436.82936691635,2441.82481843042,531.905833403951,902.525769897887,694.730419641946,887.840946283929,1323.91922523002,2559.80033201322,1338.71755663409,2354.58798025215,2207.71131003458,794.016743170061,2203.98067184893,7372.93169930847,2497.34372091564,1095.94319003207,1459.21567330851,6920.40452236113,7038.58433856769,2879.08362785819,1474.26133314906,7553.08383280235,2100.53609220902,7431.28241593709,7133.56851718057,1178.26220514684,1242.27176025639,1266.40413226633,1418.2421307932,1320.92131376977,2583.27590662102,2327.61669444984,7115.38516247303,667.190090186833,855.99017019954,1246.67062835115,1151.14359899155,911.684940652883,620.29569198674,2741.17060281495,881.973528685882,1166.48349312611,3444.32742398657,8021.00766440723,7846.73545179466,3349.18116925333,7693.2862593153,1261.03576149966,1378.62623221573,8006.00113168911,993.246994405381,978.838400765451,7980.553488174,3411.976055662,7938.57816065882,1345.8046732932,1318.25706749333,444.847996107157,639.154716947551,3650.08032749001,311.497254290787,852.285897593953,3603.08108010719,8042.65888175448,311.477848839831,3367.71322469245,3613.72256728294,1320.79970698289,7867.01471299303,319.936991592726,3401.34920371793,7953.09552250151,3353.2963062951,3401.75088245745,3323.69658868411,577.113916090441,7774.94078696414,916.052615062935,7812.93651697521,7863.32206099919,368.383542746621,7906.73834789803,8035.51391817229,7969.25967617252,8030.97352264697,1241.52696871101,3374.33571116453,3353.57616653866,335.065484380115,3383.8828171332,7909.15246676225,7776.93511872769,7836.22008591329,7897.1003142457,3423.01573580226,1020.04157426532,3285.27258859818,696.17174952605,916.227067384681,7746.70790339322,3721.49971745665,985.556779798157,227.883099332011,3225.96105929508,814.258465718513,1333.19368291504,1178.26461697457,1320.63113112478,914.031973245149,1336.91058395385,7708.70566923755,3501.77483912913,433.024652931392,2879.08939119747,7825.68316336185,1167.71502354553,3443.88052737007,7862.15251932521,3043.00653597013,3453.44676792784,7908.2189597605,3415.38180439829,251.265875351651,3779.67732455929,931.688678389513,8213.89171113887,942.706058766358,3249.16460595091,1396.81441905765,1003.11181968491,384.654675116502,7932.00879456198,7906.13167638934,1263.18408872072,3400.32779330618,953.678514964329,8177.00668708032,8372.10583709336,518.438544657691,3542.29591170151,1416.5076736265,7734.63287191455,3553.45666970459,400.228399998352,3524.05867662467,1071.59832843751,3465.87552884931,651.33564430234,7880.15721716004,212.210765103811,999.998402707288,3379.68408607916,967.78784179875,7883.94476332007,7791.91300404322,695.112887874009,3349.630778154,1302.38988407198,3439.09224498403,3629.96952853919,3521.18405397156,579.906845243522,7844.94084444412,7712.26373437863,3327.17866387226,3426.76905115457,3473.65068187723,387.5172396509,3567.71506602368,8012.17851541716,1418.20676786334,3332.44926033158,1369.53097704487,8067.91624563772,950.048886800613,953.596036254678,1225.11250986711,7914.98692212999,1298.43376990879,450.561934589481,1117.23979827604,1225.26977857263,7671.12971947616,1284.11888723685,260.614394860387,1469.96855245301,7945.88961084792,1031.02360271405,499.532040183945,3477.44486590585,3287.46407848986,1478.90780605146,7889.38654887819,960.699506565351,1058.41225226488,3742.03894642036,509.615222612917,1321.22068978613
7790.10858849486,8046.59854587828,6269.07932969598,6288.54508795521,2344.78267526478,2345.85890236688,5957.09726506288,5982.5216375535,2343.89620029483,8346.26193582899,6172.25491296843,5857.19215905698,5717.54026014778,8073.56597212268,8333.88246609793,8829.64904566592,5458.70553995247,5940.097266948,2353.27561945933,5980.24517367198,6210.68213746807,8101.42804269839,5913.74396797728,8311.60448922128,8033.29722551788,2348.82874246583,8057.7028840354,6188.66521071794,2344.19882741648,8116.77665878034,7939.39506363174,2346.11423615005,8373.54710998632,7461.07775703936,5752.47267357698,6074.96651968064,2347.48019146168,5795.59067382441,7435.67954265798,8227.83270613294,7737.05032654112,2351.91389843317,8247.69007014807,8287.26358219856,5815.03095826327,8147.51676784955,8324.0343059356,6281.05371850049,7341.39196135814,2345.40852546327,5777.68160904171,2347.39262249242,2344.37968661667,7872.2177277097,2344.30223746245,8225.75492291268,8225.79017577671,7943.43094320385,8166.85821548021,2345.51091373955,2344.01873433302,2369.4739680142,2343.87030636969,5483.48077909174,2346.70109725122,2351.7912191839,2344.86660606478,6292.25716941292,8109.1617238189,8024.18580848828,7633.19915896667,7184.47082677258,7795.90333401746,4739.6813885656,7902.90177230586,7473.76526197361,4450.28180527437,5283.2758085362,7937.47173912888,4697.01393117526,4946.52739073489,4884.70270833185,7420.9775773149,7026.54063780856,2409.17927005131,5006.49107276936,7081.63737636503,7678.79985793387,2534.94278850233,2370.66676163499,4349.97389506895,7501.92922367771,6979.18008590126,7568.90954817232,4789.76567314994,4914.4414962856,7911.42726157133,2435.03473569044,2402.6450838635,2382.38279204948,7051.02537945244,2398.57407334021,7304.44811490537,2436.84519070035,4818.74777247865,7716.94333488952,2441.41873847443,7408.74005753134,7624.84391170733,7601.3217975257,7537.51883104782,7039.56576752376,2378.58999828125,8213.08714454449,2392.56300778719,8307.40716785211,4765.48422888577,2502.77556731197,7140.96915716989,2473.91329064022,2387.39050018237,7308.61807390124,7507.67577232821,2406.96780479003,2364.83132347193,8160.8217393442,2518.77608099397,6938.80191710164,7411.36582110462,2456.78178707695,7626.53461393679,4973.76650054934,4977.84379169184,5146.48305678067,7609.69621600202,485.353100466986,8017.12803846587,1318.66972433842,8129.57940391282,8353.52316499795,7973.38578993656,522.355040834773,5500.78324647354,8200.07474506656,669.480922617711,7958.28433629921,5567.14869877114,680.427964106641,7761.76665647576,1011.77439350225,5430.61922754442,613.502819292405,1381.81697972065,7604.5615191482,7463.53486326271,7788.26019033721,7879.83193180602,1498.58236526807,7775.48679873865,994.306835511308,8034.99485788083,8295.16022997765,5742.99725799231,8107.96134571036,8911.92088654421,8069.12282785052,7935.74371546007,7971.06013469666,5548.29899336579,8050.22172842732,7845.17259552177,5683.56027359814,7791.01958265254,7970.14376510349,8073.74334192374,8872.69053451413,8358.21551167698,872.625466503958,5723.17074038717,850.059403773135,5508.16803330802,7954.77659109642,920.969943087191,7766.20047793228,6037.10836867493,622.628351739828,7782.16861774692,7726.25753680066,5778.15014634134,8183.23234813273,5411.85812906239,8005.14485955831,7951.2967795764,7443.88652378126,5488.54535330801,7941.79788770295,600.806787781738,7839.73265915424,5688.83359650442,8206.42560751275,7263.14297312534,1e+08,704.351499421018,5584.12924853743,5526.78942960967,7863.87989624818,5621.23675459172,8072.66460506741,1514.17704318002,8011.71401079688,8108.20607964863,5526.6978788993,1267.14320944597,7798.32645127954,699.719529679635,5505.15736776579,7834.2806583551,854.790297339205,489.027781953101,1661.30487800882,8001.90439438831,8326.61616691537,602.462352068002,7559.83686697092,806.098302699948,1362.05587436929,1093.41252482672,5451.88751074175,616.005400501946,7866.51001812133,6282.95433644577,8741.02000405449,7727.31925126488,5530.81179906204,1290.33433413938,574.371062126473,765.682469046103,7969.97785352053,680.861178796499,724.562430654109,5594.0425145294,7836.50168692097,8160.08433966218,8018.74369632156,777.453230882331,7952.71194697276,8054.73211861147,8187.94187454444,8326.50834400448,8025.16082466912,8317.67566802874,8323.76702764734,5692.87006250355,6029.20289623149,5667.6817666867,7573.62814836058,7892.45552883014,7737.20497595796,7868.19510139018,8156.18569634991,5571.08442055135,8221.21445122688,5593.2860879183,5744.65270306129,7754.56529799741,5693.70037686273,607.456850503399,5489.59792499276,7912.15112837471,8291.27960687635,581.232718538847,558.362308243611,5877.64888614928,8271.54198080855,821.294015203999,5954.74539573096,1327.85454884065,638.194824261786,7950.55018715536,7962.82285779733,8004.87710872307,8086.78953846023,8151.4307395639,5371.32307206801,5611.37958926452,2671.59045312631,7720.7350013991,7823.35058576063,7945.80956117914,7900.34799210364,7878.59919113868,7704.68810052439,5362.78352777408,7866.68307964941,8044.81459940185,4516.88080396628,3144.10218716385,2896.44459299351,4723.71290308931,2559.34279260968,8098.49420211833,8007.20371753635,2656.22081932129,7600.75824568805,7585.85934550263,2922.90964012286,4798.29939659729,2529.57797483967,7993.40128531465,7953.10080948226,7226.15793202726,7552.3615794537,4277.22687177175,7450.49763192566,6904.17730111459,4399.34428381008,3126.48396210753,7427.17302541065,5067.94359612373,4295.72956737286,7985.24427678941,2766.14775844308,7380.96601844353,4734.50356764709,2952.74826838802,4728.47480029504,4558.09053921676,4929.79931146677,7353.78070832268,2307.48786713206,7766.01899306509,2891.69629748383,2467.74805399518,7230.21332155607,2780.75972535948,2252.61926976759,2565.21430783045,2907.59537316432,7862.68977749737,4574.6378624488,4928.24784864762,7250.04822091822,4692.91667720136,2445.8479305491,2442.45103110294,2417.70972660285,2340.68038826566,4703.07093275216,7640.44543649573,4912.45072613883,7652.53179100851,7433.23474754619,2484.8425034479,4314.58507005942,7441.61320920026,7273.84757658257,5038.29423656705,7006.46516803624,7975.0867854044,7990.91245905379,8027.46688024174,7377.42341936031,7990.68056899435,2966.01931368107,4637.28724168107,7252.86045173334,4810.95918018624,2559.03315456705,7910.25568916383,4773.80226648981,2544.44379219455,5036.57088060721,4643.72489654637,2767.75507718404,4748.67430275027,7352.61970950117,4092.69017678923,7472.69885014619,2449.21740887152,7367.66089904269,5081.59706425029,8174.90040583743,7427.16443126175,7447.13455313018,2974.55685834059,2320.284504009,7886.992977625,4736.1066988053,7482.13705253458,2331.19767476441,2088.15673362296,7092.68197769725,4528.82045222227,8208.22314357682,2156.58177042096,4493.58487739394,7270.82084001243,4540.57469869882,7009.95539671914,4284.37464077528,7646.90507637606,2524.53346478426,7356.56584961669,7517.95973953343,4977.47801752167,7577.93285603003,2224.51863195231,2698.94211702058,7578.44771723323,4878.54633399262,7927.29775210455,4663.85857452535,4281.60200278875,4651.45971779921,7069.91565281601,2328.41053928485,2502.66735746581,4857.42283313042,4546.03146060944,4676.37724719543,7459.18665897535,4589.98922056471,3160.52612700235,8077.90668920405,4887.38675577009,8007.6047061523,2453.63606619261,7428.26656209418,7619.45385390607,7862.59804256139,2210.87994735149,7901.71678708756,7410.57586307385,7897.70768004992,7836.97613018748,2635.65399268128,7885.74539608739,7359.64390677951,8284.867350885,2470.86402565551,7702.49182727876,7507.13914755243,4523.40697249268,4985.17261995839,8172.6845731731,3045.29051907491,7058.76200734869,7733.01389953097,4137.02353672971,7334.39745294886,7980.21719703097
7740.93069775931,7997.94356187543,6216.02552440374,6235.55124443318,2279.60664513074,2282.96093093418,5903.03652560688,5928.54632431015,2279.39965930072,8298.18067083264,6118.8979945913,5802.78962499793,5662.64302674111,8024.9642086932,8285.77824753202,8782.41773322443,5402.83560029968,5885.97905911696,2292.13422346774,5926.26223678404,6157.44649528302,8052.88092615857,5859.53611637192,8263.45880599815,7984.61587132549,2282.57609136249,8009.06985390145,6135.36024232961,2279.35937278326,8068.25949988225,7890.52525959235,2283.30558834222,8325.51621670223,7411.18155433277,5697.7010856732,6021.29665556932,2281.49592984863,5740.97240939149,7385.72551208351,8179.52926635688,7687.76034284338,2290.51932647967,8199.42429009761,8239.07236156071,5760.48119243789,8099.05929824195,8275.9117826332,6228.0368369293,7291.22010820608,2279.98400198524,5722.99989643585,2281.42763377646,2279.41629209977,7823.21060089194,2280.65982337768,8177.44753299361,8177.48285289324,7894.56932200247,8118.43809171888,2282.48223521515,2279.3430813326,2301.16054389552,2279.72130564563,5427.70724495229,2284.08164412089,2290.37295656995,2281.55594419321,6239.27472394129,8060.6297149122,7975.48634474366,7583.68569666536,7133.92510456592,7746.73760170674,4680.66583040897,7853.9576324579,7423.89781424404,4389.78309432682,5226.70204543154,7888.59803284333,4637.78828333784,4888.49066973281,4826.38014908675,7370.98990988829,6975.60360300383,2354.12343553912,4948.72628847611,7030.83862585564,7629.38519769197,2487.83626117739,2311.95783504964,4288.92803774647,7452.12529364927,6928.12263093078,7519.25496498124,4730.99308661347,4856.25713077106,7862.50054369556,2381.93358706853,2347.04854554218,2324.93137791717,7000.15003526585,2342.62848731452,7254.18953826954,2383.87192910105,4760.11401750146,7667.61050769438,2388.76414516992,7358.72430014396,7575.31223050647,7551.73863128333,7487.79455361764,6988.66159781139,2320.75101127388,8164.7556319847,2336.08243511723,8259.25364962485,4706.5943334332,2453.92721433888,7090.3171905568,2423.36880138935,2330.4280363548,7258.36932537357,7457.8847496451,2351.73149551959,2305.41208611965,8112.3899772696,2470.81149985966,6887.64064205423,7361.35609791478,2405.15577365416,7577.00662228031,4915.8539487521,4919.94973428327,5089.33351169287,7560.13141258556,766.311987461032,7982.10461979894,1227.72784568439,8073.8783713874,8296.83003385732,7920.71582196673,679.661033940912,5512.25565420596,8154.05877272055,570.240038374003,7906.90712432258,5510.96962225681,432.611505929417,7728.68254901575,1061.77365142555,5420.31978035037,603.111427456572,1285.3059347765,7578.84226462012,7431.49047668036,7750.00670578392,7843.3527208204,1420.28006533555,7745.19224283231,817.744385284778,7996.4009206272,8228.56866822285,5678.86886844857,8051.34276022773,8871.0909822461,8027.9605096846,7895.23894106205,7920.90227109929,5538.78148965586,8024.67477377331,7810.08649430758,5666.73653482512,7754.43171324662,7924.42827010326,8018.91726966022,8812.17783955424,8300.39619398623,808.01689443287,5678.3944994085,563.58217313847,5451.72377603719,7916.66427823811,1018.25663660578,7726.65597233979,6036.02909291744,755.074309252435,7747.81590941364,7695.07522680665,5728.22940766391,8131.17439046285,5404.04249391404,7964.63023859778,7909.681671224,7415.89366225748,5492.28068597612,7904.53313662165,648.974922596206,7798.02186943983,5628.19159544579,8189.19557661376,7240.21471568673,704.351499421018,1e+08,5538.19725360471,5525.83359629621,7822.68826133074,5611.37932722249,8024.58026224912,1454.45691425696,7968.85592489036,8058.50590296963,5508.86351729341,1198.25367710432,7764.38939039287,370.352531664305,5438.04428107136,7803.5394941481,871.760731747685,747.343582222026,1603.42798402319,7955.70548292514,8277.76963286103,655.897813426136,7537.09723262039,497.40344988933,1266.251246711,1009.56543611899,5416.42123463961,802.579921483656,7837.47925626378,6216.91766570182,8690.96182962725,7697.84054860594,5530.66785234303,1155.29099841817,640.550745082435,1003.79296660683,7919.5119024033,561.961089988739,909.040433731441,5589.47388751027,7800.2076109342,8105.45111370052,7978.21569270328,924.911769674154,7904.57883621263,7999.07786563191,8135.88972354814,8271.69559119411,7975.44426142159,8268.05820806985,8271.56769340978,5680.6399276401,5955.74351594516,5620.88190925395,7553.49783391907,7856.35536459706,7706.09801280601,7836.62568923743,8101.18966076043,5538.83007183824,8165.39757414189,5588.45658922858,5740.49576430544,7716.43124325296,5686.27191487842,817.405928080063,5483.52295675913,7876.21237118295,8238.49614490326,726.803637442882,872.455417691224,5832.2310900703,8219.78541615774,922.210803691942,5951.39218311231,1245.68643397381,641.253082275759,7908.60702887026,7909.84890628659,7961.08764244621,8069.78669803599,8100.55758853393,5341.80391362761,5603.1530952162,2605.41028139054,7690.84409717513,7792.5515494774,7906.18584509464,7860.67515742686,7844.53299819911,7674.16721992419,5360.12608212048,7832.48910543608,7989.73855419739,4505.86364621637,3178.70831134806,2970.65215371173,4719.38483426329,2683.7987276012,8053.23054629177,7977.04996346186,2766.9389166656,7540.52665900685,7526.6180516767,3012.10388496269,4789.40408321416,2658.149633657,7949.38455836511,7923.79560074345,7188.64857750496,7516.98387637146,4268.95887379563,7419.31372315364,6884.05238346785,4387.62742611837,3191.77870819693,7400.01763722219,5064.34131497086,4285.34271968948,7945.13208732545,2854.84105263802,7358.28172132119,4716.08450102969,3023.1462853692,4717.04995870993,4548.1739387532,4919.70879887254,7314.85184590146,2454.10792323506,7734.57548932441,2963.9332980649,2604.74316873455,7210.45124559034,2877.462698065,2405.10029120793,2679.21303051713,2972.19431984812,7827.51446940398,4560.49123148495,4920.16824384036,7230.41325111554,4682.54251138871,2588.0336334361,2569.86591805262,2557.94081890423,2479.64676047235,4684.98593607741,7577.09661635796,4906.44201661383,7618.55177266634,7377.61258305302,2605.74985025675,4288.83705342655,7382.78667778749,7253.1549886401,5034.17365886371,6986.10248084615,7930.39107496925,7927.68649239842,7987.52765742187,7338.69127084724,7956.74786740858,3029.01299852061,4622.71555807231,7235.69699711719,4803.16205425905,2673.37326608864,7856.31778056733,4763.70560764536,2661.92626259731,5036.20685605043,4636.76745429298,2865.54540090458,4740.75244194201,7321.9949001787,4103.88154373326,7418.56208042111,2582.56060103774,7311.73291013109,5071.26366414844,8138.1964461044,7367.96486561842,7414.08396147395,3048.93800669508,2459.71330896264,7852.3921993455,4728.18910788244,7436.68275457841,2480.76605162956,2251.15197171787,7068.26068726488,4518.21968800246,8169.39022432378,2314.49057639287,4478.46026889727,7236.92278837433,4531.84752870812,6985.09837779041,4265.72566579675,7612.15498875942,2640.03798964653,7329.96568895272,7457.15647838355,4968.93842665012,7515.8256432014,2386.25322635611,2802.03896688173,7545.50577822435,4871.68668591969,7895.13850639698,4655.75901114175,4259.99786061083,4639.30584276122,7053.51441715557,2477.58850345183,2634.38812162988,4844.7806572864,4539.51723328385,4663.92360418754,7425.91115339393,4572.72607214047,3173.75082436839,8046.29736147588,4876.38976493572,7985.84096665207,2591.65156693548,7381.27109473783,7558.09903184929,7823.22296746332,2366.48802043321,7858.84738887511,7393.30095000425,7834.84859464651,7802.22030221012,2748.18271815969,7843.3060068118,7331.93723644838,8248.31728305422,2600.97862074043,7639.04024262684,7471.76720114715,4509.00783582726,4975.95675937659,8140.58807478993,3086.23317412937,7034.01436981695,7669.21755517387,4129.85536718029,7296.12996468466,7932.7186229462
3374.53504443701,3547.46860096051,2688.91747746612,2692.74182888901,5895.32153645141,6041.71028549588,2649.55218791375,2651.17880621898,5941.08386788081,3763.02956836681,2672.24000041447,2645.94676815255,2648.43257242028,3566.30655357111,3753.86775202054,4135.46301621107,2676.49533270225,2648.62439635565,6143.78979845025,2651.02150687104,2678.38814056008,3585.89206133241,2647.44024565513,3737.43287670342,3538.22064544018,5817.98945011026,3555.2112091937,2674.78922442488,5918.24823341038,3596.733740489,3473.77694479716,6047.09043121465,3783.29565042589,3171.51068179321,2646.98243021835,2659.48993292028,5837.89968166125,2645.95578306296,3156.83463256004,3676.25404085479,3340.27359681909,6129.51735527961,3690.6655761754,3719.55448105069,2645.76807177873,3618.55767565136,3746.59419677996,2691.25153986778,3103.71615439206,5878.04163132317,2646.27994869667,5839.31202960677,5909.86723478044,3428.61460662198,5995.93582878787,3674.74938863624,3674.77491218537,3476.51566059247,3632.3635016016,6033.79608478964,5929.21936525227,5645.31910832351,5963.7329928692,2672.48793589158,6058.41222028498,6128.1749561479,6016.54845367191,2693.4888425395,3591.35021803036,3531.90258854055,3274.8476842947,3020.34436345892,3378.30996049394,2911.34574416741,3449.14302584003,3178.89890765369,3067.07261890992,2712.82595696348,3472.47279322949,2932.20168507945,2820.89080437687,2846.05364342678,3148.40944274736,2943.29801915479,6458.52118139888,2798.03770920418,2969.35712808692,3303.303426886,6833.05405895155,6275.0987239702,3128.6995839113,3195.43314130354,2921.6262823209,3235.48010181484,2887.81324610836,2833.74821075235,3454.87683093455,6552.51269354405,6432.1097613865,6339.71344480838,2954.76748396837,6414.94639600383,3083.50775396815,6558.59456439157,2874.66760882354,3327.4348309238,6573.71932942399,3141.43618520942,3269.6811799736,3255.21616766861,3216.58643194513,2949.37713413801,6319.99222825788,3665.58950457908,6388.4508278791,3734.34407437209,2899.09352627491,6752.08065404913,2998.40944598986,6672.99680317594,6364.37162013143,3085.77126842907,3198.82920717486,6449.72837768894,6237.71891555751,3628.04858706879,6793.17268181801,2903.6948329225,3142.92936414121,6622.27920868704,3270.72543736564,2810.31902771024,2808.76383335363,2750.72894362886,3260.35244973894,5547.266002913,2986.10740620917,5503.99853046621,3076.95200642254,3368.15259160621,2897.48839912896,5599.71735370363,1469.75811350983,3243.53958464593,5457.06852638722,2918.04553814272,571.171430583176,5501.97525338844,2807.74191754009,5688.07104924445,733.756355146636,5359.94577626971,5566.95495282224,2710.87984357906,2650.47772568984,2815.10067584693,3012.5978312066,5414.85132003624,2802.94002610704,5522.01259730841,3152.56906277662,3200.59289018367,1358.1859282415,3011.8703410022,3952.09498371121,3209.49760639843,2991.11984722168,2929.82161081745,1017.05967384936,3291.53992008017,2970.11351495006,665.258194520505,2835.62463021336,2941.46510692548,3115.37507605524,3824.41996643066,3249.77003648104,5638.98047921357,272.096439114072,5455.22052026744,324.208174681047,3019.80325986971,5814.73515631026,2821.60708917642,1762.77666823409,5549.91216101448,2795.30808047268,2794.15262427697,460.837349945991,3146.67973745817,634.83786310837,3187.66473866985,2932.73727419617,2728.59532549888,954.125858103174,3084.10063644484,5608.04078728339,3087.3959478232,897.563961253555,3514.01901395807,2558.42009854908,5584.12924853743,5538.19725360471,1e+08,759.207923799741,2913.74042950285,1148.43464952264,3055.62654648183,5572.49723426636,3136.62350811569,3097.89901312812,476.078889003706,5607.41806028707,2852.12505872831,5464.0530074134,1511.37268330562,2826.33172067142,5706.20431258863,5456.94913085142,5549.34131256534,3062.3048797982,3388.7241884646,5509.53341597737,2746.82858458333,5486.09121271297,5673.92342128147,5179.89276054292,296.941579987434,5725.55595049872,3103.53864887733,2266.16574850659,3641.70891293162,2941.34229979722,969.184382532528,5629.33310235774,5528.22553376058,5551.20866434277,2919.07150551966,5618.845290806,5735.75843001378,877.043054738775,2953.66199433219,3103.64750817049,3130.24315598675,5659.45590507427,2934.60176384786,2960.17453107865,3058.23104903146,3213.53391002587,2994.22953928444,3344.16544197458,3279.66933974014,812.320263267035,1347.33093877162,212.566526188189,2708.90410737306,2869.10368275725,2781.63377975852,2876.89769310364,3076.88125405138,297.266330108213,3100.79176493379,846.112402755204,1207.96921948076,2802.95201664926,1064.8995922358,5653.28774668209,925.850274071043,3013.73686079173,3237.31190070844,5284.25947719947,5428.62191910642,2294.70680595198,3237.42726734301,5760.55600533604,1564.63566557914,5600.02531908229,5403.06863151313,2948.81404736131,2967.83314232851,3114.71577564672,3430.71946564846,3072.98183304716,401.048296081084,1042.75120468651,5479.8232613823,2779.27382010871,2799.03132143749,2984.40807427118,2974.17011282026,2844.61603243523,2753.12337480274,716.027091848952,2866.53987447872,3005.81147457623,2250.60347446368,7033.02560728164,6822.90130442824,2364.82276581702,6616.79657209291,3402.91828517394,3264.79660547015,6900.63371617882,2594.82409821946,2610.94436283709,6946.41044567865,2756.98224997485,6807.22369454195,3110.46217213128,3221.40994625934,2561.42146708006,2728.59492557227,2345.6603134397,2701.99922948175,2536.78384135734,2348.02359501552,7051.598234526,2688.90059927525,3116.18153536834,2367.93462992912,3183.36838918012,6811.83009168894,2663.0105121178,2587.52961418563,6928.43619243461,2593.10793306305,2252.47139550201,2795.60089953416,2673.66361390948,6616.74342485004,2948.10756674435,6793.56361613263,6730.74255830614,2649.47620838586,6846.64469430882,6818.84087636641,6848.5212899335,6975.1862105777,3048.26678700404,2313.06652318023,2901.51716431887,2685.66985907427,2427.87574290858,6758.92877415231,6655.6955741657,6696.35993364578,6725.05843691659,2624.77659557349,2755.55117289353,2705.33189333747,2805.33577226046,2510.05656487979,6641.85795936392,2534.00953043634,2540.90577804716,2642.38864220155,2888.51102808801,2585.86038729259,3059.59339197967,3117.14989277777,3401.99812210581,2758.9312921979,3178.28524947758,6727.06470140835,2599.21837998375,2617.35763291521,1540.292173257,6724.90534881783,3152.60193557249,2817.05054619148,6750.24344615025,2511.67564639572,2435.67175161943,6841.36493862324,2725.60963534694,2671.88583169606,2503.98035725446,2465.15079656773,6995.44983357083,2454.39405591329,2890.05573132267,3574.36303863117,2514.40075710052,2681.26690838882,6919.23673377877,6727.07175637104,3040.34423452469,2492.5848456033,2638.36053613313,6954.22592792505,7035.73852574654,2596.28046197098,2502.89663815117,3553.68814591071,6539.84680927214,2575.72134736249,2638.66028516141,2396.53366438527,2622.39255730816,2320.74531959738,2770.49963559163,6763.92881201913,2671.73571305637,2534.13746448637,3026.2589993695,2752.80616889317,6683.75490739447,6729.90229922438,2758.76694045016,2810.02363777116,3220.46228326257,2384.03190840858,2454.54807642759,2630.43685993539,2581.03533257294,6675.52040189664,6615.50198005483,2718.18795489374,2157.55525114061,2500.9334912087,2693.26370058932,2677.78710445755,7010.4858567508,3539.94429605415,2689.28992740186,3314.5294668748,6902.36110368225,2583.68301258488,2733.28084969086,3013.81476280202,6705.88335089163,3060.93483212486,2715.69591396974,3043.06827688749,2944.18591287849,6614.71159127853,2917.90257628483,2651.89039157379,3632.32898431235,6801.04634751574,2809.0406580727,2692.47950840215,2501.20218602264,2897.35264063545,3598.00167610961,6887.72879915701,2659.7213377675,2897.87643641548,2523.22907307846,2636.33031846116,3054.55634355502
3425.01702635594,3595.39822272932,2752.9881377613,2756.71085186386,5926.44476478492,6072.12829647498,2714.76066640734,2716.33118257546,5971.98296346403,3808.10954965427,2736.76513976698,2711.30923246796,2713.82948106997,3613.97328110275,3799.06213968268,4176.32339773572,2741.39714195974,2713.86658885616,6173.73564058666,2716.17918287375,2742.74327975029,3633.28842124812,2712.72864186686,3782.83390631003,3586.28036331274,5849.49931725842,3603.03243766477,2739.2434661548,5949.25874589069,3643.98171544587,3522.76269114867,6077.48316434703,3828.12454369004,3225.35172261535,2712.39065593996,2724.38184752997,5869.30903979861,2711.35961612957,3210.93573655314,3722.440649842,3391.29312992973,6159.52828284485,3736.66476865112,3765.18239024496,2711.16329935432,3665.50967865879,3791.87981252933,2755.26007371998,3158.77992068331,5909.25038575697,2711.68806776397,5870.71428367385,5940.9188514326,3478.270342884,6026.57071139831,3720.95565045876,3720.98084049986,3525.46134534591,3679.13012598557,6064.25136020031,5960.17624325867,5677.72986956717,5994.5224113034,2737.46797208763,6088.75190404797,6158.19202071257,6047.08527494285,2757.43810488931,3638.67176164864,3580.0515821453,3326.92563991678,3076.99079353893,3428.73339443217,2971.57883910156,3498.4920134912,3232.60996872344,3124.48541647163,2776.99643011214,3521.47763906027,2992.04248682985,2882.8769354251,2907.54390564958,3202.66097985237,3001.49232617338,6487.10388722223,2860.47927784599,3027.01815823921,3354.91577400217,6860.17618078965,6304.45946285326,3185.06404859743,3248.85557084963,2980.2720564535,3288.21605884825,2948.49441286117,2895.48020989235,3504.14080128225,6580.71336615979,6460.80180031771,6368.7950384796,3012.72581102059,6443.70996075636,3138.94685848938,6586.77088919279,2935.60156453355,3378.65870805067,6601.83529739841,3195.81286509594,3321.84456324538,3307.62020796842,3269.64406362018,3007.4461148625,6349.15842374751,3711.91575796929,6417.32555336967,3779.78414505877,2959.5591938056,6779.50499421836,3055.48781119646,6700.72330040003,6393.34816043924,3141.16807532045,3252.19273458729,6478.34738423791,6267.24374389869,3674.87299733132,6820.44276418918,2962.71983205207,3197.27919871044,6650.20323339085,3322.87153163328,2872.5152648018,2870.99106396125,2814.12640978219,3312.67078592258,5490.10501309908,2996.75082936382,5545.16809583694,3191.86380668537,3434.57316815402,2991.89488705186,5567.14679143984,896.957028486192,3270.71275101155,5429.53606043765,2984.43036493033,1146.23602507581,5489.89103104632,2825.05751568302,5662.43822383599,273.335153158907,5324.01897636577,5607.02278155319,2719.41329525183,2611.37438498011,2873.30034201652,3157.56390476034,5460.67915852,2822.8742912396,5544.7687958208,3136.35469252495,3351.60217636474,1845.37744039229,3143.34499619917,3962.99594766835,3204.37214223246,3004.69884834785,3003.90663391008,617.437398222288,3202.3256061187,3109.79103262851,438.392245941258,2884.67010343325,2982.24549598803,3258.99673412604,3910.07182224666,3381.31639729301,5615.12027569102,725.177421696744,5463.95275497321,889.99352755414,3016.96008193035,5779.99439097574,2913.29116896201,1392.13762565496,5468.41227576198,2825.73005338572,2815.31480230279,823.722788873862,3218.46202030946,351.938206838906,3166.92295386864,2998.80601911761,2828.78986556996,336.170193488204,3211.54103300618,5572.73432665993,3250.56463053051,1349.41094226374,3421.33413042652,2539.92539450263,5526.78942960967,5525.83359629621,759.207923799741,1e+08,2997.73970052265,766.749506469697,3108.25479103223,5618.2578526031,3138.11021683865,3160.46128094336,329.636055610588,5636.36982673121,2862.36905467844,5447.75362266118,1980.37611903051,2814.76204530488,5683.1417428715,5399.46530641423,5606.90874909653,3087.90588758921,3411.57135817642,5458.89281093091,2821.71429910826,5481.63470483801,5705.46948453573,5207.0166653261,697.532968443661,5660.95301322309,3010.79335328597,2623.67277997927,3681.04789065416,2859.55681634002,443.743891253999,5649.68310632078,5486.21694064174,5438.9224366073,2994.17781588683,5589.97866385751,5659.1781838213,322.177092171747,3094.35666415048,3208.95471333169,3128.63435939828,5619.78352640278,3018.93665519229,3092.10339153909,3151.36806304951,3335.41880232308,3054.61691372261,3383.1587763247,3350.79594762491,445.83564790244,1846.96706203332,767.418522450979,2718.61076627307,2894.49008119228,2816.0586922846,2862.03141836186,3174.60791852081,562.352155892613,3228.58821547069,324.540327214405,786.39343780353,2903.33985367825,665.682912659134,5569.73052209341,458.6207342457,3146.94961726079,3312.57298579466,5244.12637423815,5343.57408365969,2635.21093068425,3295.50105119184,5726.11378326462,1204.29926536134,5634.70153041702,5381.13443286531,2966.40644841053,3037.07642471886,3127.44255407102,3321.999394484,3144.91703076502,584.358690410518,725.081803435303,5567.92702055166,2766.58201965497,2787.03004188671,2979.40443344803,2973.22446126525,2860.51163533692,2753.76848933315,373.008641487852,2871.66110820431,3135.438189853,2029.13899949384,6948.52665458816,6703.24675824267,2058.29686144233,6463.46390055815,3529.56298534918,3198.65536191944,6763.62960944301,2731.67752297005,2750.1222389377,6813.1519837279,2482.469480273,6662.75233134125,3116.21080490811,3169.42113005468,2548.14265581774,2694.85313360305,2149.6008733129,2681.76836930891,2569.38079726735,2148.91869967865,6935.74024090783,2668.58926888428,2841.35116661285,2169.919749487,3189.1060170718,6685.62307211949,2648.91065281466,2347.13387822059,6813.24028002988,2335.32092874873,2016.4244914467,2521.44010403559,2657.32008890886,6466.54265027484,2881.294116694,6675.48366830393,6577.82305814169,2645.48577051431,6714.15066269729,6680.65626307258,6714.76349827692,6870.45014227052,3012.79798875664,2083.52153583122,2625.07692508074,2677.06237178236,2157.9961644631,6608.40512304296,6513.06814405228,6547.81891311644,6580.86608451417,2385.56351347849,2918.91072287664,2402.33608447536,2768.7725611625,2624.58697637981,6499.78679708522,2373.45058533569,2661.27536149937,2633.91452190676,2604.74781065071,2619.5968959546,3065.30698140343,3258.20957546022,3540.6675363861,2715.61551152177,3143.13223366319,6606.79935338234,2350.27279620117,2611.49623541261,1241.07068942543,6584.31744385104,3302.75723935222,2549.97726055431,6609.99645471538,2181.30792830835,2156.63922308114,6706.91515066765,2448.54331542404,2662.40173269087,2382.81906842786,2573.06415702506,6849.09508054836,2557.39511245212,2610.3574000591,3698.92526420924,2637.26142107607,2659.06796115383,6800.63960360138,6584.68648924702,2997.95878432394,2206.89020849802,2671.01780873127,6813.24828260869,6901.24581076858,2603.17933268337,2256.15709243866,3686.39155469458,6391.46580142938,2330.11861919201,2638.59040264839,2142.83217173289,2660.31314274121,2167.47041686126,2759.32960545454,6627.1443897251,2657.7941316995,2691.76206571894,2760.50672387159,2896.89887074782,6530.99211691173,6591.00357133071,2711.29936933415,2530.0208470304,3174.23600187564,2112.1770897554,2311.42193926278,2367.28751418711,2587.12420395208,6524.78748514008,6459.50585690503,2450.28929027603,1904.60985243289,2255.33159443147,2673.36714217066,2446.81757171337,6937.88749558228,3669.06679435348,2408.35893635993,3223.43866057292,6761.71619462889,2623.1060919366,2891.86878168285,2996.54643022534,6559.57239697748,3063.89520376074,2708.87644149651,3192.25325504562,2900.80415578759,6464.79508877813,2920.54343404067,2638.33841629346,3761.14786038969,6661.99057875598,2951.97154269276,2674.95202624536,2267.83444026697,2627.5707509857,3731.77623786529,6790.79188137356,2693.99860075188,3054.6481354691,2387.57634716134,2620.0941428713,3071.32016763856
1123.22443269847,1097.65299802392,2154.98946849821,2136.95737801619,7681.72400194035,7843.39835808734,2451.778705944,2427.08914764631,7732.36214010281,1149.12013918127,2245.58377576812,2549.57570709751,2688.25122781767,1098.74660812637,1145.35575694855,1384.16071375472,2950.8592989263,2468.33310330622,7955.62237210146,2429.29644420171,2209.45383768216,1100.63300841253,2494.06694397651,1138.91703337257,1097.37976986369,7595.94131920103,1098.01586418389,2230.12699133217,7707.10481815007,1101.99900383172,1100.46368941163,7849.32339534962,1157.87954421991,1243.85511372938,2653.35596046548,2338.03005641779,7618.05320355059,2610.47220401948,1256.67815134958,1118.68424984039,1136.41812126486,7939.95576588906,1122.90036269043,1132.38303015306,2591.20679492982,1105.4281919941,1142.4559386655,2143.88957630009,1308.02412410096,7662.57913554374,2628.25843710702,7619.62103619147,7697.82936465786,1108.03021603699,7792.94052409298,1118.26430090792,1118.27139235684,1100.15080112703,1108.05638554062,7834.68050716662,7719.24222856244,7403.38026867848,7757.39113372227,2925.42441072268,7861.78805467036,7938.48184047447,7815.67268392051,2133.52584252292,1101.29235702927,1097.29426323754,1169.53827013141,1405.16641826557,1121.94180794179,3715.30301452382,1104.02389912946,1237.61810750261,4038.05686851165,3132.69871156526,1100.61847635585,3762.3003456746,3490.15441170209,3556.99218359862,1264.30252029707,1515.3121163041,8299.25500435323,3425.69243522332,1475.63135153547,1153.83810888802,8704.1561201495,8099.4054879853,4152.24877041198,1224.18478069379,1550.40134623686,1194.60887388774,3660.38255897029,3524.79413035474,1103.07459968708,8401.24768751755,8270.54597505474,8169.93468535221,1497.52190376902,8251.87762051576,1329.65201181311,8407.83807177942,3628.72161811957,1142.08980925618,8424.22268521235,1270.75932345975,1172.60542226553,1181.54988608272,1208.04460886578,1505.81773225352,8148.42341636101,1115.7914594415,8223.04011279933,1137.75273958483,3686.97570057341,8616.94764039275,1434.37427216462,8531.60500891739,8196.81266292015,1327.17045795743,1221.51479430105,8289.69973606,8058.53797419973,1107.19732351389,8661.22526100862,1580.9888729865,1269.3655313641,8476.78220842808,1171.98008864582,3460.82777170637,3456.44434195808,3276.57210507924,1178.31343498156,7819.21728073665,592.505033975494,7773.28141808816,685.812041873946,1034.15073281561,634.204480481007,7909.01397520435,3032.58644740041,853.483190488312,7790.73198337976,703.135984776298,2900.55632186026,7777.39414694189,360.475128935329,8105.53965466732,3021.64354863868,7696.52831385217,7975.61928977029,432.973813965006,946.360369481394,209.243674820936,646.855535806684,7808.47699150066,344.804717630267,7859.78503403847,887.301069625799,841.93243586907,2985.05788602887,649.022888177302,1467.96089310863,896.595960238951,762.193318522213,650.382954354884,2835.70628425432,1138.19036205533,601.091925511243,2823.88000728818,193.871121144239,733.388454912619,518.419053187785,1314.38906763911,789.529957529792,8028.11767730048,2723.20315768331,7767.77824705812,2944.37080535702,787.769253915144,8197.71211245611,125.858068335369,2495.15042295092,7848.72273712526,364.814917478104,320.547399574209,2591.11551481001,810.197971878065,3003.67233362207,933.665703731197,286.464164112442,774.250684617826,2987.99236880338,527.738200967581,7945.19770791157,929.000669812446,2813.12836691061,1210.45274121586,849.863608868034,7863.87989624818,7822.68826133074,2913.74042950285,2997.73970052265,1e+08,2779.27614118891,721.942197594926,7956.82025647097,839.874268593846,719.113170126366,2948.09482979457,8000.85352494618,414.913137669548,7756.21799958019,3212.82375259704,575.485671491463,8094.33987492839,7757.81971417119,7898.27888116503,799.152431889103,1065.67806750047,7825.22330050097,544.634536916369,7813.41482881173,8081.4501139748,7473.6119886631,3011.90109261445,8062.52258339039,1102.69008687817,2824.4593546093,1238.66662735061,1045.74433086385,2884.47901204274,8038.17466986506,7865.38046385672,7766.72464319496,632.221823350217,7940.29448506502,8078.29534420657,2980.88874171251,565.968914236327,709.866908134465,846.325070204998,8039.29216098,409.917950696266,593.976653471183,742.178665545899,793.820582775352,668.43380393936,995.859374963494,879.965826867904,2755.67346967204,2724.42480785178,2790.19460163733,468.32520296431,436.75213463571,282.068377442677,591.651904946932,747.147118512498,2938.70597135935,716.278683896375,2826.30134707914,2674.35280652391,205.395593880346,2681.11552518683,7982.70889686236,2961.2706548737,560.599812504988,888.748920259486,7515.92404804955,7652.21543528746,3231.96685020764,920.800345719178,8140.90233708959,2547.16503548357,8004.34616159951,7722.45022360276,746.557845786734,752.377470899496,826.834637815292,1230.43299478414,749.685522550199,2999.93793349277,2760.31540736616,7664.61601876637,526.368029343841,583.500485524417,852.677786565929,771.015214617134,497.528610608074,479.048334507111,3193.37201445554,513.224406894813,543.527235222279,4134.34328105575,8700.7839448696,8537.53743158874,4036.3677742242,8391.93869049255,903.862788577478,1106.27044929661,8699.99699085075,681.69672792717,634.280937156894,8673.88411166554,4090.32281798846,8633.33898327585,945.09439920581,1027.06256859238,998.448821092591,776.663851221103,4343.2419502309,725.447328988271,1340.82271968536,4290.90140123054,8732.29198183605,682.971458005282,4036.4758429294,4307.74117277423,911.649760259779,8558.93211616235,693.199173468554,4074.8663819819,8643.48392010066,4038.37356834884,4091.49044827557,3998.76554871628,979.471625718754,8465.78692116852,909.520170027506,8505.01320653875,8559.22056669833,947.991889804656,8600.65509731351,8717.24460343966,8657.44401329955,8715.95512216383,954.19728608879,4059.61810045332,4027.29350506656,932.726326994918,4065.78128780983,8602.96989788493,8470.2519891701,8528.83072332899,8587.62318711042,4099.01401475095,724.271648781771,3964.49333607923,704.210393750258,737.229714567541,8439.44404772681,4401.75407379632,812.625567762659,870.104782329064,3907.09297614408,1241.89459933387,924.475607274239,765.879463710754,1015.27247413603,1217.24156128266,991.476336503927,8403.12918898476,4181.94623091451,838.297941681501,3534.42110117034,8519.12584675072,845.481393527848,4120.08666052538,8555.12803655386,3734.21555459169,4137.72457296511,8601.08307120846,4098.23550784003,819.713024040605,4477.81336070699,684.638393952067,8904.58820940665,819.2206514379,3922.35194918815,1048.19425342004,814.735250166771,707.161871126317,8623.454816903,8596.2115882491,977.143103605427,4083.53441831521,811.46555384128,8862.59492475957,9047.4343640342,1112.49651141243,4227.04666585373,1035.49570816718,8417.46033803378,4233.97349250631,942.12449161929,4209.19501412019,1274.46998931908,4160.39126086193,529.587384644786,8570.52291535389,794.075713342811,709.388262563072,4051.40199717654,764.199333868864,8573.26840176812,8488.07131049215,872.067509889057,4030.25536921944,1037.0699878859,4123.01842677092,4320.28296084245,4199.53696587929,1138.13603569199,8535.63629890797,8408.79516040765,4003.8851330392,4112.22228928707,4155.39275018477,688.064729960498,4246.54076461305,8687.78712741633,1128.4983567631,4008.85085124112,1139.76317247106,8755.27754948288,843.523197596488,669.605675541266,902.75401136324,8601.78240390413,947.607756619231,696.941195209347,733.533702184078,956.711873536727,8371.05280700782,921.532033828653,738.783978971785,1075.99360525745,8636.42806255791,721.159032220338,631.987537371011,4165.42027771571,3965.70366877353,1148.46484998921,8575.81348871479,1239.14051005742,733.073827918199,4443.05967718764,951.822304606579,914.095082014911
3099.62316087907,3270.93840076675,2466.95801336112,2469.45459887648,5989.36598127793,6138.74747337575,2451.25938091782,2450.79907683666,6036.08307620487,3485.9474557146,2457.15405125796,2456.09681791729,2470.9674388051,3289.67403454006,3476.7855072719,3859.5016994082,2523.35595167995,2451.74136659799,6242.81234000519,2450.82757518993,2460.52115670079,3309.16584355435,2452.76487287572,3460.35484383486,3261.74523760008,5910.3788843471,3278.63746836128,2458.50718400807,6012.7732496889,3319.96098122009,3197.77393901592,6144.23427693771,3506.21990586575,2900.81538066988,2466.36144869532,2451.74788801212,5930.72032586633,2461.49105547497,2886.5870103534,3399.24564770736,3065.86145860351,6228.26709441653,3413.63271221831,3442.48775290498,2459.58996375688,3341.70223457097,3469.51310189641,2468.47312794264,2835.30584687472,5971.72085677973,2463.40457435572,5932.16312598696,6004.21710005293,3153.04782338568,6092.05620728564,3397.74385213841,3397.76932674794,3200.48914498003,3355.46305405869,6130.67596146737,6023.97275488142,5733.81224037931,6059.1981751506,2516.96240308481,6155.77976658669,6226.89895813091,6113.08376548548,2469.95049449888,3314.60010507983,3255.46639402011,3001.60272282837,2755.65404152484,3103.34723593416,2828.16383858343,3173.36632529849,2907.98719292446,3010.30723436649,2576.79126778188,3196.4810962038,2853.02121678409,2717.8990226904,2749.04536327895,2878.42991298955,2683.27923649973,6563.19490190481,2689.20342077893,2707.59632737696,3029.51397046098,6943.65489237454,6376.56141201859,3080.65248788996,2924.05788253423,2663.20534697808,2963.09276347848,2799.89356828527,2733.86743430964,3179.04502258677,6658.74928102259,6536.33454462023,6442.33258362709,2693.9592702356,6518.87708090084,2815.89612877333,6664.93045192607,2783.9875792997,3053.22865290815,6680.30121929582,2871.68489061194,2996.54162037937,2982.38295651249,2944.65788597873,2688.93532761368,6422.26139788385,3388.60261533071,6491.9238095869,3457.26748594481,2813.47607193997,6861.46565896487,2734.908553112,6781.16075187759,6467.4247004378,2818.06719361539,2927.36218186854,6554.25312475486,6338.49949499607,3351.16161444023,6903.1789490343,2646.7115747405,2873.12870605238,6729.64194015616,2997.56440616674,2704.67748172951,2702.72502288491,2628.15546539633,2987.40853215759,5575.95657184477,2752.67320620818,5632.88479555855,2962.72021630373,3087.83074811684,2743.22039338698,5659.50906270682,573.485609651072,2922.46120431384,5518.78879541479,2703.59383558481,1547.79054401141,5567.44608787554,2609.40443433447,5802.42811156658,652.025986217474,5418.80373023587,5757.07573679622,2518.38555013839,2397.77570253573,2662.73476678963,2969.00407178073,5612.83973245917,2616.60860136497,5644.18392238807,2765.2868519295,3154.4997305424,2180.4272293504,2954.71219079945,3613.04740983162,2825.90820739126,2667.16758508392,2728.97464416487,231.255316796114,2803.48248987632,2918.48973218419,603.711492634722,2668.94000445014,2675.86496015002,3071.63868728981,3623.45485537483,3210.23516132204,5724.98765289089,983.737906751156,5556.42842666567,1247.80072738144,2672.93828422546,5904.33967776546,2699.96231583,786.750795299588,5559.57917375733,2607.98602558552,2603.84167520505,904.980612792086,2916.42269138614,890.07621200545,2778.37624189933,2782.62734238785,2603.45395013594,571.590360338987,2995.29352854522,5665.54248049843,3055.59172736486,1704.8437229072,3044.24958775484,2333.70038443774,5621.23675459172,5611.37932722249,1148.43464952264,766.749506469697,2779.27614118891,1e+08,2804.37429208455,5755.77484365142,2767.36155655584,2856.95092232281,836.932569544642,5773.91649960554,2641.7959800793,5527.12642760281,2299.49846900723,2597.50471221417,5798.54571360672,5496.1898298868,5757.35043494262,2741.21339904422,3036.30891054958,5548.93658197496,2605.80630540774,5576.01278574,5847.1342871042,5290.60000042766,1186.52312799657,5755.17758954773,2663.92898351225,2882.22224207154,3367.92994368946,2546.51180828121,436.276730180984,5788.16587344937,5579.84764148504,5514.79759843836,2726.59468729662,5681.94820639306,5764.59763758891,553.644411294519,2902.81227605193,2970.25011839138,2761.71511967601,5740.29787778797,2789.61481477335,2900.93193160233,2909.40885257707,3137.93828450126,2773.88243388368,3025.99247511293,3044.44268050237,434.390710047623,2158.51536617166,1115.48934911768,2514.15236528624,2671.77731879045,2607.85985099857,2625.88585076626,2917.86459764013,1011.23664120452,3033.65609156317,512.266600371918,261.984057680472,2696.95695215353,277.431342910393,5673.1356753371,426.031740873344,2951.79998809063,3011.37427934386,5311.88604259929,5416.46334018838,2897.31370220786,2964.98630471105,5840.33657604714,563.633319810826,5774.19339660383,5471.24230392432,2649.84508488052,2723.42365499355,2760.68385186718,2935.09232283213,2865.35645010093,1017.07236454438,296.460970081558,5848.4801294975,2552.2036260598,2571.51606248783,2622.11735810342,2632.46570105203,2642.68921468189,2554.64420082343,1035.57778670591,2644.74349665491,2929.01097011492,2188.51115022435,6995.7938168172,6752.23022863541,2015.4738371558,6513.39672234512,3377.88700546601,2783.85595715668,6814.05382440439,2514.56974805681,2529.8779606323,6853.83233872399,2257.31305258504,6714.5516527525,2727.85250077332,2766.09626382461,2324.53397390923,2460.95310897888,2373.27745775805,2458.46436258516,2352.9045447211,2338.92383411833,6978.42607229169,2442.91187103056,2500.87954797635,2347.12964515732,2803.77779216732,6739.56612415098,2426.77860720369,2215.00729898871,6862.37562727955,2197.01139008321,2138.19351793509,2257.70013171629,2416.90332754436,6522.02000047224,2588.41259481519,6727.13064786498,6625.75938552041,2418.13418981904,6763.19462255597,6748.4510693357,6769.37868204157,6923.95112821637,2614.95194608527,2128.15990460236,2317.18276173817,2443.65438957165,2100.96517338824,6657.50517757591,6568.62439394117,6608.05965598762,6637.19323215365,2241.30741938343,2745.3085288078,2127.07519428931,2526.74488479167,2366.30739889743,6559.68965638832,2497.27092948779,2396.14667252145,2413.43953321441,2301.14065681534,2399.42646210624,2689.45362648096,3105.68270917865,3398.10608123445,2418.33071610598,2748.93996743871,6650.03624091383,2260.87374284631,2387.44658979973,1478.23410054624,6635.7842394676,3162.15237523659,2314.12619314868,6667.60075233915,1934.76403109287,2134.87899508393,6757.36681943745,2238.8456830386,2434.34376090937,2666.90160359212,2344.91666845384,6885.93371760025,2281.04751519277,2304.35291652624,3535.224527836,2376.94296489853,2433.55061616464,6847.02809239905,6639.96212745942,2604.25626057065,2119.85078808712,2333.06551886804,6871.48915274878,6964.88035314127,2372.18167911795,2253.87901333219,3538.15750004239,6448.26604893989,2249.66713936799,2410.10619189482,2200.96385345459,2427.54747263316,2301.23752315048,2530.81245706516,6681.52362139464,2433.5560319841,2490.30389779339,2443.67508295985,2712.47394214324,6583.59284896385,6640.43929871652,2468.00896057439,2274.20341629356,2763.42014499991,2129.98919253344,2465.63519361524,2247.49016320114,2366.77103448656,6579.26297341393,6512.88704881591,2223.67754696261,2096.43810510647,2244.12393795004,2447.35382264547,2359.0704945325,6980.34830469026,3506.64911554644,2182.22300853344,2819.48730574223,6823.94702081031,2292.39927762001,2711.95846810574,2611.77443387791,6621.33855022673,2658.37381302055,2481.75354238698,3036.3749962447,2521.99033521655,6516.80022448811,2561.59269702321,2410.68493218964,3609.80137830129,6715.97312314862,2761.80584123657,2453.42607177826,2234.80289510615,2342.15335262491,3574.34791984164,6835.76924463115,2463.53195513791,2889.06660958118,2602.2804998063,2387.99652164381,2698.72106137065
1183.69266620348,1100.29725886143,2363.75478419185,2345.10084577848,7925.52462148344,8087.35179248775,2668.84919082753,2643.58403795319,7976.2115232438,1081.94322802223,2457.24276811836,2768.76478511924,2910.06141003977,1094.99964697556,1080.91889829853,1231.20699778369,3176.67922427664,2685.77989996577,8199.67712850316,2645.84350939189,2420.00267288511,1090.26617158244,2712.08395514874,1079.46122749013,1103.1667735581,7839.65738201436,1098.03114602755,2441.31781857067,7950.92998384789,1087.98312447161,1128.12081641812,8093.28227401033,1084.73862854651,1363.38284448066,2874.54445958395,2552.29439462049,7861.79130113788,2830.86294908432,1379.92687259279,1078.44665380488,1207.74530298923,8183.99660213638,1078.04729654093,1078.43772508329,2811.2264031393,1084.11029087462,1080.21326836757,2352.27403534148,1444.08518603816,7906.36109875542,2848.98471421035,7863.36068978069,7941.64558450941,1150.81931776376,8036.84715565344,1078.51143080724,1078.5102954527,1126.88292793178,1082.15513051046,8078.62591152823,7963.07905785689,7646.89709967146,8001.26431191102,3150.90115969669,8105.75835155272,8182.52136340951,8059.60049884348,2341.54911074257,1089.08686410643,1105.22933622552,1260.67842292359,1559.32220898975,1181.19588279252,3948.4935494441,1139.96689137153,1355.2428875297,4273.23910016873,3360.74265931495,1128.71584560706,3995.81076445266,3721.64176329621,3789.01686438478,1389.65186250384,1684.17637540693,8543.59799204026,3656.63334028327,1639.72117023738,1236.52167780443,8948.80124228302,8343.58472849578,4388.03445074731,1337.47899303606,1723.09159220924,1297.00660917319,3893.18463290326,3756.56354252426,1137.09509949349,8645.67035395438,8514.86607269617,8414.17290659683,1664.3088301564,8496.18272234078,1470.32063059533,8652.26580042129,3861.29222869271,1217.40572506532,8668.66295461186,1397.82769938012,1265.2528463586,1278.3698537245,1315.65444190982,1673.58558574106,8392.64378959738,1079.00053210096,8467.32187579367,1079.24226251228,3919.96789608084,8861.53079370908,1592.903411265,8776.12592380069,8441.07301357969,1467.33019617651,1333.90725955764,8534.03512812532,8302.68242170301,1082.72524661073,8905.84007939391,1756.75135889749,1396.06730300596,8721.26228227019,1264.32357487964,3692.07008119656,3687.64952052224,3506.1305791219,1273.65987954085,8021.57226952886,401.126962189879,7973.19434235107,508.200055329585,450.409138897326,314.202643357096,8108.46404587947,3069.12079840183,297.251503751262,7984.04938325782,209.95403351525,3153.98877787627,7979.17048901994,740.319683162305,8297.99786952622,3105.11223659915,7892.82169181702,8165.50015866857,948.987617429955,1098.58577065864,721.64529982748,1084.98232419164,8002.5014446245,766.938899856319,8055.43669422216,419.247236013445,828.408694102109,3366.59522221647,658.999829428995,1055.09893148845,433.475994527428,254.954649511913,198.588398511268,2889.30371715834,803.669742397601,1060.22251770727,2894.64948114153,731.378317631905,145.679658268757,909.999902072842,928.536189000608,808.44043513968,8218.21778760869,2850.91407566759,7966.78802221794,3092.41455268056,297.160058942461,8391.98646960831,777.729927627645,2480.28538458717,8039.49214014162,646.592156145829,802.317923763408,2694.97284997877,219.070555247892,3165.57118701863,506.920951952713,578.678681202445,1181.05027050718,3075.60245256013,945.306219207655,8138.34486527209,1283.05255749388,3096.28148674151,954.11482032497,1254.2181428814,8072.66460506741,8024.58026224912,3055.62654648183,3108.25479103223,721.942197594926,2804.37429208455,1e+08,8150.55064915562,374.293682488725,124.51772874313,3057.9859270804,8193.91943563164,685.870928646171,7951.34358870548,3598.32693204279,644.126790583971,8287.64549544308,7965.77749864668,8097.89791421868,219.797133580583,507.362662160834,8019.81960296945,1036.58765148183,8009.61517842527,8273.04326656169,7665.94966036504,3189.43039880992,8254.13995498962,848.416129008387,3305.73478389358,731.787708596887,881.143200257367,2962.06506683025,8225.90284383623,8060.88573627608,7967.28111479137,211.707935876431,8136.51837135716,8277.21062155235,3036.00988269878,1036.15758248279,459.672868443026,354.972424232352,8235.07869729781,448.146999653833,628.357196893025,348.234748298208,663.837091329403,142.152469554947,435.740012581343,353.148903983271,2821.20032362754,3076.09271648518,2932.31302691861,989.719642669644,547.752735182692,794.343479358887,557.02029249673,347.501407985382,3062.96798039922,641.819845972482,2909.57040815761,2710.33413116276,831.355039726077,2732.91902371047,8181.51903283948,3024.41708828965,1004.54930881971,328.203829335628,7716.81801689138,7854.53847995808,3698.42574072528,324.192231038207,8336.06913070105,2540.90741567944,8194.5336334078,7921.84984697432,212.870308139613,179.555654814498,326.438976157745,983.261728486737,195.526900722469,3166.0087632777,2811.01364994612,7951.41871429072,776.879855825585,640.535386786496,354.271424180298,308.14292881116,570.470830896427,843.819706174681,3342.83322182602,572.784725095212,604.94725286408,4292.23626669392,8928.89922910759,8757.37598906736,4098.67150129656,8607.37070955778,1374.65029510998,724.137211204964,8912.21868191685,730.081490540095,735.009259500573,8885.40520826519,4125.96856609747,8843.00804961907,414.103672779425,697.784476602471,1264.81310835972,892.740557184013,4542.04444675158,1072.64331580966,1687.56500983719,4458.28901142247,8950.63842515988,1069.31302887687,4062.037012608,4485.43359685614,510.041159601454,8780.06486612582,1123.96468846213,4128.72526186878,8862.61081297673,4098.92126755841,4229.81158739134,4023.71984998096,1159.61072498813,8677.93631289168,722.306880452461,8727.07453101627,8766.43647183283,1316.38140230504,8816.02050770878,8934.52602356535,8872.67416209733,8937.33029316397,544.199313245294,4177.0394058267,4054.62169196693,1304.99011596564,4130.04372237138,8809.14195593137,8686.12242400714,8745.70019169594,8798.25888550601,4155.39578747629,1034.87577252533,3987.50242946746,801.198452686969,759.168692224274,8660.20006021626,4560.78836640577,785.826502361386,1259.82256891867,3939.94158071402,1594.26331879947,365.407903607199,1100.64154541082,1515.78391323261,1184.11091571394,563.193440258323,8622.14521800107,4244.71964636997,1246.18414043689,3715.56473668652,8733.51447558457,1328.96169746484,4156.97362663049,8772.31318941825,3771.62208144178,4208.62122049124,8816.41966990513,4139.32277431161,1163.66488729513,4778.44218751932,731.510783216922,9093.8066288667,784.092505464538,3939.48076170571,1523.6419973269,789.956747198374,1022.80197520599,8843.00805179683,8805.87548571913,533.860803578133,4135.86175964496,632.779270553817,9069.96124876769,9248.31248589336,1460.69086468829,4314.75380932823,1510.72650416397,8629.24717503967,4301.83163720043,1266.62365944937,4308.25335092264,1608.29746412331,4371.86868670748,809.455424898202,8786.85875574434,1159.17831464287,847.107346079973,4079.59346088066,1056.2644629755,8778.74822369764,8703.55184977257,886.464296460988,4064.17897693538,707.082157728283,4202.26244732942,4526.33675936083,4251.42321558996,1498.44944474787,8745.02632870639,8624.50685395855,4037.81303517022,4261.23739210717,4235.74997768169,1017.72933045696,4316.81321375307,8907.60350657293,1610.86797707654,4036.64020244813,848.606587281161,8972.51607967063,686.872737332329,1011.55919467455,454.746345592382,8812.53213482562,489.51227748673,1123.63644263865,1128.98613784396,510.240042933232,8588.61268957698,395.074501164273,1118.11901704812,1546.54117163523,8848.45168650126,934.213469015282,965.64814096985,4258.71099276992,3998.16306001092,1617.83955273302,8795.40941217014,1575.91337654393,1114.29753886738,4695.93621284757,1165.85961163827,336.769355322562
7903.72282815301,8160.11760411416,6383.04628809913,6402.51171985531,2392.81611125164,2386.65365733116,6071.04315086437,6096.47129933093,2389.68716317233,8459.66462404323,6286.22084300696,5971.11913576048,5831.42886228685,8187.07475624472,8447.29004594102,8942.85705899312,5572.4790260688,6054.04040017534,2388.93857701905,6094.19451376489,6324.64901853223,8214.92616570736,6027.68246463806,8425.0208561492,8146.82133462066,2400.59821642697,8171.21771714513,6302.63163673568,2391.11146207062,8230.26888942223,8052.95449609739,2386.63980651528,8486.93899525995,7574.80531891035,5866.37227634178,6188.92662614121,2398.29479094721,5909.50253773985,7549.41533098202,8341.2819207353,7850.68359244917,2388.2968962919,8361.13152754646,8400.68952584814,5928.94789031326,8260.99715730696,8437.44577272323,6395.02049640368,7455.15751659814,2394.28294377319,5891.58855327935,2398.13929382177,2391.70267820696,7985.80204249423,2387.37949493168,8339.20494810311,8339.24018721597,8056.98887007887,8280.33112805784,2386.70131435758,2390.39311357865,2429.28073191434,2388.54388688591,5597.26810301244,2386.65964643337,2388.24190849821,2386.91783297719,6406.22371960729,8222.6568795437,8137.71337092629,7746.86888552769,7298.28292739428,7909.51548047143,4852.67466922019,8016.47476426393,7587.48868290988,4562.65082673601,5396.93135965827,8051.0318886784,4809.92990731517,5059.83642849468,4997.92687633677,7534.71808842382,7140.39519303625,2428.99154340603,5119.87545528452,7195.47766885502,7792.45370759689,2536.83457105927,2399.6914647447,4462.06315075109,7615.64337942923,7093.04639618834,7682.601280799,4902.84405315591,5027.70743175615,8024.997094678,2450.20694669561,2423.7733960844,2408.14632338067,7164.87367241628,2420.5600086013,7418.22498144308,2451.71982707264,4931.87274582354,7830.58374301275,2455.55490756937,7522.48447742246,7738.51652375847,7715.00249252543,7651.22113883346,7153.41700678817,2405.34767006788,8326.54210716168,2415.87620694547,8420.82518799718,4878.5220920049,2508.39657984085,7254.79342347606,2483.26269538941,2411.91302048216,7422.39367409703,7621.38802546382,2427.21768719826,2395.74617941114,8274.29698761019,2522.49290044877,7052.67786158477,7525.10940402713,2468.56289651989,7740.20664270432,5087.11058612079,5091.193004399,5260.01916346422,7723.37404018763,1376.80205645289,8123.89125670325,964.760468499077,8157.9158720258,8411.5193723811,8026.3184659693,1179.2468629638,5673.99897096578,8302.02166849094,1279.74116140506,8031.45281622603,5530.49461747946,1401.03782946265,7878.98919672822,953.312830571533,5516.57433098562,1270.16225555068,767.314618347848,7723.2806116193,7585.33978517521,7890.6622579823,7920.83349466256,685.912404841965,7891.45483633273,860.562743652126,8166.78703997828,8303.70502927261,5623.77071924015,8129.59162424824,9055.05249281624,8203.62741473457,8043.97080298842,8034.14216579124,5680.7851784597,8241.82187111446,7893.28965886008,5744.7714917994,7898.17287319511,8054.51934340816,8105.60085486017,8899.10596944692,8375.87626997548,1125.15369332156,5736.57494232361,1132.51306164562,5479.42693075189,8069.30787314733,1172.46057827915,7856.30219026896,6259.40979499258,1505.3218881259,7895.4043715501,7842.59947811409,5783.58760673265,8235.61213727879,5503.7141213449,8149.01654752558,8047.79378493007,7546.51638765258,5602.06288748669,7997.64460704157,1224.12578461047,7880.05464999044,5595.30047671284,8422.01769395615,7384.36827407142,1514.17704318002,1454.45691425696,5572.49723426636,5618.2578526031,7956.82025647097,5755.77484365142,8150.55064915562,1e+08,8136.55354252312,8176.47804256395,5582.51453790275,704.570747135217,7915.2867196883,1369.11048477795,5361.47363755175,7952.24464524632,1117.02938185869,1488.67872420579,735.635307488959,8099.91592067779,8433.41089239243,1253.52363719037,7666.04106427093,1110.75625126353,769.142858646655,990.433980144615,5479.0605896263,1366.80980907344,8003.78082380134,6126.69421787328,8813.83595373965,7861.54304199036,5654.91562825966,757.411410253588,1326.20642992851,1817.34637254393,8037.62673088331,1360.00182317581,1376.86568684988,5685.76387956167,7882.79754126372,8191.10214016568,8142.38030612411,1096.69750788567,8031.95355850009,8082.63754493243,8229.97143606312,8346.76898971235,8098.25971650327,8407.31150669817,8376.78068431516,5788.08546679338,5885.20880906644,5654.37113460903,7694.09507421324,8001.27888237942,7851.00362113992,7982.59678663688,8192.89379739355,5591.84493052032,8243.16369276284,5691.82709915797,5884.93499019227,7840.52328758309,5818.9243483267,1391.51460189786,5596.89583776022,7962.52587696845,8340.72642168631,1402.63488285237,1612.58239400534,5703.83384161413,8340.86744815529,1165.90286224806,6149.22225963462,678.338798342595,1082.99727525701,8048.73951279431,8025.90644309189,8121.04228497696,8307.63831163656,8206.92092692387,5418.17869282932,5744.31453117618,2206.04551140017,7841.33080597817,7938.36243502907,8055.94239200356,8012.89730937932,7990.34704642891,7821.92004145928,5455.05961028831,7981.27221765062,8079.82607476256,4675.08160643187,3461.70611036533,3341.41057108848,4908.11617565984,3166.39037279852,8152.71765791368,8180.13880570211,3227.65329427088,7635.96495629246,7622.90920664557,3438.12058271208,5050.60053726805,3145.10307519837,8112.238433178,8131.15669533172,7344.32761672068,7671.62549704265,4428.47595287769,7571.58259281362,7028.19550675338,4550.7666361441,3539.38945318634,7549.47549408947,5419.71519391668,4455.61422669475,8130.55106592478,3245.99250193544,7502.278823366,4939.25769098288,3360.78117172267,4956.00159131296,4723.6661279461,5187.21624263536,7474.23185840165,2964.45395071077,7889.38076346335,3311.84907395739,3124.29246333033,7352.79554731547,3300.8100539785,2881.25693825118,3125.73517498626,3305.32893998182,8007.83402435154,4757.00487483199,5219.52121043524,7374.76839079328,4883.82151970993,3115.93944164689,3036.1194587364,3048.3007879603,2976.05478936777,4911.71790721319,7653.31016761434,5175.15017000029,7773.85326096425,7485.41868428755,3038.85365747049,4466.05842313202,7481.38066618344,7392.48659625136,5342.40654878864,7129.11028079959,8083.74355111527,8007.30062840429,8080.94991607401,7504.69646743116,8146.83742665253,3388.07600396294,4841.6442811035,7375.24639738008,4956.73366427647,3137.17934533127,7927.99165053821,5030.86729589358,3112.29754347424,5291.76285717457,4829.97295123511,3296.75571549104,4997.5466998688,7471.00589542026,4233.72512007469,7534.90460989961,3139.98312616273,7422.16908148189,5365.26275519998,8252.69830002962,7467.17731671002,7567.69534060696,3407.8679472149,2964.99819690249,8029.27601506205,4933.89534576297,7576.10680519538,2981.1183278431,2769.36356486773,7218.24828465935,4718.23450555253,8269.50267395288,2843.87676928335,4687.97501012979,7389.99680798638,4717.66717808922,7130.39926032477,4448.0489799466,7765.59276983559,3095.54827934147,7476.51534522523,7544.55446718446,5291.03461649549,7601.12306424963,2929.09098621495,3239.83740155854,7697.14344706403,5151.53212843221,8102.79745196629,4838.87357847144,4434.41420031738,4854.12470222736,7193.90636190877,2999.96456515852,3120.55195288921,5107.83295456011,4700.5974384352,4868.74708411372,7578.48397043615,4800.57466779501,3438.62349234845,8156.88208520599,5124.84153266118,8208.95402931579,3068.04772190307,7520.26223723861,7639.27837427495,7993.34690281472,2880.42023097578,8021.79121856393,7532.2065719444,7912.73729945174,7968.313375765,3201.56365155132,7999.0665060949,7478.50514302538,8352.45412557466,3090.01556833758,7722.26173712984,7626.03786046505,4719.32826522943,5282.60256819035,8244.18099523943,3389.01839206704,7178.53473544426,7748.39048279975,4292.04666489093,7453.10748061039,8084.10245634743
1128.47963568309,1050.54050830723,2309.87931368866,2291.13875600179,7881.63962329872,8043.56927255984,2616.29345199557,2590.92592870491,7932.35904089139,1042.89201074091,2403.79117580944,2716.60203680822,2858.4232413665,1046.0269222215,1041.35325846853,1213.06308265777,3125.93919542288,2633.29207817376,8155.96351253643,2593.19460511013,2366.38429091873,1042.14509418825,2659.70057153578,1038.98151909805,1053.03810130297,7795.71640420284,1048.59238882497,2387.79523730082,7907.06133171021,1040.34893396215,1075.64748028151,8049.50343677941,1046.83604992705,1305.59128391339,2822.77776267073,2499.25608251242,7817.86486232972,2778.93513957442,1322.08054726866,1034.68729609966,1151.82816011548,8140.27347360094,1035.04056151049,1036.97798475176,2759.2250578417,1037.48814964425,1040.24164286486,2298.34533356158,1386.15928039082,7862.46370567351,2797.12415491108,7819.43527894908,7897.77097003032,1096.96789855425,7993.03306752129,1034.67428867522,1034.67447150013,1074.50025014765,1036.1942990662,8034.83796382603,7919.21818810262,7602.82619009475,7957.42775881988,3100.07918161391,8061.98724522617,8138.79733816542,8015.80067861782,2287.57045262693,1041.2095566646,1054.85157464708,1203.73849965952,1501.59773195405,1126.06783964202,3899.80930551267,1086.7145215952,1297.48463844555,4225.23508880734,3310.5598763912,1076.19962289664,3947.23137869591,3672.42449253747,3739.96335588335,1331.78077096306,1626.92932450156,8500.08476730753,3607.25343237433,1582.28482210393,1179.97651421064,8905.50549365778,8299.95684803076,4340.25040577583,1279.80969798638,1666.02216470265,1239.63982993999,3844.37514815249,3707.43175010625,1084.01819762548,8602.21371897078,8471.33668886061,8370.58607431687,1606.97512893263,8452.64277573273,1412.40945696112,8608.8127788169,3812.40918271517,1161.25531792906,8625.21889393453,1339.93969286026,1208.24918402074,1221.20031116779,1258.12911068901,1616.29196353694,8349.04450645183,1034.69323393245,8423.76552645641,1038.592116896,3871.21942411081,8818.18978935135,1535.28895759263,8732.73981060717,8397.50165456647,1409.41621955348,1276.25875818723,8490.51653649781,8259.0304563936,1036.55602906999,8862.52215691714,1699.8422905355,1338.18264884834,8677.84675275217,1207.3326029367,3642.77940283324,3638.34778687402,3456.35568590253,1216.54713720722,7963.4687251692,555.063752400986,7939.69708558943,798.112175090195,543.832993597089,633.59807137929,8056.31578413785,3014.57634225847,257.873121185305,7929.47786175692,485.668040200394,3251.81282764753,7922.56159129343,807.717954259536,8263.20578146768,3125.1789028596,7838.24687672089,8150.79510076588,994.624565906834,1123.21892451903,826.846724996077,1241.29846138982,7992.06009090539,843.878750045422,8018.26756323285,145.449880858669,1072.78516555075,3486.39201826561,944.786802154202,1005.54589206101,121.75413041778,228.156680277804,517.588045198348,2863.45923148381,516.313348398069,1212.56660670643,2927.00489762491,818.75372515488,375.648340670776,1102.43328355628,1079.54776524428,1079.81943228243,8171.63481049457,2920.10502451249,7921.09290353003,3179.41784897867,199.024847694875,8347.58062558935,896.346817639973,2372.55410081395,7975.7887605786,741.97822579486,864.419359283138,2757.49703933867,499.351920326479,3196.43805010065,170.325263226555,731.955930921833,1221.0185905448,3078.97012004481,1088.6454163713,8083.61790313469,1395.14679194654,3208.48549039762,714.037176758947,1268.85269985153,8011.71401079688,7968.85592489036,3136.62350811569,3138.11021683865,839.874268593846,2767.36155655584,374.293682488725,8136.55354252312,1e+08,413.536330098084,3105.40490592932,8173.45403259732,755.485503254845,7895.3686257325,3708.69338975591,731.813430981489,8243.31093537228,7905.0361383479,8090.15970754981,204.799117682557,413.929465449992,7963.32757652733,1099.65905320896,7962.16040070458,8253.93720250175,7629.49623134202,3257.87314269465,8193.55415676766,735.914321294107,3448.99150987967,825.605338451184,814.531524026625,2953.53251212818,8203.29074324714,8003.26487678796,7893.85357255711,524.985923454084,8080.10269491418,8217.50864367474,3050.40795070364,1193.56578826259,754.708777741131,63.9617979701603,8189.28936925596,665.162370278229,911.514144852746,690.721174712422,954.175246990138,461.147779891915,436.150009921331,564.367073256201,2830.83832683899,3220.89906553243,3015.01662145505,1033.06799495697,675.746065368615,869.844966879476,648.693220033289,669.454426948095,3131.68743386181,937.267145413911,2921.09376224155,2670.74092484897,956.317312109877,2713.32593314797,8120.81286538085,3019.12625166297,1161.94749946555,575.736592822676,7657.10267517266,7787.50574206476,3818.22523656679,468.265649072372,8288.21142966727,2455.72343962299,8176.352861677,7871.24744899392,315.770500483967,427.768715813526,81.0706251290132,724.671182884907,528.321589560759,3214.59246833954,2782.57451520661,7971.19180289543,831.401323625575,736.64167459336,242.007024500751,225.693504601058,688.699002070986,909.996314592336,3381.67537225583,672.314825652629,869.291112973327,4274.65462471772,8857.99018461394,8679.21131311844,4049.14241432453,8521.75996785873,1509.26653805542,401.060239366734,8828.57920930239,932.53179581433,926.177548454769,8801.56614236192,4037.02262916098,8758.70127758238,193.881968996775,385.843918087374,1265.45746344133,916.052140016176,4529.98822761116,1084.85752477406,1670.11156574749,4446.24926037953,8871.78142629508,1077.91429967962,3928.55797890663,4467.72645970656,256.066692999041,8701.05222139994,1136.45492436128,4067.96011220676,8786.16268839149,4031.96614243331,4206.88062866047,3927.3766820247,1156.83385204092,8593.72506460812,694.815000918793,8650.34790155055,8679.6005674535,1320.32058162914,8734.3297961753,8854.01341514538,8790.47051162636,8863.23838099334,244.984096557189,4144.45285013641,3939.74305531652,1300.71864004328,4081.61337694842,8722.54574793681,8603.65366010728,8662.2971403041,8715.01592380517,4090.67411583552,1210.47879819826,3886.54335152032,819.924528282964,893.363296581789,8579.38908891441,4542.62714688594,921.312387825487,1271.44659248509,3824.55039945647,1579.5679667193,205.115976477114,1285.74036317042,1643.50483080207,1147.77238824735,258.534013448577,8543.96348031719,4188.81015481103,1255.47508980505,3706.25291850738,8650.32431035885,1484.48123164629,4064.82157724911,8690.49030867472,3677.59721859622,4163.41625066725,8734.39627631739,4053.28480932256,1168.61515527867,4776.26355901934,886.926601537028,9004.66571417347,894.509085807626,3829.08449641512,1629.55118046271,927.954499442746,1035.15230273388,8764.7698137035,8722.5009694237,265.656293050038,4080.55450318783,630.508219679983,8986.53619175439,9166.22169015182,1453.63286910209,4272.16280219968,1639.00253498522,8545.48089809494,4246.62559621372,1267.01586236358,4276.31846507765,1582.44184838988,4350.63660850725,841.915362029054,8704.80081504394,1167.97336026732,1039.46924086079,3959.24302864034,1206.07002803047,8693.06949804469,8620.82490417724,906.221850903081,3965.1800195282,390.438184213692,4165.05823327872,4510.86882743303,4188.51044839323,1495.82342425868,8660.1055566008,8539.16417424184,3951.53500096913,4247.00303982938,4194.4527413771,1030.71292567446,4259.98029342883,8839.65022545705,1707.2253147161,3951.01972954962,550.525746408778,8890.02230816064,697.290537329127,1181.58573442461,193.50146865961,8729.95206083597,233.976384694902,1140.2632156665,1302.63808311101,317.982315750589,8504.85950004457,320.780463115517,1128.7023234369,1669.03696370854,8765.1222440397,1113.02755898947,984.716500721501,4212.02401452789,3889.59301610326,1726.13384233245,8723.11803278349,1554.00997808963,1275.98779715801,4684.81134811374,1168.30887863169,224.71695862238
1162.26640913879,1070.53703521763,2371.34918320687,2352.51732709305,7947.12891497686,8109.06267724753,2678.94679556894,2653.499631137,7997.84968892067,1043.69389051727,2465.68127305614,2779.54500928489,2921.71625035272,1064.38461225361,1042.96226237739,1186.47963651011,3189.74705218912,2695.99727503919,8221.4594174559,2655.77554276749,2428.11408981356,1058.78049881651,2722.48400990852,1042.04653784906,1073.83190648765,7861.20324848899,1067.91763270382,2449.61787871307,7972.55131121773,1056.02411727754,1101.8348314221,8114.99698047458,1045.86603689117,1351.67018583822,2885.98863477153,2561.51757358895,7883.35235593807,2842.03978886229,1368.87784083076,1043.23360103218,1188.00488055173,8205.76904597867,1042.2902813695,1041.63685493697,2822.27998337331,1051.21858090481,1042.49381895464,2359.75932672481,1435.38134546058,7927.95246771612,2860.27359177131,7884.92281810363,7963.26070004809,1126.73185768243,8058.52525564013,1043.35603647424,1043.35392170593,1100.46489611452,1048.68813235686,8100.33116252667,7984.70849083924,7668.30680269243,8022.91905388002,3163.84407194851,8127.48107875376,8204.2928789876,8081.2934221374,2348.93133731613,1057.36209770647,1076.18707959297,1244.12221397882,1554.11605211656,1159.58360099228,3964.47568186053,1114.8757953705,1343.19366362955,4290.10605841485,3374.6405238147,1102.49280166586,4011.93158807189,3736.90515743181,3804.50357778838,1378.98079055704,1682.01504680952,8565.58674479277,3671.67267349837,1636.54839856976,1218.5885075301,8971.01207148377,8365.45556840433,4405.18027867556,1324.67069509348,1721.75870709123,1282.32799483412,3908.99997528918,3771.94378488976,1111.72483312139,8667.71709138152,8536.83824230467,8436.08602733726,1661.70448979241,8518.14404580116,1462.48510883109,8674.31623554734,3877.00901844492,1198.29478261923,8690.7225573169,1387.4677665435,1248.94499869919,1262.75434608364,1301.86361419839,1671.18986063774,8414.54409344558,1044.19961027634,8489.26634676191,1041.93182640516,3935.86464878694,8883.69557868247,1588.58130823351,8798.24472603921,8463.00205293854,1459.39807450428,1320.94206757724,8556.01837441667,8324.52841881733,1049.43677676179,8928.02835942899,1756.09616727376,1385.64087537211,8743.35105082557,1247.96557243438,3707.23262797773,3702.7968391856,3520.61593305574,1257.79905772959,8055.57289956072,443.933344999621,7995.76958323856,436.285954014378,387.391409187182,304.386375168392,8141.30921380358,3119.57743033812,303.6821080424,8018.98831319841,253.395904879935,3185.89069612975,8013.30545148738,759.397041787251,8333.02734832963,3158.34501283405,7927.35521348091,8196.45117994551,963.848023991434,1117.49899518102,733.345076354034,1047.24842183667,8029.58443530658,784.791527925263,8085.74258713603,458.986502097969,766.566968175834,3377.45406011457,600.676480304761,1036.92630151448,462.034014350205,334.051061353802,217.372372806653,2942.20102277224,835.857146892798,1029.18259576446,2945.9949001505,744.058888318478,236.200398183334,854.246405789335,860.502944017197,747.742002248078,8253.79576510416,2894.67796840047,7998.74181270451,3132.47536994074,368.397316861,8428.20293845485,779.251656535782,2529.89722696201,8074.5460151792,673.810386476619,817.308336920919,2735.46103196361,136.144028406575,3214.60997458937,536.066240246353,584.80653960944,1187.06770736459,3127.84489424049,904.116207197794,8173.16252147808,1245.28070064307,3113.44076326791,981.750251928977,1267.07525710819,8108.20607964863,8058.50590296963,3097.89901312812,3160.46128094336,719.113170126366,2856.95092232281,124.51772874313,8176.47804256395,413.536330098084,1e+08,3108.56127751182,8224.25160106468,704.277008936164,7985.67853027104,3606.67237122219,676.57433203213,8323.36653979313,8000.88363428625,8120.3116363947,272.319399188344,491.318241312596,8053.43859417074,1044.97141185783,8041.92783515503,8304.41580735211,7693.12216198621,3234.77632017644,8289.86771417294,867.204697649088,3303.45353963832,710.197826123321,903.114418541669,3013.88845907605,8258.28753259177,8096.32757754528,8003.48422548641,243.713748867741,8172.00945221678,8312.55487684959,3090.52498971789,1003.75933855207,385.220453124687,401.38369844849,8270.36309802752,443.15274609802,575.696015306015,307.516312273672,597.350720423053,182.503004981342,401.540444452811,268.891141777498,2873.95531468266,3079.95809860673,2973.53820652311,1004.84187301068,577.664867871946,811.784178458824,591.919036204183,280.923551361461,3109.90389262809,575.131410600122,2961.40881953703,2761.84094677536,832.16984094899,2784.23788089359,8216.84347998948,3076.57426963434,970.639973326819,249.532765897259,7749.5294316772,7890.16112419411,3694.72085959024,283.189857544897,8371.93127978082,2592.40940000641,8225.31458544425,7953.44720484047,307.916297764918,199.299739450013,364.288377144614,1014.44501597698,157.927249084347,3211.48624311687,2863.1243465906,7975.46635280025,797.693320207398,675.698043856636,412.256780135843,377.313102403031,603.517171711999,860.494566310744,3394.03496758938,604.038381314143,547.40853898314,4327.75577887515,8952.31756357544,8784.97131248517,4137.07073324846,8639.90691115929,1346.78117479045,750.983988801048,8943.06782678858,716.829006998097,723.603516966873,8914.85780022461,4161.18638047182,8875.60769092451,444.396587777467,732.056353437591,1278.00079838308,911.48232581329,4576.97143549995,1083.46165266789,1694.26755341161,4493.65922432244,8976.86471098901,1080.33433082821,4094.03602734794,4520.06279882216,534.451671850616,8808.8451953383,1135.35254328696,4164.40857985794,8888.93235319357,4135.1031198978,4265.81992275809,4058.82535227649,1171.98869891062,8711.2627245147,748.018524690257,8753.90630182042,8800.12593358968,1324.09877700144,8845.53135082929,8967.96209772773,8903.71578922221,8964.00373649806,587.108560454221,4213.10991182944,4087.41204355677,1311.47148458234,4167.34584475097,8842.90491597126,8717.36422241091,8778.93125180859,8831.30260715415,4190.82572505719,997.370200610711,4023.03180069288,820.797132542259,766.914557266056,8691.16890379314,4594.62396872667,781.851114015767,1268.17102989702,3974.51766624868,1599.55892440477,405.736682951947,1065.50278967492,1488.11723782991,1201.78698425351,602.064968569549,8649.0562154076,4281.23656174421,1257.16248236013,3755.36186659239,8765.51746141072,1298.6210300124,4192.13485066835,8804.08510805606,3809.14053608238,4246.4178043744,8846.83345112698,4174.98543482787,1172.29258871552,4809.70925949958,754.871263469979,9127.03615666292,800.780940033414,3974.26082957861,1492.03634615296,792.682758264795,1036.07203022882,8870.02718159496,8838.91853807098,585.799591485063,4173.73231344375,669.892515927489,9103.64315356695,9281.40520901446,1468.70561498652,4350.98017385692,1479.3982589039,8663.7135025467,4337.79777819048,1275.07201886881,4345.49206085484,1615.01884585959,4404.18918169908,827.420302821945,8818.38593507292,1168.76745268923,833.278413730433,4112.44036137156,1026.8189561177,8813.11682396732,8733.95199003971,907.94637938226,4099.30128864933,735.083742959256,4239.8618381608,4558.77534618756,4287.49976714877,1506.64847897384,8779.1881931547,8657.50518600549,4073.64960519791,4298.61505832003,4272.39161739401,1029.99869258224,4352.32029711558,8930.1253670586,1581.63597630512,4072.28559627152,880.462280159282,9005.63593230402,724.022199279958,976.523374425492,504.247308951108,8846.26541585457,511.585017390122,1133.52295356638,1091.99177239785,567.896057184205,8620.53211011155,456.790301023117,1129.11114787667,1513.45333636127,8881.15249458891,897.744587588321,980.434480388296,4294.36811004183,4032.4503372884,1586.48877879462,8819.95327378129,1578.98778513192,1078.06600456961,4727.39935928981,1178.73899866817,369.319435936884
3374.39168249481,3547.8384893124,2684.7179074994,2688.60043086369,5886.88002527123,6033.29254849696,2644.43584008911,2646.13547775691,5932.64979540957,3763.93401508882,2667.75212704435,2640.54776310576,2642.6520963326,3566.72734237004,3754.75142802019,4137.09845570509,2670.0614112992,2643.45945476842,6135.38857802545,2645.97162405967,2674.01443265974,3586.36484366157,2642.20036009598,3738.27889780522,3538.56521764882,5809.53536629664,3555.6021257106,2670.35005650943,5909.81044940916,3597.23490817903,3473.93879612897,6038.6735663554,3784.2454931841,3170.62881522463,2641.29570292598,2654.71520408333,5829.4488344193,2640.38635904932,3155.89195761071,3676.95524500461,3340.01731693488,6121.11382990751,3691.40157319496,3720.35895166986,2640.25208135706,3619.11514900233,3747.46127102228,2687.08774864897,3102.54301542379,5869.59731064253,2640.661596128,5830.86141197527,5901.42808836302,3428.64137846404,5987.51066580286,3675.44693534234,3675.47252097249,3476.68551055584,3632.95603242337,6025.37706459359,5920.78336454463,5636.8370233314,5955.30260040027,2666.11312876702,6049.997190204,6119.77121390318,6008.12663588091,2689.3585431057,3591.83732556021,3532.22973866166,3274.36354776467,3018.77152242622,3378.17878862401,2903.56598204983,3449.23195278176,3178.04721408268,3058.95308511245,2705.99651255747,3472.63082813196,2924.3649670753,2813.42290652973,2838.48621672199,3147.43132071229,2941.30358808543,6450.17027624969,2790.67157372653,2967.51187569674,3302.92046104003,6824.76128176628,6266.71862610081,3120.48635819073,3194.64794092318,2919.50190899537,3234.85034243025,2880.10350928084,2826.22797884223,3454.98289113386,6544.17657755556,6423.75467857918,6331.34367677833,2952.83961652462,6406.58859343156,3082.24230642707,6550.25940099988,2866.99997705134,3327.13514381072,6565.38653263776,3140.42841982213,3269.17831576391,3254.66026300812,3215.884297159,2947.41816591718,6311.61931240747,3666.26468322126,6380.08881930004,3735.1829611062,2891.3494097048,6743.77549900121,2996.72234662238,6664.67945419351,6356.00578151234,3084.51629605545,3198.05749168802,6441.376082761,6229.33282136064,3628.63020693929,6784.87382206826,2901.45847834803,3141.92796979194,6613.95398692797,3270.22636750932,2802.89671584113,2801.34843671079,2743.62055009622,3259.81548241192,5489.67179242474,2967.96666810841,5511.49269622542,3123.89262651639,3380.23613869563,2928.2795089472,5557.31523451708,1106.04457637662,3231.9356009496,5417.0491385093,2927.86824812015,932.099741395741,5472.0803558431,2802.35562594038,5650.95491096419,302.828065875725,5316.83436200148,5570.71747221168,2704.25500469499,2615.50275531217,2833.57743169431,3086.09763101215,5421.42350775024,2800.96983507989,5515.17099947015,3111.66331119787,3275.3430292468,1689.16027498465,3073.53673823003,3937.06305559984,3175.35198636848,2965.44976872835,2945.9369116207,683.973245537325,3210.05293274108,3040.52102584908,379.794218245123,2848.72175555066,2935.36249384339,3189.81227208217,3853.62552447181,3314.43514440542,5602.17071538516,473.423233061601,5440.06953703272,625.03502018017,2985.58430795988,5769.65316083034,2860.39053279848,1502.3783322125,5479.87368042689,2793.40857152071,2792.89772576812,599.949159673037,3163.11040939601,358.559001072924,3143.52156817173,2954.78619208168,2763.51214022174,543.027187908953,3145.90487230418,5563.01474014324,3168.00663658895,1192.93362297525,3432.5381108462,2538.39017839299,5526.6978788993,5508.86351729341,476.078889003706,329.636055610588,2948.09482979457,836.932569544642,3057.9859270804,5582.51453790275,3105.40490592932,3108.56127751182,1e+08,5605.89357872628,2841.18574753448,5431.65586905338,1827.71266978441,2800.37301074823,5669.31582225038,5400.08380358811,5565.776989551,3045.93812794164,3374.96929592453,5456.91635645175,2772.26074709315,5462.72692919336,5673.39206085226,5172.60573579952,462.617506160106,5663.16166166431,3027.77215418562,2496.88187492947,3643.016359407,2873.20082331595,589.166186883453,5621.38442519623,5479.66119424884,5462.29709432101,2935.91239446913,5578.15028673078,5668.47560165826,469.418539617741,3024.87504792746,3143.94427346693,3096.81493826743,5612.88006966976,2963.401193787,3021.89089782417,3090.73185850495,3267.22260573927,3001.5339233917,3342.06610200247,3298.43892466325,477.624527744071,1680.12676473841,502.00433871222,2701.67288493714,2864.12495645997,2786.60061034224,2846.81098274856,3111.07259847023,298.856351384452,3160.60801845778,451.530103657678,893.220533039998,2848.14338481066,752.024999434884,5583.29020424958,554.646969777963,3080.36558506458,3257.59549828407,5235.62769748653,5353.9973970158,2519.95414642676,3246.26491047514,5716.38276818641,1301.18076187583,5600.44556013982,5368.2607666023,2927.36595187602,2977.98758477936,3090.4394706953,3338.74203431979,3089.8402447036,390.050175698952,757.610567972059,5516.10397208766,2757.10365799608,2772.26406928628,2949.84957397634,2940.18859544799,2833.40488412244,2742.36536332624,426.598990117073,2849.09385790121,3064.87982757052,2116.95963296312,6967.6094672203,6735.8180376323,2163.34995081052,6508.65302099571,3466.40453305901,3193.94566946541,6802.74024703982,2652.16925905183,2667.74072085632,6850.29406668203,2567.1137064408,6704.74153923199,3081.33133877512,3157.99474087165,2541.03416303147,2691.4253582753,2235.49634934548,2678.84414241414,2538.94606992426,2228.53583372192,6966.68958014105,2664.44979262314,2927.03888803489,2249.38590654338,3153.70383536619,6720.30789203704,2641.04711414836,2415.6045878132,6844.22487336224,2412.10917767916,2104.97827590416,2604.22900617181,2649.0100459717,6509.94500632028,2883.77780533761,6708.00693198159,6622.87121734369,2634.54770730248,6751.43858254868,6718.94675543351,6751.75198554611,6897.05487794408,2993.60356597973,2159.60422840393,2711.57532334695,2667.50724694848,2242.81552386618,6652.84811855343,6554.3085747922,6591.1967084983,6622.1533422531,2454.39883520476,2834.98785119455,2500.32528494684,2765.77665294916,2547.04127807573,6540.38243885699,2429.90591115896,2581.14770337531,2625.44981518028,2693.46051232867,2588.46054243084,3029.26668341115,3186.7907584265,3472.92134729908,2708.8024833467,3124.52969415721,6640.23961504926,2425.6601876529,2597.99035188154,1360.22118297593,6623.9863016196,3230.1453686139,2630.07523202502,6649.93142394906,2293.14044635527,2249.26078708395,6744.89168301784,2534.31606648306,2654.17927778059,2450.8203960758,2498.17983885756,6891.99258988578,2481.11419644359,2695.21349224469,3637.30856446918,2554.83377719663,2654.76698150426,6832.78096737271,6625.4715402532,2981.0225649282,2298.82648096229,2619.23553153239,6853.00509701831,6938.66342370263,2587.30860338671,2335.90704031108,3622.02171271809,6432.89461684528,2402.21744333625,2626.66523825526,2229.46007922264,2620.36259847256,2226.73142803132,2746.69214992611,6665.28621362198,2651.29143349202,2603.85308927558,2840.88030344706,2818.71061852719,6575.49606186628,6630.94455308351,2711.19804995276,2616.85135534844,3160.22078992969,2204.16879901783,2368.48055826076,2449.40607469389,2571.00838115068,6568.58995363484,6505.50788068264,2529.01055639982,2005.94638605973,2334.69251760944,2667.83035586306,2515.16820808277,6951.38192488893,3605.05178843189,2495.49743044878,3230.59302339589,6801.15325318431,2568.11326216236,2810.92708368013,2968.80036954619,6601.28215345728,3029.88949547791,2695.66656145865,3118.74512119804,2883.72409425602,6508.90465224928,2883.59266032959,2630.25358891424,3699.22867621739,6701.36338061337,2873.98308338067,2668.05625615495,2339.97490551996,2708.5462339789,3666.7330975479,6814.83888178263,2660.2516494319,2975.81750873003,2452.05746790367,2612.94274128259,3031.91099589987
7942.99579410208,8200.17854512942,6416.13780972202,6435.7038608085,2332.67788965844,2322.03046765989,6102.41892828073,6127.99459099228,2328.11579677157,8500.57866272278,6318.80109894965,6001.90095550719,5861.34014659271,8227.2153331582,8488.17017937235,8985.01363966543,5600.63931159287,6085.31673186728,2321.37566406558,6125.70465595037,6357.43436179337,8255.14840573932,6058.80333508753,8465.83969387558,8186.84277875605,2342.93860315555,8211.31152102256,6335.29983095711,2330.25192767072,8270.53585158878,8092.69294264663,2321.85758485454,8527.92737387805,7612.97910120927,5896.50590221038,6220.97436063457,2339.99064154285,5939.90633389155,7587.49975996475,8381.86699401345,7889.78632139814,2321.13486196002,8401.77248580493,8441.44097697094,5959.47198253484,8301.35312968229,8478.29885443637,6428.17399829863,7492.90419841451,2334.69261845943,5921.88070028836,2339.78958551421,2331.1060660371,8025.333446634,2324.12675542251,8379.78415664681,8379.81949529135,8096.73963197048,8320.74272618377,2322.31285508141,2329.19074752741,2377.36420811841,2326.27327205085,5625.60434453431,2321.54420473674,2321.1177534246,2323.04416312332,6439.43496792272,8262.90167699876,8177.70767615775,7785.63079967876,7335.44551430391,7948.80688324744,4874.7639564811,8056.10122078666,7625.70684775218,4581.61754743451,5423.79018607213,8090.76446139726,4831.58824776597,5083.88843448318,5021.41317054098,7572.75048301416,7176.94037925999,2353.52033282214,5144.46020477015,7232.24175183619,7831.36653270297,2454.44805434265,2328.60605295132,4479.82714289045,7653.95946830116,7129.40031948046,7721.14700004743,4925.42735594281,5051.46797392096,8064.64981643542,2372.74205561824,2348.89369824038,2335.44257880407,7201.51660898459,2346.07201362816,7455.83667218617,2374.1319410514,4954.73625961786,7869.62128015847,2377.66431915377,7560.47338443147,7777.25056965721,7753.65771662832,7689.65980577435,7190.01428813994,2333.12955073243,8367.08548896649,2342.00414273174,8461.63243667151,4900.86745903935,2427.27489468946,7291.78899941001,2403.49707430477,2338.61248416592,7460.02067795985,7659.72399421894,2351.94188340784,2325.63227493605,8314.69125613162,2440.71392045642,7088.8664029185,7563.10765550947,2389.73096095461,7778.94633327881,5111.406499356,5115.52515241372,5285.79032241012,7762.05738875676,1119.81243356552,8162.44437049549,965.080105969807,8216.0721719853,8465.86948242592,8075.09179036733,908.718524667309,5686.5314977609,8344.4918159629,1042.61392646276,8075.90262440445,5577.40733886237,1141.1785502762,7918.38011234793,710.718975422926,5536.6082707727,1065.84191876353,247.178898154022,7762.67568711908,7622.24403310185,7932.72357667476,7974.5812315116,646.376567274417,7930.34807283092,590.393114974383,8202.46847946739,8372.20702757399,5703.99357469605,8190.972345555,9093.69891190107,8240.40878597799,8080.75199660216,8080.48602812289,5698.47802913593,8271.40671843225,7944.51523944491,5769.8399974143,7939.75100477318,8095.99708573057,8165.93757319603,8962.20736719771,8436.80925494982,892.631119744195,5769.27068582166,871.218380203081,5519.43415944753,8106.12160580735,939.992662019955,7900.43028215895,6273.70294724227,1280.28324488536,7935.71224419835,7881.98921028202,5823.45564650924,8288.2109861094,5523.65659465238,8183.75223184463,8090.46968654702,7582.49721903172,5618.91182574679,8048.11153124317,986.52068032422,7933.85417999587,5670.96400690563,8444.30683935419,7422.01445481638,1267.14320944597,1198.25367710432,5607.41806028707,5636.36982673121,8000.85352494618,5773.91649960554,8193.91943563164,704.570747135217,8173.45403259732,8224.25160106468,5605.89357872628,1e+08,7954.26277616326,1120.07729675262,5448.47766260325,7989.379230284,840.286823448997,1278.40207247392,883.864985265403,8140.81486379713,8477.63500495553,1027.66912814078,7701.30987577676,886.540150759016,288.203511286997,861.454692911617,5507.30760381349,1136.41544206083,8039.03241207286,6202.66649229762,8863.11618162576,7895.99543654866,5671.70135897124,419.218018699038,1112.32331591426,1604.19963767886,8082.64225050744,1118.03428071704,1163.11351910442,5704.71597226754,7935.30486926161,8248.77335108615,8178.72931114063,850.707464405236,8076.00508562791,8142.22030099062,8283.160722421,8406.86920769147,8143.19957853815,8455.87795266323,8431.65140629233,5810.40311877855,5972.32605836317,5693.40555310652,7731.41392757001,8040.58559813031,7890.26005596563,8020.18145022245,8248.63799269686,5622.32855552086,8304.34006777908,5712.70105984074,5904.9235969815,7884.4731868784,5837.43267440248,1169.25207090587,5615.03874392421,8014.00119269023,8394.9498470543,1191.88345498731,1367.88905994394,5786.15670162824,8390.78911136369,928.037614774701,6164.0839237536,185.788252979636,884.900006378773,8087.24529493304,8073.45053806875,8160.1095114832,8331.09715079687,8257.75142911511,5445.89835979573,5761.43090239384,2214.44086163922,7879.01058716485,7975.84861335038,8095.66278564251,8050.5259720773,8028.40230247131,7860.58727005287,5471.91300383076,8019.14460966753,8137.871177898,4671.28701461809,3321.42178079138,3187.95119011662,4899.24832418476,2990.11597441231,8202.19427507845,8211.16394175633,3046.57887265,7690.22503785221,7678.00237452436,3264.91840248203,5028.0271747556,2960.74691336313,8152.2867941933,8161.07071474774,7384.26462858359,7710.54398231551,4427.68510563377,7612.10988348921,7058.61064616711,4543.85493857464,3388.09689824791,7588.92328614743,5387.84502705489,4450.49051680991,8166.74420748821,3087.35558790837,7540.57462139315,4922.93641004081,3215.06131161931,4936.71021076899,4717.97703397693,5164.98716958346,7512.02249542991,2779.39101283963,7926.19068203967,3166.56397682517,2933.54492727146,7386.40227781318,3131.10996027326,2692.34768315407,2949.33762843562,3151.08505452154,8042.17500426437,4746.20986804011,5196.20501011819,7409.3837834058,4868.68519754568,2919.69221357902,2864.26411742012,2862.77297022862,2789.75862673202,4895.24108481542,7716.66971458592,5156.55242525083,7812.79778859506,7534.41971590077,2877.34202912546,4453.71687752569,7534.76338290749,7430.18025226898,5315.50002299485,7161.02097743323,8125.12826266508,8066.05717289622,8126.86341004682,7533.54618072888,8179.6562808366,3242.25723575621,4823.73182928693,7408.74163614356,4973.69949506874,2961.2702379477,7985.3640237396,5005.88469497494,2939.15146837574,5277.35013715426,4814.42878499727,3121.76980595409,4975.73449268136,7512.49030597512,4238.86476341594,7581.14967647895,2932.37482398569,7470.44515511216,5341.8054640711,8296.12637014281,7521.65785457633,7607.94561573897,3255.56061378383,2775.95560127164,8063.5319613376,4916.9987009445,7616.91970855571,2788.80531389567,2577.22318297213,7248.04594753901,4700.18933611468,8315.1369380219,2653.78368586661,4671.03098884466,7427.93816500425,4703.85333338021,7166.4876488733,4444.12096486707,7806.58935282937,2918.62514978455,7516.58720125545,7602.67243215428,5262.81642826985,7660.81568930493,2737.61310461626,3071.62450865022,7735.54502012931,5127.29028346953,8132.93769104262,4826.414797025,4426.968939629,4834.48757095047,7223.94809559901,2807.96952550612,2941.41914110082,5086.68558303905,4701.02487376423,4851.05646407094,7619.37474887291,4779.49566326522,3305.59898273035,8197.6791563705,5105.55219348468,8235.81058832507,2881.26418362676,7561.32433359582,7701.21968550507,8028.92780336176,2692.3076097447,8063.61458044041,7567.45882674665,7973.91820997463,8003.8992829033,3035.79162070508,8038.2920942828,7517.96843410988,8397.00149089517,2902.35710232618,7782.55944474303,7667.57477501388,4704.33202111078,5256.6545326631,8285.99155972444,3249.1931999524,7213.83738704498,7810.03087756625,4285.53245710052,7491.89691667461,8125.9692183063
1116.90897084925,1101.80255042376,2118.93367133984,2101.02493186305,7639.14670857,7800.79621100309,2414.09175169718,2389.5141588916,7689.77690767993,1164.77855829602,2208.95606582827,2511.47822091629,2649.64951935025,1103.99900606305,1160.58337533789,1412.68704828817,2911.49510158534,2430.5730452993,7913.00378808139,2391.71129900539,2173.04512413315,1107.01667202476,2456.19626285486,1153.35753604862,1100.98314644612,7553.37781014196,1102.62033882364,2193.59156920134,7664.52352754556,1109.00150267698,1100.19456789396,7806.7203642114,1174.47041532028,1225.99272627668,2614.87345647727,2300.89058575353,7575.48610024459,2572.14302500111,1238.06438432809,1130.03750320185,1128.0402566483,7897.33943804682,1135.00257593769,1145.94663185811,2552.94908146184,1113.65903757845,1157.33746517391,2107.90930859651,1286.807360055,7620.00488155777,2589.86472167093,7577.05367913269,7655.24953062288,1105.00773956554,7750.34598097453,1129.53861329002,1129.54704498381,1100.04802382508,1117.05152953363,7792.07966419924,7676.65903926628,7360.84932601486,7714.80203006674,2886.12501418846,7819.18316972547,7895.86572552714,7773.07469829843,2097.61725684139,1107.98825438901,1100.5228489757,1157.32318327919,1380.24231652565,1115.85508893537,3674.57166855504,1102.25461373904,1220.13909282646,3996.96563551666,3092.91683039497,1100.2701058224,3721.51088442918,3449.73437449968,3516.47360071065,1245.26359974263,1487.36239378894,8256.58985186719,3385.37291720248,1448.66389215492,1143.2721891265,8661.44246898108,8056.766756556,4111.04946430088,1207.57585411764,1521.66496134114,1180.17366392864,3619.72194112966,3484.32232630472,1101.65500257292,8358.56971276452,8227.88451030903,8127.28642648713,1469.99951040759,8209.21857269783,1307.4940461087,8365.159283161,3588.10322228333,1132.94699276034,8381.5418807777,1251.37197969948,1160.09468436346,1168.21808844487,1192.57253709139,1478.09353887699,8105.77803930428,1126.58221497511,8180.38482815123,1152.04327108214,3646.28044589824,8574.2439091055,1408.550890393,8488.91125506837,8154.1608324864,1305.11655622224,1205.08661917069,8247.03580707462,8015.90486863982,1115.95469462455,8618.51645902217,1551.62135869678,1250.05252996885,8434.09500954986,1159.52900890158,3420.45277309488,3416.07617327016,3236.50818538312,1165.27202711297,7751.88534604071,404.815730006504,7731.33452398048,742.044064921058,1046.99581854652,618.229121626033,7848.30686649876,2849.10526662573,823.402639485227,7728.57725014554,624.653688977244,2880.66682724345,7721.57002559285,134.959199056654,8045.59346451065,2893.70001187239,7630.95290950389,7929.31396538729,396.870519929707,670.914888921051,261.076380836027,938.806102754418,7764.03154945624,202.729870989582,7814.14565983729,761.20392400119,978.503600662723,3046.12598752057,725.493874091186,1452.17360422335,809.777625218227,669.074257526661,624.272236995084,2700.42814886008,949.606933440125,903.320580714602,2716.60627651231,268.84695480254,657.783607353728,771.606581750659,1366.71881062225,869.597613169079,7968.54082840931,2656.8026216311,7714.44712729744,2888.49554502254,672.460311347213,8136.34015747625,454.807254183288,2314.13674510537,7763.83131505435,171.585707678053,232.76543606781,2523.14510198949,810.934053775347,2887.90375193708,805.562916476432,292.113999168834,916.359723749143,2838.52353519192,821.631364050626,7882.75254617133,1159.15454112523,2799.09616710404,1031.21945302311,757.448935124164,7798.32645127954,7764.38939039287,2852.12505872831,2862.36905467844,414.913137669548,2641.7959800793,685.870928646171,7915.2867196883,755.485503254845,704.277008936164,2841.18574753448,7954.26277616326,1e+08,7695.27590411678,3277.94975596149,220.074658739663,8037.27836431522,7692.5603177617,7858.3476468186,719.785097401159,1028.08151095975,7755.41116594949,720.88461984926,7755.89988297679,8036.64365129092,7428.63044344416,2942.92432624046,7990.82373209105,839.542800625269,2930.39347819201,1238.2078983352,751.511365741771,2734.63204928186,7987.55728796546,7800.38193314359,7678.12621524536,601.364451854709,7877.15584735561,8004.03743604674,2841.54897967383,875.699921332799,751.594859065257,756.431548120963,7976.68976829446,401.41184422077,672.984456510081,757.758848896844,869.391663974124,620.026117516471,975.835594942199,898.848970834767,2626.18553693346,2771.25741250201,2733.18232844113,486.843795121837,222.72893816881,275.513333996584,269.165899293056,760.61964339993,2855.2607064458,789.361575082976,2683.63086841144,2520.58268420853,534.468896332446,2534.25400234482,7905.9410665201,2820.52301595166,864.957970759865,890.942624173805,7452.82562220525,7576.59530460553,3342.24441437781,913.587674834873,8081.32330091124,2385.54341227146,7959.40933408904,7664.55292247831,644.52509627207,730.607506956917,758.384870132165,1024.50819040058,741.488117950257,2916.19921071463,2632.96261556231,7627.8565499712,174.264495207668,246.371639124834,744.273252805032,637.243352372851,229.45107060759,228.768397145577,3070.26018917302,194.765890870168,645.14080195699,3963.11754819071,8605.95952981956,8429.70240406496,3845.77984357112,8277.86988222099,1101.31086945484,945.414954965151,8588.24837266022,668.397446825439,670.151808591589,8561.08914672554,3902.94935022155,8520.28867892908,861.59324900329,880.776031886831,821.096009175686,453.259254639256,4188.73423732507,566.151150956551,1302.6946811663,4124.31311423515,8624.98350338884,558.837036730582,3844.2534412981,4147.41560598946,836.773674470734,8450.91618666198,632.105825205531,3889.07052517169,8537.0519873522,3851.4523938266,3914.00041531794,3808.12775518369,759.507889173794,8354.01753513445,602.217196545364,8398.17426290519,8443.95636988718,892.388441333371,8489.32742069061,8612.24891066831,8549.2449317869,8613.74965781245,806.501019112293,3880.25805589731,3839.53727674108,878.254249852067,3878.29488700762,8488.52647192648,8359.55644622254,8417.99216198674,8476.77427388948,3915.33810685508,835.180306413096,3771.10516764717,360.953011905887,703.33788834947,8330.44073850418,4240.86399249801,776.378590344025,813.906546703795,3713.84366124515,1214.22842386191,833.613129221695,885.064813483391,1242.70297671335,978.607926600868,860.479700302949,8293.98600142558,3995.42992441484,808.539470511892,3376.40122955074,8408.12865386171,1055.08188391602,3934.93944237305,8445.03299200334,3534.39033907499,3950.3322439985,8489.56474064615,3911.0923592089,697.984380092305,4377.5201633312,634.048421610523,8787.99141894768,760.973930394331,3724.8203823126,1271.77628780509,784.97584727678,507.054142664445,8515.90615083044,8485.9965090513,818.199659232604,3892.60505228455,691.787212444737,8753.26476071959,8942.65678398517,1050.16443460878,4046.05870799841,1265.41156655992,8308.58986542022,4055.8130408043,822.964177235195,4024.50411036873,1284.76403143004,4020.83516514661,240.983394630249,8461.52749733295,687.664008341425,746.074844828178,3862.60779116589,830.685705333867,8460.9480586269,8375.65765368513,558.195837237674,3839.6255756114,890.880855081797,3934.84188677001,4178.11183376131,4015.40684636843,1094.29779717392,8422.95718908728,8294.63445199913,3813.11976948044,3934.08421516429,3966.45773906285,504.924009550026,4064.16750432093,8593.49485365828,1352.09632643255,3817.3857275556,963.054306569984,8647.08251174465,714.218859829338,787.399360806824,770.289516104734,8492.32197986772,862.849644275526,676.605448855106,890.114428324885,783.976903860163,8256.9468875065,794.630000129297,633.666328480247,1311.30007325963,8526.43754924851,773.277346038318,414.083055090026,3986.26175571441,3772.31369064171,1377.32658450053,8473.47647681335,1232.56634778301,878.250112097606,4320.15917054206,740.954073085668,825.838776216264
7672.32694728366,7929.38611661433,6147.29206721439,6166.81665265427,2255.21538475715,2263.25012116031,5834.33859059739,5859.8441393794,2256.46434355256,8229.68115814094,6050.17193105235,5734.11106627292,5593.99939788347,7956.41182703359,8217.27627665193,8714.01727652667,5334.28558497939,5817.28411557003,2275.7069023305,5857.56042159403,6088.71713932348,7984.33381043918,5790.8460530903,8194.95242389363,7916.05594089212,2255.74759941782,7940.51448964048,6066.63271353341,2255.69646336699,7999.71529954997,7821.94803039262,2263.76773711618,8257.02213907092,7342.52464917442,5629.04779916297,5952.58117841513,2255.29171176206,5672.30806697739,7317.06486738659,8111.00644849565,7619.14749101765,2273.6330732038,8130.90534567661,8170.56117862931,5691.81216736101,8030.52096686349,8207.40785973271,6159.30266836111,7222.54611395689,2255.04537056418,5654.34003250578,2255.26779036823,2255.48686555461,7754.62127903622,2259.47925727325,8108.92431067227,8108.95963743286,7825.99282708132,8049.90347302899,2262.51706776852,2256.02948742321,2269.0422475094,2257.50947319731,5359.14641936937,2264.90785878138,2273.44352883589,2261.03676587085,6170.53992863513,7992.08406689566,7906.92471677977,7515.05558302542,7065.23094594009,7678.13485610805,4612.67821088141,7785.37380329273,7355.24279892179,4322.22618342683,5158.24166727138,7820.02045402069,4569.85443829193,4820.28123165833,4758.23075158332,7302.32712759607,6906.8921354665,2347.64899727916,4880.46320190164,6962.13282563227,7560.76256988653,2492.2667165371,2299.73386335235,4221.56234106472,7383.47452406473,6859.4066326568,7450.61456272835,4662.94606474445,4788.07823184999,7793.91824994725,2378.31793457409,2339.75875851488,2314.75391656814,6931.4410348901,2334.80628481187,7185.51055531192,2380.4387683456,4692.03436799827,7598.9942551316,2385.7834197007,7290.05975399247,7506.68076184366,7483.10337625355,7419.14924639349,6919.95143235188,2309.95098556027,8096.22994725022,2327.43458688784,8190.74643824768,4638.57562267691,2456.11841945025,7021.61794461291,2423.30561628842,2321.02613886707,7189.69089837977,7389.23485479368,2344.98615970552,2291.99638114751,8043.85419822068,2474.1480379413,6818.92104218473,7292.69192903823,2403.61373627214,7508.37542738698,4847.61959997425,4851.71173500209,5020.9610677184,7491.49750075106,680.597635928269,7911.06709480494,1171.59161278922,8003.91097761957,8222.60769161591,7849.4219470725,599.902606228394,5427.54429930295,8081.08257644461,433.642918723319,7834.00174530039,5443.96731139779,243.017327439595,7660.43982581311,976.354042425276,5339.81651136601,446.633880714642,1204.99861551652,7512.11403514116,7360.79944899307,7682.49957175709,7779.29058365592,1347.361737997,7677.45196999846,723.669111918277,7922.50252582398,8159.97703594341,5621.36563991126,7983.01867761519,8799.96967367706,7954.93378764965,7821.26986668881,7848.64021807402,5455.59837161333,7951.62574097963,7745.653728228,5586.53804663169,7686.92748197978,7850.73592181645,7954.19787282472,8740.57810554077,8233.442443954,715.591576860873,5602.67356185611,427.63758994501,5378.40541765676,7842.57552430045,958.414744710586,7660.40967656687,5955.50766372301,643.432964232288,7678.80809074745,7627.61429048522,5650.49934065284,8057.53217445644,5327.60624567654,7891.07839827145,7841.2042313771,7349.23375925875,5411.16076179661,7839.2307836643,560.319921462716,7733.18415304616,5562.29549998766,8116.75140930598,7173.66346775572,699.719529679635,370.352531664305,5464.0530074134,5447.75362266118,7756.21799958019,5527.12642760281,7951.34358870548,1369.11048477795,7895.3686257325,7985.67853027104,5431.65586905338,1120.07729675262,7695.27590411678,1e+08,5382.54100629618,7733.24695697795,800.270313395049,705.663350832596,1532.83001870467,7881.52337627558,8204.15287470773,540.388345564057,7471.03329202889,321.397804915121,1191.6927333309,905.672814686792,5344.01604268992,719.93205344927,7763.22462262087,6168.44152642825,8616.73711468363,7623.57099746783,5448.92467026048,1069.74078718904,525.958793884508,917.669927288249,7847.50295205087,461.680174212281,843.668943638947,5507.36124535585,7735.97486709167,8034.87387206042,7904.53108765669,851.186993292021,7835.20694526972,7930.56334034891,8064.51827087581,8202.96601555492,7903.23810572294,8194.66162747002,8198.88348419242,5599.14377476525,5896.568579621,5546.72610577168,7487.26775139163,7786.68685334232,7638.82816251166,7765.67535090435,8029.59831824074,5463.89873296083,8096.7481724285,5507.81651309731,5656.97236297557,7650.59684070689,5604.46270339859,738.397316254652,5400.03637016916,7811.60347664199,8165.14295612309,610.524538388247,782.017255890616,5787.51859765045,8146.36090157315,857.24593194024,5869.18432018659,1167.34999670493,525.753858065241,7834.71168737663,7835.80394486708,7887.55864623685,7996.98890347533,8027.79123899702,5266.41370726143,5520.05053542718,2597.0151642028,7621.67514821805,7722.19797094257,7831.36048412424,7786.36905854882,7774.36404434684,7606.2673347548,5284.85357527803,7762.10281431694,7921.3655531685,4426.84199381852,3169.49531050149,2951.49226852832,4632.2723115277,2654.17785770225,7991.88759317386,7902.37975058741,2746.31746470252,7470.21256097524,7456.77765242361,2993.97772629311,4701.51837496379,2630.70015742604,7875.14520566044,7849.56662464184,7118.55837570307,7446.80391565936,4192.16245589542,7352.55560582186,6815.40270478566,4309.88899657712,3178.03112441245,7333.40183896752,4981.58835753279,4207.19938763448,7871.74994200611,2835.83664983861,7292.37170434216,4631.10501555571,3007.53433370195,4631.83629763311,4467.72058558368,4832.12210392517,7243.67965815873,2422.67269648051,7661.95972464628,2944.41165553295,2574.79038623452,7143.29996412274,2857.97653549936,2381.92645660614,2655.79443152543,2959.11872402884,7752.7351390677,4479.74168519839,4833.0165617533,7163.50471226936,4597.91192457215,2558.53428030633,2540.71974458405,2530.36404134168,2450.97262184494,4598.7270338489,7511.09189817207,4818.23927754271,7548.2050665556,7306.13767440987,2579.65588618793,4211.54071936909,7310.74609552768,7187.14966488947,4948.68705681232,6918.54833614029,7855.80089403713,7863.21490577655,7927.68650657239,7265.74935021966,7882.39703552389,3006.22672893282,4537.07376273539,7169.53467680184,4725.64238929194,2645.88521863459,7794.15029167415,4675.71870784335,2636.17210109868,4949.0543180869,4551.28577620567,2844.11641557136,4652.71037511624,7254.89089751543,4040.73684194576,7347.65989656471,2563.3585134208,7239.08622993987,4985.67752970975,8079.08506785004,7295.88489573632,7346.3506536889,3032.78603644901,2431.69803320396,7777.54345507509,4641.7540454812,7362.28342228469,2457.20681771641,2241.39689677434,7001.24207872672,4434.55047652474,8108.99163103256,2281.18015707596,4392.06085802247,7168.92154506098,4449.32910295114,6917.50818819998,4191.64100392027,7543.07243389544,2615.47134110574,7263.47971941572,7387.42095627107,4883.63728214691,7449.63191512238,2356.01992252484,2777.53917903947,7474.56008953667,4784.29691302489,7821.22504002548,4571.57236752957,4187.10501029957,4551.98441427128,6985.3422727202,2445.42644534719,2604.35194124453,4758.68398825092,4459.4194346758,4581.17969491847,7358.51378314986,4488.1652455765,3162.39556091321,7987.24882083459,4788.9295638113,7912.49835622542,2570.37687501016,7306.9661452068,7492.1596165923,7748.83489911713,2340.09529396937,7783.77205869222,7327.2413854829,7771.32669020572,7727.37733847534,2719.71824168461,7769.07943308295,7265.67718665967,8189.28699657959,2573.86080764386,7571.90477865651,7403.7026131121,4425.28699706803,4891.64384116323,8080.7934084732,3070.62028343198,6967.12284723799,7604.783535021,4062.21558578138,7225.31968775374,7858.55400644381
3676.37583490733,3862.2930397098,2851.08825461579,2857.49309405235,5592.41794368641,5735.6951107719,2767.89733657244,2773.25312515794,5637.18323764819,4090.39753059065,2821.29052036445,2749.41189603745,2730.58461129599,3882.36831594001,4080.76694207281,4478.36185719294,2718.15086765126,2764.46242461165,5835.73276910356,2772.76293528138,2832.70150494508,3903.20838353282,2759.37093714642,4063.47839447802,3852.42631307026,5516.82373588902,3870.54791171404,2826.09603330963,5614.84228283018,3914.73099781162,3783.45013491045,5740.96510757322,4111.68290091638,3453.02374989929,2734.51366958785,2794.90482908233,5536.2800000055,2740.0849210147,3436.58525547081,3998.97030235399,3639.13324953166,5821.73982600295,4014.1883826876,4044.65226396551,2742.8555071352,3937.89733208751,4073.11761965788,2855.01202922379,3376.66143276297,5575.52050182926,2737.6745652813,5537.66031963372,5606.64425642475,3734.86184775732,5690.86959338464,3997.38062051127,3997.40758773251,3786.38970707096,3952.53338919541,5727.94346433026,5625.57504902079,5348.29217243219,5659.34723587064,2718.04929460441,5752.05604150585,5820.42381349785,5711.05227323936,2858.729970321,3909.01053806377,3845.68112916995,3567.55319810453,3281.00497930424,3680.46987487009,2843.14680060668,3756.97463508531,3461.28140492148,2959.41863791423,2726.83606583388,3782.05006863533,2857.95595884333,2782.98775280051,2798.93670541587,3427.1263302061,3190.31309047217,6144.75181873716,2769.1847097984,3221.28359726221,3598.76439873384,6513.45639672997,5964.55688164071,3008.27361834075,3479.71975302717,3164.28742472874,3524.15463337634,2826.80549360569,2791.04772884912,3763.14278904032,6237.19008435309,6118.78872056211,6028.00363561043,3203.98542205411,6101.91956763579,3353.67083769645,6243.17366064655,2817.86541499526,3625.13642539379,6258.05511802603,3419.28498555687,3561.87259115795,3545.94466622289,3503.22888463612,3197.56811598131,6008.63521393904,3987.69970035735,6075.88269286511,4060.22729126351,2834.58708097655,6433.66465978424,3255.44308255647,6355.7748249701,6052.22516302177,3356.25171484025,3483.49998875644,6136.10767833421,5927.86889521647,3947.96054074108,6474.15197502262,3142.54615851648,3420.96501382847,6305.8446360188,3563.02111138036,2776.51389754779,2775.57401913815,2743.37118358462,3551.60442771111,5461.23649848443,3516.64488092764,5288.79345335674,3470.20702122446,3885.64870514585,3389.52685912832,5497.68263784651,2513.24723503313,3789.92232436307,5387.77227858436,3471.86340912773,1027.20670151598,5400.51535095809,3205.48635813972,5594.22592547141,2013.20020568287,5290.06553685912,5418.18523378987,3036.03108057557,3128.61201796752,3167.7471794667,3136.83884521584,5222.32836791493,3189.73192301894,5369.8880725104,3745.17867798568,3498.58922591389,356.936607768547,3354.26603484451,4495.03572154654,3782.65345680832,3578.94100226279,3447.09717014716,2199.33903010428,3917.70480006669,3111.26080834356,1963.56373947409,3184.62417456165,3520.16746166215,3282.13165576864,4241.50733547462,3561.07665204919,5564.89572484666,1607.59805053415,5329.24969655254,1444.52194233069,3613.47027141203,5736.03266631467,3109.52857956739,2736.48677337651,5520.23567369199,3230.46765880022,3153.5884531127,1664.97711613558,3655.89255424097,1762.150643849,3774.64369294655,3324.95675952728,2975.04316438292,2117.40001911439,3258.92369045335,5536.57019212347,3203.20897699181,850.078554978069,4102.96606841794,2854.6839164256,5505.15736776579,5438.04428107136,1511.37268330562,1980.37611903051,3212.82375259704,2299.49846900723,3598.32693204279,5361.47363755175,3708.69338975591,3606.67237122219,1827.71266978441,5448.47766260325,3277.94975596149,5382.54100629618,1e+08,3335.85832952897,5621.24858258389,5379.69359985452,5305.90382300716,3634.17146390739,3956.4093403201,5436.32522260381,3004.34249520816,5372.33597263767,5517.60189821357,5024.77521503499,1489.77742050117,5678.35749487775,3701.51480673811,1406.62054187824,4188.01005922427,3535.8945862822,2144.3186154309,5495.96327391846,5466.8811503393,5524.08939129212,3439.8612466095,5546.3522736605,5672.91452923535,2154.72906317023,3094.96969962922,3518.04201349182,3712.26096852552,5576.97415928663,3359.9606888337,3310.68708435483,3543.82364258588,3583.467130898,3522.49469838269,3885.83304394958,3766.90330596342,2072.4535289159,730.078039429719,1510.33306199343,3016.29864776317,3339.67914463265,3138.04971895859,3398.96235324716,3543.11435354012,1665.93869933277,3460.75838120297,2058.50399051827,2325.9469284803,3070.24332948591,2205.93726809358,5595.78925818872,2139.95431982888,3173.21865588104,3741.50025196981,5196.11370872502,5377.19563276759,1184.75716719733,3775.03699727268,5679.73061213584,2598.18268273081,5444.47900920096,5290.05306812211,3543.96191364934,3507.27207368832,3682.79054722709,4035.99873517848,3589.75065350604,1571.12939354002,2209.71632455284,5079.20148408689,3221.88501959592,3316.3058410409,3597.46911887319,3567.32899973692,3341.97765534057,3148.68377012637,1855.81847645491,3360.51756427166,3341.45655732128,2722.46566486093,6847.76509769477,6704.63876702776,3061.63265349308,6552.1182907951,3448.54817847975,3882.32024829002,6821.38386152929,3004.65309060833,2997.08338910061,6863.66601876555,3399.96559846168,6746.37953509429,3711.34709924709,3818.17401608555,2938.66927921792,3203.55552310022,2665.16986420902,3041.24693822087,2769.25237936484,2766.279242482,6923.53130072525,3011.17287475613,3720.33297107746,2743.67382438654,3747.20030954024,6697.52458058648,2951.17484026733,3214.06476902932,6796.94473510667,3218.83741442891,2780.91126939568,3446.25774360727,3099.91325441846,6554.85217134384,3522.45842297201,6664.46745235815,6685.85426369145,2920.10884371309,6754.84757405157,6731.2248463544,6760.05274126109,6833.93775719639,3667.54837327622,2869.66451226458,3526.26589201885,2950.343113244,3091.55993599742,6717.38819008636,6572.31730787985,6624.86625621402,6659.90295278359,3234.14893175048,2950.94960903775,3386.6042724512,3281.60213385109,2966.80532260464,6544.1707320878,2903.62814911262,2991.91265885722,2912.4557269863,3518.85850264025,2822.05778371211,3670.35665674374,3284.62489848087,3387.71309226148,3310.74775923249,3791.19567916305,6608.45184305595,3218.46924923897,2885.00988562291,2142.90742002581,6649.37082516236,3188.77311174002,3440.50196605761,6666.00250064971,3222.64746914962,3094.70254553655,6756.4753389996,3365.63734668075,2991.73698796471,2424.45040539658,2953.55435939256,6979.18091962627,2955.95935137321,3540.48681474448,3573.74655459435,2976.45246960918,3049.90844207455,6795.32657743245,6664.00401863388,3679.97548022061,3174.93939933327,3205.40979944012,6890.26194416795,6972.89454328456,2858.67876285797,3097.2493899103,3553.05776553852,6483.03665776448,3177.85046191314,2956.16089681362,2997.52672519383,2851.67174943714,2564.44143927967,3180.55451141912,6676.61747640083,2982.07423021498,2897.32653727637,3629.70536774711,2969.87816616888,6640.19546693297,6647.78120559387,3283.20988279747,3449.96176904731,3810.64420046959,3038.19561266779,2693.11486277017,3266.87933485688,2831.17743543454,6625.7771654594,6551.98853989434,3367.35829748471,2690.53209232156,3119.60145609909,3051.95497424821,3259.414222335,6830.30993140429,3515.4789437678,3360.98646126675,3923.54550213229,6818.47788685556,3158.54072482477,2929.03890619812,3627.9193137941,6641.6347384145,3651.5578889596,2992.27699052493,3170.41303718214,3601.28131527919,6540.81053514709,3571.42448614378,2963.03068561114,3625.38431321497,6731.87352518601,3071.03428016844,3064.50051246482,3064.06463895621,3519.64260005662,3573.66758606871,6735.21632974231,2887.85825420869,3038.98608680774,2607.36461300375,3048.92942252636,3657.62213514088
1246.10330297464,1220.06500471791,2231.53772487949,2213.99813732781,7713.85654691854,7875.15790599249,2521.17816545347,2497.02182373713,7764.37620296206,1263.14996039131,2319.766657004,2616.9573645309,2753.00689646265,1220.72986100071,1259.86791316881,1475.49308548067,3011.27982904373,2537.38057530651,7987.13180887192,2499.18104150429,2284.55888757535,1222.09880024756,2562.57585874905,1254.27319321136,1219.97676339455,7628.27813288413,1220.25999660509,2304.70105099095,7739.17778556489,1223.14799164147,1223.86147992069,7881.06956174678,1270.81466445898,1359.36580322729,2718.74824094702,2409.97236277078,7650.33692950751,2676.6686222928,1371.37871109563,1236.90691093859,1258.62032770667,7971.49969929592,1240.4905588929,1248.62406480899,2657.77255920663,1225.87649317432,1257.34508109336,2220.74011198368,1419.54760161496,7694.75687779385,2694.11835863604,7651.90100952857,7729.92405982706,1231.4593747062,7824.8148431226,1236.55134507972,1236.55734704566,1223.53242532428,1228.01969809542,7866.45978038044,7751.28684190995,7436.19261497983,7789.34719792711,2986.23266982214,7893.50613502717,7970.02902626728,7847.49511546585,2210.66117892557,1222.60130996937,1220.00779287284,1289.77265381795,1511.04749168216,1244.87981518713,3766.44584132578,1227.49401872861,1353.52465413755,4086.29970297246,3190.52148969638,1224.02339640242,3812.99106207526,3543.62529263074,3609.74241695162,1378.52413604353,1615.4156685144,8330.04014785134,3479.88387445977,1577.74201763502,1275.03405171958,8734.16037946896,8130.60448044574,4199.57005938561,1340.94703648836,1648.79677196493,1313.26026407399,3712.06787064941,3577.88825055808,1226.53967652931,8431.82912195519,8301.38935403563,8200.98534236993,1598.51522974324,8282.75908252008,1439.87528456087,8438.40651127442,3680.72684096677,1263.97448041956,8454.7589045359,1384.57711861811,1292.64842150555,1301.03039916588,1325.83816621806,1606.3941246226,8179.51904660772,1234.46350809595,8253.98073838189,1253.26433082995,3738.39639243704,8647.1139589167,1538.65985441467,8561.9330896033,8227.80745428668,1437.54167593418,1338.44750862818,8320.50421791613,8089.82409158716,1227.31559108541,8691.30889540949,1677.94453397127,1383.27035306773,8507.21590074834,1292.06217880024,3514.62327720223,3510.28882238647,3332.53425561888,1297.99813164228,7788.66090401348,315.202877750942,7774.60877668056,757.974206321378,1015.80959330153,590.069209034128,7884.71769677672,2797.17571335383,787.196953851868,7763.37895206631,574.855484483676,2888.7180824155,7761.51180001319,296.036522913537,8075.91780313617,2850.31306602674,7664.81076501791,7963.78317174161,533.378518535127,656.949952001521,422.707715634761,1074.54422890296,7800.42681829209,329.725827974406,7852.97614342263,713.036075963979,1027.18930834442,3096.45707761869,753.760958915858,1400.53677674156,780.151479158027,624.148066404609,594.744599597609,2657.83210608478,888.950313519033,1038.59773286154,2668.45668935101,438.979983204063,592.283769793171,905.647693684721,1351.40154848621,896.478150814325,8000.18087008232,2627.84684605155,7753.83613712031,2872.05465090113,618.008901247016,8168.35904730011,612.095256074884,2260.98677590901,7795.40051654084,270.983648559486,397.183159775868,2497.0835720408,775.749727772096,2857.66643833848,776.621245493477,385.120377995444,1054.01388684983,2789.85375753128,961.352804624019,7916.87612531798,1296.68733548468,2819.677376687,993.880942886172,850.374011248682,7834.2806583551,7803.5394941481,2826.33172067142,2814.76204530488,575.485671491463,2597.50471221417,644.126790583971,7952.24464524632,731.813430981489,676.57433203213,2800.37301074823,7989.379230284,220.074658739663,7733.24695697795,3335.85832952897,1e+08,8069.54586951239,7727.03481048787,7898.57144393548,680.043742683677,980.086027019852,7789.77218737372,859.846477005196,7793.63309438274,8071.49255597466,7469.61733765071,2923.55794909153,8022.68873963316,761.109170823317,3029.68203717279,1170.51430867816,670.746098239266,2687.98749656745,8021.08201126805,7834.10181365916,7712.06036348503,570.513084000462,7913.07747140992,8035.5938338187,2785.08020862954,1011.5397253317,756.11699362742,721.70792397274,8008.68257752151,449.034403406074,706.138110012667,710.136505201388,873.517136592117,582.016932820081,930.371416160767,863.553013756397,2576.14576447795,2814.71418508446,2709.49150253924,617.091837618847,214.319259992635,421.857014782022,144.321268470736,735.187064220484,2820.07586171936,796.33103623818,2636.52056051384,2471.62547651422,678.520919575658,2486.99950505991,7937.09331276815,2773.24559004834,996.501292966793,846.428839285838,7492.52185202955,7612.75619394023,3434.10494494306,860.937541136675,8113.71749987398,2332.30564804723,7994.3213367915,7701.43337552131,575.117856150008,706.853027568172,733.469022566052,985.533885800775,692.228972908936,2897.71268574852,2593.14058432894,7684.93992640867,226.535279167877,59.5684483190229,676.165099727131,588.643675103164,150.750719785673,318.706407434172,3031.14231779075,128.968454985494,705.505572369986,3948.22774819872,8665.40197083603,8482.15204508349,3814.65443541436,8325.15892502719,1271.73321434652,902.549608445604,8635.34065035439,716.686877230133,742.542750724545,8610.33598475965,3883.94248392262,8565.28632049972,818.11617292594,859.471679497976,886.381555145829,475.576060135376,4183.60209596808,666.040215839069,1403.7634434444,4111.79407790885,8678.92970123488,677.419069298438,3834.73507541817,4140.4849603325,830.194314377129,8502.68549819304,758.233004403059,3869.5777814531,8590.34412108377,3833.72357083826,3895.93656604207,3790.33111409351,806.571173818774,8399.49467745894,534.779904340568,8451.39413790775,8487.82936862329,997.54376456302,8538.54772976004,8659.33985543916,8598.02942780042,8667.72513642468,764.708829955008,3863.67033080088,3825.79222528477,989.168396464133,3851.90503755264,8531.4671643924,8406.97360989294,8464.62183408139,8521.81043253666,3898.51636154014,960.778596638412,3748.66723110246,384.399908451466,755.630555357429,8380.16666879027,4235.99916243321,824.459036572873,921.121744337866,3701.61357795279,1322.66174573165,783.596301886042,1020.73666433256,1416.73133875639,968.455551524123,818.510791553577,8347.12725713091,3974.23575980664,928.787374705132,3362.44897186938,8456.03238231916,1221.95339891942,3919.93093450747,8493.27580954214,3509.36835950539,3922.34850898697,8538.36982905522,3892.59893195147,796.663380305482,4398.60991627116,667.048478622667,8825.4946252418,795.881919680821,3708.53252981006,1444.8453574755,832.1983167656,607.225225228911,8568.96617436786,8530.54382218681,757.647270557943,3864.08599043355,702.802240451467,8797.09258904514,8982.74483450286,1145.82943364202,4024.56787085676,1434.4579312454,8354.12587921961,4037.76013891416,911.34216861644,3999.67236298353,1411.86667080288,4030.76399962615,370.138477572622,8510.23477075619,791.547321252625,818.286949708477,3853.08870566013,959.345541083406,8503.58954023541,8424.18984052028,528.961730801782,3822.93971998836,874.830757298405,3905.54943900639,4183.92183501195,3992.48076463589,1192.3089298621,8466.93644813623,8341.58256256127,3795.03738762215,3912.73382890439,3941.62076958204,611.381172114681,4047.09388000191,8651.77538754136,1525.40758510795,3794.56526857841,926.552302531337,8694.746913071,724.386819843717,919.098622758896,730.682771484341,8536.79272586552,834.146681032503,806.787635943646,1038.87027240704,704.78255615077,8305.42229771851,710.831590072852,748.099943034358,1476.53492124641,8572.55134313435,882.476578188811,530.999461086978,3970.88769386722,3759.98605800099,1545.60907301042,8528.85383939201,1355.69022530831,1027.85185102408,4333.96450968768,793.21336672573,773.527349336949
8047.74913162656,8303.62671559664,6530.56325104388,6549.97958863856,2496.68359242132,2482.79720127904,6219.35960021896,6244.72178276271,2491.19056414079,8602.59446822565,6433.98345841487,6119.69597888172,5980.37237784105,8330.53064907527,8590.2432999981,9084.906534845,5722.10698152076,6202.40102851365,2479.44562021366,6242.45089841947,6472.3138557164,8358.32730305716,6176.11168757904,8568.01634995654,8290.35677590738,2508.34604780459,8314.70488844024,6450.35245107517,2493.80061438407,8373.63996214185,8196.67733545523,2482.49097674789,8629.81739842378,7719.52494253542,6015.22382336985,6336.93838835007,2505.05786038588,6058.24078202271,7694.18989267477,8484.43753952429,7994.81940619864,2479.60273588514,8504.24900491916,8543.73133521792,6077.63513642082,8404.30822755133,8580.41768149771,6542.5072471586,7600.13782547838,2499.03028172982,6040.37382707391,2504.83212490537,2494.82400605771,8129.66059108653,2485.98744050628,8482.36456451199,8482.39973578838,8200.70360014943,8423.6045888782,2483.27392341001,2492.51407090027,2545.1216832318,2488.85963300776,5746.83044820642,2481.89375413505,2479.62271064552,2484.42124668661,6553.68223761862,8366.04285950329,8281.26687887827,7891.22158240827,7443.6119541135,8053.52987665263,5004.14730899472,8160.27115494215,7732.18093936625,4714.76661695385,5547.02292276418,8194.75859431387,4961.50335984194,5210.80021461674,5149.04574792066,7679.52454521866,7286.08313397674,2501.2657902801,5270.68689964262,7341.03949079767,7936.71075666448,2587.00947868881,2482.71310874641,4614.37332067814,7760.27506829169,7238.8435211247,7827.08993506599,5054.19631791071,5178.75197739505,8168.77626606278,2516.9104922227,2497.60843433196,2487.41103324869,7310.5054470324,2495.40760159338,7563.2866799362,2518.06251418323,5083.15443951902,7974.76128539637,2521.00020513389,7667.31753531035,7882.88681652191,7859.42243992916,7795.77665046091,7299.07504516542,2485.7631861753,8469.72612357472,2492.2837326112,8563.82865614585,5029.93297650151,2563.30063271166,7400.22051678418,2542.82617299243,2489.73434267656,7567.44616407185,7766.00738706271,2500.01186971127,2480.92136338735,8417.58217446169,2574.9907893761,7198.5686366792,7669.93675018933,2531.12843896515,7884.57337313373,5238.00538540006,5242.07744559602,5410.46920716462,7867.77628944195,821.386587978037,8245.8269301539,1216.3716162036,8335.91875925103,8564.42680432792,8183.24804084825,619.162782686917,5694.14212112025,8424.67041867267,538.841191050804,8172.07042205264,5696.09441037887,829.498069729537,7999.5596266782,413.398809836285,5580.62017779826,664.364043434428,935.754132375919,7844.90068451878,7706.37772370553,8020.73856657317,8099.88154498828,1088.806895019,8012.35301804455,712.273220895655,8268.90873733852,8493.03838686735,5863.803534826,8312.04857449191,9162.85255946991,8307.20709353562,8157.93620140784,8183.22166702883,5722.13017734277,8314.15776301749,8067.35221285283,5824.1348969455,8025.10005796899,8184.53037939376,8287.41503118988,9074.18978231866,8559.83234713608,257.929805804827,5855.47568354252,748.634828941875,5628.59549820954,8180.04648632663,392.913444005825,7995.22547245502,6272.16914864714,906.492237543877,8016.84137061793,7964.58548288782,5915.30064173502,8392.20507954403,5572.00858785997,8247.24913642871,8180.59908217964,7681.26172676282,5653.49319441587,8168.23822502942,462.991530643158,8063.05379070519,5818.64044393645,8488.48323443213,7509.39677845747,854.790297339205,871.760731747685,5706.20431258863,5683.1417428715,8094.33987492839,5798.54571360672,8287.64549544308,1117.02938185869,8243.31093537228,8323.36653979313,5669.31582225038,840.286823448997,8037.27836431522,800.270313395049,5621.24858258389,8069.54586951239,1e+08,846.94522255077,1334.31498049194,8222.86271388869,8554.61179142768,687.203865429934,7796.92809110997,654.460156695118,856.911468081686,1025.85299596573,5585.89294233392,626.823130883904,8108.77751215935,6395.49317133751,8951.95039712315,7970.55296525808,5704.70743029417,762.024573412263,591.067786124374,1258.20631194194,8183.38892274145,547.386654999222,693.319509404735,5743.18520940648,8058.06740408605,8366.33920405538,8248.89967505847,382.6026395398,8176.28417004323,8261.6374088029,8392.83406371532,8528.68144100511,8239.97085813028,8541.16405218443,8534.30887949993,5852.22362076945,6144.71851527586,5794.69855769947,7815.068817953,8123.61132748949,7973.05818239043,8102.06649375955,8360.99182549923,5700.73877576428,8424.98130378382,5758.75161112282,5929.831522461,7981.35322945448,5872.22177258312,709.626320242147,5649.53363668775,8134.54741420972,8500.27146056199,990.497664987621,1056.78092542745,5985.88153729667,8484.17600659268,305.552775191352,6168.72139025179,839.956026814638,649.752694806273,8167.78697987628,8173.30066089011,8233.84094911801,8371.46325322222,8359.59150071366,5515.25744797583,5789.12090889652,2483.34453223454,7960.43546230639,8056.10347968518,8167.09835642695,8125.64789144773,8110.49331167218,7943.04072667222,5514.77633059428,8101.05852802207,8257.23535856491,4727.73325580647,3360.60867624576,3159.5674734212,4938.37912834411,2873.86266929723,8329.66109199116,8263.15391978627,2947.28652778525,7808.61952235641,7795.57984434296,3199.15449762852,5051.59576578317,2838.92188747143,8224.63770995968,8214.79338990875,7472.93672988496,7794.47565860267,4482.13433394271,7695.94587612262,7161.39803597556,4604.53998046911,3373.91617143388,7673.61557395459,5382.52075058515,4508.45034044593,8234.17142058853,3030.64225631697,7627.4128309052,4965.28713067785,3201.54693327436,4975.15582883319,4772.7212521849,5188.07942706066,7601.60391017062,2639.01839469211,8005.93201160431,3150.09771125157,2794.2290528624,7481.61607683161,3061.38401665929,2545.89714576731,2850.70692087345,3144.65288527271,8104.32663255906,4799.18290309662,5204.84426953805,7503.31783407728,4914.38179055276,2780.57736065437,2756.57986451916,2732.40962363229,2653.1343477391,4935.51717757771,7846.10134773821,5168.92782340354,7894.91114808788,7645.18944268898,2776.39584096156,4520.18706338004,7651.24429318992,7522.56449551796,5326.47528736887,7261.73045913918,8199.23815411463,8194.65612943075,8260.60911821476,7623.33935052628,8239.95167192999,3231.78383992459,4863.7703571176,7501.65238790022,5015.83059249549,2855.52893756032,8117.77494500079,5029.22627488896,2833.86428330408,5295.13386440097,4859.09204209592,3047.49700762525,4999.88130686244,7599.947128637,4302.40772721836,7683.13131454695,2769.66563495252,7577.7848032101,5354.99912795966,8423.2367950027,7636.38012450234,7691.95366133708,3231.8932234736,2639.1019430632,8124.58581394626,4957.19059753786,7704.10508659314,2630.11047511605,2374.81988643484,7347.2086227401,4750.02082492017,8446.23935082098,2498.16938749115,4715.69957871723,7519.95301065142,4752.48117405736,7263.25758641215,4508.91146416157,7888.01057367538,2814.68233648136,7604.02046777457,7724.96202761371,5268.66140637112,7787.17224202568,2570.34122232651,2990.91754995972,7819.22886482819,5144.8962677151,8188.45319315984,4875.08958840177,4494.19802399089,4873.17616430132,7324.21163844117,2661.14580623317,2816.83926592584,5113.12905333392,4750.05884707376,4899.28881867759,7703.53986943157,4821.74018251665,3363.33262443326,8327.7736765989,5132.32132952155,8279.03319663418,2744.91904085553,7650.07282914765,7827.88392584082,8096.90345402463,2535.93131990927,8133.38747299745,7658.60742475013,8102.01195971776,8068.37699181072,2935.01432899045,8107.94153399946,7604.94536434327,8526.37311699635,2781.95415317553,7908.80405054978,7749.80379123271,4752.33723251132,5270.01286116778,8418.28825205225,3277.10278950479,7313.14855415961,7938.97449743631,4352.80008004365,7580.95461254129,8203.44193698614
7701.85570362684,7957.06836327534,6191.01074214624,6210.3085022184,2435.06667374805,2444.27808151538,5881.90403514334,5907.08041052017,2436.77890738513,8255.35452530663,6095.04103743495,5782.99894014117,5644.8168982612,7983.90697724235,8243.02967871335,8736.74637876146,5388.95336598823,5865.07130458728,2457.03724613661,5904.82604728654,6133.12518928445,8011.63700954085,5838.97962309035,8220.8504762999,7943.8309486473,2434.61787238864,7968.11953906648,6111.30419552033,2435.79074909076,8026.91333874738,7850.38704140402,2444.82212052355,8282.51996685344,7374.61482562874,5679.37342970942,5998.64479639611,2434.43832549986,5722.03512235148,7349.36253130853,8137.45567241001,7649.07404193202,2454.94613815146,8157.22287327171,8196.61819428518,5741.27238431322,8057.50962374938,8233.22510703533,6202.88163781404,7255.62707010111,2434.69904131491,5704.31457124082,2434.43338164626,2435.49486111769,7783.54537234658,2440.23448307576,8135.38735264926,8135.42244490452,7854.40296554343,8076.76122297888,2443.50401339381,2436.2323113714,2444.83546017473,2438.02110499609,5413.42916235883,2446.01399752338,2454.75455544448,2441.92544922774,6213.98868918273,8019.33422782454,7934.76344948098,7545.77731456424,7099.66282428373,7707.62050683156,4680.37278924137,7814.0752711279,7387.22987379167,4396.42295702976,5215.74436329433,7848.47323511671,4638.45447682923,4883.81949255581,4822.97242571225,7334.74557008745,6942.74689534901,2527.44843678761,4942.86416661041,6997.48370440827,7591.13239780902,2666.37155464532,2480.85582207589,4298.22701674884,7415.23402347817,6895.70112821491,7481.83988324218,4729.59950459121,4852.23705971755,7822.55817893219,2557.02554094657,2519.81712447065,2495.54033788914,6967.07086283101,2515.02109512328,7218.90414044966,2559.06698939191,4758.0957632226,7629.07303416984,2564.20982459209,7322.5791082543,7537.46744391291,7514.07370457224,7450.62368830607,6955.68633308567,2490.85544449089,8122.77739113407,2507.87219912026,8216.67183346508,4705.73093401625,2631.73134804022,7056.43523546925,2600.25948655553,2501.64611656659,7223.0490320688,7420.94813723896,2524.87421941759,2473.24375202825,8070.75273545937,2649.01162070288,6855.59536831122,7325.18960189122,2581.35103347408,7539.14895468256,4910.63765255874,4914.65243602743,5080.81534784724,7522.40231194743,618.410950737307,7910.00633016734,1321.27957411267,8021.84464461682,8244.1726936065,7865.26243339801,606.768200247523,5374.81721108233,8092.03987754772,642.918583401779,7850.86648626283,5441.74322621679,661.347828469913,7654.87037180537,1005.87726558838,5303.13368905263,552.636406846045,1398.96014018673,7497.84268511578,7356.06863391134,7681.34724666712,7780.47231795845,1486.63562122206,7668.46247642656,966.348915308013,7928.22515930707,8183.56884016038,5616.16706258819,7998.2531807796,8807.00388153025,7962.86473677057,7829.88224168626,7863.92680057123,5422.28523832342,7945.68453218895,7745.87367989964,5554.96223628073,7684.17097129976,7862.36404387915,7966.54155651293,8762.21092046274,8247.75116579218,828.14287150085,5596.65244498023,830.289315919351,5381.78099925746,7848.10679296012,929.31377834654,7660.40480471954,5916.72579961398,650.931234095889,7675.28250958994,7619.76475837915,5652.47778208685,8075.01519821489,5285.91206417556,7899.51902975799,7844.71374599272,7349.86671112291,5362.06969866636,7842.87205383753,597.306350865465,7745.32312776632,5561.60955573448,8110.40569628698,7158.19670585149,489.027781953101,747.343582222026,5456.94913085142,5399.46530641423,7757.81971417119,5496.1898298868,7965.77749864668,1488.67872420579,7905.0361383479,8000.88363428625,5400.08380358811,1278.40207247392,7692.5603177617,705.663350832596,5379.69359985452,7727.03481048787,846.94522255077,1e+08,1667.09283353498,7894.93823097902,8217.83009587044,583.749031145127,7462.12542609149,775.477738021039,1364.10157394665,1094.72661420986,5325.17115629904,619.909834627855,7759.47745486019,6168.87098000718,8629.41930551255,7620.87875758847,5406.04723196275,1274.90962658728,547.802822637892,847.917604903029,7862.86007337184,676.509466247762,692.550174827224,5464.61907152243,7736.04765523335,8052.27166112433,7912.41749776354,768.474289681588,7847.23404337836,7945.78121608149,8077.97198765287,8217.45430113159,7917.79023720706,8208.51826959724,8214.07874548635,5565.78186325862,5902.01232604338,5540.23888902732,7469.24988751107,7785.10588962683,7630.49423745513,7761.41867798296,8046.96998598009,5443.02881499019,8111.14579327153,5468.29309814051,5620.18616701711,7648.90224800546,5569.73356071072,592.837854050085,5363.14975062387,7811.86209111162,8182.50002804537,655.354684842154,676.299510958857,5765.69419467932,8161.07560652591,814.799352311221,5832.30818013784,1334.44849535989,601.771560518178,7842.72471757151,7855.84793615088,7898.45906886839,7989.48509687297,8041.95179333037,5245.68443282048,5488.49976850267,2655.46145437383,7614.16245045102,7715.30145222913,7836.37227682707,7793.79726350773,7771.39661273837,7596.93787344674,5234.08218238885,7760.10983042348,7938.2075471444,4400.02932583514,3253.27708155977,3002.16538733401,4609.93776369269,2668.50934592584,8003.06786500928,7903.84258986064,2780.29264410957,7493.28020517754,7479.59030819389,3038.03299012314,4701.37497866736,2656.04960601565,7886.73564373221,7852.99078323457,7120.12980116103,7447.14723731661,4156.20998226943,7343.86829664417,6813.70463734958,4283.64668502763,3236.23851959644,7322.49685530717,4983.5780973737,4179.55820625034,7884.14553208183,2876.62997836625,7277.90707164034,4633.55976073643,3062.35970660278,4630.21357260869,4443.63401212622,4835.82382686371,7249.55361075726,2435.65254955152,7661.1634476275,2993.72397168188,2592.02613915003,7132.93255455966,2896.17030462548,2396.43572870998,2692.16907340346,3023.6097684947,7757.76561886008,4465.9948283611,4834.88473900625,7152.17967163965,4585.46907662877,2576.50012236358,2563.4444083977,2542.6411720949,2470.96938145147,4603.42923884518,7533.13131851196,4811.56739595344,7547.3127426717,7328.65242477171,2598.39064782674,4206.09762088184,7336.6074402702,7172.91458744764,4949.3372344538,6915.63606755358,7867.17387752271,7883.78765124676,7935.8411832878,7276.33696314295,7887.39590541816,3061.39156996691,4534.47142682895,7155.49018287777,4684.71332948145,2676.03855014783,7807.31571606883,4680.2238374533,2662.67322930429,4933.26167993437,4533.77352703579,2882.4420267492,4651.08039755599,7247.31941872764,3970.20440104852,7365.56732241815,2586.14509198786,7262.1572101091,4989.68828660314,8086.56017638352,7322.11135238703,7341.15361885597,3084.29384216834,2452.1768363761,7780.55161511869,4629.19422458348,7377.82139755698,2477.99437750983,2239.19942481834,6995.34904579155,4421.92215436064,8118.07963723067,2290.75557728695,4389.0564040182,7166.42927564206,4429.07185956272,6920.20110999984,4172.83525363047,7540.61203293151,2647.1460647314,7252.42478234038,7411.58467621652,4890.22167539779,7471.80840920558,2362.06098647384,2808.84137309917,7472.87218275435,4784.79911334265,7826.79526161595,4551.62444957113,4169.49157669273,4547.34199201009,6976.29879177573,2459.78222960911,2615.00764354206,4761.57880381534,4425.12376075732,4570.72706872783,7352.76519889655,4489.96474637407,3267.24356223204,7992.95106488187,4787.33836845933,7907.74377804776,2590.40937835592,7324.08713401627,7512.18133425043,7756.76124446666,2348.92721485968,7795.18546965719,7311.85793731759,7789.46500756543,7728.46361855359,2738.10331540437,7775.88383305218,7255.37193622947,8194.71720862511,2603.36857460251,7595.41810188003,7399.98705416512,4419.48184509033,4895.7127780432,8087.05928267352,3148.40186389634,6968.45959017203,7625.79954368485,4021.00832363532,7229.08846614742,7871.79144909355
7819.78981797382,8077.94630269945,6285.79644719388,6305.47175271204,2192.18093908082,2187.4807499922,5970.24838151408,5995.97882039349,2189.3996967121,8379.41773156075,6187.90800547276,5869.1119083412,5727.65810202415,8105.08234014529,8366.96632761509,8865.44547809567,5465.20913089963,5953.04210625896,2191.37795295898,5993.67506964514,6226.76190424637,8133.11734972932,5926.36642818779,8344.55832034568,8064.56136923288,2199.60298278923,8089.12021646434,6204.50123084137,2190.63798228157,8148.56068974861,7970.0603597803,2187.53990636567,8406.8606494004,7488.43974037184,5763.0504165037,6089.51262865306,2197.36495866794,5806.72754395498,7462.85326862687,8260.29082784494,7766.37194701423,2190.48235457116,8280.26667153112,8320.07448580754,5826.41688994264,8179.48935963953,8357.06077840642,6297.89990897725,7367.85446189947,2193.54251648299,5788.58737789856,2197.2148189472,2191.16717672106,7902.44517574866,2187.64026679073,8258.20061201046,8258.23607586952,7974.12229074738,8198.94866773257,2187.42346757964,2190.00589500983,2228.5009462563,2188.46547270935,5490.34695769529,2187.71777886017,2190.40395456918,2187.42144397128,6309.22363198923,8140.89880735509,8055.39250524822,7661.80129947487,7209.70471411926,7825.6235186759,4733.75537230921,7933.33020633991,7501.22076959312,4438.02269445434,5287.10166681448,7968.12461029167,4690.21147972852,4944.6028154169,4881.62315463029,7448.04169158672,7050.47771972024,2239.18324074902,5005.65539222917,7106.03401738802,7707.72050516606,2360.43282502916,2204.88330432021,4335.28620511374,7529.59111580361,7002.71581867985,7597.05560332426,4784.8453065949,4911.92169033284,7941.91124131434,2263.41388868228,2233.16958123555,2214.95486580838,7075.16765224058,2229.45215213481,7330.62651513204,2265.1312124852,4814.39827259218,7746.1272845035,2269.47935722043,7435.71257482558,7653.38724759944,7629.69883399563,7565.43913830783,7063.61219808046,2211.64531050985,8245.45688884633,2224.01079687404,8340.33641672656,4760.07937841637,2328.81793213076,7165.85206203013,2300.70872137448,2219.38134257492,7334.8286972438,7535.37956930428,2237.14190742806,2200.07980334037,8192.87547163027,2344.51144432748,6961.99075550156,7438.3580196485,2284.17770556015,7655.08986029474,4972.34030878669,4976.4916609073,5148.07661570706,7638.132586182,1512.60268999659,8069.44556280821,979.493197280753,8083.63178901304,8358.51419512945,7967.46663175974,1351.48006178682,5682.80313537009,8255.26705849225,1477.01173180533,7977.00614237974,5493.89816165875,1569.33265638262,7825.21081472045,1180.25287620027,5508.74618162644,1473.53395313821,844.196066401488,7668.93541918431,7534.99668490467,7835.25215253316,7831.91120844167,610.048038389677,7837.67834222078,1092.46617080742,8122.24669364444,8233.37900242328,5570.84070091295,8057.12779052029,9012.81216476915,8159.98269472468,7993.97564866155,7977.14612507178,5680.97365811611,8206.42204757128,7809.48068065557,5736.91335822074,7842.76776027904,8004.30597709082,8029.01575408106,8833.07997983324,8299.75501339394,1384.88742249093,5715.54065449075,1331.67590131509,5454.39641131038,8021.84097357527,1379.23911013534,7798.39772430578,6270.91450051399,1670.91167036118,7839.7288621686,7787.87078527529,5761.04924787341,8178.25384839317,5490.34901805917,8104.30602930573,7989.51714077751,7458.36864979544,5597.50791969239,7913.48517691329,1432.18800843948,7773.86276543403,5544.5223189296,8378.90735371879,7330.20099430215,1661.30487800882,1603.42798402319,5549.34131256534,5606.90874909653,7898.27888116503,5757.35043494262,8097.89791421868,735.635307488959,8090.15970754981,8120.3116363947,5565.776989551,883.864985265403,7858.3476468186,1532.83001870467,5305.90382300716,7898.57144393548,1334.31498049194,1667.09283353498,1e+08,8052.89600437168,8389.34983627186,1452.51600082707,7590.57535592097,1302.50658330138,1000.41492187312,957.779940632611,5458.4808830082,1581.71518925402,7960.86609166969,6015.84313706121,8768.37671663029,7813.19640802665,5648.0706419218,1009.85879153279,1532.06391721905,1965.43546119215,7980.67832394546,1549.03898820348,1599.42485776398,5686.8927272883,7801.62005292274,8118.6167467908,8095.8134154514,1315.78219103808,7969.66539580694,8011.8088782479,8170.18053296535,8269.5730768781,8043.19110162334,8361.22345770799,8321.16672986542,5781.93202812276,5815.63889560874,5627.02255230282,7636.71449523108,7947.10013935528,7796.12695976647,7927.81249684567,8130.81572272804,5573.93773249228,8171.00543264989,5680.0088176934,5882.06505311303,7781.83412265957,5811.79688176554,1611.42511683328,5594.64355590018,7880.19143161013,8283.80706553022,1525.93083151294,1759.50324365328,5586.57897515629,8293.02181018809,1394.2647743669,6159.04933660237,876.787468876292,1285.37905235335,8000.58224552072,7971.81323781461,8074.25893727357,8269.20728649593,8152.04302776537,5399.20160878225,5736.3930520943,1942.37892249826,7786.13342649167,7885.6365622542,8013.66448045336,7964.60964174405,7935.07521245657,7768.78388709079,5451.1469293743,7925.91879545492,8007.01186773525,4684.53476175315,3379.24984128589,3296.10296305599,4919.00387137723,3156.75941123896,8068.58932677788,8139.29883056312,3218.79629383441,7568.1516192331,7554.40619599903,3414.59103854231,5067.07703356107,3155.34075712562,8068.2448675703,8088.78330431817,7290.9947501808,7615.04026347696,4443.74384482707,7519.72447943135,6936.2548853523,4561.67462274105,3487.00670980312,7493.5536495941,5440.54621908647,4464.91483388712,8082.79229475142,3203.08455365177,7444.4512969066,4949.52472489359,3306.16828283892,4963.81575894133,4731.10549911182,5201.43809942191,7418.84304492904,2970.70754232234,7834.62673346438,3257.80220865028,3146.1725123547,7279.76043620079,3273.53485052338,2888.26728462406,3104.89861398388,3256.94870898816,7964.2887684696,4763.27699366926,5238.94752705787,7305.28345538095,4892.32244791759,3143.40468612054,3019.58553705648,3049.07739355964,2987.3357333939,4923.48885636103,7571.20452388276,5195.56017982959,7717.54893616039,7419.3155966641,3006.20374544008,4477.58043010549,7413.50641014904,7330.12089098007,5355.95159207206,7036.88625483318,8036.92177104212,7926.62100064153,7983.44090289811,7450.78422196346,8104.09016311242,3338.01292130104,4856.29300620839,7303.88291187038,4955.93047319512,3127.85071653173,7844.38276381133,5046.66779813586,3098.75533331753,5303.6398628874,4841.65254791757,3276.90787353539,5013.60050302208,7417.67925650739,4251.51266496332,7472.78921552218,3203.19064901758,7359.89698552835,5380.68444504182,8158.74819647069,7401.04571550051,7513.39988273904,3360.75809010926,2981.56964322138,7987.86302279823,4946.59609068266,7520.92064050663,3012.54434827388,2821.64831360126,7154.37390919576,4727.55057061204,8174.1072406993,2860.69379962012,4697.10005366702,7337.86973212409,4730.45359625694,7037.61079029106,4452.19289066449,7711.30178548162,3081.17939710499,7420.99180540631,7473.07818735162,5309.37991536224,7519.93071763862,2961.74357199727,3217.18600807145,7640.26137745239,5168.33973022708,8060.25975134853,4849.59373570323,4447.0692826208,4870.49859173588,7111.33953484632,3024.12269876103,3113.69016666718,5120.34558912063,4712.21123994223,4881.46371668603,7524.80163634628,4814.4910697904,3358.58364446633,8054.28242300872,5140.52519206438,8168.34366563558,3071.47551319735,7465.65363848485,7560.9018942984,7946.90810595797,2895.94496135871,7978.95722906489,7466.18052164522,7833.98235334372,7926.28152825301,3182.71027742484,7955.33932374739,7423.49758831246,8257.29541412476,3097.9999547556,7641.44965563942,7573.47157154085,4727.2099459014,5295.54664109673,8141.28320228947,3328.35322375098,7085.48364160709,7664.77440877837,4308.5817686674,7398.34159767833,8037.91946791445
1137.33714493207,1065.01269223994,2300.47599400997,2281.83879907223,7864.54776306881,8026.4226375333,2605.45003940185,2580.18632157832,7915.24976787032,1063.26088043861,2393.89926768078,2705.37060049598,2846.69765268391,1061.08249638977,1061.5130254312,1238.61146855107,3113.42254678968,2622.38043648596,8138.78021892135,2582.44561583639,2356.68135429545,1057.79656652249,2648.68498414851,1058.75584930116,1067.2205701793,7778.65459430946,1063.30549223141,2377.98325909999,7889.96071404161,1056.32515080057,1087.7636776181,8032.3548390079,1067.65263726784,1308.07363559555,2811.17088690494,2488.91268648881,7800.79523896557,2767.47919652608,1324.13519990894,1052.9140856208,1159.56525495219,8123.09523277941,1053.64738774815,1056.31816345625,2747.83881197977,1054.10601774426,1060.23245752815,2289.00538527203,1386.7117478437,7845.37849123613,2785.60491861002,7802.36510336978,7880.67354580033,1107.60466164961,7975.90327329369,1052.86087166292,1052.8617373377,1086.70557922483,1053.2091910803,8017.69422232192,7902.11340373528,7585.83448354277,7940.30996662556,3087.63210040887,8044.83452843431,8121.61957378285,7998.66326927126,2278.29041134817,1057.02499488479,1068.83495919177,1209.37451405994,1499.93855572904,1135.04930651328,3885.69033634022,1098.02558720181,1300.1843277436,4210.63767311043,3297.58279740908,1088.27334601151,3933.03716378435,3658.69695558169,3726.11393105331,1333.59233881962,1623.37547611227,8482.79563174334,3593.6484276667,1579.35702585121,1186.51858544801,8888.10277156518,8282.72813114749,4325.50299400883,1283.00059147799,1661.95808670971,1244.04691552144,3830.34679283431,3693.64040747782,1095.51714405555,8584.89489974476,8454.05604594901,8353.33568399209,1603.6950742767,8435.3676882209,1412.40955186832,8591.49206727695,3798.43443231701,1168.57544589811,8607.8934911666,1341.5514311217,1213.72219841801,1226.21964488528,1261.95787985239,1612.88289727717,8331.80068512711,1052.63293784253,8406.4990720652,1058.29253843196,3857.14682330995,8800.8105955947,1533.07661202045,8715.38412532933,8380.24310676727,1409.47766012439,1279.55135492256,8473.23022076733,8241.81447862379,1053.44760443314,8845.13095587011,1695.36257362179,1339.83707215066,8660.50642830183,1212.83852337344,3629.10698665294,3624.68369824148,3443.05466001944,1221.72710245692,7951.01242767467,474.772880116045,7914.35470709471,665.53292356903,479.906281275915,471.001803830661,8040.31650264903,2996.90330819357,258.273173064953,7914.20864436493,322.231557357729,3177.40328949246,7909.44378017977,774.649095379326,8237.76743019238,3075.60906526149,7823.16307059939,8115.71756073624,978.092756229186,1071.97498938124,783.01362115887,1192.6044050896,7953.99610586639,811.623598028003,7994.63094113681,240.2635750629,983.91139524792,3411.17414077112,815.661427605083,1054.60016804147,271.746708469101,154.195354774364,356.003756376891,2835.30542683196,652.17725226325,1167.04640353817,2870.51975291125,786.217236930052,216.555142637082,1027.09658826288,1012.87875624063,966.057520460997,8151.74230839982,2850.92155379174,7901.45426808983,3099.58667232902,166.096825242827,8326.7380745158,849.773612541432,2379.53834457733,7965.49405335667,695.205068826076,838.391786968166,2687.13485793299,360.559770515156,3147.23456469039,323.343840259026,669.445284460332,1219.64145495841,3036.66192078005,1043.19772268801,8068.40307370852,1377.65902055285,3127.45639305666,838.908742451964,1242.30793571151,8001.90439438831,7955.70548292514,3062.3048797982,3087.90588758921,799.152431889103,2741.21339904422,219.797133580583,8099.91592067779,204.799117682557,272.319399188344,3045.93812794164,8140.81486379713,719.785097401159,7881.52337627558,3634.17146390739,680.043742683677,8222.86271388869,7894.93823097902,8052.89600437168,1e+08,447.977088610815,7948.67209886362,1083.39518491767,7943.43662809763,8220.64798916219,7605.99511169694,3193.13345882428,8181.76810603837,737.663206233303,3368.85816447847,794.174769976288,797.00464379658,2917.39275085965,8171.25063467725,7990.23403813707,7889.47717260954,375.817068993384,8065.99452685634,8205.31121151417,3002.00441344265,1142.95030991901,620.04160727203,187.220352208975,8169.50533229092,564.616194303418,786.075982260127,541.944230635347,837.947122835557,300.53199616115,418.242162188769,458.032865838094,2785.61237085533,3129.71969658088,2942.32652620315,1017.60963530884,609.655049809065,839.769638679872,587.55690150082,511.876548271105,3061.40284059895,808.441131962484,2875.78442940301,2648.43444231557,909.893111368537,2678.35770674496,8109.69393558797,2978.94697403619,1116.40500373349,443.787623523661,7645.1816569518,7779.14269658935,3747.63503658515,371.276056076461,8269.53410915066,2452.13191436952,8142.02638761841,7854.27330817752,199.582722623003,265.213335281144,167.73567258244,851.241829061873,378.044724350541,3156.9443657629,2756.72442324229,7927.64450673846,796.386255454498,678.140711301517,239.953523309835,176.222874033341,629.376191496767,873.832876105993,3327.61882337996,614.04293639893,752.059561757901,4230.22412819695,8846.84409772191,8671.81780658076,4015.27272714345,8520.98588601443,1456.67073688924,553.80866966269,8824.99764026709,804.990451941519,814.056414454795,8796.50826769672,4016.67100473691,8756.26877070284,254.142505804774,537.348378653158,1228.14985025685,877.122934677113,4486.74530376732,1058.92988116707,1666.53471930251,4398.94191191353,8864.04186093924,1062.3748948241,3930.72242232876,4424.99481634939,372.445558912184,8695.17005086645,1121.03196576461,4032.52255407855,8777.92336262615,4001.97230203031,4163.66674258087,3909.16807380957,1115.02604214179,8592.95511244065,667.747616550919,8642.7731908004,8678.58528187536,1300.81522556221,8729.05611341319,8852.66938189696,8787.92219021788,8853.89993286926,365.864069552843,4102.23481911022,3932.26106874099,1285.73805099814,4044.19106741147,8721.55931721028,8601.27006579629,8661.51850674453,8713.06887818648,4057.22782123348,1115.35381042133,3872.62263193145,789.737551903624,786.572825778031,8577.13640302245,4493.91037742586,810.478436821775,1248.76496834642,3818.01290934977,1581.30488097959,223.328743743595,1196.41609554265,1600.56778449242,1100.99077534971,405.023371063087,8536.30531439526,4152.33981873877,1243.31164407834,3669.2142335994,8647.64204635784,1415.24865672271,4045.43584833497,8687.75467552499,3663.84469486837,4125.93897898709,8729.63812351174,4032.12948450177,1141.1741125229,4736.24640850766,782.586990227583,9002.18436722306,792.653611865025,3816.81396993288,1600.9279749723,822.250719367418,1010.55922303518,8757.06599685024,8720.58317500434,355.724725317752,4045.72788460756,563.734503300888,8984.69759007857,9165.03288880138,1423.40075147059,4233.64701753425,1601.17790625787,8545.47977165137,4212.03302599948,1230.31827840445,4233.58270571029,1604.19413017599,4309.35138709276,813.782788838496,8701.83598570237,1144.25782424306,927.928701708859,3953.44435728352,1115.71201236674,8693.05116851957,8616.9376399829,864.622517570905,3949.68624275612,532.110727395573,4124.22990025435,4464.74286641703,4156.02036364097,1479.2228665986,8659.17471315735,8538.6839679523,3928.47599790765,4202.38424019641,4152.90246961249,1007.0976021528,4223.79503691078,8825.40070947644,1683.77633892213,3928.19925574975,702.849289263528,8888.54252385697,626.425478759712,1086.08550523019,275.919282536567,8729.05034621423,309.824912172308,1126.77278099987,1217.78905611302,359.514508045282,8502.78726945112,277.975199794273,1104.76074525171,1636.64235477129,8762.82151751692,1008.94334431229,960.579742209142,4174.21182699175,3878.0511157947,1698.10660680154,8711.33392963479,1570.79606064698,1195.70515265068,4642.31860790329,1127.61588682302,182.224609562398
1381.53541411319,1250.48804748122,2650.19949942773,2631.28303436527,8219.26450953165,8381.02375594361,2958.59370688641,2933.11396333145,8269.93007919523,1159.22379214226,2744.88309979949,3059.27761765474,3201.47292835331,1239.30602286166,1161.46609106229,1183.24292688121,3469.33239101857,2975.66340271797,8493.30228227387,2935.39298453076,2707.18954536113,1228.32888035743,3002.17603444109,1165.85084963122,1256.20101575142,8133.43351484347,1245.8181509876,2728.76774521524,8244.65917364159,1222.5372430084,1300.08353076581,8386.95175874791,1154.7759663539,1601.6247416191,3165.74844637824,2840.97110518124,8155.55807905821,3121.79538238642,1620.48666563346,1186.28038933667,1413.5667881812,8477.62827253427,1180.88374542642,1171.15051594215,3102.0305648995,1211.49543517657,1163.34918114525,2638.55818770229,1692.43755951046,8200.10906453294,3140.0320643492,8157.1268047076,8235.37868257267,1335.06636866241,8330.54025946714,1186.86461184165,1186.85466886194,1298.07405340398,1204.93635930818,8372.30152349873,8256.80313599248,7940.75500301604,8294.97234270195,3443.45528698398,8399.42262433888,8476.15364720571,8353.28407164432,2627.68033780515,1225.38773440658,1260.18853077636,1480.38899136164,1818.18748277657,1378.12945016046,4242.83331976774,1318.73368202897,1592.28973029246,4567.84097219215,3653.9996018621,1301.04492774165,4290.19965406969,4015.68025042286,4083.15727583709,1631.5092195309,1951.15127538082,8837.08184752142,3950.56213428068,1904.10831836881,1450.40575877987,9242.12314583841,8637.15036657082,4682.69332928659,1571.78163274599,1992.10765636125,1524.25015414933,4187.46143744043,4050.6562865764,1314.30020303274,8939.11292541683,8808.36160547704,8707.70955285761,1930.16325183952,8789.68586149474,1721.40467842706,8945.70571524921,4155.52984092822,1426.09100874359,8962.09627053829,1640.74105962746,1485.98656260864,1501.91224661634,1546.30242313251,1939.97015795765,8686.18926367373,1190.5059616978,8760.83678476122,1166.72697034653,4214.27596385038,9154.88713119103,1854.22203582235,9069.51620133167,8734.59864798465,1718.11437440573,1567.63414532598,8827.52286745761,8596.26492096173,1206.95086220354,9199.17890237556,2027.38466115948,1638.75589890951,9014.67448674414,1484.85134364014,3986.06011348866,3981.63210543229,3799.75665798886,1496.21434360073,8278.26841594994,762.338395407905,8234.00485012529,865.695563459202,332.10535752746,763.026057934891,8366.98823608258,3288.16976647016,248.20528810114,8239.83281370916,657.117293888118,3509.77100458971,8232.17318793371,1078.98339770774,8575.00731736001,3402.98793780402,8147.99800290312,8456.15927583634,1279.52392238434,1397.08645208983,1079.07131926765,1402.07892859924,8296.69159833561,1102.23501738175,8321.79032971285,419.610499063635,1074.50663702559,3726.96143326801,1018.23281597821,681.733051448129,353.600314908675,539.733892734144,674.558784618301,3137.26122702635,635.522921442982,1380.89872892733,3183.64044782655,1079.53221298866,561.319111750052,1228.77979864806,872.318177295896,1104.55262637459,8481.45036794732,3170.15120734493,8227.89350365022,3435.92608608209,516.613584677736,8663.99456209956,1136.48774433828,2622.04624966862,8289.51161434097,1012.46990762595,1139.33084564187,3007.70127790123,489.272301116008,3478.38205161929,444.211407283076,935.963655147026,1508.5470174794,3357.03929334459,1251.09414942235,8395.33651577339,1567.09358623928,3458.09306215901,805.77959629377,1578.59305572627,8326.61616691537,8277.76963286103,3388.7241884646,3411.57135817642,1065.67806750047,3036.30891054958,507.362662160834,8433.41089239243,413.929465449992,491.318241312596,3374.96929592453,8477.63500495553,1028.08151095975,8204.15287470773,3956.4093403201,980.086027019852,8554.61179142768,8217.83009587044,8389.34983627186,447.977088610815,1e+08,8275.20331883963,1375.64240001239,8269.03839281366,8558.4233891246,7931.72417719593,3525.17437574607,8507.17159714484,935.596184516102,3722.34167833147,519.8685020665,1050.29384017744,3232.64620201808,8509.72533274532,8314.79343225938,8212.92534125768,687.270810518632,8392.76260855157,8532.58507475167,3313.55697638054,1362.22974318808,809.085093386469,413.490702872001,8503.70137943441,857.894647892213,1000.86880888476,698.658121722506,959.903736053832,618.173853420032,138.994812711767,436.138591479745,3096.84971249512,3451.71821278878,3266.94777882653,1320.89103465376,913.227335834305,1136.7144515735,903.0098095861,701.248031945998,3389.29890349343,960.77737951671,3199.33702624945,2941.74779026419,1184.1965670987,2988.11223092687,8434.88440865056,3292.18529671885,1316.97382765721,473.788025971153,7970.16797181237,8106.33012172834,4086.12711097409,310.338146375669,8601.83572657331,2706.62652745554,8481.10782976949,8179.01547399638,563.736512560217,587.217386315395,397.799120503447,857.087443940105,555.749856318799,3491.52128070448,3056.76291654961,8306.89778601506,1106.95749447681,984.012168535703,473.868613011857,568.282897747887,927.115668572744,1173.36131886563,3656.5779805815,925.352571328746,979.750618391018,4571.61030437144,9197.72676983641,9020.57010690385,4335.1576862649,8864.87916220271,1705.2939319465,560.55213076376,9167.94725313885,1148.96658977879,1158.68436970015,9141.97741464025,4319.9636132389,9097.23705983841,358.233515951654,605.614970002195,1575.42213352821,1215.18196199344,4831.97963005069,1388.27312551205,1993.4285593444,4744.87054292096,9212.39190340157,1389.98680729476,4201.37223971683,4769.95882543348,466.766835413521,9044.05306688618,1452.24945062903,4358.05419435003,9126.36354006132,4325.12356583061,4503.22825106464,4210.16793878584,1457.66790822473,8934.02623102037,970.588465788448,8991.70152531177,9018.42446059193,1634.34292131168,9075.22392941053,9194.7826420678,9131.54370302762,9203.20216091694,546.501213880121,4442.53854591218,4216.66488727663,1616.81670261877,4370.99615201725,9059.37811151165,8944.2649046007,9004.24874655942,9054.0019406393,4381.85533713938,1428.07215576095,4164.32867119033,1116.45857359886,1171.23515552819,8923.12178722952,4844.58744466315,1180.27228229337,1583.10338916398,4108.29913408801,1901.23942966911,407.19737274715,1476.734208269,1846.09305320684,1431.94262593123,467.951401781998,8885.0917338985,4479.38593397033,1578.39103928451,4006.20543265103,8992.25145056784,1698.58352913822,4351.20852090181,9032.83835065974,3961.88527563749,4452.01904212393,9075.94058690923,4339.17845227969,1478.13555402209,5088.43146850646,1161.15861790826,9331.95106322582,1181.78482772732,4110.20339601539,1805.51959979663,1190.13545685162,1347.63852630472,9105.83585580934,9060.09280464088,543.24313161012,4367.28447120759,970.354531456522,9323.08682388301,9494.31179790469,1770.05275135486,4564.38530913577,1811.21930942944,8885.75826398136,4540.16590607254,1575.19514348347,4568.50483077362,1909.5614910749,4662.58585620877,1144.05112348585,9046.81731850812,1479.01726798708,1262.72549462537,4238.64755158782,1452.02737208741,9029.26801065334,8962.30692266993,1193.66902497222,4248.90401818596,616.963060718513,4453.14667893656,4818.29030740573,4474.47052513335,1812.56254361429,8998.99014570174,8882.80062401831,4238.52316843731,4541.40887903875,4483.96999392839,1342.86307273967,4551.73052642982,9175.62196479247,1897.83203263725,4232.15253223251,709.47644726514,9232.04881405459,1031.32557637122,1405.02456743229,533.944168051863,9068.39982228344,449.326202768731,1453.5951959098,1502.64228613267,591.585264192145,8849.05711862751,528.416933380278,1446.81031945268,1826.10472610239,9104.23473885694,1330.76901641428,1294.0879489965,4509.16630136183,4174.33514194973,1900.89672082343,9061.42742531055,1875.18002484177,1496.12952782117,4995.41885022066,1471.19224323522,390.758577755185
7747.26737314137,8004.22692429784,6222.75363440367,6242.27335385443,2286.66565504668,2289.69038161459,5909.86511327287,5935.36640942399,2286.35916013141,8304.40541523304,6125.65640900529,5809.65218998535,5669.55464758011,8031.24213888548,8292.00533959694,8788.55540516888,5409.84323657903,5892.81336433089,2298.61617228349,5933.08308085446,6164.19279071177,8059.15327737262,5866.37933650357,8269.69013850688,7990.90192494079,2289.79538746357,8015.35097562565,6142.11346640879,2286.36894790803,8074.52879217916,7896.83053728339,2290.02233092476,8331.73580843384,7417.5912825849,5704.60026101586,6028.08630550414,2288.67493370336,5747.85638478408,7392.14111204311,8185.77672600584,7694.10843225546,2297.03665441021,8205.66790074261,8245.30835025684,5767.35837258668,8105.3224947293,8282.14074674031,6234.76125207001,7297.65781249509,2287.07970316692,5729.89016356459,2288.60375335878,2286.44403700309,7829.52987814449,2287.49576104273,8183.69539633416,8183.73070938303,7900.87376524347,8124.69747352608,2289.23030743456,2286.32870166908,2308.69912336369,2286.63033749383,5434.70539223019,2290.7715162516,2296.89359979941,2288.3442970393,6245.9956925074,8066.90052355904,7981.77424635804,7590.05652667965,7140.40070050963,7753.07303873058,4687.97934459222,7860.27048935858,7430.30462225221,4397.23785197238,5233.77876734233,7894.90370845892,4645.12193566926,4895.70984034538,4833.62695482533,7377.40892459882,6982.11879211647,2359.77745771271,4955.91910572113,7037.33983116805,7635.7459764122,2492.45394115843,2318.10412851974,4296.43431412401,7458.52564980133,6934.64999028266,7525.64014440223,4738.28326047771,4863.49058430229,7868.81162446747,2387.32886842949,2352.77467089133,2330.90678855367,7006.65898707268,2348.40128864762,7260.63603743293,2389.25038101806,4767.39083127404,7673.962958347,2394.10071182703,7365.14616612413,7581.68491351612,7558.11654995034,7494.1868165863,6995.17346427329,2326.77891675472,8171.00596044802,2341.92698230836,8265.48578331741,4713.89578286225,2458.76862678118,7096.80354313657,2428.4297444516,2336.33742924749,7264.81482800483,7464.28379451523,2357.4095573004,2311.65565319288,8118.65054792732,2475.53918600036,6894.17848863079,7367.77735142263,2410.35762118349,7583.37893004747,4923.06109355748,4927.15508683207,5096.4664910849,7566.50746401252,421.42425848801,7972.16141310244,1126.66632556554,8070.71313880113,8292.52993916099,7916.80659628946,352.479580000325,5426.84914109888,8150.56158799237,399.27028344858,7902.28357586596,5499.37458113015,575.703877391794,7719.87762750135,792.878277040316,5357.42345441465,375.821234084589,1144.67816765933,7568.50910125364,7415.22917933204,7746.66003086276,7848.73456231632,1208.77625417855,7736.26159069317,733.654274738445,7986.4561144472,8231.0604506568,5677.38032464965,8048.48394525252,8875.0142029069,8023.45675122642,7887.44864716493,7916.22482481689,5478.50544030144,8012.99878260176,7815.2879609508,5610.29939208818,7750.8173311652,7917.60142174066,8021.76037080132,8806.37046942893,8297.52592275166,622.206414238285,5649.53194155915,584.241557262496,5429.46581898738,7906.45969679798,753.493489895826,7729.05191409349,5982.4853030832,384.448418557169,7741.55710525285,7687.14486282562,5697.44931723723,8124.68222022815,5345.07472887236,7958.11941352923,7908.24138256152,7421.98388487593,5414.89320203164,7909.54893735394,385.192307624161,7809.48461455065,5602.98477406613,8180.95678398892,7226.52068400079,602.462352068002,655.897813426136,5509.53341597737,5458.89281093091,7825.22330050097,5548.93658197496,8019.81960296945,1253.52363719037,7963.32757652733,8053.43859417074,5456.91635645175,1027.66912814078,7755.41116594949,540.388345564057,5436.32522260381,7789.77218737372,687.203865429934,583.749031145127,1452.51600082707,7948.67209886362,8275.20331883963,1e+08,7537.96979395546,486.04137398043,1108.7832231533,883.695531838994,5386.2623283287,410.817435195458,7813.78340199282,6211.30326732041,8684.25293666555,7676.55036617442,5459.89139177521,982.18499354501,397.526374366148,721.762126559787,7916.4990263545,485.276002015088,475.092199841822,5518.41283140526,7805.11782220147,8100.92435131327,7971.49022530577,602.276596300313,7905.01274286927,7997.36878556882,8130.58721391233,8268.40028238093,7971.0257846798,8264.05079974865,8265.34680585119,5621.19597583689,5946.82418636285,5595.87583514868,7543.13502907456,7848.36854054193,7699.5821999391,7822.19527145642,8095.37654968802,5498.81985252117,8162.08502363552,5521.00519782265,5674.26583247769,7719.94378665077,5622.2797414139,410.180051745056,5411.72094374003,7881.31226198942,8231.40979802374,530.841253914298,578.158259841631,5821.82735531508,8213.92261999329,651.801279842369,5895.20381079744,1064.90620550374,315.940903275143,7900.04986207007,7905.2535571352,7956.90480191046,8058.77595618258,8094.20429178852,5300.52060968552,5545.80022435092,2527.98304673083,7677.04529734328,7777.62206100946,7894.39525649039,7849.83847925746,7834.92888783058,7662.13481056588,5297.38218064002,7821.58725596235,7989.59558914106,4426.10511488665,3119.39076539829,2894.46663934006,4634.08709839689,2602.49581571132,8059.49299409217,7965.75095461133,2689.93630478422,7538.73478551369,7527.79138811827,2929.76431523586,4701.08033859269,2580.88600209705,7944.14810977466,7916.70904195708,7179.76680896697,7502.51314357954,4190.56083597815,7407.07735097435,6883.21837913651,4304.13779149035,3110.85467146479,7388.2776413178,4998.01334510301,4206.63571151975,7945.58561430355,2774.04919764473,7345.93411448358,4623.84689779471,2939.10948719389,4630.87639801176,4467.00937584783,4834.17859546677,7306.05617912613,2364.06865233378,7714.77741064775,2886.43157957956,2523.41824960964,7202.50240070341,2794.62722469876,2314.66449263448,2607.0900333401,2893.96084681528,7817.6426640513,4474.89669775504,4841.48467315405,7222.37811426168,4590.51698763948,2512.44853459876,2487.24106846112,2476.81703061123,2394.37691350709,4592.4507673237,7578.15365172202,4822.18088219242,7603.6788126357,7375.45836725224,2517.79095638526,4195.72763465304,7379.32222778745,7243.41364859348,4960.92282902683,6984.52139478373,7922.55279741193,7927.49467398194,7997.42491704789,7321.5156136632,7949.89301344517,2957.46991363301,4526.66359854436,7225.17579436923,4741.24636067185,2597.0218203366,7857.74994468376,4674.11912028581,2583.12059935364,4961.33672168188,4544.24814579078,2787.66916395339,4651.84709261407,7312.46519720185,4037.72827858563,7417.66832533844,2499.0733746693,7307.99666468751,4991.52219048091,8151.52762577066,7366.57195525374,7401.92390999922,2965.04510909914,2379.54288526139,7839.62130307813,4633.72093752815,7427.39003890821,2394.98696586974,2166.46367626248,7061.58823389198,4425.95070553326,8180.12499062163,2219.46905685564,4382.52573852364,7229.08503816447,4436.66389749306,6985.4157038801,4188.65939234759,7599.05618034507,2560.96553860934,7319.59736995938,7458.60389947897,4894.38450846371,7515.43750286429,2296.52103165955,2722.39373061716,7529.72267810154,4788.04820826981,7888.79146965412,4565.60040373156,4174.11749961469,4540.17870027399,7047.62348492432,2392.00274658166,2545.90264098557,4760.40394032432,4457.91923602531,4571.05586427121,7413.69880289733,4478.00548968296,3113.74874249429,8060.50644023116,4788.09520819858,7976.47618295587,2509.70656404882,7372.53206724596,7558.55507583606,7814.35091218531,2277.11463221547,7851.25383148749,7381.48369219431,7835.41533199573,7786.57959177671,2665.44775692809,7833.63380923637,7319.93680298582,8260.29489712066,2528.48698453717,7637.78662410059,7458.84297699969,4417.85257405024,4901.46569424836,8153.2334205707,3009.23475729325,7034.35003685672,7671.96285468404,4050.24658987459,7286.94891494858,7926.00322667441
1170.64221196516,1220.33210421319,1922.71813972657,1906.08851194911,7369.04283017501,7530.3392962647,2200.72101276043,2177.33627932287,7419.56050986028,1345.11995758355,2006.77785034024,2293.71234504714,2426.43614011991,1228.83840488987,1338.75880020284,1653.28735899731,2679.92562997099,2216.42215022288,7642.312094779,2179.4253146593,1973.1564733623,1238.23649707946,2240.862786876,1327.54831906222,1216.35421075427,7283.46874869216,1223.76359223418,1992.37917944342,7394.36302583712,1243.67313282709,1192.5020920333,7536.25084876647,1359.46453133161,1195.75506582612,2392.95313455375,2093.33011135735,7305.52630655282,2351.88106001527,1201.83068527061,1288.24822691573,1167.82767333452,7626.68003391314,1297.14281084037,1315.65616080887,2333.45828233731,1255.10371214213,1333.76521384261,1912.47728019457,1229.25514696663,7349.94401871622,2368.90538310075,7307.09030200828,7385.10966894063,1180.15865968431,7479.99732437521,1287.3331409141,1287.34864194655,1193.37124637433,1262.65895218761,7521.64133197017,7406.47162075949,7091.39786977401,7444.53068077123,2655.27188590108,7548.68722158638,7625.20936718557,7502.67705791006,1902.92798487822,1240.95304865852,1213.71343136869,1169.99400359043,1290.82012212347,1171.10922669561,3427.53837788966,1185.29608423341,1192.93402176435,3745.7135471143,2856.69862921053,1192.0929193815,3473.80165020908,3206.2914550393,3271.89941950949,1205.606169686,1370.58200577266,7985.22703376727,3143.07923434176,1340.8996913744,1167.78952020718,8389.37057339761,7785.785815973,3858.51370865477,1187.18709530287,1397.57018279822,1176.41910409667,3373.50876850898,3240.2857273642,1186.87364443164,8087.02047504743,7956.57517296019,7856.16812298361,1357.15750782842,7937.94425426611,1242.02067021202,8093.59818806792,3342.37835000119,1167.45266663208,8109.95140394282,1208.89190025299,1170.61019918458,1172.69679233269,1180.9529943937,1363.39475131416,7834.70132475709,1281.81880216655,7909.1649840971,1325.47082014388,3399.66598697283,8302.31794219556,1311.12506424346,8217.1315895824,7882.9909369554,1240.52461454626,1186.10241279172,7975.69073914577,7745.00486249488,1260.27126259635,8346.5159578105,1421.59799038846,1208.1759895072,8162.41120746044,1170.48021603299,3177.52535025558,3173.22684196257,2997.11701916481,1171.8944736401,7514.84038442759,931.982242435157,7468.35883178613,1015.59090879464,1363.51734467543,966.953690990837,7608.22709907543,2857.75247828071,1164.46945282225,7504.02037780464,1020.03430909497,2719.46175413026,7489.70425720653,668.771080166064,7810.35850981428,2845.54540862121,7410.68080348344,7675.69486471619,539.24810023892,1081.47859231191,595.127487448686,539.028050387145,7511.69937013832,637.970568053644,7568.06707360105,1149.88361785686,1218.1187531118,2793.91863003987,1004.31821275997,1808.33270537671,1165.43098621392,1004.03380149516,958.360608072809,2659.98903229387,1362.41887780179,488.398092614819,2657.73111380191,575.872113564584,1017.3146691272,826.791606720285,1684.85394175289,1161.8740452184,7741.50798950149,2563.59245561359,7483.03892923547,2778.08303876631,1037.55772593907,7902.86985325418,470.242941135659,2367.57379775383,7563.73431167414,686.470442229654,589.26873562301,2441.50864433732,1138.76484627698,2818.42459120411,1180.99271708509,721.905323227521,377.371339969634,2807.50674973294,524.437626038435,7653.54585013238,765.354805074947,2649.06600237855,1413.92314317612,780.299576913967,7559.83686697092,7537.09723262039,2746.82858458333,2821.71429910826,544.634536916369,2605.80630540774,1036.58765148183,7666.04106427093,1099.65905320896,1044.97141185783,2772.26074709315,7701.30987577676,720.88461984926,7471.03329202889,3004.34249520816,859.846477005196,7796.92809110997,7462.12542609149,7590.57535592097,1083.39518491767,1375.64240001239,7537.96979395546,1e+08,7529.98640769705,7787.18520538628,7166.5722723507,2832.33302934747,7771.99511827154,1305.75533623031,2606.5926093871,1612.71708284266,1222.28549462749,2702.17828615094,7750.56800463293,7577.87181400074,7479.07714112657,945.696258080518,7655.44247221231,7788.32606800622,2821.31690520403,492.325220705767,1043.01362519448,1098.98241466696,7743.6067041509,790.666281341966,946.318085634959,1100.6218132052,1134.65609070506,1004.09626415659,1320.26466221388,1229.77941178887,2592.01753343276,2572.30567472811,2624.13088067271,437.120743468891,794.654569376049,550.806415027313,876.966883398774,1103.16905119536,2770.79211712033,1082.8724652808,2650.26877195271,2505.81722329493,433.985550651149,2507.98823750624,7690.72829099275,2784.3285336984,510.610046260877,1234.28369721457,7216.67302764056,7352.08357361889,2951.23960116698,1260.71508327542,7844.826315819,2404.79026377101,7707.7359900487,7429.96946054767,1016.20311738163,1039.04324719407,1083.33684145579,1430.59690545334,1099.36300538882,2814.7726703843,2572.54298081655,7356.50036686209,759.811338327108,865.260882089955,1098.06258055894,1018.94982905979,824.160780893362,716.651279669161,3019.00213489963,830.640416017691,890.75745544331,3973.04372474567,8415.71173306548,8254.58135382364,3877.21266497579,8099.83030737728,1027.04647202196,1301.27663420461,8413.49063773813,892.25031835876,807.954177477949,8392.84681902306,3941.43820404419,8344.76546680419,1184.68392877631,1218.57236954298,1040.99828624875,930.990898802097,4166.71465305988,802.123727778027,1030.39693996106,4127.36391205369,8452.26185639657,683.78577054179,3896.95074194681,4132.02710202431,1139.36721128028,8270.74418098341,601.831703349229,3928.99050108269,8359.75620815259,3885.42990743299,3930.68554372789,3855.14485414753,1074.253344219,8170.44058727912,1090.77817121742,8220.28979717005,8270.19443358457,724.900343064729,8316.31795759455,8415.43014259169,8364.55739458599,8431.21784261544,1144.13367379344,3902.48926592759,3879.87012089602,743.682566263541,3913.19148447964,8314.38304437517,8177.54888249235,8233.1709290009,8293.95515049794,3950.26809692989,869.991953885084,3816.32879962349,893.980318025595,824.479752699916,8142.64722784145,4244.44650140481,916.051823012057,724.823050344412,3761.40621515285,919.765599758696,1166.20678555838,1011.25726724539,989.127429458621,1318.5508745415,1209.52495334734,8121.67811162384,4033.57363149053,554.721272392298,3350.21361141089,8228.14696301482,942.561684407185,3968.74568945898,8262.73422214237,3581.81042353881,3982.43125064076,8316.36036339359,3944.30202452381,837.576651544065,4261.90176637072,821.575362205319,8624.82963186166,892.741994742377,3787.13453074248,1071.27849023648,906.892281706932,792.167893940994,8340.74527475971,8303.1728179775,1180.50757801131,3933.58824081904,908.580396864243,8567.73777247859,8749.42366389193,973.948166689635,4068.88430860055,1075.4638059723,8118.17923524563,4071.0898120925,969.651634261255,4054.33537570487,953.364987542768,3976.8708441306,755.294455970741,8277.71691327123,770.330759955133,848.040879585945,3907.58890216607,881.296452709374,8278.08948705975,8201.5259697818,1014.24988246163,3882.61955397571,1227.22698343753,3970.35912529334,4150.80497608723,4048.91642419138,840.777630435802,8242.75088924511,8115.07236885283,3858.11543985153,3950.67419773793,4011.93468041485,778.087199110224,4097.55930984318,8410.00673835121,1041.48476655961,3866.10851849906,1315.12898754084,8458.24317694266,936.042867775731,819.799917459421,1105.53711389341,8303.88002879964,1157.60506799374,493.64482393031,953.230073051817,1153.5020925542,8080.28172668067,1156.88815949403,713.392920240283,1116.30096992892,8345.08371545937,911.022485574506,777.85788618437,4005.30574455181,3822.66007414979,1090.38231784722,8296.77687631121,929.931391440476,878.992800761837,4252.92719616274,1037.48149184866,1172.81993467181
7740.41921336349,7997.70615431677,6213.39477569587,6232.95456838324,2252.92958431366,2255.76806060277,5899.82687411257,5925.38628999633,2252.54587958789,8298.24103432804,6116.09432772384,5799.38048616286,5658.94235502366,8024.75455166238,8285.82675560833,8782.91377780159,5398.55156546838,5882.73597491907,2264.66754945485,5923.09777839673,6154.71214981803,8052.69973589903,5856.24079399382,8263.4858856314,7984.36470388976,2256.22896421131,8008.84389683911,6132.58629246619,2252.59203445297,8068.09390343604,7890.17556959734,2256.09652034387,8325.60258023244,7410.28926787076,5694.07477833301,6018.31325583459,2255.06014883188,5737.43655123881,7384.80234698693,8179.47467602054,7687.18976610487,2263.08668643269,8199.38921673274,8239.07588997533,5756.98563881502,8098.92474697317,8275.95083296501,6225.42707493914,7290.18032850652,2253.37727989273,5719.42664801447,2254.98566085619,2252.6815508944,7822.78890645981,2253.61271288558,8177.39089476118,8177.42624941567,7894.22391698894,8118.32294774482,2255.31354914934,2252.53377856965,2275.68510330665,2252.78524045886,5423.48164964289,2256.83913295657,2262.94358844458,2254.4414372873,6236.68451975386,8060.45638965155,7975.22572403389,7582.99694434722,7132.68403856727,7746.2325196192,4674.39018110244,7853.56898712336,7423.02086973866,4382.50177034332,5221.98702005733,7888.24629919582,4631.37308302879,4882.85365290135,4820.5585462511,7370.04876809443,6974.15029988687,2326.24474394697,4943.26348073822,7029.46050884216,7628.74875196292,2460.1992633508,2284.24196350206,4281.26276665444,7451.28220913788,6926.6036885462,7518.4913360472,4724.87770898043,4850.52496030781,7862.12103296623,2354.04888156649,2319.18063905447,2297.13427125006,6998.73029883988,2314.76980460599,7253.10319570952,2355.98851539083,4754.0896888659,7667.01731294554,2360.88479987135,7357.76813737041,7574.61382252427,7551.01291960491,7486.99387346692,6987.22618207143,2292.97587344772,8164.68648460054,2308.2414735322,8259.27667846493,4700.40172350979,2426.18201196586,7089.01865978936,2395.5453051858,2302.60689995784,7257.28826350098,7457.04854085571,2323.85593945805,2277.75552857568,8112.26878666437,2443.1178419184,6886.06498388313,7360.40316257215,2377.29756114125,7576.31016994814,4910.29664470898,4914.40427894222,5084.25999006244,7559.41544212342,722.86259718058,7971.68583591145,1012.45442702243,8051.54224773304,8278.2619347825,7902.17646497028,548.766023257722,5477.72060908937,8144.1015639659,407.058335143781,7891.2964983565,5460.41580782139,411.342530944759,7720.20899634696,766.963964466244,5375.4644371273,432.83520007141,981.634196809128,7570.02147713824,7420.86291096918,7740.44739691275,7826.75418702059,1101.50663633364,7736.38989093328,505.506978521038,7989.85352618727,8202.89211780339,5617.84640343241,8027.85272724067,8873.73534111553,8024.02571102188,7884.39598159034,7903.74878809977,5502.81066048283,8029.93061085961,7794.57714732618,5619.10658009148,7745.62085604788,7909.59301815015,7999.58508514541,8789.2930550823,8277.03510812406,556.419598432099,5630.58661852718,305.345362630328,5399.36612030994,7906.35885789485,813.596345912516,7716.86451130141,6024.55052449344,702.644940794863,7739.08626306235,7686.61487223819,5679.28219037084,8110.93495985583,5362.1733533992,7961.69285981025,7899.63257929996,7409.84727029198,5449.26496345074,7890.64129352083,490.290817603834,7782.890245818,5565.63647517447,8201.57621549046,7231.17865582572,806.098302699948,497.40344988933,5486.09121271297,5481.63470483801,7813.41482881173,5576.01278574,8009.61517842527,1110.75625126353,7962.16040070458,8041.92783515503,5462.72692919336,886.540150759016,7755.89988297679,321.397804915121,5372.33597263767,7793.63309438274,654.460156695118,775.477738021039,1302.50658330138,7943.43662809763,8269.03839281366,486.04137398043,7529.98640769705,1e+08,953.311434882547,781.177638149658,5370.69567159895,694.891914827107,7828.31538031117,6155.54106550042,8674.22363350197,7688.13044660366,5491.76776597922,818.026847857652,517.63232820058,1050.66450257836,7903.6231953297,470.101529944199,769.591378866286,5542.83796930512,7784.30287852566,8083.11820228415,7970.93790029322,696.500905737962,7892.20259019527,7976.94660090576,8114.88744687263,8248.29170702595,7960.20351733463,8255.92497464671,8252.14563724951,5638.99633778509,5890.13526227883,5569.56723334066,7545.38254805986,7846.56457126524,7697.54557456954,7826.2221235209,8079.22657271244,5490.06617500492,8141.89645921517,5546.32291337284,5705.93671569701,7705.99659912684,5650.50131236293,712.027826593803,5439.62728320647,7861.04628786092,8218.05090799745,700.778029819537,896.539774956262,5765.73181469102,8203.02504936585,720.446223247088,5931.70224514765,924.448788965694,404.883893112273,7895.51828427365,7891.78393509056,7953.2037364235,8082.17342480733,8081.05258012107,5296.52025022935,5569.45089823456,2452.80254871054,7681.45216070474,7781.69304235885,7893.76619562072,7849.75346884783,7834.38979611407,7664.56537551488,5316.86374325884,7822.93711691634,7969.91368817398,4465.44705925894,3196.21140875984,3001.74526920374,4682.78585255504,2738.83569112042,8042.32925821091,7978.27962461205,2818.06294388138,7518.64354654575,7506.20412090594,3056.51552238921,4770.02786188398,2714.74525523827,7941.9005562804,7927.47500777436,7178.70453113935,7507.67779589319,4224.21206130874,7411.42909880671,6878.19031932841,4344.6915027135,3220.93871502066,7392.43471000763,5076.09870493158,4243.8677006059,7945.04043668497,2889.99822306774,7350.67222672255,4689.02815984128,3048.05954021992,4695.20529087035,4509.71866147984,4903.71028411117,7305.59918419189,2513.92287196898,7725.03488499399,2989.64459621534,2668.4586053755,7203.85776757201,2919.7546977522,2459.56237109611,2726.70933376099,2996.54042003476,7822.96968193287,4527.98957587196,4911.77134892528,7224.11653441507,4649.82465489142,2654.4702040183,2619.07216489391,2615.41768121752,2536.34003104929,4657.54941950976,7553.013151788,4889.43183831805,7609.57680527054,7358.62462119652,2648.4399467423,4246.927038949,7361.06001773108,7245.62462374064,5032.07106941746,6980.94243095908,7919.86077615395,7905.25569480502,7977.88892237855,7328.95437155417,7956.00838112817,3057.40080054555,4592.5695776803,7228.84599681205,4767.34497289789,2724.27948241378,7835.17969254334,4745.46713309931,2709.38824977681,5019.69056059228,4600.14749792036,2909.09385803837,4720.08276360935,7314.16584330389,4061.43052928287,7401.0936437116,2655.55512096132,7292.03437726757,5064.88617640002,8135.09847966851,7346.96503422518,7405.7920361593,3079.17015513288,2519.2184453584,7846.94737997541,4695.0218296479,7422.46106465894,2542.01690873564,2319.11256599157,7061.3449044097,4483.31338176034,8161.36236398248,2378.35821288472,4444.72134136876,7228.35205199079,4493.7709519586,6980.34133996291,4229.81341138258,7603.01352661274,2688.83304619169,7322.48243063389,7434.5007386786,4969.30624479092,7493.64080551915,2456.56250234766,2846.45634971776,7535.83284158719,4858.55619391119,7898.80746416055,4617.81453692825,4220.01972031261,4605.34661703917,7046.74259046964,2540.81355640106,2688.93056405783,4829.05732830843,4497.55063883555,4631.7769209946,7417.5305059263,4544.74892223788,3184.51801542389,8043.71017114258,4854.3489432084,7993.80188337604,2649.16096878039,7367.07140546829,7535.20465799277,7816.60000430207,2429.94627457927,7850.06332430569,7386.34949260304,7812.31461061445,7793.59304148164,2796.70454467904,7833.01796952541,7324.02646276853,8242.71478869003,2658.9569351639,7615.83375906879,7462.66242494402,4478.02436289596,4974.20403275299,8135.68440747566,3102.80286543465,7029.61445422022,7646.59466317438,4088.89729311537,7286.31075605079,7921.89289985387
8031.77360824112,8288.43598081977,6508.63387056234,6528.14435789867,2417.44201629277,2402.48609100186,6195.83827733868,6221.33633782606,2411.57760835366,8588.26028262549,6411.57704752247,6095.62941781549,5955.51204688771,8315.41956708306,8575.87493364715,9071.83299509028,5695.66905247114,6178.78820879428,2398.59717004726,6219.05333375503,6450.09852631574,8343.2979665018,6152.35600096462,8553.58621903654,8275.12655906597,2429.80596032605,8299.54701591489,6428.0279283216,2414.36884168557,8358.65542073121,8181.16467583821,2402.14721080254,8615.55819713959,7702.46473181652,5990.56562532102,6314.03752015137,2426.32846067628,6033.82875332718,7677.04201542514,8469.77220049987,7978.67512920319,2398.8189250677,8489.6398464356,8529.23334559143,6053.33291361159,8389.4129005606,8566.02205186989,6520.63585130304,7582.65926110874,2419.93748985005,6015.8599937873,2426.08952281761,2415.4608024373,8113.94179207041,2405.97345993138,8467.6933315391,8467.72860284012,8185.20321537526,8408.76505511481,2403.01171963171,2412.99421657424,2468.46208667144,2409.07520101042,5720.5499170819,2401.48283549074,2398.84515560946,2404.2692048443,6531.86489567588,8351.03611472449,8266.00954221734,7874.7403023622,7425.5640427011,8037.57264631286,4972.42831015604,8144.64694171406,7715.16430158117,4680.44013799156,5519.42854890813,8179.24008070606,4929.42022298402,5180.75734456766,5118.51677184049,7662.32565081922,7267.43687597374,2419.8566474677,5241.10404966805,7322.60496885684,7920.37856151795,2506.91931179638,2401.43076757041,4579.06141374782,7743.35463461567,7220.01261955326,7810.39545763804,5022.89645821973,5148.45835237011,8153.1782047032,2435.6441160152,2416.18394439978,2406.02116529854,7291.95368686573,2413.97909521662,7545.67624790214,2436.81000821477,5052.09313591602,7958.55245898021,2439.78457705009,7650.0760232004,7866.37802941289,7842.83589300969,7778.97677085665,7280.47913789424,2404.39879060253,8455.0188928308,2410.8583297605,8549.38685175096,4998.43101560103,2482.76437244657,7382.01039882065,2461.93471552725,2408.32163886914,7549.85068220532,7749.10649526847,2418.59639003817,2399.73302876443,8402.72525562775,2494.67090186038,7179.57834855858,7652.70439412433,2450.05384343142,7868.07015693899,5208.17285648486,5212.27620389122,5381.91870841137,7851.2174812131,1224.41707922753,8243.17496081617,1119.82481962014,8296.98961182418,8545.17097347826,8154.61859062397,1006.98202925833,5764.28253144768,8424.39565097256,1098.31919480536,8154.82906517155,5643.88136800997,1212.27988743984,8000.07600656888,700.747226342103,5603.89154244963,1132.76457198139,355.699923979332,7845.02979158666,7710.04825493795,8013.33846472968,8059.39794294243,740.915787755852,8012.25765328713,662.169845245424,8283.98884873436,8446.50880338512,5771.91433948606,8270.6419164581,9176.2628755119,8321.54487027189,8160.52466276246,8159.97486639597,5770.74601031643,8355.25449747076,8028.9092299116,5838.18490790678,8020.40568295335,8175.23250059615,8246.89335974193,9040.41517809258,8516.60548579731,899.327731139632,5837.12170511022,945.182370945122,5583.7977651896,8186.16756200485,933.483581748708,7981.12402716222,6354.98118830281,1358.5626118707,8017.1366083729,7963.94483296327,5893.32563268374,8367.76018762807,5594.15792357181,8266.11545897716,8171.45802919531,7669.65833187682,5691.1763277608,8134.0517950867,1031.39880800214,8020.41845902651,5741.17190560332,8531.6587663643,7509.35580805525,1362.05587436929,1266.251246711,5673.92342128147,5705.46948453573,8081.4501139748,5847.1342871042,8273.04326656169,769.142858646655,8253.93720250175,8304.41580735211,5673.39206085226,288.203511286997,8036.64365129092,1191.6927333309,5517.60189821357,8071.49255597466,856.911468081686,1364.10157394665,1000.41492187312,8220.64798916219,8558.4233891246,1108.7832231533,7787.18520538628,953.311434882547,1e+08,1012.84144059763,5572.20856477097,1184.49271299691,8126.05459359262,6273.32474295805,8940.63954916643,7984.3526527438,5746.07387519141,391.622727439917,1158.3387961198,1687.29131970523,8161.81711794374,1161.43040573945,1208.33543567913,5772.60036629699,8019.31934147314,8329.40142052568,8259.18350651438,888.616507072012,8157.03930027984,8221.97736960556,8361.85328553205,8486.73200144433,8222.18964167736,8536.86277218566,8511.68774384417,5881.46337169019,6042.16384321561,5759.54100736938,7814.87180961349,8121.39781164435,7971.8100012598,8102.35339212972,8327.80560539378,5688.28759387919,8384.35724982066,5785.09536182167,5980.62460346433,7965.40947529544,5913.68942859461,1224.01384557854,5687.17031140784,8098.03854575076,8475.27384152126,1303.62076242512,1464.3059966792,5861.78572834022,8470.30297838918,933.168584776224,6242.94753179981,249.419268905104,978.204291934147,8165.94062461546,8152.06859827449,8240.51747088649,8417.69277131666,8336.10579922527,5513.82912862147,5836.48726855445,2252.20071628834,7962.58190574323,8057.4974331905,8174.74032232392,8130.35834098001,8109.70780502309,7943.54210891806,5538.07914428325,8100.99124577165,8218.73982469275,4765.50494767311,3417.10595460382,3284.09442395447,4996.1317079918,3082.69663015428,8284.11399234321,8295.23117377232,3136.64178271977,7770.10776026699,7757.73064750193,3358.32729042927,5132.18114398163,3049.19836421533,8233.53456581691,8244.86258676605,7472.37180209985,7794.77345118061,4519.89493376803,7696.97703180088,7156.56846325507,4638.00678850288,3482.41645101584,7673.70316156795,5497.70048375291,4545.72553176546,8249.34953603602,3180.64786115235,7625.47784081369,5023.57832191958,3310.75301453074,5039.02814783094,4813.11741441882,5268.98513333326,7600.52843506711,2867.7848565798,8010.82051294412,3264.31102666328,3022.16004547551,7479.22092167058,3225.14088596369,2769.81174259363,3036.59968453146,3243.67426787166,8124.39555500167,4843.69074283128,5302.74751454437,7500.82490609766,4967.85730498728,3008.6071023793,2956.73772954591,2949.39858022101,2876.32740162164,4996.23361719172,7797.0629715409,5259.58402787139,7896.24112707952,7615.78981284414,2967.76057505039,4549.98102703529,7615.58376960448,7519.13024596934,5421.99743830964,7257.19561277243,8204.82461032474,8145.04111486047,8211.8680405375,7623.5479591462,8262.08910028225,3341.97600692424,4923.83227440931,7497.37026390762,5056.91976834088,3051.28158570969,8064.81293474643,5110.04609804074,3027.25788979315,5378.31143527073,4912.52502683178,3213.31064197206,5079.4744475982,7599.04010339384,4329.81338783408,7659.56706139913,3018.66705707766,7550.52138406504,5446.46909233834,8382.67659602244,7601.64495710005,7692.18488465544,3351.50843291746,2863.42442799451,8144.97156118499,5016.20449553381,7698.16310155905,2866.32021318042,2648.57426123246,7340.87098092697,4800.11497049712,8400.02100843924,2739.2440917103,4771.89522461602,7515.98394284466,4800.57792021004,7254.72723029334,4541.0209145762,7888.32299778591,3006.74052119878,7603.10295140516,7682.27613964847,5370.75601397267,7741.76764716174,2823.38342861019,3166.65843242609,7820.9783301777,5232.09243958593,8217.57085279103,4923.6201100807,4522.92721006205,4935.15261859617,7320.21932447051,2894.52250624351,3031.45987004006,5189.92916871087,4792.10746818288,4949.93974561283,7703.11054798589,4881.14040019122,3402.02553790454,8286.471043281,5208.07094883823,8320.96257085338,2960.64885611417,7642.23734906964,7782.03182650603,8110.1545087297,2775.52806190939,8145.28959094854,7654.21409379445,8052.54435248935,8084.69206347882,3129.14961583822,8118.01112188198,7602.91865569997,8482.74166725499,2989.60973558935,7863.51947829699,7749.70465253092,4804.78444021493,5363.09410909359,8374.40845119868,3347.49906572155,7305.19249122853,7889.8485551532,4380.91896557278,7580.06505420147,8206.50391919977
7380.28692772606,7638.76135193626,5845.17491033341,5864.84908990423,2052.83088770985,2080.52531811246,5529.74372921579,5555.45687515709,2060.15427852421,7940.6223859956,5747.30200384153,5428.69065802538,5287.39893528952,7665.93175750011,7928.15459363213,8427.30264198643,5025.41932800286,5512.54988009837,2106.98015851247,5553.15461063439,5786.14770156252,7694.00243729872,5485.89486688245,7905.7171488249,7625.35952551003,2043.28840064238,7649.9493983459,5763.89138974035,2056.34580713462,7709.46549522977,7530.74043271774,2081.77637311026,7968.10149929319,7048.56017425267,5322.74534990143,5648.94023118176,2045.40120807982,5366.37086031433,7022.94648979355,7821.33963746125,7326.80563417843,2102.94077710974,7841.34145912187,7881.20123425284,5386.03869081522,7740.43379603772,7918.23602250734,5857.27760338381,6927.84943625191,2050.38763742463,5348.25147232114,2045.56019515129,2055.0249000384,7463.04214017057,2070.54080235171,7819.2467072077,7819.28221711509,7534.8073944915,7759.91813228083,2078.71448384069,2058.13739707822,2035.1942839697,2064.23227854993,5050.50133708844,2084.46181690894,2102.56646662268,2074.89018668836,5868.60082716893,7701.79382422504,7616.17911272122,7222.11362142344,6769.54697539487,7386.12760926114,4297.07709116251,7493.96498155583,7061.35491030722,4003.84666569188,4847.78474984856,7528.8022872298,4253.8419274967,4506.66610871391,4444.02435511673,7008.11930106576,6610.18218472723,2222.15452788208,4567.41881097483,6665.78456383258,7268.08564512054,2415.23072009381,2149.13227915472,3902.23877025975,7089.75594516506,6562.3825108693,7157.29480826276,4347.82749132187,4474.15657251608,7502.55656750727,2265.42586540519,2210.68383313369,2173.05033848965,6634.8923191057,2203.39677382577,6890.58426149043,2268.3536837816,4377.19468948566,7306.53717852424,2275.7002928728,6995.77726979923,7213.68997595323,7189.97469824645,7125.64324896413,6623.32735393424,2165.53582923388,7806.48645068465,2192.41015015977,7901.48970705112,4323.2231790031,2369.04717299023,6725.65465589552,2326.17522997212,2182.70614248092,6894.79060815398,7095.55070391293,2218.30139596635,2136.23453330761,7753.83711736373,2392.20415593734,6521.62665760717,6998.42547944324,2299.90855477825,7215.39452778718,4534.26410289295,4538.39504909087,4709.23606588101,7198.41799003658,889.462235033482,7640.07355627836,707.484890716229,7687.70299062537,7926.2571453363,7553.17291228492,778.684630427861,5218.81394964236,7805.68656586217,884.948701367115,7549.68058656298,5144.88232631187,930.246282380572,7394.31728515131,1058.38774542035,5097.83520334015,887.654439523507,908.863584345528,7241.2186309767,7111.00139656255,7407.97103808099,7439.51048370648,809.902993871458,7409.05084295802,689.024921522008,7659.80226036639,7844.06757247048,5279.02789118723,7667.57080482718,8542.69479584926,7693.45926060915,7546.6740720956,7555.70784205897,5223.97852405373,7717.98606069638,7411.13841556086,5326.00422405097,7414.21817543767,7569.70814519351,7636.24047058147,8428.33424386591,7916.54117954394,1042.56018041452,5324.19257343658,766.660656169292,5087.13476006809,7572.25806456209,1162.69930182435,7374.844610972,5756.77440957617,1121.07691292729,7410.30361038365,7358.52652125265,5362.13644982551,7758.31488621065,5084.62833967013,7633.68454225524,7564.49742453739,7036.15694387732,5174.06568199433,7510.69657132571,932.140947309298,7386.17110261718,5229.065370074,7887.34315633587,6904.4576444172,1093.41252482672,1009.56543611899,5179.89276054292,5207.0166653261,7473.6119886631,5290.60000042766,7665.94966036504,990.433980144615,7629.49623134202,7693.12216198621,5172.60573579952,861.454692911617,7428.63044344416,905.672814686792,5024.77521503499,7469.61733765071,1025.85299596573,1094.72661420986,957.779940632611,7605.99511169694,7931.72417719593,883.695531838994,7166.5722723507,781.177638149658,1012.84144059763,1e+08,5079.05723273046,1131.45990058387,7512.21681429477,5773.37192999623,8335.5439518537,7372.57444820722,5212.4280723695,979.313619137741,993.658101061877,1374.83593441575,7557.72006800545,1030.87789682041,1212.042165163,5270.76541102718,7403.37529317934,7720.53911261742,7636.87877953357,1030.55121861694,7548.71954870616,7618.05605750345,7762.79878317639,7882.36017936905,7617.35596148021,7913.87751581431,7898.9023138465,5353.91690751483,5536.26195099975,5258.98305172021,7208.76171148937,7517.69575618107,7366.97124718437,7498.26025245426,7724.01735492765,5192.74707320022,7780.82083227799,5261.1572515415,5423.24157761291,7360.69559671656,5361.52932248799,1161.3607790129,5160.03722104495,7480.52329659317,7864.58042652083,779.520880699663,1100.49873627237,5356.70737071879,7857.96518329183,1090.45249858815,5656.70966114231,893.646226337525,667.104635962132,7560.30255442371,7544.18416184795,7617.14180142639,7774.43609360459,7733.37662132644,5004.32233178033,5278.90690687936,2244.69440028817,7357.70819684781,7457.71138010784,7561.38844121854,7515.89590959506,7507.03247502983,7341.81195387841,5055.68891482037,7495.72016983543,7609.10386697662,4286.77569775612,3287.06336991725,3151.42160960584,4490.78453816704,2941.22684732067,7681.07826754161,7654.65385761487,3041.50745386771,7165.39798244963,7149.59251358603,3238.87380843531,4563.92988818514,2959.08762410844,7606.12626737676,7603.79702744797,6867.82239504202,7185.98233741751,4066.519642491,7090.79704588843,6521.11429213363,4174.31211737512,3356.82634387106,7063.81003884567,4877.96319966398,4072.79831521107,7610.80451610925,3056.67724263834,7014.85173228335,4474.8447856487,3184.88852611691,4484.8022065869,4323.48538167603,4692.02183331342,6992.91397685225,2743.73117761312,7399.41670701674,3126.29160837044,2917.92280359151,6856.2257772258,3104.16910728323,2711.24194081334,2941.91725755314,3142.7756686657,7493.79400047691,4326.34538180931,4705.12900459159,6880.73928299858,4443.58813021671,2915.0162398086,2826.31539830107,2846.895770357,2782.68552779955,4444.96137733574,7187.57869388298,4684.40385911372,7286.32413085947,7003.77806441806,2832.51050765804,4064.62855121138,7002.89196142275,6907.05126113814,4824.60426175208,6620.11683890779,7583.01843367815,7548.65603022737,7600.5696531166,7012.21438730859,7628.56504006589,3185.23535484624,4391.75967202093,6876.23916751722,4548.24161051355,2936.44846619835,7469.72826316908,4537.45212315061,2924.08528198882,4813.09283136809,4406.66423127528,3106.57741261776,4514.90079598776,6991.47176466665,3899.21822115901,7056.04784849345,2963.53687371392,6940.41801122463,4855.21699048355,7761.85783751199,6989.84949727009,7084.06611033788,3220.60629615258,2772.0724912603,7519.78858118136,4494.55647573009,7079.48078865653,2828.34845532925,2650.23239753598,6726.96306399168,4288.09152852049,7787.44096098253,2610.85760372921,4236.20799516898,6911.58776172968,4304.8576347458,6613.79748459299,4028.64827538935,7279.04952520814,2900.28614056492,6994.90222949308,7075.35951249853,4764.76579212966,7131.30380195883,2720.77366237221,3035.5547158901,7214.26323426445,4653.61114568014,7574.17963896798,4427.03812899671,4035.04671926664,4402.97243931555,6691.93150365684,2794.67318920494,2897.86215652988,4618.05075974655,4322.37346853931,4438.22734899754,7095.4342420364,4345.07783765921,3264.5584744619,7659.24147671564,4646.19580108852,7676.7491749246,2897.22432393214,7025.38020522229,7172.55840787913,7484.04731527883,2684.21898454483,7513.75466077019,7037.05724172296,7454.12949658186,7465.59787107432,2984.86348847877,7501.50984451723,6994.16410493659,7867.87752895876,2901.60204579753,7253.53838285444,7142.60558492864,4272.99055938695,4766.19185332818,7750.12637171787,3207.90353339163,6665.56869296463,7283.07265159375,3919.51256477857,6974.05087482523,7585.02206181048
3472.62811109841,3650.5489522453,2734.79794062706,2739.56118754663,5787.7851355053,5933.22335154857,2679.6473101295,2682.60521042028,5833.24283680487,3870.95010314266,2713.3628429668,2670.75212375753,2665.7234913657,3669.86336274834,3861.60698655726,4249.4110297663,2679.71021424525,2677.82575382019,6034.67937998967,2682.32898125441,2721.416132746,3689.93218057214,2675.25069018726,3844.84203490426,3641.06280412624,5710.9841509537,3658.4887931579,2716.72830965497,5810.55833821073,3701.03627636183,3574.8759255414,5938.56985766379,3891.61051755717,3261.83930800834,2666.16298781087,2695.69704619798,5730.75563395287,2667.46047826681,3246.49256610621,3782.37696943781,3437.22466005902,6020.49227018609,3797.09995615358,3826.59732222638,2668.3171242416,3723.3777308532,3854.18812554525,2737.71028795321,3190.78809736516,5770.62209958232,2666.82054338094,5732.15819329553,5802.23324485524,3528.39779037203,5887.73872736433,3780.83948813641,3780.86556906404,3577.69183194825,3737.50375306879,5925.35879621922,5821.45664239984,5539.57923818428,5855.74375644794,2677.04894740563,5949.82114530783,6019.15792728639,5908.22002941993,2740.48655184536,3695.52289800845,3634.58035736032,3369.44485823471,3102.76348083983,3476.52534403801,2877.66749237468,3549.5345222438,3269.55853934003,3020.57036937036,2706.58222554702,3573.53491511967,2896.54440634567,2797.20599210377,2819.31553718835,3237.67417772371,3020.5723584171,6347.66763692523,2777.36406232818,3048.48032623842,3398.95393186497,6720.42382754217,6165.22985131511,3078.08953768225,3286.81803860175,2997.26436318111,3328.53810077493,2856.49521940596,2808.47207999522,3555.43515175481,6441.18547470402,6321.39296046413,6229.48817781069,3032.87067161217,6304.31933930066,3169.52420824601,6447.23737433058,2844.73327657459,3423.94257836525,6462.28795416006,3230.37083512044,3364.08193518348,3349.05818568969,3308.86929824107,3027.09383825238,6209.8746058067,3771.47846021355,6277.96369659083,3841.69049068967,2866.62628341859,6639.81048374772,3079.45864818077,6561.09053865199,6254.0131325194,3171.9080705232,3290.36048882617,6338.92017610923,6128.06117969883,3733.08935039396,6680.71824188061,2977.90327452837,3231.93505421707,6510.61296977108,3365.16602463472,2787.99618699938,2786.64571139671,2737.25650782601,3354.39437126943,5419.85628248355,3095.97756574521,5408.6268776081,3214.37424148373,3515.8804254161,3033.85221915311,5478.96887286719,1461.61731740229,3374.32673139874,5334.86919206248,3050.93939375779,536.871503592983,5382.32031081521,2896.10893231958,5569.35996114633,703.410335814582,5236.60183935087,5468.39648347313,2789.86965008627,2743.26607065984,2907.42707021224,3118.35491967804,5318.84462590328,2892.18293326286,5417.69581010829,3273.41081858765,3325.36615227454,1346.07377245863,3141.94140537968,4081.18043553787,3330.42242626204,3115.49212046537,3064.84602216891,1032.31861740984,3394.50248224129,3074.36430318309,728.103257381496,2926.13963792916,3074.69080668433,3227.83151233605,3971.57424277387,3377.0875446109,5520.30446875156,446.162671384272,5342.52537301312,395.761617932943,3142.98807289784,5691.58418537651,2919.25035896654,1805.67086110827,5418.63854374548,2888.53360069929,2880.42060239154,647.807726343241,3290.22675007602,509.597927870039,3304.78934626588,3035.34379429824,2812.55820344196,924.359811233538,3194.21781390417,5486.2149635531,3191.59469381114,911.514274697559,3608.61339610799,2632.51085734363,5451.88751074175,5416.42123463961,296.941579987434,697.532968443661,3011.90109261445,1186.52312799657,3189.43039880992,5479.0605896263,3257.87314269465,3234.77632017644,462.617506160106,5507.30760381349,2942.92432624046,5344.01604268992,1489.77742050117,2923.55794909153,5585.89294233392,5325.17115629904,5458.4808830082,3193.13345882428,3525.17437574607,5386.2623283287,2832.33302934747,5370.69567159895,5572.20856477097,5079.05723273046,1e+08,5597.1690804784,3218.89506653263,2258.93459805596,3784.19214489357,3053.64202339485,964.750837780716,5526.80805857922,5401.78547457527,5413.41650409696,3050.90069203945,5493.9985918134,5604.02650432425,884.183202778269,3058.90556263209,3242.1824704788,3252.26245307943,5536.72103511033,3050.55078707332,3088.40115036733,3199.01818554354,3348.82487316591,3125.64242667078,3484.56706736093,3424.59336813241,854.2889043454,1390.38420377799,384.569144518079,2786.96606767989,2969.49292848019,2868.90928362843,2978.53314393707,3219.53199879893,335.95689109744,3235.49986797958,850.37875673942,1247.81685056362,2901.14922478452,1108.73063830839,5521.34457042248,936.684080196069,3119.19051885114,3385.02320879701,5163.22576993713,5298.12924774896,2276.66793603282,3382.526862461,5637.2327909978,1613.7980617578,5501.13631869239,5285.99029336759,3075.85231658993,3107.3875103625,3239.2880657277,3521.51359793692,3213.07411104052,283.604531793977,1084.13949237508,5350.78147614442,2869.2029247696,2897.94201811824,3110.53471029291,3095.34843672919,2945.3567029311,2839.83338996439,553.739094115751,2965.74541142016,3132.43513977595,2189.11878249323,6931.12055391696,6712.34503529123,2356.87367851176,6491.98936656903,3485.53082118736,3374.87578141699,6782.16840138482,2723.11337371398,2734.89078506187,6834.32112578745,2766.43747772739,6684.99561274293,3240.90965072111,3326.80608020939,2645.29731702757,2815.4592044154,2254.53214243427,2779.97056317277,2609.69503274966,2278.9869799275,6944.90197307532,2763.18488870268,3126.8792585909,2291.65601095843,3301.2426419532,6695.2882937906,2735.02248182284,2589.47034129546,6819.43043145378,2590.21161971801,2201.35811922874,2812.06212877446,2765.28521223695,6488.6038389677,3053.89378263376,6683.08143759298,6606.65066952637,2725.82195713173,6731.5853739387,6687.01791504675,6726.77747058437,6865.86766159598,3165.41322811772,2276.48228056462,2915.21263271163,2761.01333760814,2421.9170977399,6635.71197597766,6532.29924001541,6567.82302484254,6599.18434754026,2625.32565846299,2867.90330378801,2718.90380829798,2893.37559322379,2637.48758948676,6515.69657739184,2475.85835672847,2672.60872746348,2717.41300871137,2900.0248104716,2658.60574857966,3190.69771826636,3218.14686873416,3479.65721036095,2870.68991295462,3293.63267531398,6619.53276308568,2591.4486734397,2686.91250286746,1434.73090266108,6602.45352135881,3241.46561766666,2825.09300939612,6626.08418765439,2521.28185941951,2423.46978891705,6725.05731675325,2730.69549579378,2752.24515464278,2379.08734679604,2582.90006473478,6879.59377625279,2583.07636712311,2907.84360117119,3650.95637708287,2643.98802602168,2759.05614162538,6809.76811700388,6602.07715847271,3159.30348493228,2492.05746176718,2759.72667051547,6827.09542650143,6907.0282291951,2678.39634491458,2481.82808614925,3632.6159968267,6408.17965387824,2564.1467236739,2724.26043736683,2363.24700988252,2680.73895477348,2241.60734822447,2852.64408730687,6640.72868181122,2748.64537324444,2657.43667831466,3038.21699994636,2860.80855704687,6555.18342490867,6612.25322535854,2853.66444746728,2819.37632858352,3328.39049905504,2368.104440619,2379.63983323922,2630.98839099788,2656.00058002702,6548.21564358118,6488.32483592051,2728.4788241873,2087.67016210883,2485.58516779107,2771.25822788414,2667.97710096225,6914.38271457204,3613.87427126892,2704.73715038557,3411.86297377865,6772.9208579103,2705.20422871813,2845.13259928823,3135.12041102444,6575.85473712273,3189.23182893601,2788.64467064162,3142.8322807741,3065.2959639043,6491.15503529146,3048.21342995536,2727.95874174716,3710.89073444187,6677.64510282944,2925.20754213474,2768.78024319519,2477.79226694576,2907.55324138249,3674.70003085462,6785.95323088079,2725.39437466185,2999.88126766155,2425.60862787091,2725.78893235994,3189.51100877728
7994.63017399658,8250.62516773806,6476.72091273494,6496.14633996279,2464.4527756434,2453.51483518944,6165.37530012728,6190.74872983668,2459.86562088747,8549.72680592831,6380.09625138617,6065.6681933894,5926.28602455102,8277.54129949716,8537.37018067363,9032.24674093671,5667.92111001664,6148.40924691212,2452.29649874824,6188.47683566351,6418.44438336106,8305.35052607654,6122.10837241155,8515.13339384335,8237.34920084509,2474.62092746929,8261.70836693424,6396.472805227,2462.02171710435,8320.67009785638,8143.62701522561,2453.31961742328,8576.96174073577,7666.25204666104,5961.15184862467,6283.00677245149,2471.7128922536,6004.18681336583,7640.90498009996,8431.51740727434,7941.67586192464,2452.15213001204,8451.33771148238,8490.83760746207,6023.58937447114,8351.35217939019,8527.54021633339,6488.67049783303,7546.80815903671,2466.46147398757,5986.31234607304,2471.51424639137,2462.87945335791,8076.57948572601,2455.767753718,8429.44350646248,8429.47869344802,8147.65512404155,8370.65721405873,2453.82857860061,2460.95280165818,2508.24479133411,2457.9885856886,5692.65348728754,2452.95654551446,2452.14379858346,2454.62203293129,6499.85072471112,8313.06956679402,8228.25517117001,7838.02963985232,7390.20736807365,8000.41359830123,4949.79756359262,8107.2041319197,7678.91403986749,4660.43679922889,5492.77858931741,8141.70739503926,4907.15226919873,5156.47353121185,5094.70954641443,7626.23266892855,7232.60273430613,2480.93623414203,5216.37132871857,7287.58557585671,7883.54010932777,2574.82457154669,2458.37716600915,4560.06927324164,7707.02146382998,7185.3403332598,7773.86785819736,4999.84975158538,5124.42009763124,8115.71314958192,2498.64474396533,2476.69916719724,2464.47961528314,7257.0368209627,2474.12188662643,7509.93942069055,2499.93018375226,5028.81045750312,7921.60839850198,2503.19952309212,7614.01985837018,7829.69096490287,7806.21557154847,7742.53981430142,7245.60090941202,2462.40202737921,8416.79941726313,2470.41749024075,8510.94384436447,4975.58466011788,2549.38185392493,7346.79508181578,2527.19455844534,2467.34133820003,7514.10089208867,7712.75649258165,2479.48927296523,2455.77818212883,8364.63209432451,2561.95475704286,7145.04600870538,7616.64031819653,2514.39073250487,7831.37831270004,5183.68353000105,5187.75634481388,5356.1859511625,7814.57334526276,613.107205837324,8204.31981221041,1317.01867898426,8312.58937680944,8528.62278247577,8155.95716260803,523.265751609141,5629.86906815783,8382.5020066124,543.23509941736,8138.44161494922,5724.84532356631,743.254443020735,7955.21176855275,771.656972839139,5559.74727810552,547.628541926373,1248.72857384208,7802.8919010435,7653.13174582264,7983.03107621017,8089.6864329188,1369.69646510234,7970.51427598448,900.268772307569,8216.67089494878,8471.80565974324,5912.93740620648,8291.60071940945,9106.36850607174,8253.91634543039,8117.50520088945,8153.38562108494,5682.01103506332,8239.64260109875,8055.80063357461,5815.98814066925,7986.1893921522,8150.41776687839,8267.34566758047,9046.65858778146,8540.77965194333,592.511488874574,5866.22518002695,798.89268300801,5653.11395348514,8135.89191802883,628.740090080394,7966.54482607035,6193.16581497215,506.303207250722,7975.2353289254,7922.25749493094,5920.35714142603,8361.27100085477,5552.95363211032,8188.79761882879,8144.52877255665,7655.67742021814,5620.42409047459,8151.33685279509,407.082841486772,8048.06646141375,5842.17593769795,8409.22636762996,7465.65693072804,616.005400501946,802.579921483656,5725.55595049872,5660.95301322309,8062.52258339039,5755.17758954773,8254.13995498962,1366.80980907344,8193.55415676766,8289.86771417294,5663.16166166431,1136.41544206083,7990.82373209105,719.93205344927,5678.35749487775,8022.68873963316,626.823130883904,619.909834627855,1581.71518925402,8181.76810603837,8507.17159714484,410.817435195458,7771.99511827154,694.891914827107,1184.49271299691,1131.45990058387,5597.1690804784,1e+08,8046.68444555746,6456.26486796597,8915.52101787211,7909.81658365866,5666.19725257205,1066.83988180549,408.101645298276,854.206762810332,8152.88759066982,521.980892182328,327.553570451651,5718.77245523796,8046.0992640413,8341.92776503876,8201.08961899377,520.608054769924,8143.64640833878,8239.93427667894,8368.06890451497,8509.08710801318,8207.12371911074,8498.29795145458,8502.7125472188,5827.3170688884,6189.36527863556,5811.48782944632,7777.14571950141,8082.30111712006,7934.06555313341,8055.70560131103,8335.16797021974,5710.72115937938,8404.40497649167,5728.84318382848,5880.78822572863,7957.07650619934,5833.33448878564,375.32082534248,5617.28976956852,8121.24724320159,8469.52630803792,790.306801346356,759.25892011357,6064.79769571312,8449.20397763316,532.065569205954,6103.0898560511,1168.74892905605,572.277591323794,8130.14129972496,8141.28015088305,8187.73221939413,8286.50701603751,8329.97645749762,5513.79208811438,5750.15986395494,2656.09078870479,7911.92173513493,8010.38543917046,8122.44309125248,8080.27134366145,8067.25485730188,7897.67189660668,5498.87439948915,8055.70238188244,8233.24963010239,4651.89479962988,3210.33708527856,2967.74568845299,4848.6202339319,2648.79445579152,8308.91062169143,8193.77229042323,2724.66881046241,7783.09994824165,7770.88779797778,2987.85698436453,4932.6496750296,2608.27097740582,8175.08084881018,8145.46201448232,7420.01321423504,7740.34767147343,4413.07147311573,7646.5105450398,7120.22094351405,4531.92337000807,3184.36988312103,7626.45528940708,5231.26346612577,4433.32331872365,8177.34555609807,2834.78933018788,7584.52446748334,4864.67123494383,3012.91586315991,4867.28699808417,4692.93369783655,5067.52364957806,7546.51018293555,2395.97171039385,7949.08625171533,2962.45784519777,2551.31904887516,7442.43070384361,2851.12751456081,2315.96173936345,2634.82136566516,2964.43210161484,8046.38422829998,4711.39260430098,5072.04155334693,7461.85790128125,4820.17048243814,2533.81542579922,2529.44433045587,2501.92501167938,2416.76564247906,4833.13083777302,7826.2806370632,5047.84527851179,7840.41987378803,7617.77166439221,2562.88311260154,4441.68895814112,7623.04563535664,7482.64223815906,5192.52445480596,7220.88708114956,8152.55226163328,8175.62306474331,8246.24234681645,7562.56536266739,8178.15524606621,3045.90310631666,4763.38297352569,7463.67426837424,4957.26223040807,2638.54650261044,8106.16686332317,4908.21318747774,2618.86249950352,5181.00238942881,4766.96563325423,2838.03394582323,4882.57449316412,7552.42615103383,4261.73927182943,7655.76856054339,2503.03601451698,7548.76493719689,5226.74673232885,8401.03814561519,7608.68994284659,7640.81279686823,3040.3162324928,2399.88271473899,8066.70696890332,4859.72646498889,7663.02727716014,2388.14873644664,2116.40884255868,7304.46684784285,4655.5959406773,8428.72249466094,2247.79794060119,4617.28951587507,7471.08619810221,4664.90393488451,7218.76447804393,4435.32106216473,7836.73994073865,2599.38499278717,7558.52670183147,7702.67959294438,5129.70972490551,7763.92785849291,2310.72953598416,2777.34810535685,7765.199795612,5019.67746284849,8119.33535762278,4787.90647669717,4422.25590388987,4770.90894413345,7286.56640336582,2415.34994417821,2587.64425557872,4996.60633216077,4676.96266624926,4804.30591441293,7652.7648874248,4718.24494278587,3219.30503622564,8308.96766084206,5018.42689259288,8203.13285583776,2519.98363305558,7608.9518453309,7807.16438096573,8043.8614259343,2288.17030046055,8082.07118778589,7620.11114173013,8084.03850969631,8013.46203271599,2719.84212089696,8062.21317759173,7559.87111751719,8508.65500524373,2553.15769180634,7885.63966740143,7697.68539828692,4656.58804800959,5138.05438040436,8401.92855821143,3108.64377537275,7269.20482647532,7919.75504603273,4289.30949116246,7526.9966938796,8158.27735129699
1241.07035216054,1207.63578350801,2252.42429644143,2234.73995556194,7744.36600532395,7905.72403705819,2544.05322612918,2519.7554963668,7794.90370223506,1242.90404131635,2341.33403609463,2640.35792308587,2777.06938539983,1207.54033783748,1239.91046864223,1446.8250135686,3036.38322149121,2560.34838586402,8017.73574080116,2521.92750662471,2305.86364236432,1208.13226543988,2585.68469053859,1234.84359380426,1207.92516245144,7658.75640296654,1207.51680353354,2326.15745664553,7769.6963201666,1208.75757657361,1214.5104565305,7911.63771932046,1249.94539219245,1363.1191176663,2742.65249075973,2432.16342227823,7680.82331552868,2700.37096390839,1375.73882558998,1219.55729515584,1255.09634638735,8002.09842710183,1222.63491313688,1229.78369257617,2681.38139703042,1210.64701610517,1237.61960534832,2241.53796455978,1426.05419411127,7725.25944462647,2717.90546711754,7682.38796896703,7760.43928542819,1224.05719237067,7855.36357420421,1219.25511994767,1219.26021536958,1214.06448616026,1212.26962294382,7897.02292338635,7781.80969282747,7466.59786200316,7819.88351526385,3011.24551187008,7924.07854447754,8000.62726326403,7878.05171720003,2231.37507867169,1208.42080571969,1208.21575236813,1289.1180791219,1520.75019807485,1239.68076854141,3793.57509112522,1219.20152114074,1356.97040445328,4114.00922045409,3216.21905386779,1214.72810473888,3840.21238178735,3570.27089862112,3636.53945493528,1383.23002037425,1627.87735708062,8360.7526397155,3506.37650889607,1589.29095544702,1273.13554450595,8764.98840636446,8161.25510798563,4227.4589125022,1343.69965916798,1662.00253643168,1314.30904575069,3739.08585494538,3604.61322017719,1217.99975377141,8462.5719039722,8332.09316712368,8231.65819442048,1610.57767471811,8313.45721542874,1447.17659049507,8469.15122194235,3707.67880405884,1261.01573138442,8485.50839531043,1389.5677178246,1292.21870186765,1301.22824848035,1327.69492936027,1618.64468435373,8210.18516646633,1217.49456077671,8284.67003951277,1233.93541599782,3765.46875925003,8677.91813683304,1549.16682013921,8592.71339525516,8258.48866182099,1444.75459164322,1341.05697144981,8351.2138287686,8120.46163919861,1211.72735569156,8722.12524968996,1691.75626371652,1388.20009977691,8537.98058448622,1291.58703957419,3541.20016030756,3536.85530999663,3358.64428006172,1297.9734916078,7816.08041570524,768.545774662581,7814.00430574083,1113.96070574148,1049.30480832001,960.158828475739,7916.66150103514,2790.82391557995,841.807738829901,7794.93937210437,869.400670374661,3241.38681397203,7792.71293525645,903.952540440182,8121.92288044771,3019.59923535569,7696.22321299456,8022.14221012412,1034.6763382022,741.948552417548,1023.922374901,1529.0131845549,7860.96875791695,938.253721909861,7892.01378589362,668.064223255961,1478.3683626411,3493.8260387018,1219.38554009192,1368.33556895052,734.379538834716,746.569911873485,901.156585685908,2759.41620895448,684.924463703053,1498.20870954637,2848.72274843019,1014.33765056934,802.610639521809,1370.25527568915,1444.90578531613,1336.99469323692,8034.55786364719,2892.40494455163,7788.81067459407,3152.60907895771,686.919098916026,8205.94063909115,1134.16870740371,2200.02306857376,7814.83286416741,902.822971534849,957.791261261064,2729.67109482548,946.298950669497,3086.05384356802,678.676998872854,981.662969671413,1457.2872657029,2923.11570338277,1365.15971676533,7946.05114370674,1712.88693572123,3165.38590783846,805.049936336138,1055.81153215065,7866.51001812133,7837.47925626378,3103.53864887733,3010.79335328597,1102.69008687817,2663.92898351225,848.416129008387,8003.78082380134,735.914321294107,867.204697649088,3027.77215418562,8039.03241207286,839.542800625269,7763.22462262087,3701.51480673811,761.109170823317,8108.77751215935,7759.47745486019,7960.86609166969,737.663206233303,935.596184516102,7813.78340199282,1305.75533623031,7828.31538031117,8126.05459359262,7512.21681429477,3218.89506653263,8046.68444555746,1e+08,3458.55545924527,1232.06244657393,249.194319674542,2807.35371900355,8067.40067755683,7866.01853088893,7719.66377647307,919.983333953465,7943.27164123219,8062.05618487154,2926.03460932897,1467.7320465961,1088.31149452408,726.549010140742,8046.20942193126,958.268146610699,1200.60777147122,1054.38823244341,1279.13896484136,862.15905117879,933.293618516884,1003.67573714829,2728.05553015574,3222.30054608812,2991.39314486044,1087.75977906641,849.903699155375,1008.67443005871,696.992581887788,1025.44455368165,3077.49643461947,1228.3414020457,2785.1709602048,2535.14345256953,1192.41012758023,2571.83678797894,7961.09022607213,2891.89669331539,1462.0033052037,986.403956317052,7516.42411562332,7627.57969225681,3809.37135951751,944.533181477412,8151.02171517805,2320.0432727647,8046.54699347704,7734.19639139269,751.781853807861,889.188391690852,754.676643286986,756.805333709717,946.063155449735,3150.11823987388,2693.48544516831,7847.00075836631,790.250869676137,771.269191452971,743.664842495869,685.75931429734,833.952773218831,883.546262000563,3265.53460280713,779.651395421588,1168.37568473043,3922.89044660948,8583.02237194817,8394.82827681569,3675.35367889167,8240.6499290053,1651.39680755753,699.094055500921,8548.5467908446,1135.45865370735,1173.10875815395,8513.83868328237,3662.98129640114,8481.01606061772,774.726894582206,738.59740833894,970.863413578196,718.732864910642,4193.76971720773,880.614542425131,1533.9621724374,4098.15871681174,8584.28370933249,947.837545580048,3546.99373259524,4126.86249210639,815.538711061659,8421.09615649009,1053.21391110308,3702.4255281457,8502.02083682876,3660.93705361768,3851.07108540985,3547.76991638982,843.321047252442,8327.41147653434,418.43434465896,8365.41648895437,8402.00777621735,1135.76959437365,8449.91023024187,8603.40793803563,8521.54742320137,8587.21888389943,672.490754913413,3790.47181991761,3565.73206678628,1109.16081581474,3712.92048006539,8447.1842197465,8330.39413619227,8392.85040069494,8447.78378483584,3726.00092708916,1388.52210762903,3507.63804346047,686.258902400431,1081.81756751724,8308.51366125954,4201.43331253632,1106.21254202671,1083.04797270069,3438.5391799678,1478.80615773389,786.486776875686,1446.24730552139,1804.79627344753,774.448178446679,730.814916009004,8252.76283053739,3819.72734128401,1191.76047447476,3424.66135941425,8374.52431902243,1638.36857316802,3695.54360637407,8416.56487905167,3289.38843576864,3793.40878989293,8451.69152802104,3680.13777016641,934.040368906322,4474.40637971777,1109.62101293363,8729.1843493516,1073.80933850268,3439.31408837394,1797.23476678103,1139.07930263385,865.386104054548,8478.60334655344,8455.71270345262,656.806843038467,3703.88338884582,837.564387022307,8727.17385086992,8924.61506360549,1228.24986560152,3909.7012707845,1816.63514468034,8292.75455044382,3892.44484893979,1009.55174829706,3912.80663214267,1658.09844510116,4030.13273276028,852.30045507212,8434.09562874737,960.04824815335,1263.55832406238,3581.59996765676,1340.52702910664,8430.09542679154,8336.27634663662,603.937933637943,3585.66762206962,704.958915091146,3793.53815060764,4179.54552377761,3820.31081312392,1322.14100453048,8392.57218854273,8262.44018677231,3576.31866762042,3897.67201422194,3820.52313363371,876.989715082949,3894.6217651189,8565.27200047509,1875.33741504159,3571.33305646947,739.226221900756,8627.96558096183,871.881783939074,1347.43243115349,690.015314610043,8471.53186082503,762.209010422558,1113.17765708535,1468.59420417488,659.252735964067,8220.1170418653,771.468433980646,977.022278824423,1849.16429981723,8494.70913435448,1276.52491861315,901.175997710848,3852.48643379443,3505.91231405546,1903.02487058414,8438.86496880458,1551.53967229056,1455.7920888736,4361.44156479429,863.424407821009,764.274728125853
3178.30364847242,3350.33525657494,2527.62056177084,2530.54765398506,5957.82339184716,6106.39504863734,2504.33690426078,2504.53913790712,6004.28206678511,3565.74303547386,2515.59686202698,2506.5055564285,2517.49365545053,3369.12406786129,3556.57217321813,3939.27329253881,2562.3613835917,2504.37197686135,6209.92298580483,2504.50860391711,2519.86031807941,3388.66688282109,2504.69667679277,3540.12399645862,3341.11444862991,5879.28438494088,3358.05668231751,2517.33521779595,5981.10057967969,3399.48845469828,3276.92001477832,6111.85300095032,3586.03311992008,2977.88279286082,2513.87344318723,2507.83466643515,5899.5090603761,2510.20695760761,2963.49052279653,3478.93117558066,3144.34009404141,6195.45150410102,3493.34068959828,3522.2355548063,2508.84368326125,3421.27919469722,3549.2922614293,2529.40113929923,2911.54465029105,5940.27713441759,2511.62223521723,5900.9436148977,5972.59183802978,3232.00221180744,6059.95181117154,3477.4269334183,3477.45244969364,3279.64585774565,3435.06884673101,6098.36609113863,5992.23827416546,5703.77336516212,6027.27106439136,2556.69964775854,6123.33798123847,6194.09032719613,6080.86710909821,2531.1250351909,3394.11460946085,3334.81611857561,3079.62503891937,2830.57491076149,3182.04855564536,2846.23400149434,3252.4117444903,2985.134160105,3020.70933593444,2610.58687480688,3275.62206859023,2869.92213390961,2741.80047535988,2771.17786462906,2955.23567711952,2756.57886146025,6528.77849749533,2714.83868201895,2781.49709669357,3107.74700691739,6907.63880713458,6343.01245728696,3088.54935744985,3001.37602833863,2735.95655043998,3040.78893375434,2819.35182925575,2756.84831674539,3258.11468664152,6623.91088504349,6502.03938363006,6408.47114914444,2767.53086998395,6484.66135253675,2891.84926094362,6630.06524840891,2804.25645035788,3131.62541978985,6645.36960610359,2948.40766086789,3074.52350525966,3060.24791185423,3022.18189354702,2762.38060416702,6388.49451890974,3468.27037486849,6457.83171145929,3537.0331237191,2832.25931185594,6825.77756201426,2809.4137006581,6745.80213233862,6433.44603244418,2894.05330558404,3004.71434942389,6519.87695198486,6305.13488669934,3430.75859627682,6867.3232473897,2718.97148513844,2949.86940972516,6694.49955650816,3075.55451868535,2729.36446446609,2727.5298910506,2657.89405583644,3065.31564642723,6219.0652976604,3191.84539491685,6036.6590802925,3069.87583769447,3600.24159163775,3084.40438869326,6265.06484017712,3089.03779142938,3519.89088679982,6172.9957870519,3190.88837340676,1848.2671845334,6182.76600900602,2868.85621060113,6358.66731329296,2666.22907551835,6087.72745578421,6157.2208828842,2693.81434929366,2866.09675949809,2812.2709721492,2639.43903722527,5938.40124892801,2852.78118440621,6144.79414277905,3495.98063773196,3071.25594676664,1369.28860489084,2940.96201704605,4238.8957693381,3537.51832646886,3310.72427518092,3148.57137097613,2808.66918690308,3737.27254694002,2640.87032289741,2612.29158667611,2824.0171532378,3262.60604403051,2768.63323147503,3807.37492035286,3064.81965763771,6351.97074261998,2294.96809341991,6105.39696443617,2193.27268618219,3354.28512817606,6481.40216974872,2734.90301409437,3203.62006785803,6293.78370016843,2899.34857055345,2803.86233886951,2292.71241930467,3354.56351131737,2455.67048078543,3532.92759218827,2965.15255380359,2562.65134211844,2739.74653630102,2772.75044890224,6311.4856143293,2670.09616318573,1605.54426155637,3880.19835895933,2542.57861114951,6282.95433644577,6216.91766570182,2266.16574850659,2623.67277997927,2824.4593546093,2882.22224207154,3305.73478389358,6126.69421787328,3448.99150987967,3303.45353963832,2496.88187492947,6202.66649229762,2930.39347819201,6168.44152642825,1406.62054187824,3029.68203717279,6395.49317133751,6168.87098000718,6015.84313706121,3368.85816447847,3722.34167833147,6211.30326732041,2606.5926093871,6155.54106550042,6273.32474295805,5773.37192999623,2258.93459805596,6456.26486796597,3458.55545924527,1e+08,3896.91775488499,3296.1300482065,2745.62034457798,6253.58394923135,6255.83418636797,6289.90816112641,3141.55852262342,6320.45272098402,6448.29794435953,2797.77495875583,2630.07611404438,3128.10624813364,3452.0418294962,6337.58842088867,2997.90088296591,2919.08676236491,3229.70217425642,3139.03042083817,3218.0493759976,3642.7086282411,3461.27860313055,2676.33761796158,1217.86336860205,2208.49580470592,2663.85975060133,3013.91166628639,2791.89123283882,3085.3880607194,3207.0524162185,2391.79069680268,3059.74469161033,2641.25276437465,2859.46780324447,2699.35455788313,2750.1887412973,6377.89502219848,2781.36278119598,2707.41990281016,3443.6959943857,5957.51480400576,6134.1321177481,749.99427286185,3517.80402377325,6445.74070096949,3104.31190443555,6195.43896675535,6074.20775936377,3284.82749978239,3228.60220005629,3427.29124411249,3841.17348471719,3294.39582806159,2316.94878852229,2796.55370654435,5458.94169895885,2900.74332638318,3018.06862690267,3381.98893988132,3304.76446282185,3024.49932058357,2825.32576645336,2589.15271282678,3038.47318832888,2931.19256061847,3317.17746593067,7175.5283027153,7088.83104826264,3612.93489785058,7010.3341616834,2759.01732839807,3682.72058966496,7286.24895529686,2693.16043716066,2660.75739305489,7277.09842912114,3882.93796597562,7249.19503702354,3505.76905005243,3617.58299162738,2659.5907306913,2895.23895248376,3317.98369362856,2715.50420481657,2427.43210279693,3374.00854184191,7278.15298559418,2671.90564545983,4143.04387617544,3358.72537017225,3525.17787089749,7103.89378065848,2600.13777183211,3698.08965771723,7176.4252906458,3697.14253585156,3354.88001724352,3890.4116132771,2805.65545874427,7065.77612242632,3228.56875064799,7040.61466082926,7194.34080039066,2561.19997771525,7180.99130417328,7251.82225889341,7224.51371655873,7223.88907089652,3465.06835799758,3412.42485071639,3978.59678439538,2588.22696644654,3613.95625362426,7243.69925207195,7051.45931939501,7117.55183616036,7175.06514017851,3719.23868944323,2448.02692046565,3874.89722673884,2962.84199992562,2680.08062269235,6994.3698055544,3470.04839080379,2702.22641906035,2562.20099806477,3930.6927058404,2458.34186508773,3453.11081460744,2643.63718863619,2660.52703801879,3047.08708567502,3589.23530365947,6971.82115821131,3733.17165797869,2516.78410721894,2809.97705238916,7114.05261856408,2479.5355882094,3907.19384171329,7130.69861431305,3686.96549389795,3638.74026896179,7186.4459269611,3853.90744676064,2665.29075366109,3107.05074628694,2678.34048000791,7563.03626172183,2703.20070042609,3946.77335481119,2873.58577353103,2694.6312585794,2724.9702450537,7173.09088682296,7188.91114917759,3487.1342635405,3694.15892039552,2959.58662434436,7436.98199986138,7597.02267958671,2523.71073559178,3637.01983146169,2832.1602494935,7012.32737760087,3705.14126239205,2638.57830136394,3563.39295623293,2463.27055142325,3146.02122847465,2846.27500067751,7144.07138786684,2645.17217011533,2569.98426123321,4051.6710819456,2447.94925644477,7192.8202569593,7083.73894560423,2989.21697244268,3907.22365704015,3603.71650782037,3586.56385761232,3277.71068366599,3782.57378776232,2481.69006729045,7152.9527022149,7019.79578137009,3825.58901911392,3316.20166557188,3639.52642114459,2721.72767232167,3764.61745364811,7169.21537688318,2804.20242772969,3832.70676345015,3733.69073861439,7316.67645187827,2923.91674358143,2447.65152555016,3408.61318803352,7175.84399622676,3454.82650408971,2611.10428986446,2541.83262264259,3415.91265918486,6973.50635548692,3386.44403182214,2623.67840335523,2905.81454818671,7235.7584856084,2574.80072166636,2738.63188624578,3589.7923772463,3936.05316172808,2848.44527313515,7091.16964710452,2496.80136019746,2445.26950371351,3230.66698276278,2758.86170220498,3443.86157869466
1696.48596145183,1521.21400828306,3051.25984179721,3032.02291983573,8633.1980018226,8794.9180094474,3363.84975696145,3338.08553888826,8683.85143587372,1356.1201853821,3147.42473563053,3465.5699778488,3609.0198734851,1504.41304587162,1361.90615424348,1218.77981701278,3878.72064217108,3381.10479571004,8907.16852038885,3340.39039391264,3109.16493211842,1487.42165190372,3407.89726317371,1372.56442386399,1529.62611962722,8547.3872141251,1514.25430981751,3131.07091848803,8658.58660181019,1478.22516811733,1591.2455311126,8800.84454809726,1343.71931226124,1953.63700648507,3573.0009416702,3244.83005285386,8569.50661363423,3528.66708948851,1974.66464112561,1415.36060512222,1735.79859457122,8891.49845634571,1404.83939455326,1384.56393056682,3508.7240522755,1460.16634348655,1366.57903258703,3039.42234536588,2053.96529187401,8614.04710582281,3547.06431916198,8571.07497189761,8649.30833124319,1637.56756924783,8744.44690995283,1416.47461597575,1416.45569446372,1588.51994122713,1449.05611105563,8786.19792812558,8670.72765103488,8354.75225553717,8708.88764746506,3852.69046307265,8813.31232786852,8890.02420167226,8767.18515317538,3028.35820171422,1482.77309752308,1535.43525928609,1815.30519304886,2189.85866153379,1692.24959610956,4655.19689640447,1616.18963900909,1943.1884914315,4980.85656573629,4064.35452429848,1592.54677587298,4702.67383460281,4427.42283053016,4495.10123832486,1986.90327530147,2330.90945743128,9250.85916507523,4362.09522027814,2281.2547118836,1779.99519833836,9655.79145480626,9050.97991584835,5095.88726378718,1920.13067217101,2373.95027278078,1866.07910463556,4599.68798722589,4462.50516921463,1610.31470393405,9352.86312922927,9222.14650354706,9121.52081874773,2308.7865390443,9203.47567588948,2085.53908138217,9359.45415786591,4567.67338745339,1750.93538003165,9375.84033001818,1997.12691027377,1821.83964516692,1840.34017565899,1891.26963612581,2319.12962835733,9100.00612440867,1423.31959069736,9174.6341727229,1374.60744636827,4626.56994073312,9568.57919515424,2228.31078975277,9483.23138344729,9148.40290137281,2081.96174688923,1915.44942177107,9241.30271068768,9010.10498169208,1452.50235459403,9612.85892078653,2410.89574436585,1994.93048828764,9428.40444345576,1820.51580010347,4397.70931704403,4393.26707850731,4210.74063469891,1833.73605670122,8692.35650308035,923.442058892242,8638.829505605,942.011971306987,508.539376227609,920.386116975408,8777.29088179021,3621.3737792754,597.228776659152,8647.20232700087,877.026878078937,3755.00444355483,8645.7258410681,1283.49507943335,8963.23000109574,3689.71712700216,8554.62288082347,8836.9448442854,1496.42476108291,1653.25271662311,1267.10293912153,1537.01796893012,8673.95224389848,1290.60551837377,8721.65644412359,818.372377783384,1044.80036510515,3941.25777533164,1060.55721807824,576.684931949874,792.648386647541,868.594206647396,872.810224508088,3459.54636495516,1022.16438500441,1524.61395590552,3455.40563103158,1271.41924898344,813.184254951751,1302.72409271793,625.138983766219,1044.99379466754,8878.83027218062,3430.12760609073,8633.58785235706,3696.29022322128,852.147463164837,9059.04409107503,1325.6188264437,2995.06665864762,8702.93687837266,1215.50779056076,1344.89714402981,3283.05572312514,644.114636686022,3756.46555539434,890.668370674344,1088.12869086176,1776.73193274179,3649.36056087024,1400.11411557317,8802.41231904002,1731.83532477897,3693.28236232135,1114.55410828197,1854.46245852233,8741.02000405449,8690.96182962725,3641.70891293162,3681.04789065416,1238.66662735061,3367.92994368946,731.787708596887,8813.83595373965,825.605338451184,710.197826123321,3643.016359407,8863.11618162576,1238.2078983352,8616.73711468363,4188.01005922427,1170.51430867816,8951.95039712315,8629.41930551255,8768.37671663029,794.174769976288,519.8685020665,8684.25293666555,1612.71708284266,8674.22363350197,8940.63954916643,8335.5439518537,3784.19214489357,8915.52101787211,1232.06244657393,3896.91775488499,1e+08,1343.20450062163,3539.17340240071,8893.15768669955,8722.3727519872,8632.24518155396,880.349719929246,8801.29243326922,8937.66262036752,3590.53573342489,1507.28760411061,879.638942591395,812.201558647831,8900.04344332678,1029.78353360255,1069.07755196554,732.946310628485,916.302098411327,814.197545200737,488.110392989789,519.288391887355,3386.43636701469,3647.04724648436,3519.44934221998,1544.88801365816,1089.87464009168,1332.673248575,1103.95306484218,782.331876798843,3645.37990516208,956.751701357878,3490.56849389209,3267.83841875647,1363.80089818256,3306.4573863615,8842.52230191501,3595.62821942155,1447.32648569371,559.160556383646,8387.83460870519,8524.62872774222,4293.06425051585,503.355042585764,9000.05168370818,3062.7335489474,8863.72396545236,8586.27509951828,837.776986145429,846.35207079141,810.852342124498,1198.48996671599,675.008239310907,3769.56251209577,3383.73400294858,8651.94865223992,1323.13375279859,1169.43848117524,829.080488176485,909.445863152966,1104.27013462282,1373.61016541205,3921.93316927074,1120.29348256621,1079.0830994061,4908.92238934438,9618.4870365676,9443.35212046768,4692.18421848945,9291.26819399412,1785.37662432409,1004.85060183125,9595.20683592124,1373.0138566506,1392.05375419156,9567.87781542771,4711.42823646285,9524.73176581162,816.430519496713,1044.62653550207,1873.29754221083,1490.35330033262,5165.08005656362,1657.26784080193,2326.3138326027,5079.07473896693,9635.44157982062,1666.5324286984,4624.51777084675,5112.18424533538,920.262792000526,9467.75702773899,1728.19343995888,4733.59632066735,9549.16119806451,4705.60721063297,4846.19688970231,4605.65080783954,1756.15058103417,9362.01132869321,1257.6173681125,9413.64928070327,9447.14622823507,1935.79628816016,9500.28576822245,9621.79261030736,9558.54276881134,9625.6577340764,992.623915567616,4797.99695322012,4626.7574641012,1920.25696283898,4733.19627431962,9488.40110826051,9370.89623816555,9430.59606426692,9481.90406095002,4760.73305953513,1608.15473056952,4561.22343024492,1381.84210568842,1463.09364901575,9348.1331368283,5189.70699823536,1474.03977684076,1871.85504986547,4517.26940223238,2228.46909422024,815.719627661753,1560.44014212436,1944.3123497087,1753.78262914027,912.889343986184,9307.25050296732,4849.51518407685,1875.37017949212,4335.0628258042,9418.72980842802,1796.78581179827,4746.50700400723,9458.28272009362,4350.53821157873,4808.59432631497,9500.60895642221,4729.90910231994,1764.80186218754,5412.5749349202,1421.07074526273,9765.09415266703,1492.43515228661,4513.89494985542,1897.4692615636,1482.01545347657,1624.34258274595,9529.00399973777,9488.53658696628,961.924417840699,4730.63780719934,1335.92456695483,9752.64053061099,9925.65153928504,2083.64967595321,4924.54467664146,1876.11228027471,9314.29207058623,4914.09728411273,1868.45944249899,4918.11779969663,2241.96150165911,5013.92178056508,1390.13901538646,9473.40807113761,1762.77319726159,1490.3009588844,4653.82559337714,1658.37323089037,9459.38898135462,9387.47083325405,1469.1893156081,4647.3633286388,1074.09593060538,4803.10290016947,5160.65098520715,4846.13860491265,2126.57757198079,9427.19566231063,9308.9715883446,4630.57706461848,4873.30723153949,4840.01357887589,1616.72444899128,4924.61575022642,9595.79385645045,2014.84322949656,4618.35431294492,1111.88421193669,9659.36189616074,1393.5928701703,1594.12565783284,961.928457051837,9496.63692498662,921.711253967866,1729.97662756074,1609.55678887437,980.511910594427,9273.77669146041,893.166045351252,1731.93733315218,1879.48649952825,9531.99636433398,1513.22419772598,1556.05788065268,4877.42629917667,4581.89184764344,1991.90643995022,9482.34342851789,2204.99262244868,1651.91780286101,5331.1648957832,1764.45478307205,801.970979979081
1228.63954945054,1226.75968783895,2139.66411340594,2122.46241053289,7604.35232177962,7765.59438443135,2424.82220919549,2400.97416838704,7654.85300455911,1296.66407553979,2226.32417284797,2519.47065226519,2654.13128423127,1229.96659272717,1292.35988686423,1540.90693292764,2910.30655200314,2440.82329809816,7877.52923779065,2403.10542232279,2191.71757576164,1233.94616038736,2465.71390213135,1284.90273627709,1225.41330166436,7518.80692028297,1228.0029780373,2211.51196834683,7629.66400385604,1236.42514508233,1220.38104977634,7771.5039365028,1306.54840676411,1314.50077051642,2620.20093460536,2315.12328030828,7540.85710046589,2578.54365383187,1324.68021511195,1260.28745971025,1236.34714321151,7861.90248022731,1265.62234402226,1277.18604458985,2559.84445801778,1241.99612396947,1289.01735423916,2129.0734138761,1366.43577976317,7585.25992421534,2595.81561674411,7542.42057239265,7620.41375960765,1221.62735947903,7715.26943165665,1259.74755616782,1259.75668740771,1220.43520898706,1245.91146059711,7756.89936277964,7641.76852345678,7326.79973730347,7679.81475864888,2885.43742344745,7783.93609974103,7860.4323123524,7737.94150161567,2119.19078941586,1235.16990520011,1224.58119638005,1258.467290405,1448.61951006092,1227.94789293101,3661.74076524172,1220.55529490687,1309.59219892788,3980.62575165416,3088.40242210559,1220.36038237266,3708.12897667808,3439.76425134244,3505.61369350209,1330.78479122596,1545.20901140829,8220.32770456825,3376.29629862703,1510.07888083665,1247.62563184333,8624.33480370533,8020.95423260048,4093.60696480622,1299.1240830085,1576.54018454032,1276.66715938836,3607.55413239359,3473.88654018506,1220.40751322652,8322.08663442202,8191.68556876123,8091.31262315053,1529.4173058027,8173.06097576453,1384.41946792082,8328.66211991325,3576.32744977753,1239.91017875189,8345.00979933826,1335.98288815452,1260.64177609882,1267.07167664946,1286.75734194003,1536.77303880383,8069.8531192832,1256.53151437596,8144.29147952981,1283.53974051762,3633.78891892345,8537.31140906037,1473.93706240376,8452.15375970386,8118.12632376078,1382.34570710477,1297.06158464821,8210.79464630453,7980.18713552833,1244.65572805642,8581.49456793626,1604.03492865348,1334.85867190888,8397.45185823518,1260.19711027108,3410.88471419646,3406.56883999727,3229.64372451526,1264.73058882095,7679.43822220384,744.195083367065,7672.80916005793,1094.97083557778,1140.27015745478,933.492018665125,7778.86292761844,2675.12772143157,929.760091296284,7657.2612996649,859.075452190774,3068.6703651381,7653.98725002292,819.754148978612,7981.08661099436,2874.81463444897,7556.73311277309,7876.28594207021,937.315620262589,539.862537593596,948.479651412405,1475.86139321541,7716.87989489303,852.92693286007,7752.43949175079,761.716801947357,1465.32081999537,3324.82183450513,1178.67564772789,1501.32613960514,833.005434341462,785.78577829669,893.541227554438,2629.84712848777,810.960350416831,1440.94074569147,2711.10275709986,943.383752679541,819.991697810425,1329.73693324893,1544.81862440805,1313.08986885603,7896.26252102583,2735.706377067,7648.68759889525,2992.12779498448,741.25961868837,8066.92647858819,1066.40338559766,2113.39149823235,7675.87563238354,816.578718712674,871.81427742485,2577.99785202046,989.922972636006,2926.11554680919,774.386061416748,922.748576243945,1362.43133519682,2783.85679408599,1320.47862715899,7808.64648218503,1643.58187759619,2993.43914147964,921.426400272372,915.52826229944,7727.31925126488,7697.84054860594,2941.34229979722,2859.55681634002,1045.74433086385,2546.51180828121,881.143200257367,7861.54304199036,814.531524026625,903.114418541669,2873.20082331595,7895.99543654866,751.511365741771,7623.57099746783,3535.8945862822,670.746098239266,7970.55296525808,7620.87875758847,7813.19640802665,797.00464379658,1050.29384017744,7676.55036617442,1222.28549462749,7688.13044660366,7984.3526527438,7372.57444820722,3053.64202339485,7909.81658365866,249.194319674542,3296.1300482065,1343.20450062163,1e+08,2669.00235055105,7925.82604385337,7727.3365276925,7583.76516379912,904.515273930362,7804.53237950062,7924.65670713699,2790.58158004089,1411.26153804395,1081.3902239658,806.942858400198,7907.43573091597,903.481393512673,1152.40900871246,1059.18321066431,1267.19537276899,869.984224001768,1035.84457514166,1071.29694843596,2589.47766169382,3051.39944910242,2829.55032291261,997.345011169487,785.002496065548,926.270968961402,632.300381971791,1034.83451461665,2921.70437250831,1204.11858338425,2641.38827448189,2413.52676433746,1123.44902460068,2442.8335824216,7823.79496085959,2756.86202985217,1412.42258504275,1044.66760102784,7379.74171577877,7492.72170713515,3654.72404267738,1023.93044691851,8013.17138375178,2224.13812273498,7904.67550651109,7596.24255918609,778.488300694,905.930909439377,827.184414563023,869.823955138612,972.662694894165,2988.31846435519,2565.31524982344,7680.60655668915,680.776307268625,682.868919622266,802.591455969325,723.974823679757,753.167934587501,776.397283404375,3106.92587199516,704.606037913699,1124.65988348754,3754.84651755807,8443.02936159543,8254.7803034836,3529.70719735927,8102.91008191964,1605.18147274395,821.434734958542,8409.60584704149,1039.29852914264,1079.38613420725,8376.11889629429,3541.72156157265,8342.71021312518,856.528421377207,831.422843073125,786.224564670917,585.006547633828,4022.6176610367,764.930795608843,1369.32303034191,3929.18355099721,8445.54619179613,840.554507022687,3446.19695635138,3957.83154761578,887.818237284891,8281.68565415769,954.686479139839,3572.2056409775,8362.80415107013,3527.25169057233,3686.24614224119,3432.99880039048,653.370832835454,8190.09153989118,382.901745139538,8224.72569741382,8264.90748350739,1000.5737429559,8310.9552267828,8465.13811284449,8382.00605548573,8447.03321726229,747.164589461177,3634.98396360237,3455.31996519574,980.896309977075,3570.25534714666,8309.04879713595,8191.42104502182,8254.01215617568,8309.78235055946,3597.17331206635,1294.91552947922,3392.21053144929,581.623972232039,980.454176594467,8169.98159651728,4042.01313020998,1011.34541531805,959.511274787923,3327.05241179213,1328.71623001289,856.059584649503,1380.56299431723,1748.62458644711,621.604222442496,824.366933291752,8113.3050619565,3684.65632371417,1082.49146323324,3257.43032788731,8236.13835147165,1573.69457727477,3577.60897990443,8277.4116022529,3163.29027953825,3646.60067513422,8312.17889730743,3556.55509080071,798.084963324183,4302.17892322567,1001.74347019539,8593.77948726369,973.70920387703,3333.73282561173,1760.00838976113,1041.58991734889,743.012662797435,8339.82729723915,8317.42604677441,742.417877461159,3565.47641776612,780.281260900729,8589.88045191595,8787.70350307229,1077.0508773811,3760.03672559541,1775.70114533273,8156.03420552693,3754.40623314906,851.863061771561,3758.8383723681,1542.18721541692,3866.63054821056,762.48312531261,8295.84545090322,835.945870563319,1157.28947724663,3476.39714306878,1243.01011563377,8293.92837587734,8197.02543920776,452.087115323853,3468.4904775207,801.452388170816,3641.9789179542,4016.79973488803,3687.16004228515,1168.01657687265,8254.86443419269,8124.92744649125,3457.07971911433,3729.63999817939,3673.17198433734,762.768806191267,3758.82905344248,8425.81187211842,1827.65475546834,3450.09273767166,850.286518390554,8489.81469572854,798.995070753945,1254.22935471759,751.714511328825,8333.98288333611,839.10114216603,1025.25736982646,1400.60782317854,719.729867555788,8081.81385724528,813.219603120876,868.08744778759,1816.15272991745,8355.89337784413,1189.38104468119,793.222936828772,3707.75727230558,3394.96904867069,1860.68854774027,8299.81565020248,1428.83447810986,1370.87383229006,4192.75023326133,672.841164160685,834.560047034429
3240.48084116133,3414.98416130142,2560.83038452783,2564.30268495688,5903.00338818917,6050.99789692843,2528.34851995154,2529.32774545572,5949.27741156435,3632.69341959681,2546.03956597187,2527.42989859505,2534.0360154407,3434.00411508744,3623.43833795196,4008.91779971328,2570.72421148854,2527.86193261793,6154.14564599886,2529.22780149523,2551.41189097433,3453.78043136633,2527.37480294107,3606.83640615409,3405.64745153784,5824.78562255909,3422.80138326101,2548.25312240209,5926.18757190672,3464.72836991115,3340.59798194551,6056.43536999098,3653.16610353437,3036.05173409728,2531.51704899149,2535.41255944217,5844.92645759042,2529.20572673599,3021.30551124003,3545.03935619347,3205.9390275761,6139.72627729101,3559.59590684199,3588.77669517771,2528.45160952546,3486.76745020664,3616.09080751443,2562.94680558004,2967.98485741852,5885.5278941571,2530.05876994127,5846.3550950446,5917.71271249817,3295.02717478946,6004.73095002028,3543.51958887421,3543.54536878061,3343.3619346774,3500.71016541138,6042.99915587064,5937.28111335676,5650.03665867935,5972.17646835876,2565.84249850768,6067.87741790392,6138.37001901658,6025.56640509052,2564.98359539537,3459.29202939117,3399.26899755014,3140.01914946289,2884.50491614402,3244.2874299631,2833.45999531749,3315.73938686424,3043.47737431911,3000.69505363123,2613.48493991643,3339.28183028625,2856.02772200923,2734.70405303256,2762.3431102014,3012.84264616044,2807.68580967346,6471.93086153794,2709.45988168386,2833.62376846519,3168.68234327522,6849.68785877677,6286.77079972867,3066.22429993258,3060.10011876325,2786.15653665335,3100.38639315318,2807.91568216121,2748.84549585798,3321.52510180937,6566.77039486125,6445.27612425125,6352.01058778703,2819.09564951377,6427.95342930803,2947.72398525119,6572.90619757735,2793.60548683102,3192.9987481482,6588.16459777229,3005.83971295869,3134.81632940611,3120.25200607995,3081.37566070257,2813.73203813411,6332.10012470135,3534.26779823212,6401.21000361519,3603.71624576938,2820.17152119588,6768.05130647332,2862.59652812802,6688.30238653595,6376.90352221583,2949.99262912949,3063.5151497738,6463.05730268025,6249.02269220424,3496.35240541446,6809.48207273206,2768.37577985151,3007.33912902869,6637.14890010578,3135.86789191637,2723.04452853843,2721.32672713456,2656.63636206353,3125.42314439523,5485.68764568749,2870.32759005465,5553.47056340036,3082.42158461187,3274.39853087289,2872.90236551023,5571.49879620001,554.189479105345,3102.65221907966,5435.15542590375,2848.37330986695,1361.10077373478,5490.47182829386,2699.94494475596,5697.84458861161,410.574346349501,5331.35784752616,5650.30280052556,2598.47804138927,2464.3326391484,2758.52049358783,3063.02652950362,5501.73350695208,2702.87242782066,5560.02997847343,2948.25646207047,3271.7877604624,2022.79115372477,3054.70803032829,3796.7575841669,3015.91534432151,2837.66330070264,2871.95629512947,300.875991953835,2992.58416994861,3014.1433130791,503.934810021411,2767.44263898797,2833.84943974936,3164.37314357687,3779.02819708191,3298.22941395749,5634.07835622376,857.366656980237,5473.38423790093,1100.52016547754,2844.50930694126,5804.94568955136,2801.87101038693,1045.39238729837,5465.75884293682,2706.8712846692,2693.3724625067,854.082003563952,3076.31004607422,559.653841440701,2969.38811423087,2885.11221165792,2695.08285682179,216.569036339978,3100.40224234914,5580.05761506971,3142.23390031113,1526.34733746563,3214.85155698007,2397.91948423149,5530.81179906204,5530.66785234303,969.184382532528,443.743891253999,2884.47901204274,436.276730180984,2962.06506683025,5654.91562825966,2953.53251212818,3013.88845907605,589.166186883453,5671.70135897124,2734.63204928186,5448.92467026048,2144.3186154309,2687.98749656745,5704.70743029417,5406.04723196275,5648.0706419218,2917.39275085965,3232.64620201808,5459.89139177521,2702.17828615094,5491.76776597922,5746.07387519141,5212.4280723695,964.750837780716,5666.19725257205,2807.35371900355,2745.62034457798,3539.17340240071,2669.00235055105,1e+08,5685.84031225358,5494.32665385353,5420.63906362862,2866.07658158029,5597.32994923251,5668.01370296189,364.96617208804,2999.21022320103,3095.28585297883,2946.36893788452,5641.57267740588,2902.51013938466,3001.39542743967,3040.48525186731,3243.08519290671,2919.71148527548,3213.08742514895,3207.00202473711,304.985568768483,2011.85419626608,968.212050537801,2596.35351916548,2776.2632666929,2697.73298596547,2729.88882193753,3054.00564056426,815.777185911591,3138.07671178236,195.057427329961,407.708937175741,2796.30208403982,313.235372848543,5575.46983682736,191.172066457061,3050.48723324492,3170.72112916278,5233.0552976862,5328.2533109914,2754.30650775577,3140.37003269361,5746.21420272363,858.335345403761,5672.18645905561,5386.44480206773,2811.01317807498,2888.65237994856,2947.01105783722,3109.10238326833,3013.9755978284,781.744361220646,396.842992228877,5662.43916696202,2633.55225125511,2662.63797142876,2803.68705653362,2801.71130100382,2741.16888962649,2629.91227607049,718.784067643744,2745.50797650168,3034.28529740665,2005.22857781527,6895.45699468816,6649.03198414008,1925.20921160352,6407.17056979379,3441.15603842788,2982.42327251723,6711.43173057908,2623.64278476401,2642.02231396182,6754.14352840064,2259.58440389371,6610.79205935289,2926.6496523249,2960.91902815676,2396.77899417228,2545.7662763683,2166.01783985588,2535.48128825799,2397.99877011525,2144.41181680975,6878.12188809704,2522.60169292292,2565.86647205971,2159.80502006129,2997.63951595883,6633.4226872983,2505.37116049937,2165.2320504206,6759.07717344253,2151.09703114093,1969.93009269381,2279.19698545649,2501.11510135301,6415.86177807048,2705.70271005957,6622.34155948963,6523.04289184518,2492.35327479588,6659.86195240197,6639.85923886012,6665.47374619716,6820.65907179437,2809.963674795,1991.82140440467,2364.98754991649,2520.59838003222,2015.57859244434,6555.98054752871,6462.17937933406,6499.77384281961,6531.85869675385,2198.01923651234,2828.1152746017,2153.75844839553,2619.31191033685,2490.51045608326,6449.98163890785,2333.14816868226,2526.52801906968,2486.643902476,2343.54392210899,2448.75388109035,2882.89124149008,3175.23086152164,3457.63345650482,2531.04077205581,2944.39101874924,6547.58345037185,2190.33787177414,2463.83914508322,1240.99577663058,6530.96324959194,3223.28292717064,2322.06328664069,6560.36199058899,1943.14926991405,2035.77171415776,6653.69766531106,2231.88365437954,2511.84813186082,2443.38593546735,2460.44994967382,6793.77165026023,2416.38685369745,2344.79099812983,3605.48209230227,2507.16839662675,2512.62610654114,6744.26969278778,6536.09915696851,2797.55812781499,2049.96104152365,2496.53576577427,6767.6556029947,6864.30724895319,2447.28428630514,2147.59864805217,3602.19558383056,6343.42315900164,2179.12617082727,2488.26706317427,2060.96280561595,2502.11948156146,2129.87390435697,2623.29320161797,6575.98808578579,2509.64324718438,2594.00393792894,2494.21753464325,2796.38805891221,6480.52623821994,6536.05891710262,2556.41751408517,2291.43016304055,2960.46244394324,2011.52288389899,2287.23136687976,2198.10798299985,2431.2666370667,6474.58543905339,6405.10078424649,2223.08282345084,1894.51039404844,2138.27918434546,2527.49620546539,2290.91351161914,6883.22018971802,3573.67104964026,2184.77205692521,3008.510288746,6716.1836514188,2450.40617555139,2796.642484536,2802.74300943439,6514.50192449591,2863.48016740482,2565.31751137404,3108.79593082574,2708.47288254128,6408.83048519417,2745.5837736043,2489.14273194247,3675.48116197733,6612.41591714494,2850.92862346042,2535.47898483419,2136.16852391664,2372.64302792497,3640.21755621386,6734.63557338024,2527.08952022871,2966.85805616272,2403.59366224641,2467.71836264763,2889.94249267388
7983.77882472647,8240.6198711298,6459.41877551319,6478.94665824185,2381.20915489436,2368.81055386877,6146.33857193594,6171.86021850575,2376.12509271565,8540.6438143396,6362.27477697315,6046.03640668558,5905.78705473875,8267.62181926793,8528.25040646301,9024.51907701673,5645.69550712709,6129.27269592835,2366.80097442516,6169.57510526843,6400.83098195444,8295.51910639469,6102.81592629517,8505.94714882805,8227.30136330499,2392.29718308216,8251.73847669816,6378.74050803716,2378.52465396031,8310.88692942235,8133.27478083734,2368.56889962977,8567.95943490787,7654.22972493775,5940.8738059853,6264.64659300076,2389.14288605704,5984.17773682989,7628.78793622605,8422.07797721082,7930.64245788698,2366.75577214414,8441.95876375044,8481.57832623716,6003.70023994492,8341.66509915263,8518.39110222278,6471.4314622811,7534.33370297672,2383.41476969153,5966.19204947989,2388.92701664077,2379.47399692707,8066.00500919499,2371.47959549497,8419.99773085792,8420.03302553239,8137.31612123321,8361.03021941606,2369.19355443537,2377.33764444655,2428.31405307577,2374.01552606844,5670.60033934664,2368.10981799282,2366.75696042031,2370.1418455549,6482.67050826759,8303.26248231954,8218.17811127947,7826.63253479515,7377.11714193916,7989.58198121912,4921.76124280264,8096.73163817462,7666.9387933704,4629.51368661343,5469.28463087446,8131.34885029911,4878.71351959931,5130.28662416271,5067.98677810584,7614.06049626748,7218.86481305059,2394.20146671066,5190.6911521483,7274.07691940038,7872.30392220554,2488.79965557366,2372.14530958378,4528.05205101678,7695.15014337637,7171.4024236159,7762.24057258201,4972.27635869363,5097.95682055611,8105.26885038887,2411.88059180819,2389.99990232938,2378.00158494417,7243.40122954106,2387.45224061741,7497.32239105581,2413.16922881684,5001.50040716104,7910.5053453025,2416.44914543322,7601.80163011117,7818.2641656524,7794.7048231668,7730.79870348939,7231.91751375613,2375.99107267892,8407.3148845616,2383.80379077236,8501.74503572392,4947.78809000366,2463.0258009136,7333.52932805131,2440.6041039817,2380.78933398483,7501.50002777673,7700.90628075715,2392.76497539785,2369.72361355828,8354.98637764353,2475.75566681557,7130.93542246179,7604.43198482754,2427.69925019976,7819.95752741335,5157.72836726973,5161.83564640768,5331.64162931741,7803.09254454743,1151.92359573116,8194.35542548847,1129.79499737826,8253.22396526893,8498.80989097496,8109.36970954752,938.42755332099,5696.91750649896,8376.36995518576,972.039247698,8106.8503790856,5607.36819450084,1103.53421624477,7951.51189925613,596.740137512309,5546.00962562846,1008.11061073279,470.17892854675,7798.83612691673,7653.45458017145,7967.55019724693,8028.49836383215,712.314139484757,7964.89405625396,539.013668943511,8232.45298025378,8405.34009051967,5747.8566877841,8227.90729702924,9128.23233941148,8270.80814040083,8111.44412896914,8114.36818515623,5711.13395096316,8299.83361506757,7998.06522150883,5785.90430444581,7974.22795324226,8127.35745836885,8206.59181138648,8994.43831232362,8473.87644005567,763.563191955026,5791.01037306893,811.988622626943,5541.48408559465,8135.86438871003,824.425732655348,7938.83622600667,6292.36326798281,1227.51575881647,7968.76606050867,7916.72688573413,5845.75254065942,8322.1901194835,5539.50825384115,8213.71512360071,8125.40793001618,7632.51676612395,5631.42904394088,8099.86458357238,916.378036678464,7988.47631946825,5704.84202857079,8476.89263967824,7460.36169964966,1290.33433413938,1155.29099841817,5629.33310235774,5649.68310632078,8038.17466986506,5788.16587344937,8225.90284383623,757.411410253588,8203.29074324714,8258.28753259177,5621.38442519623,419.218018699038,7987.55728796546,1069.74078718904,5495.96327391846,8021.08201126805,762.024573412263,1274.90962658728,1009.85879153279,8171.25063467725,8509.72533274532,982.18499354501,7750.56800463293,818.026847857652,391.622727439917,979.313619137741,5526.80805857922,1066.83988180549,8067.40067755683,6253.58394923135,8893.15768669955,7925.82604385337,5685.84031225358,1e+08,1039.78441691406,1568.42936587184,8115.55368749178,1028.9214643484,1090.37695031625,5714.46040280069,7987.86520456879,8285.18208285741,8209.06400340571,779.387452382443,8111.57649271503,8179.58417003121,8317.58668305456,8444.363493051,8174.60790396996,8488.88162510404,8466.45910617649,5824.61743061797,6013.41870571826,5715.94752116209,7771.56033033491,8072.99878895258,7925.75772163379,8051.98641955911,8282.64863374035,5640.65229622077,8341.57275980572,5726.871713961,5919.71566886568,7924.929066102,5854.11052542107,1109.82448211671,5626.95350364538,8066.20134289178,8429.4649424736,1222.17434931037,1370.86658001273,5852.69815949156,8423.58988466322,834.605354326016,6182.57771812482,367.377239762444,878.158883472295,8116.6260409857,8105.3386214105,8191.10999222459,8361.13452640568,8290.09872762888,5463.38086352891,5778.03569747819,2242.9533022554,7912.01806592764,8006.98522791748,8125.01774207444,8079.75178749249,8060.6347483928,7894.14646210738,5483.94372959038,8051.16996744155,8176.18662684114,4679.22779065452,3341.87906473038,3194.32839952836,4904.62457033904,2982.31489865488,8245.38083987225,8241.81572842125,3040.54383240693,7725.0300636905,7713.75436993597,3264.37882912157,5037.96088918819,2951.29456008111,8183.77975229184,8192.29571576282,7416.32542636852,7740.91175342072,4433.76052711175,7644.99256963401,7110.6355426812,4550.38206598874,3396.52587833751,7624.88660083266,5405.65932206423,4458.86567203109,8199.45656531722,3087.83639118243,7579.60249821584,4929.90735439108,3223.55076268784,4945.9305954133,4726.32406142479,5175.36449354666,7544.20234698717,2768.44719246779,7955.37192509434,3175.76599065152,2922.17195742622,7433.68725570242,3130.20538184978,2680.58730044134,2943.56932532906,3161.05809267603,8072.40806558501,4754.67814944946,5210.75511504616,7454.72011534784,4875.49827086755,2911.25837386674,2858.31215063502,2853.39813751176,2778.46252786538,4902.09729807086,7754.28614851188,5167.01222035117,7843.22883463345,7569.73119327051,2870.81960971658,4458.22865644712,7569.70889444604,7472.95263388543,5330.37688287888,7211.92137983896,8154.79771165276,8101.70006108315,8178.41215964537,7564.62271517515,8210.38435385501,3251.35424475957,4828.4390110892,7455.29608413166,4983.63747175312,2953.43028717069,8026.40104839515,5015.30954130154,2930.66327923419,5289.25263203696,4819.90624584975,3119.27613507899,4985.16433236561,7547.08118879615,4259.04330177815,7612.79782675793,2920.07347487499,7503.06638691844,5352.95836202099,8348.71447872598,7555.56437304863,7640.07816466247,3263.25224617067,2766.5803902872,8092.13412987911,4922.46812417592,7648.49943215034,2773.72385861072,2561.26503989364,7293.57408534137,4707.45864980807,8366.17318781151,2642.94585195801,4677.0936522065,7463.39073167034,4708.84499558153,7213.09170205558,4457.67415594042,7837.47507995172,2911.2423868357,7553.29207453061,7639.36703232159,5277.7685739151,7697.56109913808,2725.14157336495,3069.35594411229,7765.68567204886,5138.66644568337,8164.6689417838,4832.03265985295,4436.23551536645,4840.51712005888,7275.96376511386,2796.59783130083,2931.16688881599,5095.63370644157,4705.91548036613,4857.12872147086,7651.29326099021,4785.40013469521,3324.03863947625,8255.37854596377,5114.36627659897,8266.91714895566,2868.97277909302,7592.08004329657,7739.13571441901,8058.72417999759,2678.72022930925,8095.66294184374,7612.40415505076,8010.097450375,8032.31942210424,3028.73150634019,8066.75877286202,7554.05133618462,8449.71665654767,2894.72519639468,7818.6596284127,7697.88575209533,4711.95180234326,5269.82347807624,8343.71149332059,3263.50399278709,7261.57893639218,7847.74898089959,4299.54243917123,7523.97199804577,8156.36451540625
7805.52334695702,8061.24522822303,6290.36375142663,6309.73612927309,2420.98146505026,2422.585798762,5979.96320021861,6005.25239749351,2420.29909297721,8360.07186039889,6194.01273158727,5880.60085709697,5741.74009544555,8088.13477363693,8347.72575043257,8842.23043014992,5484.48104792966,5963.05424513321,2430.15703775786,6002.9879892585,6232.25027719931,8115.91693184715,5936.84313555132,8325.50806120255,8047.98251679799,2424.60242319263,8072.31743348509,6210.34173366541,2420.50430234966,8131.22176353963,7954.35665170452,2422.85363241376,8387.28386040553,7477.55631403912,5776.47093845621,6097.21549119406,2423.37289872925,5819.34355357932,7452.24418889906,8241.96593956857,7752.63042104429,2428.78413618486,8261.76843671124,8301.23340002791,5838.67441729878,8161.87468443852,8337.904200577,6302.28062737213,7358.28149327951,2421.52103958406,5801.53595580347,2423.29352178883,2420.6471928407,7887.38108021903,2420.90301044913,8239.89391288482,8239.92906805555,7958.38051988875,8181.16161497795,2422.21853569587,2420.37211512042,2443.94401621221,2420.36109036446,5509.09888891062,2423.46520543406,2428.66023236569,2421.52855858434,6313.43047006409,8123.62853039631,8038.8976218356,7649.10961706111,7201.92026359372,7811.30017363394,4770.76031613862,7917.97253487911,7490.20103614341,4483.99294744507,5310.20902357886,7952.4390556648,4728.45997663228,4975.91869176902,4914.58306111879,7437.59233040253,7044.57923671291,2485.4945713252,5035.41987212426,7099.46740326275,7694.56413788739,2608.8848660843,2447.49619091383,4384.6816731924,7518.27055266071,6997.40064574932,7585.02913055333,4820.42223832488,4944.08503092819,7926.4724275677,2510.90577210699,2479.06415118123,2459.08744589461,7068.97088102758,2475.05540595567,7321.46726623501,2512.68361082151,4849.16404829119,7732.58668797782,2517.17408803081,7425.3966721768,7640.78134581801,7617.33549909512,7553.74183821846,7057.55475959293,2455.33944526639,8227.2612947061,2469.13231125089,8321.32213512475,4796.34442144869,2577.35625004352,7158.57823623431,2549.05711685932,2464.03101574057,7325.62252809054,7523.99791915287,2483.31871099565,2441.70355527989,8175.14212553146,2593.04006801855,6957.17960500082,7428.01344182962,2532.25203076951,7642.46658455192,5002.94628830753,5006.99212325632,5174.37506139652,7625.68270973427,624.54979151078,8014.11595769053,1226.17915625601,8116.68528240713,8334.80153086559,7960.59331226314,505.846918864608,5469.54293997743,8189.97193141408,338.018084340129,7944.48490845521,5519.37440435607,563.686491023823,7763.95975079521,734.580501530681,5382.97365342438,261.873774465827,1199.29971158075,7612.24404970062,7466.37365887549,7788.69248630441,7891.65288077208,1314.65441522981,7779.09041306336,788.528478925636,8028.33594855894,8271.48374502144,5702.25838889277,8094.23677030838,8913.48714229019,8063.89027843582,7926.81769485395,7959.13481590276,5504.92869669833,8055.96602868025,7857.27105593262,5633.49597587762,7792.36977264213,7957.62562361771,8068.56336523923,8853.24190146715,8344.03927923538,509.82403717011,5669.29912137859,627.458702801235,5453.00926177874,7946.69649720901,627.897245062673,7769.25264695908,6021.62457145603,547.478204218295,7782.34691828576,7730.55167732959,5723.24178807098,8167.45208077027,5372.08359324136,8000.44360591061,7949.04018016663,7461.08516945765,5450.59021288519,7953.7311704152,230.372289965839,7850.01832654398,5640.61591241658,8226.69697472668,7277.51311281501,574.371062126473,640.550745082435,5528.22553376058,5486.21694064174,7865.38046385672,5579.84764148504,8060.88573627608,1326.20642992851,8003.26487678796,8096.32757754528,5479.66119424884,1112.32331591426,7800.38193314359,525.958793884508,5466.8811503393,7834.10181365916,591.067786124374,547.802822637892,1532.06391721905,7990.23403813707,8314.79343225938,397.526374366148,7577.87181400074,517.63232820058,1158.3387961198,993.658101061877,5401.78547457527,408.101645298276,7866.01853088893,6255.83418636797,8722.3727519872,7727.3365276925,5494.32665385353,1039.78441691406,1e+08,896.045941244524,7958.19105333704,355.710182862083,549.92450925325,5545.49090312475,7847.46266633578,8146.87997779804,8011.20336759294,554.893962827903,7947.52566988792,8042.34568227576,8172.74960206679,8313.01534585474,8013.46202681768,8305.3035768434,8308.72190535524,5648.01520595759,5981.73730127015,5613.21468049633,7586.94793190286,7890.37877663894,7741.481007061,7867.83006966182,8140.3352800692,5519.6745486182,8207.20653312017,5554.53454747625,5708.32527653867,7758.85269603087,5658.19901011392,504.088575649693,5444.15115151263,7923.01301230475,8275.67704078949,682.124523307571,758.714415582755,5866.09387998816,8255.47203776995,508.457629366343,5929.24767455517,1133.85517199934,455.221720918523,7939.12666572586,7947.24074091655,7996.35697390957,8105.48784207387,8135.94155137572,5322.93306005922,5572.92622926544,2602.08110642663,7723.54148645019,7821.96244929286,7932.92932655604,7891.17740174366,7876.25396239684,7707.73329503328,5321.06717603185,7865.79431531103,8035.94357388296,4489.87457901913,3262.06772050386,3027.56870852104,4695.98515817455,2720.75495379854,8113.62301014888,8009.72530181973,2808.4194434208,7585.85626120429,7572.96860366617,3060.54915547625,4784.09063904486,2693.86490741217,7984.31881595975,7959.64520843875,7230.63254137468,7554.35773468189,4249.96546813428,7458.98878871989,6931.45028227928,4371.35601941108,3250.87751569756,7438.89248778661,5084.23446048666,4271.07740811258,7985.88352256808,2905.07735874605,7396.94530274126,4714.15254546493,3081.01611924178,4715.89897591066,4532.67308202294,4919.43020491799,7357.55255591715,2484.16142119678,7766.99892106027,3021.38205562992,2636.96884053229,7254.28433568757,2923.4926317693,2428.05247469733,2719.1513780857,3034.06828529309,7858.6255727059,4553.18687078228,4923.12412959807,7273.84834203336,4667.94602667342,2619.42244683579,2607.24646305423,2588.23873137209,2510.1028970062,4682.86885841609,7628.15626887423,4898.77370240025,7654.59903915739,7422.00598247288,2642.11741050373,4283.55016164768,7427.62785398916,7294.57686697421,5043.22462794342,7032.98382543041,7962.02580378842,7979.49724652421,8050.12935576349,7377.51177967366,7990.58124048676,3094.89167113803,4614.36477640711,7276.26405335026,4785.23041615558,2715.49136122785,7909.9304554302,4761.06331694549,2699.84209925874,5027.74474966371,4615.23931600044,2909.50693484716,4734.1898250011,7364.21090831496,4091.97512878004,7459.06511498006,2610.41483438975,7353.73125339398,5079.83207562733,8204.89191375472,7412.72871915859,7453.34394110559,3106.19118151809,2491.77696958384,7881.20420730006,4709.90586889795,7471.98638935316,2505.56562539986,2264.44740029201,7114.2211820882,4502.75820025316,8232.29861023336,2340.09980163619,4466.98496582362,7280.83417034005,4512.04123959773,7031.06158320505,4267.28332055465,7648.55338939706,2681.73595918596,7370.90549238711,7503.89023011206,4982.6805676169,7567.5565565515,2411.81575101081,2845.65292151526,7580.67620958037,4871.42793483627,7933.24631758318,4634.82815460293,4257.95782385714,4622.27483681292,7098.10652418819,2505.24750341202,2665.94256933527,4847.64843249518,4516.96970596943,4652.29848895821,7465.17063628132,4568.95521888461,3264.88649898269,8113.36341693489,4869.18959756402,8019.76262500932,2623.99831770827,7417.72995748454,7609.09314656364,7855.21610728161,2392.73504871983,7891.88984753167,7432.80128537403,7887.08662896149,7828.16672979777,2787.99606478938,7872.0971380981,7372.3450998424,8312.37297767538,2639.06892468419,7689.24258568307,7509.70240246538,4503.30626701456,4989.79787074183,8206.09874908145,3162.15308169515,7081.80061589172,7721.9033433606,4122.58152732143,7337.81501609548,7967.18278207448
7663.80451608857,7919.93514306533,6145.99810061375,6165.40581055672,2340.67279060439,2350.88585585522,5835.0335332957,5860.36838230396,2342.65257450406,8219.22306085108,6049.47142688684,5735.492746946,5596.385925874,7946.86692066869,8206.85824293311,8702.08883168279,5338.68718474732,5818.09410234141,2364.58485836468,5858.09988306337,6087.77865684345,7974.69256275912,5791.83583393141,8184.60681147524,7906.65154885283,2339.86910982141,7931.02475542911,6065.83018125593,2341.52562396558,7990.02128389751,7812.87727790121,2351.47463800166,8246.47618854186,7335.29478111029,5631.17787097799,5952.4980907237,2339.7691208505,5674.12634003253,7309.93993483976,8100.9369389522,7610.82545224951,2362.35104145461,8120.76984266753,8160.29517244625,5693.49154706566,8020.72191172705,8197.021789036,6157.93671097834,7215.81764137308,2340.21518243696,5656.28718116211,2339.77013321434,2341.18143221876,7745.7944858654,2346.48389049871,8098.86172619834,8098.89693543282,7816.90755980975,8040.03876424626,2350.04696492125,2342.03256011541,2349.7455699023,2344.04272396111,5363.34589721366,2352.76244831884,2362.14622093856,2348.33125933679,6169.10688921902,7982.4162042065,7897.55232922385,7507.1345034696,7059.18741053559,7669.5907176885,4624.00106776091,7776.43502326057,7347.96080082439,4337.06705462538,5164.13565996903,7810.95662424646,4581.66457584566,4829.37790274432,4767.97022103446,7295.2632941321,6901.57163814743,2438.96108826895,4888.95369754308,6956.55609044114,7552.66398503524,2584.08539811614,2389.87747147706,4237.75016868693,7376.07749011917,6854.30992459033,7442.9476740055,4673.70965096066,4797.50619797567,7784.948521111,2469.97691722497,2430.94369984053,2405.38657278286,6926.00612743089,2425.90139063136,7178.94045777818,2472.11469775761,4702.48041077284,7590.74893610536,2477.49868517537,7283.04697852607,7498.7924551584,7475.30775252885,7411.60817936156,6914.56996427959,2400.44352249388,8086.20966495958,2418.37969420852,8180.41451725379,4649.60866375625,2548.01321873605,7015.77009254999,2515.18313719662,2411.82284948956,7183.10283745889,7381.81446400511,2436.25740193048,2381.81723222425,8034.00994400137,2566.01553366733,6814.01776530424,7285.66818280392,2495.42876541184,7500.48048276533,4856.43884468716,4860.48975085854,5028.09873877478,7483.66880859865,656.952217460779,7903.06112314835,1616.55133905951,8034.65067153674,8248.45699474763,7873.49138604194,872.184269763329,5354.3527735219,8089.73837235631,938.845912959582,7851.44938415708,5548.27245248872,937.459406953094,7644.71445862834,1358.70194011734,5346.67922057359,877.610109615173,1708.59036957382,7493.06068363727,7327.83831210418,7681.53175408621,7813.88877897646,1772.24212079554,7663.08435889894,1325.53499349441,7912.96394831884,8205.18688257666,5752.49981604808,8015.77831907875,8791.38068899362,7948.93110338135,7825.66211039514,7868.74747230006,5446.76572514463,7907.52620188211,7776.89521109364,5615.85319251775,7683.65926080925,7864.17493876772,7985.28147373525,8769.65378007498,8266.07867095143,1207.6380172481,5678.32160357641,1112.96404225482,5475.9680322581,7840.22264577948,1288.72597302901,7673.01126562582,5893.00279706607,532.917512153931,7671.58023961074,7613.62818343747,5723.21226339645,8080.82652480957,5328.90978005309,7878.50903599154,7845.84495039268,7363.34872209085,5379.85453291841,7866.10041842125,961.832886343359,7772.63291049854,5650.92006193028,8055.89000887462,7143.73341259793,765.682469046103,1003.79296660683,5551.20866434277,5438.9224366073,7766.72464319496,5514.79759843836,7967.28111479137,1817.34637254393,7893.85357255711,8003.48422548641,5462.29709432101,1604.19963767886,7678.12621524536,917.669927288249,5524.08939129212,7712.06036348503,1258.20631194194,847.917604903029,1965.43546119215,7889.47717260954,8212.92534125768,721.762126559787,7479.07714112657,1050.66450257836,1687.29131970523,1374.83593441575,5413.41650409696,854.206762810332,7719.66377647307,6289.90816112641,8632.24518155396,7583.76516379912,5420.63906362862,1568.42936587184,896.045941244524,1e+08,7867.60741022289,957.815661164676,858.122418280173,5502.57638753284,7767.40277825878,8063.48667455452,7902.76625226835,1170.12232658767,7849.9426752046,7962.13483996863,8091.15013594769,8236.05461465695,7919.06037495024,8207.23303083907,8221.50213354073,5602.75860455761,6022.77161253574,5633.39317105974,7469.33936013759,7779.47187724678,7629.78519874699,7745.48067961885,8057.08761902494,5524.08488326918,8129.31441882727,5491.67980419293,5626.4495476253,7667.21416481562,5583.8865565752,721.457833491591,5387.20643250966,7841.72400320963,8188.29663597391,729.573592551337,457.3023565384,5917.81563304815,8166.72727457481,1213.07800750698,5827.48884025139,1657.49019408669,933.67464487012,7841.17366967243,7859.15885358406,7891.34965748857,7929.91652739941,8049.75467903253,5312.4074409789,5513.90549558753,2840.28297270648,7596.1601400269,7702.05545153044,7832.30292600804,7783.6010101325,7764.3357064928,7584.35052821282,5286.87244575254,7746.90022550991,7950.13347937866,4353.81563499618,2984.97041151582,2689.8414448394,4547.78067616862,2290.63868624699,8001.69598083421,7869.82474899385,2424.0672911237,7502.73198657155,7491.56977821895,2692.083211668,4579.18878608266,2275.08164465257,7877.59036234697,7817.41403753914,7095.42977476632,7414.7390214274,4124.10727409102,7321.00436995114,6802.54638834361,4236.348853395,2921.91152214886,7303.08412250826,4825.840900093,4135.99672006953,7864.45680640968,2547.92225118207,7263.44070641598,4521.10307445155,2746.76068471364,4515.45156390349,4390.22230180887,4706.19796995644,7220.44033117366,2024.67114123728,7624.52468990498,2688.56624489924,2194.39423792271,7120.24063420591,2552.01514166516,2009.89368842308,2340.77538444388,2718.56323298479,7738.13565782058,4387.09832254476,4704.31859644705,7137.66421082117,4499.55812807322,2183.19497209338,2187.04966048067,2156.6114095007,2080.39868713719,4487.5275483269,7550.10420914789,4697.81129638525,7515.37513332188,7334.4364775223,2232.64463444643,4125.22338007764,7342.12112749852,7161.63928491477,4808.54406423755,6903.35623143059,7860.00680974096,7893.68928966805,7943.87427979311,7237.37067779483,7863.42456122061,2751.92730017538,4424.80189043738,7144.78167906434,4672.43164756691,2309.65078366004,7823.92378843478,4548.88718867814,2300.40175101413,4836.26370423592,4458.74350485142,2542.29451836857,4531.61579798751,7227.86232193629,3986.77255741567,7375.34351997633,2200.37749292542,7267.03521802964,4846.41850463385,8085.71863940957,7329.07175726909,7315.45663678936,2762.11729872844,2066.85863852014,7761.10344388414,4539.04500543361,7370.43838856955,2085.22890845925,1880.1400387253,6983.74127797016,4339.73874242306,8121.16939975955,1866.69665246567,4290.71784039944,7148.25327799051,4353.94872063378,6906.39122765181,4114.42119196071,7516.49574481961,2280.42927134195,7235.00322528742,7426.96222234388,4739.96220659579,7482.30045794791,1938.51762616965,2460.52666113285,7441.407800311,4653.78027723791,7791.64804740449,4485.2114968167,4105.04209345691,4447.13956190441,6967.48527717165,2050.63521385049,2224.32424152076,4634.3233522276,4384.26909214715,4478.72362603834,7328.02947728692,4375.08906761836,2996.35810180272,7996.26030649435,4673.98619308456,7863.37722963002,2205.15534486638,7315.41161441695,7527.88876018868,7741.72022828045,1943.47510583957,7785.72029473448,7300.80182912259,7804.24615227821,7712.81846561923,2374.6323517688,7772.73673782053,7236.83114868942,8199.33655631723,2225.52393408089,7605.72361314122,7374.01046485036,4320.24595883636,4750.18680917222,8092.27338588046,2850.05606623779,6952.59480879047,7642.87544946682,3988.47581556732,7202.09027678548,7865.80494671872
1174.38011150487,1118.79096658952,2277.40057156089,2259.12313806599,7814.38211868518,7976.06239599305,2577.34689747153,2552.44650508913,7865.02226293434,1133.58235808227,2369.12121698024,2675.90817181911,2815.50156005816,1116.54644491213,1131.2679503078,1322.18184940574,3079.44546413061,2594.03841514191,8088.2897337248,2554.67296683764,2332.56222815705,1114.97168874519,2619.97892380472,1127.46218194195,1120.15792809868,7728.59570328947,1117.78113320784,2353.48397654937,7839.76395821811,1114.42823718185,1134.63134516351,7981.98762421798,1139.18151551761,1325.03976030989,2780.39153961187,2462.55836792793,7750.70859110496,2737.22946985729,1339.71571418621,1117.35741750448,1193.16042890855,8072.62269992145,1119.14519066902,1123.83692619977,2717.83356233488,1114.03305853458,1129.52841690248,2266.15054984336,1397.38916835862,7795.23645628309,2755.13312893557,7752.27649379063,7830.48813494076,1150.04976777524,7925.60286311221,1117.19236341106,1117.19512897466,1133.83766301486,1114.25837091391,7967.34426087035,7851.90184528853,7536.02461751598,7890.05219603829,3053.89984943618,7994.45267951311,8071.14873368428,7948.33580453881,2255.64405036391,1114.66905781976,1121.19300753654,1236.41005501288,1503.29761450634,1172.47154935858,3846.06143050378,1142.49428854126,1317.85276369394,4169.31692119849,3261.98408062887,1135.0149289018,3893.14229728634,3620.45084748125,3687.43737052281,1348.38326178656,1620.37620263909,8431.92906905338,3555.83491996324,1578.46740243629,1216.39776922546,8836.83255887179,8232.07625410859,4283.65148360908,1302.2518278894,1657.23333457864,1267.18992354258,3791.03810705728,3655.16898245797,1140.54733823434,8533.92285626332,8403.21966116315,8302.60679657808,1601.61945259117,8384.55104389518,1421.27005874955,8540.51329933415,3759.31514950781,1200.87853812415,8556.89805257126,1355.69214726126,1240.24379228596,1251.30697723883,1283.25515375424,1610.3722490751,8281.09513899472,1116.27653429581,8355.71310425039,1126.79717942409,3817.68178680485,8749.62399961984,1534.58747882292,8664.28107312417,8329.48523356482,1418.54031511431,1299.12952571238,8422.37367814679,8191.20786541204,1114.14877625008,8793.90168780685,1689.22825818103,1354.11676158119,8609.45796368335,1239.46392965485,3591.05549857163,3586.6616107367,3406.31378145786,1247.32288885927,7918.55105664969,370.874555234327,7862.87070980872,420.531315979228,601.469128521405,153.2143739394,8004.19890238834,2998.84626571071,485.176954806675,7880.8913161832,130.402066119196,2999.41608294882,7875.37096847169,653.527326978217,8190.66530955201,2995.73149558166,7789.18199751315,8051.80481264146,860.055787483518,1027.8620213864,618.221617850845,991.863287587169,7886.87284058543,682.043612857166,7948.2864045585,572.137825426039,751.270299560406,3205.51042289249,536.770807405792,1207.7254180255,593.301796843146,371.98944254748,71.7885110633136,2802.68607334194,930.835196755644,965.566358239235,2789.0384302225,638.675264565678,223.07250941737,815.849514757395,1025.49543138981,731.239432918909,8114.53910135915,2721.95317485027,7859.91149945272,2949.69573820398,427.867463450644,8287.2896916376,675.806575048187,2439.1533427051,7937.22730750446,547.420190216122,715.886479361132,2569.99873288,319.969633161127,3043.4119229022,647.556288562887,483.023154090553,1085.90275006863,2975.33473766831,871.202759282744,8035.68378329864,1194.40245469691,2935.75266186274,1073.24092392696,1168.92455346321,7969.97785352053,7919.5119024033,2919.07150551966,2994.17781588683,632.221823350217,2726.59468729662,211.707935876431,8037.62673088331,524.985923454084,243.713748867741,2935.91239446913,8082.64225050744,601.364451854709,7847.50295205087,3439.8612466095,570.513084000462,8183.38892274145,7862.86007337184,7980.67832394546,375.817068993384,687.270810518632,7916.4990263545,945.696258080518,7903.6231953297,8161.81711794374,7557.72006800545,3050.90069203945,8152.88759066982,919.983333953465,3141.55852262342,880.349719929246,904.515273930362,2866.07658158029,8115.55368749178,7958.19105333704,7867.60741022289,1e+08,8033.18126190147,8175.33507956773,2937.55056706405,939.141949740099,392.914417728212,513.143869356545,8130.70437186978,319.595207796199,490.052063150077,298.759087904489,598.24786645116,125.759598776774,606.941243003098,469.370540465166,2722.30468345017,2908.22668097112,2795.26899106447,905.571518613626,461.204064303664,704.767619678053,498.338268415773,308.047827943275,2932.34107295771,548.334990362321,2805.53682731978,2634.04424857607,731.199306623787,2646.52065281956,8079.82069897146,2929.75465010652,915.330862366488,430.428362439363,7614.34357022717,7754.654408366,3544.96617419471,479.942697110441,8232.467894956,2490.57541149201,8082.96304196286,7817.28588201496,310.878274086203,219.633986545646,480.040985734339,1091.50305287379,243.915400388473,3034.81209701095,2725.89660463273,7812.36963213367,696.259729170213,563.23789002194,480.07451144766,405.349373605338,486.754890984389,755.145279610289,3219.0990918743,495.862068206624,474.54377614898,4190.08334132616,8834.70953226362,8665.3971845006,4022.90819376364,8517.0999206525,1294.78996163568,860.19922690856,8821.42858487571,557.283814352494,562.96559928405,8796.06439654527,4069.9143276781,8752.27240300946,562.410489516939,814.970070471404,1181.66691471469,810.964404157442,4433.27337046038,994.765717945084,1600.18536646759,4352.5737385735,8859.67783233909,988.437421633593,4025.80285518572,4380.10968818379,628.314527533537,8687.45016398641,1040.27123928947,4056.71530334603,8769.99757439576,4028.31611492254,4131.47082976409,3973.00916683687,1088.16076230884,8585.72917889531,722.114382206357,8634.45697018968,8676.64926986333,1238.36299757756,8725.02300662654,8839.51372274083,8780.41902185586,8843.29113561957,659.726054855756,4083.6509644528,4011.06179843392,1233.15279779034,4051.90002192087,8719.2048670858,8593.84237168587,8653.24974463641,8706.03326038572,4085.05518460598,888.271960066505,3938.68345990599,730.802400675198,612.731561347758,8566.83443081586,4457.56000739953,647.928730605418,1181.63583674636,3895.92239780965,1507.2380558366,506.122656497283,988.217195809054,1430.40169623997,1149.76284013481,697.663266638525,8531.128223864,4169.58201887905,1158.42266559853,3604.47496440291,8642.18945829004,1225.73407879262,4101.8344228849,8679.96757711199,3718.34144617653,4129.06998749315,8725.47316271331,4080.82816299457,1087.85224085822,4660.85162407044,563.8169241506,9006.04756589817,651.153453862718,3895.77146682733,1458.74890339769,644.596700487737,937.288665004476,8751.27900277755,8713.80860661716,655.337667258563,4063.47723369038,578.396071455096,8977.27857345534,9154.06273778565,1384.72081006194,4230.59583475059,1439.6850829783,8535.97424056161,4224.61127509643,1190.89198064101,4218.01043158657,1514.72495009623,4264.3983516618,720.67042533986,8694.52192765608,1082.41139108368,670.674265207403,4037.86352776966,917.545304519095,8687.18005847478,8612.81863479989,824.534426267724,4012.62346572399,823.458413226531,4118.39728891393,4418.5507168899,4182.36460848053,1416.04245196933,8653.45330232342,8533.51922410292,3979.71433577864,4157.89792169652,4152.67560642634,932.6424457871,4240.87045839717,8813.10997381238,1541.86045453202,3981.050878186,966.706025794836,8879.06964861796,616.32702171742,865.576921840352,566.575897820961,8719.01255283667,618.297875716249,1043.98686722139,1012.77840032687,607.958682438391,8497.80544129927,485.822890609851,1035.22580779975,1484.29132945595,8756.73405678903,794.03427756372,873.149819330633,4174.50417568497,3949.98837530701,1551.87261419426,8702.19559032989,1487.4098936789,983.859513034058,4583.86197334692,1089.0539331534,477.816492177217
7866.42152400873,8123.1952706602,6342.95118265085,6362.45963205686,2343.71125087596,2339.10622338676,6030.22659869752,6055.7158841065,2341.04451656865,8423.15864919813,6245.90837589292,5930.05809918321,5790.01432937055,8150.19102120445,8410.76740196883,8906.9689907802,5530.37066080938,6013.18272682329,2342.60618128392,6053.4336420108,6284.4234988402,8178.08206879005,5986.7606586934,8388.46810248579,8109.87987796708,2350.76544979541,8134.31130520064,6262.35641133145,2342.23529290864,8193.44652454627,8015.87641510214,2339.15387573652,8450.46960418754,7536.98422360331,5825.04748543586,6148.38991617148,2348.64294671813,5868.28729486061,7511.55242990441,8304.61463972351,7813.30111385232,2341.7886714858,8324.49158252254,8364.10370858587,5887.78160217402,8224.21809735426,8400.90983633052,6354.95187994419,7417.13719770818,2345.00957742462,5850.32797239004,2348.50045563402,2342.74223610013,7948.62444378831,2339.32071536218,8302.53479995591,8302.57008772505,8019.91672024447,8243.57916596932,2339.06393946886,2341.6284273987,2378.07245095959,2340.13843901862,5555.22843147248,2339.30408708454,2341.71724253588,2339.08665335863,6366.17980969306,8185.82374189029,8100.75878226257,7709.3246373099,7259.99261546468,7872.22298245457,4808.33338534687,7979.34280797981,7549.68837779875,4517.26216626944,5354.32196327031,8013.95097926292,4765.44005913765,5016.18824154698,4954.07613490437,7496.83087285037,7101.82255853013,2386.94960915397,5076.42009417257,7157.00477188058,7754.98096828251,2500.55626134616,2355.05975554625,4416.28891853819,7577.88900362428,7054.38693645742,7644.95492531162,4858.67467166467,4983.95460260272,7987.87776417819,2409.56684168737,2381.3456079478,2364.4014710684,7126.34552804316,2377.88358932542,7380.14201212221,2411.17180732886,4887.80162924955,7793.17024434118,2415.23653838474,7484.57695848985,7700.95909135037,7677.40780593996,7613.52436958877,7114.8680731333,2361.32894925525,8289.85445066425,2372.81941169285,8384.26674526582,4834.26970294218,2470.8416831616,7216.42643172947,2444.4717745646,2368.51433779037,7384.3178040831,7583.64298377253,2385.04686919457,2350.61578085114,8237.53658058207,2485.58482246973,7013.94356637989,7487.20624647966,2428.98763395817,7702.65188020401,5043.55043063146,5047.64596289625,5217.00050429918,7685.79264025688,694.575047951625,8091.91476558902,1262.86519347143,8189.83250946663,8410.90234841308,8034.88363264327,572.197932084772,5575.43242654068,8267.29289148807,246.461662675982,8018.82879327577,5604.19102434714,501.122918783289,7841.30470982454,804.695600754687,5483.57235839209,426.124070735527,1200.10178914887,7691.88911371719,7541.08557481855,7864.80233030688,7967.17050054523,1323.9728539944,7857.62412284041,794.098003182743,8106.108012261,8345.02480793501,5784.38817947005,8167.48151024555,8991.94075739558,8141.018039209,8003.7764797713,8034.20638830898,5607.36132329705,8137.00741735745,7933.6576245553,5733.6438281887,7868.81890956955,8034.39543594576,8139.66215616883,8925.82418055967,8415.99169273184,463.248996175398,5760.19489608268,582.140455544663,5538.01806387299,8024.67152799001,685.185655988245,7844.28934775034,6122.06144948041,626.904465632909,7859.46667670272,7808.30608956114,5812.20897878035,8243.63229957671,5471.98664507889,8077.22406461144,8024.28938681499,7535.98488140531,5554.44836866605,8027.99484363476,373.99505580399,7923.67563513603,5724.97395189308,8305.08993879757,7353.88469172545,680.861178796499,561.961089988739,5618.845290806,5589.97866385751,7940.29448506502,5681.94820639306,8136.51837135716,1360.00182317581,8080.10269491418,8172.00945221678,5578.15028673078,1118.03428071704,7877.15584735561,461.680174212281,5546.3522736605,7913.07747140992,547.386654999222,676.509466247762,1549.03898820348,8065.99452685634,8392.76260855157,485.276002015088,7655.44247221231,470.101529944199,1161.43040573945,1030.87789682041,5493.9985918134,521.980892182328,7943.27164123219,6320.45272098402,8801.29243326922,7804.53237950062,5597.32994923251,1028.9214643484,355.710182862083,957.815661164676,8033.18126190147,1e+08,662.694063493022,5649.71159255093,7923.62642674712,8220.63469439101,8088.55960577319,647.861828653163,8020.79094041479,8115.97851309691,8249.05990020771,8387.24903525166,8088.14044974187,8383.17016916736,8385.47936237601,5748.90762271283,6059.74070667058,5704.63404865391,7667.3275892895,7967.46705550704,7819.4879457802,7946.14930713343,8214.71876980184,5613.26048496902,8281.26815792446,5655.78189899535,5811.42953730696,7834.54935078137,5757.87312863636,630.18021312229,5546.6575676538,7999.49707855131,8351.68161941181,748.977119057181,832.649045860086,5938.29967754275,8332.78755484505,598.285630360751,6031.36022454111,1137.96260882814,550.101485900496,8016.56502443603,8022.10786655037,8073.02929760282,8184.5721196809,8212.49326064328,5416.36755543439,5674.74497171173,2578.71333131749,7801.70921835256,7901.29563330272,8013.39119095458,7968.5534798305,7954.66034085335,7785.94124733239,5423.07196497692,7943.15259573368,8108.2057134754,4569.69372995954,3180.57750177937,2960.56883603269,4779.88148285422,2665.83231931146,8176.19288727286,8089.47804143321,2741.52328719256,7656.94862803613,7644.1948536481,2991.73133277277,4856.63061660226,2632.38427709607,8062.18969775268,8038.16075928222,7302.51850321358,7628.51923345494,4330.87561949342,7533.06076315503,7004.23780280386,4448.41992646446,3178.32781184073,7514.79257727857,5150.91484281602,4349.53153922177,8061.70118671766,2836.58267785096,7473.8713926554,4781.7792980351,3010.21800157308,4785.99093095283,4612.26113815889,4989.20442737463,7428.72669158027,2429.19348553968,7843.05139964394,2956.36560107469,2579.73315992122,7327.86883681413,2856.79036358679,2365.55821825857,2653.90163478698,2958.28690252731,7938.22791759593,4627.20480757752,4995.09425821396,7348.05175330055,4744.51461030844,2564.50551451199,2550.00058572332,2531.94056681198,2450.27588629411,4749.96127716922,7696.05413978973,4975.6539462513,7730.0314629861,7493.13426310927,2583.30036210837,4348.83972695855,7498.48108452174,7369.61516988065,5112.74545176478,7105.80899784984,8040.47914506655,8044.11861817895,8113.45675543283,7448.20805115159,8069.8208196087,3030.45181140885,4683.94809365036,7352.97658793391,4876.76404281795,2652.34870602932,7974.50775522929,4830.6453292879,2637.24683972866,5108.9549512165,4695.06558378597,2844.83040079366,4807.08999146945,7437.14642401623,4175.39850545469,7531.8501329573,2549.85720458089,7425.55685251664,5146.5174875455,8267.88397887757,7483.93034412475,7527.64397488892,3035.76820612805,2432.88403327866,7960.98308847282,4787.2988435013,7546.38719043621,2440.1194090946,2205.4272739608,7186.65725900591,4578.74152928123,8295.65166764741,2288.39959392255,4539.60113305295,7352.96441284185,4589.63320042143,7105.52534193685,4338.799356895,7724.58154230101,2616.13398521291,7445.01563401634,7575.16348684837,5048.49857968683,7634.15874241875,2358.7665749333,2784.68940684389,7655.3214620204,4942.48178930115,8010.38254891495,4714.78113748338,4325.9789358624,4696.80041812129,7172.12454957612,2450.73419412323,2612.17524029873,4916.00750764679,4600.79955269977,4724.90017812025,7539.57922469991,4635.6796729969,3177.73469723774,8176.78978630552,4942.61157484026,8100.12353122918,2556.89104846653,7491.19176137068,7677.30876407184,7933.62884781358,2335.37556028221,7970.26823516425,7510.27636571721,7952.59822732312,7909.3655815438,2731.01281581017,7951.30098015037,7446.93214078185,8376.35339668746,2575.9984892456,7756.52813937392,7584.82028506048,4573.88412924754,5055.45530221534,8269.50410732129,3085.54901756282,7154.80817643932,7788.36635272906,4197.29725986528,7409.69782677544,8044.24270142753
8022.02000710479,8277.55295196853,6507.55561609879,6526.92742669302,2517.42959654258,2505.9494916889,6197.11225520063,6222.40899639026,2512.69752052524,8576.14824156187,6411.20217806182,6097.71226588295,5958.7754426456,8304.42208694865,8563.81186296312,9057.91909963987,5701.28933613156,6180.19780798695,2504.21965173183,6220.14394496207,6449.44175542105,8332.18306281456,6153.97745813534,8541.61165325307,8264.30027344433,2527.79163066218,8288.6167640033,6427.53222513201,2514.9287380811,8347.4761857496,8170.74455295296,2505.73001725249,8603.33874827945,7694.27750448603,5993.5280593686,6314.39305580648,2524.83979955781,6036.42496901679,7668.98165745589,8458.13485644723,7969.16481326332,2504.15324573025,8477.92192909818,8517.35604024184,6055.76588434616,8378.10557412985,8553.99804535718,6519.47218332049,7575.07783454341,2519.48717830277,6018.60761963761,2524.63788595056,2515.8126435866,8103.81836970406,2508.39644493752,8456.06444145624,8456.09956928567,8174.76543211629,8397.37764360848,2506.29836386637,2513.82442832748,2561.61943825286,2510.74046732773,5725.93441566317,2505.31490914357,2504.15214052166,2507.16608903263,6530.62162087768,8339.88876517377,8255.22223767159,7865.71627970778,7418.80855955739,8027.79268185861,4986.04377400959,8134.38735239546,7706.91403148129,4698.06550255529,5526.78558132297,8168.82838050214,4943.59313210318,5191.81730689314,5130.31612334494,7654.33914268251,7261.55126948808,2530.64627482889,5251.46560464174,7316.41132150847,7911.13933631812,2620.90739519023,2509.48819793562,4598.21342387972,7734.96520885536,7214.39583484129,7801.67938739361,5035.87128407572,5159.89954694932,8142.88097511543,2547.53006245481,2526.62863086137,2515.13080267704,7285.93057204668,2524.1908926511,7538.28596625438,2548.75989537316,5064.70381662824,7949.13524102428,2551.88982411668,7642.15121688453,7857.39372576008,7833.96389277624,7770.41303735027,7274.52025769297,2513.19760545114,8443.44164000603,2520.69708210812,8537.42901559424,5011.71461125961,2596.31828991425,7375.49054263134,2574.93216920144,2517.80711368989,7542.43872533053,7740.68880889761,2529.2729870675,2507.13747571117,8391.362796739,2608.46189037363,7174.19376106044,7644.76633089499,2562.62294457528,7859.07780880546,5218.91331982227,5222.96916592369,5390.71751270519,7842.30541613078,679.327274600911,8221.06034483457,1367.39776205698,8333.01052868714,8553.94830347746,8177.21376176719,615.83860051281,5628.82420859546,8406.37623867685,670.016149386978,8161.29382419404,5731.17543696518,868.100938352834,7967.31510484161,767.560330523517,5563.65287289041,648.765127906462,1286.01371654059,7812.41143493543,7662.82033264076,7996.76925596874,8106.99519619283,1391.91022228667,7981.90680430334,960.95184580937,8238.72362458126,8491.77198518423,5909.23919451514,8309.09622972772,9132.40458464186,8278.10333729925,8140.6892444586,8175.58646144843,5690.42517141731,8260.53869497084,8073.52465786259,5821.45574057726,7999.7127181149,8172.82220659449,8282.43870682629,9067.86740199521,8556.59312726758,663.250601855877,5877.75927636813,900.214640544024,5664.69989776507,8157.8135148011,696.579499924984,7982.21687012112,6202.30086296147,552.631560792793,7990.34281977855,7933.7217338086,5934.39010279406,8384.23946447833,5552.09145745501,8212.53991210008,8160.64584044859,7676.95201693964,5618.09419220511,8169.56545827332,548.173588427384,8071.15317833866,5842.15598895925,8431.41299260024,7473.70323066879,724.562430654109,909.040433731441,5735.75843001378,5659.1781838213,8078.29534420657,5764.59763758891,8277.21062155235,1376.86568684988,8217.50864367474,8312.55487684959,5668.47560165826,1163.11351910442,8004.03743604674,843.668943638947,5672.91452923535,8035.5938338187,693.319509404735,692.550174827224,1599.42485776398,8205.31121151417,8532.58507475167,475.092199841822,7788.32606800622,769.591378866286,1208.33543567913,1212.042165163,5604.02650432425,327.553570451651,8062.05618487154,6448.29794435953,8937.66262036752,7924.65670713699,5668.01370296189,1090.37695031625,549.92450925325,858.122418280173,8175.33507956773,662.694063493022,1e+08,5719.59533085433,8063.36874404963,8362.33078350329,8224.81211523747,567.768543052689,8163.33068908326,8258.03624835653,8388.63355427604,8527.82826678569,8229.19254660353,8522.51667343646,8524.88435315613,5832.67713542526,6187.04629135639,5822.57002465674,7786.69282804421,8097.21915717458,7945.8161240885,8069.71037416103,8356.22491328551,5717.8872065355,8422.24604207279,5731.10020474416,5886.54224476424,7972.55384836894,5839.17623201242,340.798067931839,5620.40770732042,8138.74823681034,8492.01205055905,883.441766004776,808.30428770258,6052.84638820437,8472.24031910115,606.968129487327,6112.47119416789,1200.30328877275,647.639720656796,8152.02510248008,8165.68636139561,8212.45988241615,8308.04933802354,8351.61721395713,5520.32838886274,5760.68177663093,2630.40295119983,7923.25698680588,8022.93078058859,8144.17356533581,8102.17949859101,8081.7620133637,7907.67646773965,5494.48050996951,8069.95035934515,8252.47810933358,4638.67486726745,3215.93163993517,2966.13665279785,4846.96523561039,2647.07383932146,8322.86943203276,8216.74780888387,2726.84117225481,7803.7682354339,7792.6165204288,2990.52238472141,4943.13627354252,2610.79923600656,8200.56713183276,8169.77215785384,7430.47223660225,7754.10775660717,4391.12403692502,7656.31644267735,7136.85710030621,4516.26576016858,3185.98346711502,7637.05756150377,5249.20122678449,4417.91718468505,8205.04524627676,2831.81332419322,7594.55708735572,4870.90061368401,3012.84590127544,4874.86498648802,4683.4839063958,5079.89058708644,7559.07776336553,2400.01890795507,7965.6567564756,2958.95542982246,2554.56975839885,7454.41061723215,2851.39604121829,2320.28250799964,2639.31755095919,2967.05103239882,8070.57136060414,4708.22110906616,5086.18140324654,7473.38524972048,4822.51266438308,2539.81943532481,2530.02163760022,2503.09209722672,2420.55679467542,4839.66894430474,7843.32531647955,5057.86027711197,7854.24567707093,7640.65470325106,2560.56699572507,4431.12259642919,7646.61298146771,7493.14968251183,5207.26124063438,7238.56564930484,8177.32260836,8189.50610461009,8261.0595189431,7579.81892543313,8203.25702003912,3042.53421973575,4766.49892128049,7475.97682951618,4948.00007412803,2639.388228062,8118.27520698426,4920.05590890412,2618.09092034525,5188.17328486651,4766.205971564,2837.49672147834,4892.25347401496,7563.01156105272,4224.32193211423,7677.57558407916,2515.17820568413,7572.3934923574,5239.87978621012,8417.09646126271,7633.05194952815,7652.05278326008,3039.87274108789,2405.5646989832,8090.23576361116,4862.21447947928,7686.6623637997,2394.40616293985,2126.57154788856,7315.52889770845,4655.6841519731,8443.91662721593,2256.56410264012,4622.09267176539,7480.96898462241,4659.90911942686,7240.77046484261,4422.40210822905,7848.6210355417,2600.81344787896,7568.97068888826,7724.11959927999,5145.68408983397,7781.04466417234,2319.3272138891,2775.79786786665,7779.83080906304,5031.50722611349,8144.04593817294,4784.70829982511,4406.02322249593,4775.49179069692,7299.59065936793,2420.17121590025,2585.20056376918,5007.57070072466,4662.0233755564,4803.79483593549,7663.88316034221,4722.35400976338,3231.1816565341,8326.07259058375,5027.78548863058,8225.94217806854,2521.88098171759,7633.05661776198,7823.52855747883,8068.1565391534,2295.00247227577,8107.29647814668,7631.39993111001,8097.35785912511,8035.04883974961,2715.48893966863,8085.80857473331,7570.44967481909,8523.41488413612,2558.98265772519,7903.36284468082,7708.50118442229,4657.86236745121,5152.26292420993,8418.51429770001,3110.77209356915,7290.19967908154,7935.39546075151,4263.63952199343,7538.58990802042,8182.83311195846
3392.48961008715,3557.4765738814,2766.7305377306,2769.73673019541,6021.46789454563,6167.34716298791,2740.08105740402,2740.70769132628,6067.06995864511,3764.6792593345,2754.08851873458,2740.32427450083,2747.9450478411,3575.52221761186,3755.84374516196,4125.55150867708,2784.62674490716,2739.81745557441,6269.07708911007,2740.64024692252,2758.64254737282,3594.29762224544,2739.65560738992,3740.00010367422,3548.62240404712,5944.40861498078,3564.89195242489,2755.95829056727,6044.31418729952,3604.69670173081,3487.01530547909,6172.70876444382,3784.2317545106,3200.76072315783,2745.23952552381,2745.32079164626,5964.24837669991,2742.63596996169,3187.00730063608,3681.09131099219,3359.96595037561,6254.85323423468,3694.95800828641,3722.77363753241,2741.72774695345,3625.64199705855,3748.83091031679,2768.56154371258,3137.3751382295,6004.24873576695,2743.61869714161,5965.65573183711,6035.96255523024,3443.94364861738,6121.73100715615,3679.64391219596,3679.66846396427,3489.63005407779,3638.90029346879,6159.46026466415,6055.24692196939,5772.3557044582,6089.64009427593,2779.84983091586,6183.99157245092,6253.51540998644,6142.27223190194,2770.32750056335,3599.53244203963,3542.57523410151,3298.03502263441,3060.01016990222,3396.07669463953,3036.20144365098,3463.51073796006,3207.69071855697,3195.72787995664,2826.04576426799,3485.7702963873,3057.71448983209,2942.04822849448,2968.40759627235,3179.11940928385,2989.244174006,6582.76188384934,2917.95841360038,3013.08757313027,3324.94089293561,6956.11333061294,6399.94352234932,3258.33493962285,3223.21414274602,2969.49650692611,3260.89283023289,3011.85240909916,2955.53649214274,3468.97934821996,6676.45029777574,6556.43642611731,6464.34355114073,2999.72588313076,6539.32910857683,3118.55846069801,6682.51270828398,2998.2115863914,3347.79419562599,6697.58915850763,3172.59517874927,3293.15507418942,3279.50106522245,3243.10278237508,2994.79722612503,6444.68764535633,3670.83409279541,6512.92034935078,3737.02327510816,3023.53471302402,6875.38938386709,3039.78300565266,6796.55234767684,6488.92033418426,3120.66417743065,3226.405049085,6573.99765993711,6362.68883890716,3634.7558248981,6916.35440663989,2953.21871865141,3173.99187451573,6745.99469263766,3294.1412820511,2930.92402681653,2929.28480351249,2867.46539016515,3284.34788846501,5554.99572630842,2949.23658730226,5613.70879215333,3152.24325297274,3343.96432903898,2939.75388908737,5630.64906796268,755.263735878603,3185.4181125282,5487.4218341722,2920.36636641657,1331.64545671261,5550.50018482802,2806.1691180875,5727.43431586266,285.93624621267,5383.7880952846,5678.94681583971,2713.90072874435,2586.5585032259,2857.31590014775,3162.88675013725,5534.65019530004,2806.60079839301,5606.44813324635,3044.44114519159,3327.18582330325,2024.9265164465,3118.79800764809,3872.09929340662,3113.40443551021,2923.60408144384,2943.35100331247,454.181944266677,3105.60768342259,3114.63529287184,321.17411898425,2867.49790728243,2906.30095491421,3252.64363455151,3835.46551718234,3362.45913998315,5671.75368470383,790.278433735419,5526.21681888435,1007.0538565331,2932.38339500309,5842.32307777515,2899.1593685979,1214.44188686935,5531.25254567861,2802.33981497099,2800.82604468883,828.080197055216,3144.75349359261,573.736391711384,3074.92280234599,2974.73708762538,2839.36809863676,303.015175821729,3204.59243909709,5630.76149460369,3270.04643444465,1528.68495386916,3340.22481607755,2538.80655610087,5594.0425145294,5589.47388751027,877.043054738775,322.177092171747,2980.88874171251,553.644411294519,3036.00988269878,5685.76387956167,3050.40795070364,3090.52498971789,469.418539617741,5704.71597226754,2841.54897967383,5507.36124535585,2154.72906317023,2785.08020862954,5743.18520940648,5464.61907152243,5686.8927272883,3002.00441344265,3313.55697638054,5518.41283140526,2821.31690520403,5542.83796930512,5772.60036629699,5270.76541102718,884.183202778269,5718.77245523796,2926.03460932897,2797.77495875583,3590.53573342489,2790.58158004089,364.96617208804,5714.46040280069,5545.49090312475,5502.57638753284,2937.55056706405,5649.71159255093,5719.59533085433,1e+08,3097.38224137658,3163.67412692569,3040.14918003758,5682.07472208505,2987.78657041392,3069.20131040604,3095.59698760624,3304.914253653,2990.81980066173,3290.50127937373,3274.06928474241,307.501900362331,2009.52572421389,880.527738121039,2713.62842127473,2862.11983627434,2801.87471545324,2822.71503294779,3116.27702181134,679.58897127718,3197.89669553845,293.740068712057,616.793018237659,2891.97140338388,505.152062677942,5632.65072435236,314.301680494691,3147.84680581074,3235.44472504898,5306.24289586489,5405.70667034339,2810.13897871359,3207.29043969039,5786.12179417421,1007.59346331938,5701.3955043411,5442.26747063579,2887.85956387506,2962.18148720071,3040.56740440434,3237.67619776872,3077.02516633131,754.614021517321,575.471601484306,5719.21848398084,2746.93981055018,2755.40628811847,2887.99610189428,2891.8112450664,2829.67771547819,2740.91437884902,606.786860710477,2838.83952178,3112.08219358054,2087.99033144122,7025.42414097995,6776.71775075555,2026.02046974611,6536.84453365147,3550.43821353942,3099.95467295414,6833.91033134644,2704.36895970684,2727.56707935532,6881.30402186145,2408.79847812678,6732.63881657733,3018.29081527436,3078.68164441508,2534.12709257365,2673.03937169625,2238.41929846809,2670.13258030239,2596.3656203428,2217.61004848477,7007.72131617147,2662.34340499973,2753.42908628497,2243.06668607758,3103.32491739718,6760.9881906814,2646.51000720995,2298.69412324011,6887.41518358973,2292.29679757777,2060.48666007839,2437.95692311441,2633.00671064514,6540.24092088367,2825.81545364766,6751.04858115039,6646.26356973312,2645.78997972959,6785.60078268779,6758.78888076715,6789.25584928813,6945.68452643722,2917.56214156265,2102.13725790123,2536.61636534115,2675.29852742942,2127.41469651319,6676.51527711677,6587.68059867004,6624.13354869199,6652.98519715074,2335.37833819545,2921.76554502243,2312.22952146292,2742.92109756553,2588.19014169516,6578.62616905014,2422.26929860122,2621.7689472868,2632.38983181291,2523.58071267872,2646.01583622068,2969.56208765729,3265.99719144389,3572.66146020292,2659.37782454814,3048.99740070623,6679.38857094223,2312.41040238303,2617.83217852505,1352.74699703844,6656.8723375368,3324.70277504241,2476.31432373239,6685.26495398437,2104.86423181211,2134.23681053677,6778.65850751261,2380.41144649962,2651.48759157678,2516.28224619974,2543.36389177312,6904.99388556775,2512.41514666145,2519.60440654909,3724.33398827263,2600.53714823879,2648.35285035631,6873.56540381623,6655.94297825309,2897.92197423863,2162.3081473413,2601.79551757955,6883.6138678342,6969.95223433664,2597.92154596645,2249.68177906868,3714.26704291855,6466.22399003069,2299.04904968266,2624.42248637959,2152.84455689573,2691.58872083618,2243.34140119115,2740.18749383277,6701.34381473832,2650.45282855569,2677.62939277943,2674.51144959553,2897.90001822844,6600.99907260771,6663.1848000083,2679.97341219902,2452.79297978288,3081.60801917345,2101.77398045668,2383.21912412803,2316.16826942429,2597.91244755369,6596.13461080454,6534.09211364337,2377.82822810716,1968.88674696205,2241.84358981735,2662.5505952006,2414.01845924286,7010.68209234759,3700.85318642671,2329.11985272985,3133.94694875038,6837.93086470623,2557.40067001196,2892.02817937544,2903.71466777519,6634.04356284773,2963.62336735522,2706.99572449927,3201.15929525025,2803.22956181517,6539.46649878132,2824.86030795815,2631.05532791814,3787.91133952223,6733.72818556664,2944.38933928746,2663.97333537295,2258.99866298794,2549.64681303015,3762.32383768613,6863.40288958168,2723.3109602404,3064.86543294841,2489.03625327392,2599.37012511349,2974.90891978998
1237.98774792766,1237.33792988738,2140.82638175667,2123.68941969778,7600.44560175719,7761.65100068909,2425.06793594952,2401.28680060197,7650.93462834026,1308.01599973148,2227.17843003957,2519.46525796356,2653.80389351288,1240.64470996125,1303.69388469086,1552.28531665984,2909.45923192666,2441.02498465754,7873.56132107126,2403.41201242154,2192.69134376113,1244.72110529128,2465.84839750208,1296.20163895754,1235.94006802244,7514.92031797588,1238.62307590912,2212.41683293219,7625.75142146557,1247.25065626947,1230.50392956037,7767.55923914112,1317.93596630532,1321.77847616692,2619.95111005788,2315.69014896086,7536.96526706756,2578.39225823334,1331.7898003115,1271.42039873026,1245.38728239833,7857.93794475972,1276.79960930232,1288.44234342413,2559.7384410514,1252.91697847259,1300.33629130594,2130.2753924831,1372.9237693147,7581.35765312781,2595.62297146587,7538.52836929426,7616.50331493182,1231.42018295523,7711.33731950198,1270.87567400717,1270.88488733665,1230.57686452248,1256.88825951316,7752.95791562371,7637.85315188418,7322.96007597737,7675.89067995569,2884.63602386782,7779.98864564963,7856.46809571412,7734.00429254736,2120.43025531471,1245.97057544018,1235.07186426412,1266.86775324221,1454.10270143221,1237.32881513579,3659.82777688265,1230.5028991507,1316.9538508618,3978.39242297272,3087.25034042222,1230.47427117138,3706.1656534535,3438.11277331024,3503.8808484059,1337.79708689016,1549.7462659928,8216.28897682036,3374.7265530311,1514.93730501002,1256.31212366047,8620.22012066734,8016.9559225693,4091.27308626843,1306.6718048426,1580.80950379556,1284.6540937214,3605.70173349212,3472.19247599754,1230.39693892124,8318.02805342559,8187.65252161604,8087.29981321509,1534.09605383058,8169.03164465495,1390.66656024598,8324.60227337495,3574.51088020322,1248.82991582447,8340.94681544676,1342.91425806482,1268.98910271206,1275.26836797894,1294.53920511588,1541.38531488322,8065.84470397782,1267.62948251551,8140.26792333977,1294.83161695137,3631.90693864531,8533.21245616009,1479.15214711854,8448.07052538316,8114.10805668833,1388.61988274945,1304.6472023528,8206.75780467566,7976.19734881437,1255.61540108658,8577.38758720877,1608.08193831002,1341.80740017169,8393.37889561159,1268.55520561229,3409.27001155714,3404.95969215106,3228.27643307208,1272.98107777149,7785.43307279794,1009.40110671061,7692.88748311321,846.245292924933,1263.10694062118,922.16974105553,7869.89831352058,3173.44612159368,1170.31152584027,7769.82455350075,1039.76656263179,2892.35816833715,7753.12811177942,834.193291097002,8064.93055028787,3121.10351769635,7678.28590096391,7907.82147960965,766.405707959121,1296.30986975775,703.72474084219,159.330278296514,7731.37557773984,801.632623118263,7809.10962873891,1258.96111806787,950.854863386278,2883.09187195579,808.173209584059,1744.99006496536,1251.39811153258,1104.58765296197,943.175270873613,2955.23609413064,1523.55146484162,93.2476962380342,2914.40207073911,702.825583489968,1065.7070365571,548.888289968343,1478.89602025482,935.601926109898,8002.49797746885,2778.23840439755,7735.20690211721,2973.06625109535,1146.91600357694,8165.86382212957,530.072331135018,2688.13513065333,7842.34356801989,837.165040331831,769.662099181108,2650.9735822552,1057.33488707667,3089.68180540675,1299.89578693618,761.168204244135,650.4116591674,3097.65756047414,234.25982075249,7919.66234680967,588.306899744047,2773.49186742951,1578.76578244484,1044.03063985613,7836.50168692097,7800.2076109342,2953.66199433219,3094.35666415048,565.968914236327,2902.81227605193,1036.15758248279,7882.79754126372,1193.56578826259,1003.75933855207,3024.87504792746,7935.30486926161,875.699921332799,7735.97486709167,3094.96969962922,1011.5397253317,8058.06740408605,7736.04765523335,7801.62005292274,1142.95030991901,1362.22974318808,7805.11782220147,492.325220705767,7784.30287852566,8019.31934147314,7403.37529317934,3058.90556263209,8046.0992640413,1467.7320465961,2630.07611404438,1507.28760411061,1411.26153804395,2999.21022320103,7987.86520456879,7847.46266633578,7767.40277825878,939.141949740099,7923.62642674712,8063.36874404963,3097.38224137658,1e+08,886.773617763318,1193.41709797147,8006.94572585763,783.960698350538,767.962583264223,986.638464493412,913.559251033889,998.193672221316,1278.76510607148,1115.11811732297,2869.40556363805,2626.52505909712,2822.11588456932,709.460231846863,903.77155545762,725.497119548314,1016.61618150674,984.36330749417,2998.14581674982,875.811806119595,2933.21896260361,2808.84593014527,473.294134568335,2805.2665263306,7966.52717784833,3073.80334484185,126.09429054025,1131.21546176255,7484.12312447036,7634.27247943189,2992.93427732494,1200.4731455987,8108.76352816018,2718.73405630145,7939.7961632259,7686.5764123143,1100.31179305195,1031.92113026437,1160.20618999708,1615.71823377551,1029.70983358076,3060.68960528397,2873.9277723435,7564.21422088746,948.656238913522,1017.28658831897,1196.16845757724,1137.30012359218,947.902185727474,896.399706302335,3286.78442953393,967.156723675602,717.320048161235,4257.44462421616,8682.56550524034,8539.56782348819,4177.89088340415,8402.31166333438,880.771458270274,1453.66154278913,8708.94562689916,882.805260078919,793.578633578939,8685.53594979397,4244.46777751325,8645.29582527157,1263.53003204468,1383.72926275804,1281.82521512164,1129.30428006395,4447.93432790312,1023.05946861376,1328.9195715474,4408.2736266924,8732.32411525332,926.043141560556,4212.23799281223,4414.97967371985,1239.29672862705,8559.7447287045,866.857252283218,4222.96776991261,8639.91043186722,4185.78583835522,4218.60117546295,4160.61093862498,1296.33579907955,8471.80437235074,1259.29756713261,8502.77100075607,8574.50163513123,1019.50899696565,8608.31407817953,8712.58367193719,8658.86016072276,8709.48011645488,1298.13053465927,4192.38076919641,4188.62112889113,1022.66652917321,4207.44352835926,8618.11627984124,8473.63175595117,8534.04385781169,8593.79860776017,4245.68195256221,746.750070777664,4126.71517679493,1079.27382940881,916.458635203877,8437.36044110811,4519.09256771851,969.573627811571,987.235828196379,4077.06738709778,1217.10942092176,1242.35369620109,858.204064555639,835.892601699957,1527.82472774947,1340.6725897253,8405.8673621088,4328.5965988581,872.364480277745,3639.77665504953,8527.00312005248,772.999974388018,4272.65265987748,8559.91032494176,3899.76379988321,4277.60110113144,8610.5476648806,4249.18287354845,1069.61970713016,4527.96726120061,921.636917165934,8926.74310603706,1007.78897315171,4098.56305870867,915.716197305644,966.05171813126,1016.94831209947,8624.04741215971,8602.68440665096,1334.55347703976,4231.52299349073,1086.20805404554,8867.62787576869,9044.42184810499,1234.7631570355,4358.93409871439,894.105415953547,8420.4410923135,4363.31480717405,1197.44201105672,4343.99553964769,1212.64316571315,4254.07827468404,942.104204665425,8574.04361039008,1011.10720227693,822.754625509417,4219.214941426,823.042589837489,8581.72677939603,8497.08544411301,1209.43865952002,4191.40327817399,1390.56055716858,4263.21566179653,4422.25819451988,4342.51793873985,1150.8937392631,8546.28835286817,8418.16661174961,4163.34069244363,4238.30246032577,4302.9275485383,996.732138020702,4390.33063518301,8671.41564510341,915.624103478967,4168.39661472377,1493.88476316758,8757.44694937132,1117.33083574645,716.335426168682,1244.46884837593,8603.74217374003,1258.6283782095,782.675106033866,785.205156114906,1308.79695231766,8380.77605955862,1267.86285885708,959.122146323357,927.624796323613,8644.24310983191,820.122415768734,986.317551332804,4297.51429412895,4134.84254986213,938.639224218123,8569.08630395266,1189.97225846221,736.123125302068,4521.49175300771,1264.68515795002,1237.95448630258
1181.49665359617,1092.85483954599,2376.77504914647,2358.03972973244,7944.42469625031,8106.29202337009,2682.99813601488,2657.65195671402,7995.12436747746,1068.32516434025,2470.64705740081,2783.21612905404,2924.89674078127,1086.98380789033,1067.53817320192,1210.68751384064,3192.12649941719,2699.9820729824,8218.64421395995,2659.91875367065,2433.25856269179,1081.65773340402,2726.36717504116,1066.51339540048,1096.00677066826,7858.53541116585,1090.35270512713,2454.65935893993,7969.83648123571,1079.04863853449,1122.93422532658,8112.2239431332,1070.60608682963,1366.72917684857,2889.2876603743,2566.05256278738,7880.67506346963,2845.488907137,1383.63395822527,1067.18396355633,1206.54929969032,8202.95998709785,1066.37797533614,1065.97080434798,2825.79818092942,1074.5247370323,1067.02301294874,2365.24441156096,1449.05041393418,7925.2562989478,2863.659852312,7882.24485727598,7960.54973996693,1147.00690557393,8055.77504418489,1067.29150864279,1067.28964732837,1121.61257884345,1072.16191429335,8097.56402203903,7981.98861073768,7665.72365763258,8020.18340225111,3166.29476113894,8124.70303881783,8201.4843994271,8078.53396879877,2354.47230890194,1080.31408360655,1098.26253349372,1261.3253858252,1566.11674650577,1178.88842621912,3965.16874075844,1135.53180350592,1358.40544788242,4290.27753804771,3376.54444948621,1123.56912751559,4012.54319591295,3738.01854192892,3805.48667996827,1393.56346786109,1692.51856015373,8562.64252032782,3672.91648831531,1647.55383795805,1236.37873979975,8967.9287242297,8362.58506636647,4405.18641090312,1340.22505401231,1731.84771511381,1298.71420295892,3909.79083944754,3772.98903669866,1132.48544654186,8664.73657629812,8533.90439217175,8433.18910170152,1672.42840716182,8515.21697988572,1475.74519723696,8671.33340537212,3877.85759808809,1216.5786766461,8687.73398698426,1401.90715723005,1266.04117880218,1279.55053059399,1317.85716409791,1681.81009806924,8411.6551791491,1068.04219469251,8486.34982031425,1066.37678656052,3936.60779424915,8880.64110603744,1600.15156667268,8795.21907396668,8460.09517554156,1472.70383301212,1336.5668804089,8553.07759498751,8321.67343637721,1072.85906056644,8924.95915483031,1765.84382424236,1400.11092695692,8740.34421461423,1265.08338552783,3708.40475290375,3703.97782900453,3522.18101781619,1274.70182994083,8103.92077920887,571.388231253527,8018.905735234,81.8601265234101,601.510956964177,326.207328364576,8185.79392412878,3238.00326844434,655.024457680834,8067.67013338099,441.56102408748,3150.20502962092,8062.30688031836,803.579108689762,8367.86767248946,3215.34080325257,7976.18366862762,8215.96187043257,993.337600422993,1177.91150146505,744.927782042946,903.684302418821,8034.97109215445,823.581722964773,8120.92087601981,793.94699012119,529.90383647562,3289.13393872896,288.199488935438,1244.12092704344,806.638121785406,652.265534013832,377.996961549123,3042.78525716374,1148.94600974618,915.538435511217,3005.40228366623,766.142683669032,536.35482292544,625.561093216466,799.91726455777,440.548578281297,8298.84650351741,2916.58611178859,8039.8004752571,3125.46666745686,694.417994315313,8468.28005555006,769.190782719158,2703.90633870362,8127.15947324041,722.198131790375,850.583189802696,2761.86414162732,368.729098802779,3251.53044902405,865.014901136167,593.419153328181,1176.36438935613,3198.17074122214,788.249850242648,8221.16416249851,1113.46641478532,3043.52548363346,1262.96449172391,1301.90429463279,8160.08433966218,8105.45111370052,3103.64750817049,3208.95471333169,709.866908134465,2970.25011839138,459.672868443026,8191.10214016568,754.708777741131,385.220453124687,3143.94427346693,8248.77335108615,751.594859065257,8034.87387206042,3518.04201349182,756.11699362742,8366.33920405538,8052.27166112433,8118.6167467908,620.04160727203,809.085093386469,8100.92435131327,1043.01362519448,8083.11820228415,8329.40142052568,7720.53911261742,3242.1824704788,8341.92776503876,1088.31149452408,3128.10624813364,879.638942591395,1081.3902239658,3095.28585297883,8285.18208285741,8146.87997779804,8063.48667455452,392.914417728212,8220.63469439101,8362.33078350329,3163.67412692569,886.773617763318,1e+08,747.112154711753,8311.71365918846,428.937176079063,303.722675263635,280.268948994101,273.566842883619,396.057282471006,704.709391526095,430.085165157138,2950.69726421419,2956.10820304665,2977.7275769548,1033.66004991575,642.214289771113,841.484914882089,692.2307166988,187.637464165173,3128.25409293443,261.015224387361,3027.77034490043,2875.68460504494,817.9610097483,2880.55332505649,8268.96798097293,3157.70601538801,854.317205468661,408.158627835554,7798.7009906411,7946.7728816368,3545.63896887419,565.798104430227,8415.86014341552,2751.70472044589,8248.12166382722,7996.35535632311,614.572290232848,459.908213591931,715.607394187649,1299.83957109495,351.025848524011,3232.6075840662,2965.89787266795,7923.36480012213,854.231469894356,753.961601705661,750.263851017336,682.489316859786,673.605955538557,897.13548217177,3427.61027273849,680.627221591164,285.785343407321,4370.86013992691,8973.91357552691,8821.1576184688,4220.39914346714,8693.0010319739,1178.53141671132,1075.5361490685,8991.4465527235,618.239663018738,626.882477513904,8960.26016628245,4269.54904363443,8930.53412696089,797.552597139632,1047.84007764299,1318.7911378624,973.268732225023,4610.69094763178,1128.0899164197,1708.0101374872,4529.68901225352,9009.69382596065,1123.53678898903,4233.05626918764,4558.12416628964,853.693442608976,8847.60607089689,1168.49614302116,4246.89443954398,8922.19594070924,4223.27205658723,4315.05597533256,4173.26540121025,1222.60356560577,8765.86919152778,903.028490975714,8787.61246972882,8858.73546014983,1349.7935207289,8889.14668835758,9019.0458201426,8950.95775977078,8996.76192011432,915.090469957247,4269.21459810239,4213.68358260437,1343.838509375,4244.39579552609,8902.97076148026,8765.41176970119,8832.01446485137,8885.29129982432,4275.73211209191,778.217164835495,4145.32309786303,897.130142055,756.037375978027,8736.04929101755,4629.49052277154,754.874017534872,1298.30520713409,4102.62232275727,1612.72605635932,747.966518900615,834.231324731048,1319.37315381568,1295.3811390629,939.220449052651,8684.48041294206,4360.84536469817,1279.74551662622,3802.70703294667,8815.98076712639,1100.10324816962,4300.81308494135,8852.77944693989,3929.06232033395,4322.08111164903,8892.7113499221,4280.95703607781,1213.69295604854,4824.29481109167,746.120586695689,9192.88776576008,825.258794248339,4098.98623754504,1345.53283965981,772.095421135785,1081.54698406943,8905.43404937385,8894.13976180064,916.709932286227,4259.29375659238,821.598842144266,9159.98748155704,9340.50578952977,1494.59831773523,4418.38354095105,1312.3441450192,8720.97616612352,4414.59605600726,1308.76798877342,4405.90388566137,1623.80340809346,4436.63324389858,874.4011322396,8866.57547740844,1209.0929048931,717.728388553936,4240.98138968396,839.329901048803,8874.234982425,8780.79704819307,993.061183420679,4215.4587074063,1046.93407081395,4308.73560947759,4587.56230675459,4374.76835940009,1524.8942668928,8837.58072113176,8710.91599429252,4179.00380451763,4343.69811334642,4340.52427673795,1073.41905598682,4429.06665562361,8950.13627438179,1441.31288043535,4180.20587127572,1189.30956197866,9056.95723355714,859.329517424456,779.170081880742,829.910070487675,8901.02405204663,849.811218968552,1158.96271122115,866.102669582894,886.007532511581,8670.25193698762,772.591927790503,1166.54657184159,1353.50219668158,8934.81919101585,682.753831088568,1019.70076566944,4361.96566870164,4152.53370152655,1435.31119254445,8847.0906776105,1589.46192482579,860.474953169043,4749.73833515196,1225.81135046499,715.310785873619
1150.13400918074,1071.28141743438,2327.43535202,2308.74704587675,7894.03740675817,8055.91917739634,2633.08070994958,2607.7712136617,7944.74162567389,1060.8585804416,2421.09500442315,2733.16867233301,2874.70024736716,1066.59318522344,1059.4668447374,1224.47501160416,3141.73160629218,2650.0409689884,8168.28126126852,2610.03466256625,2383.78669558821,1062.51441964428,2676.39066239901,1057.35383336865,1073.85936868264,7808.14036926473,1069.26328772454,2405.14092043775,7919.45147381753,1060.60263783453,1096.92897990918,8061.85162223765,1064.47091076222,1326.94323197399,2839.12524792405,2516.31905461075,7830.28202564204,2795.3714071099,1343.36821743097,1053.95794062866,1173.52267820614,8152.59565992842,1054.10962251218,1055.62391148966,2775.70201321301,1057.49520054347,1058.47054839679,2315.93345248559,1407.17925968151,7874.86728453082,2813.52330386594,7831.85196139529,7910.16389918527,1118.46829718779,8005.39771435182,1053.96559545614,1053.96542840181,1095.76574841493,1056.03598154756,8047.19040293487,7931.60469273009,7615.31099961352,7969.80290027442,3115.91527119641,8074.33182154956,8151.11994283434,8028.15866173734,2305.18876631457,1061.52125507891,1075.72568858974,1225.39773496141,1522.10532321574,1147.71514255645,3914.53554128829,1108.12586815918,1318.86720992036,4239.61929879204,3326.05788088006,1097.48863168729,3961.90457935243,3687.42218372675,3754.87730875989,1353.02954287316,1646.88514575331,8512.3091617307,3622.33459463412,1602.434607837,1201.66817893323,8917.62884731086,8312.23462621331,4354.52500153233,1301.25639553139,1685.81130347089,1261.21467748429,3859.1648827858,3722.38569439621,1105.40157449475,8614.4117943251,8483.56860217239,8382.84473132494,1627.01720214123,8464.87960478894,1433.31465817928,8621.00917429197,3827.23629354955,1182.95409346253,8637.4111237633,1361.15520729722,1229.89987738461,1242.82294026785,1279.64849364421,1636.29367146295,8361.30896227749,1054.10871618131,8436.00999041026,1057.01230460727,3885.978203209,8830.33414596944,1555.64630074027,8744.90511407022,8409.75310642114,1430.33460100292,1297.7178487268,8502.74342798241,8271.31945859756,1056.45015744511,8874.65579983619,1719.48988369271,1359.40536429828,8690.02572255421,1228.98508662606,3657.81473089283,3653.38878856044,3471.64089593163,1238.18042179986,7970.53308147535,534.311412783385,7947.83247809537,792.489508958223,541.104439516875,622.277957018524,8063.31188921837,3008.33758835217,248.681180116393,7937.50270190385,473.629689698286,3249.72161030595,7931.96148497123,809.854465473232,8267.99062691713,3117.10622181024,7846.2663224094,8155.81195024536,996.985642045586,1120.89022954017,831.470794150345,1241.51854328471,7997.14551684082,843.016768062451,8025.97920868334,130.877438954674,1078.11593757121,3488.83328121433,940.345159621888,1002.46878094902,137.716079809261,195.726033360286,504.170990854756,2858.04604618549,519.976735465023,1212.42880728639,2917.17333111428,823.981882334722,350.805261375672,1110.41975617428,1074.05387070224,1074.83379346714,8178.24709130342,2913.73596122879,7929.95678873617,3173.83925714691,161.579653692628,8353.04692633225,900.634919583898,2369.14282913312,7984.02692968947,741.182067688473,866.9502790769,2752.38794969238,487.043093419194,3190.21076206506,193.535625275556,732.664297749778,1228.74531625882,3070.47410543031,1089.75529444885,8091.03478237708,1405.29512521286,3208.40260261359,717.484945666164,1270.65007978451,8018.74369632156,7978.21569270328,3130.24315598675,3128.63435939828,846.325070204998,2761.71511967601,354.972424232352,8142.38030612411,63.9617979701603,401.38369844849,3096.81493826743,8178.72931114063,756.431548120963,7904.53108765669,3712.26096852552,721.70792397274,8248.89967505847,7912.41749776354,8095.8134154514,187.220352208975,413.490702872001,7971.49022530577,1098.98241466696,7970.93790029322,8259.18350651438,7636.87877953357,3252.26245307943,8201.08961899377,726.549010140742,3452.0418294962,812.201558647831,806.942858400198,2946.36893788452,8209.06400340571,8011.20336759294,7902.76625226835,513.143869356545,8088.55960577319,8224.81211523747,3040.14918003758,1193.41709797147,747.112154711753,1e+08,8195.05377249947,663.600219091383,908.345744115705,674.405120673103,945.407146017924,445.867154227986,432.629077783976,553.34830493944,2822.64068027002,3221.9859528196,3008.71521823307,1031.39768560203,668.248734980643,871.191654170413,634.745873517238,657.925888126682,3123.59331517877,930.22439566511,2912.88069014309,2665.0105633939,958.501699006378,2706.36354901769,8128.01786084158,3012.21613021429,1161.7037741865,562.465145444578,7665.35484339982,7795.01710833972,3819.594599362,455.273551263774,8294.11361799523,2451.02180928265,8181.48103575209,7879.12526279801,284.778251499313,418.91796622734,83.5969249051268,731.827821923575,511.817528195319,3209.86859350463,2777.39621370253,7977.64088235091,829.898943793098,725.208374681307,216.818272381385,203.837809562936,679.156608751306,910.00081889063,3373.26697954285,664.445815015791,869.784622317031,4273.93726259854,8868.84507314943,8689.31077708288,4047.18532651318,8531.22810137086,1517.02619499775,409.649545720092,8838.27596212179,935.189348754335,931.259571317158,8811.51547289345,4039.13440211601,8768.13901564449,196.225694538535,401.352363793421,1272.64231119828,917.630351096564,4530.30656656072,1090.73411166315,1678.62767165498,4445.57550768821,8882.21926270086,1082.80300718993,3934.64326366522,4468.03548273668,280.50886373936,8710.96621195116,1139.37972671303,4068.807223341,8796.41803162707,4033.18423868648,4205.87542092638,3929.94903074487,1162.42758624587,8603.1768604889,686.740669288383,8660.47916673257,8688.98468921766,1321.66165807468,8744.11565079451,8863.54527583175,8800.28088673151,8873.55782907813,251.587048824304,4144.31767494759,3944.00516373263,1302.65791308206,4080.61703756766,8731.88095088164,8613.23615243894,8671.74118809664,8724.42858523675,4092.04379759773,1220.10503472451,3888.65101315182,821.444083058269,896.569502863728,8589.0368335805,4543.80453734513,925.845865289793,1272.06509982337,3828.80228980456,1588.64362937955,198.097173628427,1293.79399344022,1650.10675043523,1148.67725123921,267.02322285186,8554.14585448932,4189.10634871664,1256.39731685002,3705.17257104593,8659.93719998868,1491.89980849498,4067.61340967386,8700.07366109559,3678.5876381599,4161.8963988127,8744.11105869382,4055.25036415827,1174.314884526,4777.95265909223,886.490125801736,9013.92911293505,897.235759438123,3832.66780218563,1637.40003663248,932.780931909462,1042.04297035341,8774.97396356757,8731.91894521078,259.304389774898,4079.44707377997,632.865180821355,8995.97077577839,9175.50368113256,1456.67441360936,4271.63464609654,1645.53173507309,8554.97247333062,4247.22710939616,1273.11347381435,4274.81050956658,1595.91869500949,4353.53694633614,848.392983754352,8714.51156149619,1171.27221369347,1044.27644886331,3964.43212542201,1215.84390248075,8702.3972505588,8630.49718137564,902.479241936306,3968.06263611529,408.816988629992,4163.01403854457,4513.19799811042,4188.69416289623,1498.26623024208,8669.44113596857,8548.5942199902,3953.72440744099,4245.13231872881,4193.56513559463,1038.44857728419,4261.02732529194,8850.57823757231,1714.31494516141,3952.40332141075,557.649357912438,8899.65151198633,700.314110199245,1191.26303083256,196.252750563769,8739.32826370187,248.274457515267,1139.20506611153,1312.10173683981,303.266121875537,8514.37790820004,300.903292864643,1132.97115143715,1674.75712976736,8774.68518637419,1120.91874064183,993.928587155014,4212.6759909629,3893.76101483585,1732.06032865877,8733.64049880293,1566.6079921693,1287.52872660766,4687.24645144276,1174.2974341591,217.975416090503
7988.52173303483,8244.7653643463,6468.72742166608,6488.18263667776,2439.1048621357,2427.93094930435,6156.87826302472,6182.29466264404,2434.43189655105,8544.13840969286,6371.9518462081,6056.99874956443,5917.36564320504,8271.70673351194,8531.77095323714,9027.05785327994,5658.5022081283,6139.88327598291,2426.615214624,6180.01893566486,6410.36042654845,8299.54186085968,6113.53722472401,8509.51459457492,8231.47688796277,2449.4423187711,8255.85897567081,6388.35430483781,2436.62945932771,8314.87562596793,8137.66521547496,2427.72921153592,8571.39710572354,7659.8000081292,5952.29536185018,6274.70596218389,2446.48781763543,5995.40814719191,7634.42517427439,8425.82407732511,7935.51396043774,2426.48112119749,8445.66218329942,8485.19730546257,6014.84542292987,8345.58597535039,8521.93234974359,6480.69535227116,7540.22361626937,2441.14876556853,5977.50149599676,2446.2859507718,2437.50309187232,8070.55237698709,2430.24555421325,8423.74830892324,8423.78352760312,8141.69721326911,8364.90868845768,2428.25456334083,2435.54028394719,2483.5490258833,2432.51641607499,5683.28430978046,2427.35292229122,2426.47381211122,2429.07068116821,6491.89268130338,8307.26805976286,8222.37426569307,7831.76098164724,7383.44251452693,7994.31095260033,4938.71229562117,8101.20698953642,7672.47580269398,4648.53048635901,5482.99444545774,8135.74374060013,4895.95226527672,5145.91668445442,5083.99940078583,7619.73670425859,7225.64840840185,2455.29876138495,5205.95958862562,7280.69829555493,7877.31867786461,2549.84124497813,2432.65204429983,4547.85301961223,7700.6136988874,7178.32754299368,7767.53166601102,4988.89657850711,5113.78416782118,8109.72429262779,2473.11552454451,2451.03877166679,2438.76601892298,7250.11241714824,2448.44840905641,7503.31311396405,2474.40936257147,5017.93248061263,7915.42604839916,2477.70030053759,7607.51039535906,7823.4135932137,7799.91356790992,7736.17023509127,7238.66252664548,2436.6826376177,8411.09281330047,2444.72666036572,8505.32134604822,4964.56778951858,2524.20977814632,7339.97886163365,2501.86152888154,2441.63776636393,7507.47932019306,7706.35491751044,2453.84379556851,2430.05628174428,8358.87806013754,2536.87557755374,7137.98275318897,7610.13375517763,2488.96760283697,7825.10270572053,5173.19302822936,5177.27571212238,5346.09996764612,7808.2801283612,779.811895313646,8188.01949746695,1215.50561175149,8281.44130345717,8512.87156191034,8130.39318425833,593.109938576938,5626.15353706924,8372.57030583507,613.787499293362,8118.99060751014,5651.20119854724,875.206391466938,7939.6168227108,389.761899780931,5519.62072416607,630.689542960117,958.380896550194,7783.87615501686,7642.54862603291,7963.39790921147,8048.53546477387,1068.47801661292,7952.618322398,747.607246206919,8213.90570642602,8438.64873294761,5818.79004662977,8257.36731113891,9113.14097188948,8253.65868998435,8104.30973111072,8130.32471402657,5663.35338876141,8256.65745056468,8016.51661667404,5770.07687562265,7967.24369275229,8132.09399408714,8232.01821757757,9020.01021788751,8504.00078302973,407.98302298816,5809.5347656282,783.27007126327,5584.77490434123,8125.11590005569,352.599340302089,7941.10149471114,6213.53988232309,809.855007923925,7957.72251581253,7904.5651556371,5868.36244071809,8339.25199846181,5511.58824437248,8192.25002872582,8124.80791163057,7629.19139369251,5589.45612055182,8116.20247785198,432.316059870075,8010.57593607454,5765.55615441243,8430.49285721139,7447.34921107188,777.453230882331,924.911769674154,5659.45590507427,5619.78352640278,8039.29216098,5740.29787778797,8235.07869729781,1096.69750788567,8189.28936925596,8270.36309802752,5612.88006966976,850.707464405236,7976.68976829446,851.186993292021,5576.97415928663,8008.68257752151,382.6026395398,768.474289681588,1315.78219103808,8169.50533229092,8503.70137943441,602.276596300313,7743.6067041509,696.500905737962,888.616507072012,1030.55121861694,5536.72103511033,520.608054769924,8046.20942193126,6337.58842088867,8900.04344332678,7907.43573091597,5641.57267740588,779.387452382443,554.893962827903,1170.12232658767,8130.70437186978,647.861828653163,567.768543052689,5682.07472208505,8006.94572585763,8311.71365918846,8195.05377249947,1e+08,8121.79293512727,8207.46640607788,8340.12385651548,8473.98428631887,8186.50466279703,8490.01945957605,8481.82081724597,5794.80115847916,6094.91057261805,5746.82720271781,7755.25105713556,8065.59515056248,7914.66998255936,8041.61165756269,8307.38214883692,5651.54155057613,8370.77028113044,5695.85030224156,5867.88742631247,7928.76304446494,5812.45750309673,594.087105802559,5588.6812566526,8083.3679242105,8447.79379650456,936.804010076524,978.595812753255,5934.21270798236,8432.94894146557,299.627945133978,6111.61363458565,858.37754309934,600.717659233189,8114.13632518634,8120.69710178824,8180.98569440031,8311.51733395923,8306.51244593332,5461.99936756936,5731.46300593216,2416.15074393748,7898.15438113669,7995.27515346975,8112.87201165647,8069.95209277349,8051.23915924301,7881.57251175207,5453.74339654989,8041.47412162876,8202.86058621151,4641.43952063153,3272.17800227386,3061.00392660301,4854.04851552324,2783.22581018128,8270.49255655261,8207.1996978712,2858.67344062829,7754.24387562669,7741.68498580277,3104.79308999737,4971.4601895632,2755.46566922467,8172.54473536177,8158.78556041538,7408.75414865078,7731.18132603905,4394.45467790942,7633.31738384722,7100.88493276357,4517.18558022596,3276.78482311822,7611.48942945186,5307.82678204463,4420.7676624187,8181.78694081761,2935.38461958128,7566.09996764952,4885.91274698062,3103.56211324068,4893.82174026738,4686.68965597605,5108.84718578709,7537.25958340525,2552.95375235164,7942.82402064473,3049.99621259495,2710.25773570073,7422.75363612265,2965.91411132944,2467.54140761302,2762.9807703722,3051.43035206938,8048.00486991166,4715.50433449187,5127.25429067554,7443.15949386948,4831.11883544911,2697.77428332712,2665.3558733049,2645.90068166415,2570.50680855843,4855.95663109208,7788.84470955764,5090.28223330587,7831.66929965884,7591.46471907055,2683.76146334194,4434.22240136111,7596.50860562522,7461.97890313111,5248.05284808859,7201.82634592136,8146.16405762514,8134.86512853858,8203.85804647076,7556.89699174316,8184.83467790619,3133.2607642945,4782.32579203974,7442.22408822817,4941.15680203427,2769.04045258128,8058.61503458446,4948.65942239253,2745.7246918915,5214.4594607523,4773.37485468129,2952.71299591798,4919.02791428367,7537.52608615748,4218.36458827735,7629.64919064203,2697.49087634257,7523.91817859408,5278.14227263766,8367.10303054393,7582.26180651376,7628.87941878749,3134.57303643721,2557.76603245975,8068.34903805196,4873.30477010111,7648.48116255427,2558.26499048321,2318.46247934438,7284.4872102897,4663.93659091058,8389.52935207837,2414.45324371625,4632.72694727367,7455.93031681938,4666.9597014477,7202.147380267,4424.69568859573,7825.42984973123,2727.91060327782,7542.23557391342,7671.15457824168,5192.73573270009,7728.58362864278,2492.73573543991,2895.77570300863,7756.02743159395,5065.27123150372,8132.82869188526,4789.57006133328,4409.08776176434,4789.53002731454,7265.10383934273,2578.28002419423,2725.3591895535,5034.51428055001,4665.10961881123,4815.03584950207,7640.46788395263,4739.86880216434,3279.88498329481,8272.74121176213,5051.90682748927,8221.94645446727,2666.09468983679,7594.46616143476,7771.01732394304,8041.67396452328,2455.96939960966,8080.61670552613,7598.92014791014,8042.78693187072,8011.6594330129,2842.02741055007,8054.90164748358,7543.16308379026,8470.30433313733,2700.26152147465,7850.90399065223,7686.42204617884,4669.71093771966,5193.19100436893,8363.38899977368,3183.48495392919,7252.3000358825,7880.5399740323,4264.65762738442,7516.8099464298,8151.1104006958
1079.31378005503,1028.23384822296,2202.97740633491,2184.4318080462,7765.74544448283,7927.65730011444,2506.85779994677,2481.66129587402,7816.4591182526,1055.30345221932,2295.99115219208,2606.54353648959,2747.60963300084,1026.80483500604,1052.36466570204,1270.39881709751,3014.0081480471,2523.74502381633,8040.04008234112,2483.91443955855,2258.92701853156,1026.13985883384,2549.98533664543,1047.4546817286,1029.22249535108,7679.83232858727,1027.55198369322,2280.13947432559,7791.16425399533,1026.12618802785,1041.48091734051,7933.590841694,1062.30373427811,1231.24140887982,2712.14161467266,2390.6610243533,7701.97813655242,2668.52823055126,1246.22953555263,1033.45521250413,1097.84928753878,8024.35160112399,1036.12598486492,1042.65370168951,2648.92536389295,1026.85151712523,1050.13383667114,2191.56275126371,1305.22303389224,7746.57174045286,2686.62062420068,7703.54836648863,7781.87494703337,1055.80128950813,7877.1264800652,1033.19932547235,1033.20362965066,1040.76600018392,1027.82133614173,7918.92691118153,7803.3197383317,7486.96661878519,7841.52505562937,2988.24179615015,7946.0733468398,8022.87561292499,7899.89164671598,2180.90126635621,1026.10165808927,1030.00762367633,1141.18425220812,1413.70999855374,1077.4449615769,3785.97860907216,1048.69789456177,1223.90659727941,4110.93739598596,3198.031859458,1041.82748116995,3833.32406631944,3559.01106288393,3626.4166557304,1255.08708551038,1533.60422953008,8384.13029925829,3493.97698578212,1490.70263462311,1121.04911714785,8789.521125722,8184.01972465214,4225.81629238451,1207.99845984919,1571.31638978321,1172.33662312288,3730.63826533613,3593.94818246763,1046.89123215424,8486.25109477889,8355.38459869348,8254.64261464631,1514.40568011182,8336.69225169987,1329.67692380103,8492.84964286509,3698.72859083626,1105.52832279134,8509.2544935192,1262.55898969276,1145.05380989563,1156.23861003688,1188.65854093374,1523.36517506437,8233.10295375308,1031.73628265681,8307.81745292482,1046.5845747187,3757.4365224584,8702.21132292644,1445.76370352334,8616.76739345488,8281.55584314789,1326.88121531351,1204.81721147919,8374.56285579558,8143.09711688914,1027.47617725558,8746.54065962083,1604.03846613196,1260.94826473654,8561.87837057374,1144.26638009301,3529.42722286776,3525.00491333044,3343.43193494131,1152.20777989821,7903.7169351426,353.528646668985,7849.8054186303,414.896451602607,791.089886960219,303.562364474402,7991.5708222643,3046.53223073121,652.409849817514,7870.72401200256,370.631751177552,2966.80825359263,7861.24903731919,454.143137329089,8184.38195387362,3033.64584553391,7777.56933960537,8046.14047633707,678.126063998862,906.483869977332,393.646091901285,837.34073835959,7878.60604824623,484.818042297179,7939.95762796935,702.132591062066,709.042314616574,3126.45476114899,435.764503494252,1301.81251639121,725.525502875722,551.344611332331,347.826303495507,2852.82605348186,1015.06662637352,814.588537937951,2836.03808120801,426.369211715969,470.119733990759,610.325597363242,1102.89444673297,608.556943985465,8108.31121861983,2743.14201139025,7847.36775843248,2960.17474736366,593.060616075891,8278.59986192102,470.988648706389,2502.74575975511,7923.69426696066,355.604910792157,514.235517617495,2599.97319751802,532.802533962447,3045.17097416945,760.898116296231,232.714278670551,953.131065518178,3007.23517464922,703.039430646736,8026.27601065653,1061.72210232352,2887.72121395966,1104.25725031835,1015.35139519769,7952.71194697276,7904.57883621263,2934.60176384786,3018.93665519229,409.917950696266,2789.61481477335,448.146999653833,8031.95355850009,665.162370278229,443.15274609802,2963.401193787,8076.00508562791,401.41184422077,7835.20694526972,3359.9606888337,449.034403406074,8176.28417004323,7847.23404337836,7969.66539580694,564.616194303418,857.894647892213,7905.01274286927,790.666281341966,7892.20259019527,8157.03930027984,7548.71954870616,3050.55078707332,8143.64640833878,958.268146610699,2997.90088296591,1029.78353360255,903.481393512673,2902.51013938466,8111.57649271503,7947.52566988792,7849.9426752046,319.595207796199,8020.79094041479,8163.33068908326,2987.78657041392,783.960698350538,428.937176079063,663.600219091383,8121.79293512727,1e+08,377.382249161015,449.35964440169,566.689273650539,360.236216543004,779.612607843631,631.636700655612,2766.83684024283,2827.20941339091,2813.71413572091,733.464871427801,299.188962520877,501.046453354158,421.620400168683,440.095423322775,2953.86313809994,487.981820426711,2840.41582618804,2688.93851871303,543.044552655789,2692.37943569825,8067.60748477363,2973.06034833826,763.013943182195,610.607599118877,7599.22073045556,7738.15917050559,3423.30600611965,677.545685355071,8224.25574203722,2556.99010268497,8078.22686166231,7805.61071506712,517.25664070348,481.461837274858,639.50636244302,1128.98582432616,462.793367208732,3039.17589174855,2780.13686223129,7752.4523603496,531.070409392019,456.510223129285,669.988240709763,563.18457414912,347.913688048719,566.047650932533,3224.51653569332,356.8076721156,332.61002027917,4154.80599189769,8773.59668397497,8609.43475824278,4028.4730054828,8469.18894251872,1062.06725395582,966.157564238368,8773.01490476162,499.19224736838,498.900153097764,8743.60667367493,4077.57247956841,8707.65940160358,749.289297295767,902.519639924492,1044.52062253897,699.101634042119,4387.51534864876,838.499264124082,1465.88851663673,4313.75838209392,8802.01551492948,833.794089369273,4026.17338043655,4339.62309633567,746.604525582323,8633.44202653542,887.542660213493,4056.90573724994,8714.40487370656,4026.21811840137,4102.76207324738,3982.01949471941,958.562423808164,8543.35454202816,735.652085135412,8577.81664806138,8633.71937781025,1090.17147331419,8672.73740919526,8798.42174692532,8733.19483820663,8788.11276691004,796.905853149143,4061.48970640334,4017.53438446975,1085.08084902987,4052.59942203212,8677.20722236785,8547.03175667809,8608.04187383163,8663.95416699505,4084.52888444741,722.946053598112,3952.16989360683,622.501980963556,601.144750576715,8518.41479664854,4419.23275785455,651.732038351907,1033.8318544566,3897.70744754651,1374.30232066613,716.841959948132,775.665637852334,1206.07565272332,1100.94743051386,832.177941868437,8473.97353039724,4167.66479430989,1016.92171141585,3578.29901237907,8594.8271886108,1005.39019897106,4108.50428670777,8632.15673361867,3727.06429677943,4128.534899715,8673.92093758999,4087.4272216481,934.026730378652,4586.71675854722,542.150818325643,8971.22104180951,677.756026302002,3902.86135285225,1232.37172177048,659.93547227116,787.548584426632,8694.83986569767,8672.35858074371,810.237591106113,4068.82729771177,654.94421043954,8938.81618015146,9123.7759943635,1235.87135725835,4221.5102895362,1214.17549852036,8496.76827529849,4225.38749464657,1035.09547133634,4204.67940405264,1415.34299922962,4212.41788598601,560.183897716767,8647.11665340794,930.423709443475,598.643988105424,4040.12217456522,753.992611892542,8649.82997864199,8561.77765597106,756.162992224679,4018.14269817059,904.707947556325,4113.57251405461,4366.2456952127,4186.86187001284,1271.41630735984,8612.28402699015,8486.83396349575,3986.35677036048,4128.68269488264,4141.8317636312,782.062998229878,4234.43360980098,8754.47164932998,1320.71010733812,3991.40109333137,1037.08912777141,8834.50982171094,683.482320974227,690.990434476671,724.440399808431,8679.8489313713,779.052031553276,894.854344453381,799.50052594892,780.684131045612,8447.68293282473,697.967813698715,885.361771648324,1260.23578975827,8712.25245193388,639.663737218283,716.229045174719,4162.08845536917,3951.13303794467,1331.33028959408,8644.43435121924,1375.12309676772,789.527752319693,4519.47644764484,955.165660170017,689.526017526678
1260.72589726719,1203.69954583461,2339.94814769543,2321.94329914613,7850.667462397,8012.11127260924,2635.89706797672,2611.29753354252,7901.23252488102,1211.19633197754,2430.35467085983,2733.31577225768,2871.41242082473,1201.0430161246,1209.2899658304,1380.474789412,3132.86049004474,2652.38973850531,8124.17988437183,2613.49688594138,2394.30899108974,1198.98881657796,2678.02562371481,1206.19873157353,1205.25082073195,7765.01042212382,1202.52627524647,2414.93532760055,7876.01155149901,1198.15805788007,1220.6727964546,8018.0280119792,1215.86983174416,1408.12320765397,2836.66628093309,2522.53932386206,7787.08969486583,2793.96290219081,1422.39950288147,1198.53289605974,1279.29674086586,8108.53475073279,1199.77994251529,1203.32376557636,2774.777322899,1197.13848647005,1207.86948893067,2328.86546990869,1478.48395604133,7831.55043358747,2811.67474697972,7788.65522117373,7866.74949655321,1236.40193472676,7961.72453182172,1198.42301351399,1198.42484525308,1219.85087825965,1196.93791974051,8003.40564998305,7888.13146981563,7572.74017899944,7926.22569363674,3107.53938990528,8030.47524904674,8107.06284914086,7984.42456772478,2318.51651657391,1198.54347044091,1206.40494991288,1321.73463769328,1581.51401667321,1258.83085497226,3894.02547570143,1228.74135670147,1401.13044009677,4215.54500609612,3313.88820026,1221.06944755783,3940.83673809537,3669.79720994869,3736.35689806072,1430.82955240471,1695.59415425089,8467.3588217073,3605.60712160523,1654.73211244841,1302.13907126716,8871.76469550463,8267.76920630548,4329.32460855187,1385.94659986211,1731.55639565565,1351.7878248887,3839.32515012101,3704.29230995636,1226.75431068064,8569.22292079695,8438.68647233412,8338.20545213689,1677.30208673541,8420.04208555163,1501.70693541698,8575.80508785794,3807.79241480189,1286.8970493983,8592.16931968496,1437.93755715961,1325.48269180442,1336.29017633544,1367.44653243362,1685.83726713392,8316.72238889192,1197.83768772153,8391.24178289005,1205.66541817938,3865.8113419475,8784.65951454637,1611.98042965909,8699.41972115028,8365.04836333369,1499.05223766994,1382.90687872919,8457.81573768408,8226.95618110889,1196.96394906497,8828.88446514328,1762.79417398039,1436.40550970175,8644.66391546512,1324.72039000049,3640.59382566566,3636.22888225737,3457.12847689161,1332.39952018738,8000.40233407801,617.147956757696,7913.07515721351,252.403213872905,833.687650753183,391.699453123749,8081.47381890657,3171.50322947386,835.098900209397,7963.03946774152,552.188615913386,2966.70590293427,7957.48973666617,700.215464061886,8262.20328129026,3111.12085490915,7870.41261770597,8109.75129609468,873.94860418134,1119.76109907181,612.454325848158,795.302538821014,7927.35663040364,714.233263429808,8015.43567195995,949.417364687336,460.49148920495,3075.01928093431,98.6583850216498,1410.47300889235,966.222938882436,797.387905147618,499.859815159638,2959.33778116188,1274.59956966901,803.326924677161,2900.77701771179,651.462908513101,670.663473349471,478.518579837446,1010.85643159749,374.543889242039,8194.55908871158,2778.85774328463,7933.02347515054,2977.12134497168,841.748449000315,8364.73432336035,638.282718954601,2661.92156239362,8024.06997199418,627.953112545452,741.506874651266,2635.79357580875,590.996350695662,3115.5445354017,1017.29704205535,489.59072913353,1092.60407626897,3097.15817831068,718.866849395556,8118.38097733454,1042.39268183709,2851.3763391443,1387.20676463842,1201.98617670627,8054.73211861147,7999.07786563191,2960.17453107865,3092.10339153909,593.976653471183,2900.93193160233,628.357196893025,8082.63754493243,911.514144852746,575.696015306015,3021.89089782417,8142.22030099062,672.984456510081,7930.56334034891,3310.68708435483,706.138110012667,8261.6374088029,7945.78121608149,8011.8088782479,786.075982260127,1000.86880888476,7997.36878556882,946.318085634959,7976.94660090576,8221.97736960556,7618.05605750345,3088.40115036733,8239.93427667894,1200.60777147122,2919.08676236491,1069.07755196554,1152.40900871246,3001.39542743967,8179.58417003121,8042.34568227576,7962.13483996863,490.052063150077,8115.97851309691,8258.03624835653,3069.20131040604,767.962583264223,303.722675263635,908.345744115705,8207.46640607788,377.382249161015,1e+08,413.600004603314,333.482276858528,537.723973549059,896.128688910219,649.003144861024,2852.79987432369,2741.85913807708,2836.18681132075,922.70052887253,581.589259366675,720.267776802493,687.927767682354,390.829069596965,2991.95185545665,197.53448397317,2927.34187281494,2804.63745741065,680.931461404437,2799.13152980346,8164.53881638146,3065.45156973854,746.616477635708,633.059073672203,7697.25425384784,7846.38904786066,3349.1248378908,760.457440800366,8311.57695541092,2701.02678353624,8141.9832717221,7891.01383427417,746.582212431823,626.999032053053,874.933773048351,1415.14774274631,527.958005570499,3091.28224284127,2888.98745114614,7786.50794322333,775.127860169824,702.668297915275,883.268861387663,818.326644274604,620.171361408447,783.358705936142,3289.71987993215,639.996892845297,140.242959799552,4269.10623204869,8898.35494108795,8745.89365058122,4166.37491137418,8615.32332946795,1089.7036924899,1221.44063228215,8914.35259334706,504.925238798931,520.493569643335,8887.18533369026,4238.9303419103,8852.06746317111,961.27618790054,1177.92523915635,1246.23959674661,923.967917855822,4493.50766615514,1042.55436646664,1638.56836060753,4423.14067635132,8936.96378297397,1034.76692674683,4218.92385061863,4451.11713794592,997.338281743143,8770.13676999322,1074.45141343672,4199.23693162459,8847.01983918393,4177.30396235838,4221.9370541926,4150.21291219049,1178.70268818102,8684.73064118943,979.896660944288,8711.77670923481,8780.65619173983,1280.49954610666,8813.29269181069,8934.07047214696,8872.55019564955,8919.43605190719,1051.40548315845,4186.94768271673,4193.30675232166,1279.4454087023,4189.11827395578,8824.58093853797,8685.69898433522,8750.70565441471,8804.40285685037,4228.9798520095,624.96528940639,4120.089623629,862.34856418093,708.058176502309,8655.44585454769,4528.91457021945,722.789553963602,1218.9163318307,4083.62496769885,1544.2241204668,916.200551336041,717.818745313058,1227.49189878758,1328.14647683186,1086.13619901538,8611.03630546311,4307.4667231952,1194.62944884221,3681.78405758055,8737.79781665274,977.149953677783,4272.02310921906,8773.18866298536,3898.73715185963,4263.46689505393,8816.78618459915,4247.46113818419,1136.62335107346,4680.47477217593,656.585967595357,9116.51132882199,795.749258114342,4082.23970627512,1274.32448369858,734.446460227543,997.58359181019,8830.65736044635,8813.27435829035,1057.0419547543,4211.02900373431,874.01011442099,9077.8154085511,9254.45066267259,1429.10531327002,4353.09271680173,1233.66921265933,8637.88445229018,4361.15890022528,1237.97969969228,4329.18125827067,1560.26660571014,4322.86660575175,789.793527108478,8787.12563699877,1129.32075420835,578.968076780576,4223.57065523762,719.353631558689,8792.8020150277,8704.55469071186,984.441795197297,4188.99329637668,1180.48531905941,4243.72768737888,4472.92844808065,4329.27621576406,1453.86090276979,8756.79784919289,8632.03174771743,4148.30295448898,4239.94347033796,4275.44937003087,989.145850148426,4374.43910153945,8875.57101016816,1368.74847182088,4151.16357242338,1313.28559572098,8974.42211316119,895.570943072091,619.084053415264,973.958992083177,8817.92224792734,996.173463623173,1078.01833719417,728.087834408004,1015.89712907505,8592.72751342765,903.788067092818,1079.54916165985,1281.0376327728,8855.15560038413,567.694372264165,921.350311821924,4295.30879646202,4130.19642407903,1365.0924285655,8772.26126393293,1529.26238608799,719.127660528731,4622.08525135005,1169.93840169208,883.418342957616
1352.27981391859,1260.25162148341,2513.01437194839,2494.69422771016,8038.1062424238,8199.56405834128,2813.09491130159,2788.2146769014,8088.67594407308,1220.65829572978,2604.87837341823,2911.53778020429,3050.87932567361,1253.53945388602,1220.73370157291,1319.77391773432,3314.17292926118,2829.77055432955,8311.64107764757,2790.43951400486,2568.27551144394,1247.23768997296,2855.68284566284,1221.21279039914,1263.78152265823,7952.44078831319,1257.41533557572,2589.22437534819,8063.45268641895,1244.04433483233,1292.70880448701,8205.48126754211,1220.97324307699,1533.18883020796,3015.84035961103,2698.35983449893,7974.52229833154,2972.75893202065,1549.52602806799,1226.95606566143,1377.14714515809,8295.994831387,1225.03338087296,1222.2406396118,2953.3966342021,1238.24971367743,1220.89104798505,2501.73867043542,1612.67162730043,8018.98739726114,2990.6300879695,7976.08798144183,8054.18977783742,1317.53915203686,8149.17319502746,1227.1773041866,1227.17351888827,1291.32445133537,1235.01845740666,8190.85773902707,8075.573709748,7760.14892148923,8113.67131919728,3288.69714203968,8217.92948336901,8294.52282411988,8171.87511530336,2491.20642109622,1245.60381950685,1266.28228471474,1430.90211673509,1725.58825835683,1349.67617926765,4078.45428314997,1305.7836128522,1525.14022232449,4400.723268638,3496.18559894995,1293.372883103,4125.38932001673,3853.54784756753,3920.32478948089,1559.1174352037,1847.63090962096,8654.83989941498,3789.13393208168,1804.19199353087,1406.50133156749,9059.25976248565,8455.23973536785,4514.71903827963,1507.54870477009,1885.65212868956,1467.29987998008,4023.60204704427,3888.15735168093,1302.64002127929,8756.70839388901,8626.16619682467,8525.68001150335,1828.21863893071,8607.52090186779,1638.42135520427,8763.29082348442,3991.97798930703,1387.04273693885,8779.65569700992,1567.17473591062,1435.5029812399,1448.66579119682,1485.87753315833,1837.28297757232,8504.19575574715,1228.60813966549,8578.71915187458,1221.352465736,4050.16280260877,8972.15231494275,1758.42946244051,8886.90992637876,8552.52436837212,1635.48790651647,1504.00676126271,8645.29637079276,8414.42421316392,1235.99235492768,9016.3784636753,1918.53903597534,1565.44032174937,8832.15224708598,1434.56879819169,3824.24444345906,3819.86429399486,3640.07705113787,1443.94426556539,8135.74040221711,491.40042211183,8063.92713312236,325.830871507737,538.493618221708,252.572679615939,8217.62639479915,3181.84896627528,550.214369766706,8094.9472180979,346.97474933372,3130.76378677662,8092.64171313686,800.432689145355,8395.947258457,3162.24955939631,8002.45984507889,8251.68072474949,1006.71022155811,1186.50948345173,752.652189577009,1027.13845324126,8079.67725682023,812.459325986714,8155.03939886872,717.020316138318,617.355468640689,3303.19989778143,427.459174747332,1128.23096458986,732.488752227168,573.329088731218,294.490757777686,2983.73657601693,1061.79757958711,1015.42402488126,2940.09610327679,776.434903313235,405.911364079755,790.051555527856,832.816986291199,574.132278368629,8324.0096837693,2864.55289500921,8072.25857601286,3091.76148317197,608.874388691735,8497.36497253293,798.739551602842,2629.82937390595,8155.40099792179,706.655068050669,859.724176451342,2717.06719996669,276.74968001259,3204.79192342209,809.494376612629,584.185348181148,1262.90949114802,3142.49252285899,917.301651995566,8249.41287328072,1262.65802651481,3048.64878977785,1196.86998720968,1341.90869516775,8187.94187454444,8135.88972354814,3058.23104903146,3151.36806304951,742.178665545899,2909.40885257707,348.234748298208,8229.97143606312,690.721174712422,307.516312273672,3090.73185850495,8283.160722421,757.758848896844,8064.51827087581,3543.82364258588,710.136505201388,8392.83406371532,8077.97198765287,8170.18053296535,541.944230635347,698.658121722506,8130.58721391233,1100.6218132052,8114.88744687263,8361.85328553205,7762.79878317639,3199.01818554354,8368.06890451497,1054.38823244341,3229.70217425642,732.946310628485,1059.18321066431,3040.48525186731,8317.58668305456,8172.74960206679,8091.15013594769,298.759087904489,8249.05990020771,8388.63355427604,3095.59698760624,986.638464493412,280.268948994101,674.405120673103,8340.12385651548,449.35964440169,413.600004603314,1e+08,413.890346822098,303.635424707841,588.946152733676,341.345511228915,2886.14685424162,2987.43884278155,2934.44810348684,1053.78336616322,597.269577979232,841.88089036691,648.820250512169,165.671036400987,3075.42662700837,368.747609825786,2973.64724976877,2814.6156386873,840.755729925227,2823.7275478891,8294.56072958411,3100.74516129606,951.874937915572,303.770284818156,7832.82410072701,7976.7254667605,3636.70424461055,424.986097541749,8442.83364278034,2675.84749322619,8282.48507442371,8027.8151177447,498.813215027522,396.993099815698,645.897243748174,1234.8173413648,182.366443172578,3193.68761876169,2908.70348939607,8001.56836432446,848.705905002741,699.700817827113,631.950118939599,613.443134299593,623.422463324953,890.371342773311,3373.12184196486,645.952504274447,444.459433990621,4374.83355203539,9064.31965864527,8899.04117140793,4216.36128894055,8756.00729404188,1343.62840864282,1010.69923012711,9057.62143906441,692.101822693906,717.092220885753,9032.16336711469,4276.87678301106,8989.82311074417,707.658504204309,990.237142548365,1369.25108624333,1000.13117927891,4616.49208076844,1166.80230595039,1804.25457051712,4535.86499038787,9092.56584157471,1168.48945432733,4244.08144541872,4567.64367592422,800.691566755691,8922.1391252323,1218.94816621028,4257.34084207903,9002.26354710035,4233.66616553379,4319.12415569876,4182.52565637851,1275.9623121731,8824.00102099973,900.536209509608,8867.19719108683,8915.66799761271,1424.67922435327,8960.28827369047,9077.16551259073,9017.48208910217,9075.63516315984,848.970173706033,4277.21752704104,4223.65079169705,1419.8101594768,4247.43182353602,8957.93407601386,8830.04174023188,8891.79219119593,8943.51805914555,4287.54565192408,962.658708950539,4146.48074659182,916.762092512593,821.940397960182,8803.41323107947,4645.48421935041,838.755667703429,1360.44650437283,4113.14316124756,1709.88542727657,657.062259533339,1021.42409708895,1488.77498336339,1340.29200499931,859.313606037493,8764.61358814605,4368.30649414849,1349.32676200834,3789.1501889207,8880.14934512267,1276.67258783224,4311.90575236978,8917.30765363689,3926.88960211003,4322.42987792107,8961.88865859068,4288.50496067242,1267.39816525834,4838.84463105135,768.8876390894,9241.8006176522,872.387860870583,4108.92536630242,1507.83629830985,844.638231950362,1122.2920990344,8984.57593719554,8951.16400193969,831.196185490171,4259.75117327788,838.673167065016,9214.74302694678,9387.41903801278,1573.40324814914,4425.34001663559,1475.81266195645,8775.54270132106,4425.38933365734,1370.86451954389,4407.80990766758,1727.74980932484,4456.85819362566,898.146105175852,8931.7954611958,1261.52325516669,806.269208999272,4254.59903010623,1025.09781690094,8925.83362059657,8849.23176819364,1007.85752233036,4223.79630758535,1003.15571992236,4308.24496835022,4605.42017115103,4380.65501532734,1608.21574111606,8892.41341040187,8772.60940644653,4188.52255942603,4340.29415534638,4345.12736307711,1115.32216453342,4440.75222111682,9040.50745135771,1606.86057070316,4185.37366197489,1122.56792229235,9117.48209243866,877.060385986155,948.656553311269,766.40761903984,8956.57473564862,781.84058450456,1222.18788468433,1052.71896134784,788.472141740685,8736.23172675413,649.199017924917,1218.88080555271,1510.22475682196,8994.63619281846,875.73260662692,1053.55408345687,4373.48064707257,4165.53302091093,1600.0754847607,8932.02749234769,1694.78455353404,1054.46509739297,4767.6843709279,1274.92113343946,620.515248030336
1344.31887133251,1235.89591186134,2555.4373598681,2536.81790669877,8103.58241332779,8265.20813115123,2859.71998258747,2834.53484183167,8154.20549135911,1176.18440469355,2648.72031077985,2959.30535762937,3100.10819617835,1227.37024707986,1177.06544601925,1249.64552836437,3365.7555686048,2876.59620444982,8377.39751620341,2836.78722411731,2611.56782865853,1219.18612527352,2902.81433352013,1179.00525666845,1240.31642811784,8017.82484296814,1232.31406254027,2632.83371251021,8128.95570205544,1214.95312778006,1275.4306851409,8271.131356646,1174.74066452142,1542.67384882412,3064.71753488101,2743.51909178619,8039.93030452958,3021.18954276913,1560.16806475582,1190.33927940237,1372.30388808195,8361.73578237981,1187.08025731218,1181.64338810667,3001.62125327365,1207.07310768129,1177.86685682974,2543.97811688085,1627.37966846349,8084.44319629832,3039.24788466135,8041.49768040579,8119.68300444129,1304.54537443182,8214.76564625573,1190.70064014647,1190.69447703172,1273.78474300961,1202.52912432651,8256.49294246364,8141.08949777692,7825.31807692895,8179.22698054047,3340.07208386722,8283.59219824512,8360.26231475237,8237.49090900991,2533.27246498727,1217.02860088434,1243.42557020729,1431.82937597105,1746.30792434931,1341.36811890527,4134.85602682835,1290.84992428546,1534.03722862151,4458.57598328055,3549.14620825973,1276.21926983328,4182.01892592534,3908.76636323958,3975.91136048402,1570.41707703657,1873.54697806726,8720.92073779925,3843.98281126044,1828.38496831721,1404.95019142381,9125.68867810994,8521.13539912985,4573.0276348157,1515.11633775633,1912.97755800085,1471.57110448925,4079.7295617201,3943.56849167649,1287.16211996481,8822.88020235078,8692.22100740739,8591.64210304133,1853.3803337086,8673.55868639575,1654.62700353085,8829.46843107892,4047.94336632535,1383.35161743123,8845.84768113104,1579.01501675504,1436.87479926473,1451.27317731175,1491.71739585599,1862.79997302321,8570.13771389952,1192.98680165579,8644.73047754824,1179.42160051714,4106.42419588647,9038.5091358558,1780.66085662539,8953.19471006838,8618.51146157529,1651.52713390252,1511.29904802388,8711.36856714734,8480.28083147162,1203.91268523336,9082.77207734384,1947.01615272817,1577.16511285577,8898.38995874833,1435.85089853945,3879.29663360472,3874.89136244833,3694.01055217902,1446.11446664941,8271.13840757066,707.869546710749,8178.7285180024,264.843290848084,751.980621903967,531.80539839833,8351.24103382444,3406.06693903262,825.052546038325,8233.9330271833,656.388952813463,3237.16594698771,8230.25120331746,912.96952604178,8527.63377668718,3353.97479230617,8142.44265875606,8372.02811763364,1092.41033472147,1329.50858996127,841.300217698737,912.816939101742,8187.13959713636,918.10870720394,8283.33970006958,988.780389176322,444.197694202674,3344.316340749,282.135203072099,1286.30712774967,998.267523087092,860.011246291064,599.906712285996,3199.83692328879,1321.4959090517,937.561489561903,3140.90387694016,864.353066290945,744.103330378126,599.498006571958,765.217011954073,261.043558939822,8462.71178750877,3032.67477232987,8204.88091798614,3238.5861499066,898.872741992714,8630.32311453581,860.734900103365,2891.29454173384,8295.78429605741,838.712816822578,953.904664837852,2890.40120802938,568.160256927426,3372.74430097126,1064.68780647921,682.869130279837,1267.44140407796,3339.9924776762,824.892240559273,8387.3061981448,1115.7632144061,3123.13310692878,1416.15015869714,1439.2823183813,8326.50834400448,8271.69559119411,3213.53391002587,3335.41880232308,793.820582775352,3137.93828450126,663.837091329403,8346.76898971235,954.175246990138,597.350720423053,3267.22260573927,8406.86920769147,869.391663974124,8202.96601555492,3583.467130898,873.517136592117,8528.68144100511,8217.45430113159,8269.5730768781,837.947122835557,959.903736053832,8268.40028238093,1134.65609070506,8248.29170702595,8486.73200144433,7882.36017936905,3348.82487316591,8509.08710801318,1279.13896484136,3139.03042083817,916.302098411327,1267.19537276899,3243.08519290671,8444.363493051,8313.01534585474,8236.05461465695,598.24786645116,8387.24903525166,8527.82826678569,3304.914253653,913.559251033889,273.566842883619,945.407146017924,8473.98428631887,566.689273650539,333.482276858528,413.890346822098,1e+08,610.596362561165,857.215886727448,572.503916936251,3093.43379125659,3000.61063639768,3087.48342138212,1133.25192971012,761.31763024152,935.565672585959,834.183053763482,397.779764659992,3244.13264849426,201.230915084014,3169.39442318342,3037.99964744548,897.137556736834,3039.67941050402,8434.93939487057,3306.64566591759,869.137694400584,572.199949820436,7968.57809798503,8118.5717400584,3574.33137005517,725.491494858958,8578.6014387029,2931.58388822201,8405.89377893737,8161.41834892268,814.357893148065,697.713776557894,920.128744046695,1468.59387264751,535.23120299933,3351.77896774723,3124.32607889665,8037.66322390805,974.347331489852,872.523141768627,944.428579409993,895.460586384924,785.849884937906,1000.37620753574,3544.41548468769,808.54362485889,362.415857124579,4530.67943011489,9146.65587209398,8998.73814459483,4404.26129686667,8873.83531225294,1177.84030069774,1263.63115819927,9172.27454199784,785.29541631747,787.874388353998,9141.93760315514,4473.66980120888,9113.27980648735,1006.57401248146,1242.96275390191,1482.50543400906,1133.07555757799,4763.07036390522,1272.20628727629,1843.33242891783,4686.81295357705,9186.65653405643,1262.32101461613,4449.24033672036,4716.57969455801,1057.30953857421,9025.351578692,1301.77650945767,4440.99363826629,9099.35961697174,4419.03119473566,4479.58898583426,4382.00184411192,1395.26389215156,8946.46236387011,1090.40384438499,8963.77331003589,9042.01675150882,1495.01265605138,9069.23541322313,9196.68280906977,9130.38589156498,9173.41422269919,1124.81378760854,4442.92173972183,4424.79476414677,1491.28371218453,4430.02349473379,9086.79190993148,8944.76615427207,9011.6491378074,9066.11136698277,4471.63054152384,847.71839167205,4352.80879686811,1053.83452911724,954.911249840261,8913.3211332232,4793.9177480085,959.629648704625,1440.7641119212,4315.34857261,1742.04699492743,958.690920163482,832.890793281909,1313.62285180114,1495.7124997801,1134.62815426015,8861.970635584,4551.4073308712,1414.07260117206,3951.17509391478,8996.84302097005,1098.20004091143,4507.28379681042,9032.35842143994,4131.73255713855,4504.47796273023,9073.12292868405,4483.86916685724,1365.19488228605,4960.5578715619,917.242013964522,9380.60785835022,1033.99034745729,4311.9553245252,1336.66852743306,970.631848496223,1229.56874078596,9083.3689232105,9075.49742779359,1125.82371443327,4448.78205486578,1056.67046248467,9341.32288593778,9521.19446030162,1652.6212804009,4598.53564321364,1287.41023067938,8901.41510891624,4604.11027522252,1468.18180682982,4579.1746782806,1745.71317252191,4596.89744349291,1012.75265092198,9046.56306823967,1355.20459919823,858.903228898925,4455.32288741862,930.412023937763,9056.77023168183,8961.24976770508,1160.75760543755,4423.25829235664,1249.58095689777,4486.28549721289,4745.6546778434,4567.52455250181,1666.51248601406,9019.84251466945,8891.42956819286,4384.25413183571,4500.77122483267,4521.29219396456,1219.91812380656,4619.47619013056,9124.33374243312,1439.18605250389,4383.57672170208,1366.80321590517,9236.32953512716,1091.35694979791,861.705124072605,1047.70029484204,9080.51564427401,1066.56256220083,1288.2097929586,874.938971580279,1093.58907049265,8849.82750694408,977.746445878463,1312.69312324856,1319.86269009154,9116.55726733561,774.242973280755,1159.71087471938,4545.75632157136,4363.77123348524,1418.37405324937,9023.00201802061,1713.22089173554,897.056651509308,4898.47596229455,1393.49755177622,933.017191751199
1157.49876195063,1086.60663813697,2310.25729024389,2291.70295617785,7867.15006376927,8028.96511166481,2614.04367898589,2588.86768869859,7917.83306650509,1084.9940047694,2403.2846270034,2713.63331342599,2854.53194966635,1082.76424721263,1083.27690719399,1257.46186219182,3120.55423007139,2630.91623101812,8141.28256736301,2591.11906778703,2366.22068891581,1079.5540730773,2657.13237156173,1080.56748929457,1088.7661056088,7781.28965162419,1084.93728936347,2387.43387575237,7892.55345994648,1078.11773417961,1108.8780872529,8034.89516651591,1089.30758622105,1325.54667163628,2819.10882781251,2497.92582711009,7803.42178357404,2775.54824815958,1341.39181605067,1074.81486732947,1179.32985300483,8125.60311601711,1075.54020687685,1078.17060265826,2755.96815848017,1075.95434642244,1082.01866463819,2298.83752028835,1403.17336412797,7847.98804020624,2793.61907932895,7804.99104622707,7883.26977635786,1128.32529508323,7978.46415780355,1074.76200787885,1074.76286829642,1107.84153521812,1075.08254286357,8020.23986069228,7904.70160218987,7588.54577905034,7942.88396288235,3094.82642163242,8047.37035038959,8124.12797884055,8001.2158307306,2288.17049801292,1078.80077284642,1090.34543264284,1228.30578986274,1515.13091683138,1155.25275524632,3891.33160605613,1118.93401666164,1317.7656468846,4215.81526120625,3304.29567892403,1109.37739868218,3938.60610221166,3664.71100933633,3732.01252548389,1350.72398704558,1637.38598967155,8485.18173719913,3599.77799158604,1593.76781141603,1205.82312977951,8890.36347610677,8285.1806639225,4330.53334690717,1300.82242993444,1675.63517780746,1262.4389935323,3836.07487761987,3699.59409032341,1116.47544405342,8587.24829961185,8456.45150015717,8355.764409784,1617.88183363005,8437.76925579963,1428.56520230587,8593.84338061714,3804.21372688581,1188.18374937793,8610.23963099507,1358.57928354145,1232.58412231002,1244.88504195336,1280.08330814763,1626.986841278,8334.23662915471,1074.53426876558,8408.91013665532,1080.11206870782,3862.83255684588,8803.09733160058,1547.93300997843,8717.69684158243,8382.66286572655,1425.66765266852,1297.42226144155,8475.6194307278,8244.28099316502,1075.31398582506,8847.40441082047,1708.76323276897,1356.88717677864,8662.83610472441,1231.71450154855,3635.17307144144,3630.75763394211,3449.46839189542,1240.46266941245,7973.56907937324,346.128507807796,7924.19942223924,436.066736343436,535.640224875526,206.662235864149,8060.31135663253,3038.95886800072,415.61853139836,7936.30645638697,126.095014264019,3082.37181750358,7931.05751228725,677.021911202071,8247.90761489392,3053.82880506563,7844.77414471142,8113.61317650823,895.447773286557,1033.03949123326,655.650683234937,1049.5408055814,7947.5447683625,710.146285341839,8006.85787101055,498.012024444457,776.724431520711,3291.37635637217,569.544052716649,1140.95440713851,522.798400112802,319.057231325392,114.495171863349,2854.24226108647,867.0019021055,1026.76524629245,2848.28407689224,671.652810226998,184.934489178767,844.696854219231,958.97148326336,741.174851032325,8170.36430433646,2794.63603878787,7917.19458124519,3024.31835005122,364.735556845526,8342.70885515326,721.143360268887,2466.5898394962,7990.95155125333,576.67774832007,744.098736236343,2639.80358347428,269.329397268962,3108.37941546699,580.292623771253,512.805832682931,1155.1250726745,3028.78745686466,914.47304399235,8090.87774320492,1262.09859940308,3017.11850471612,1011.13663245212,1196.02572650727,8025.16082466912,7975.44426142159,2994.22953928444,3054.61691372261,668.43380393936,2773.88243388368,142.152469554947,8098.25971650327,461.147779891915,182.503004981342,3001.5339233917,8143.19957853815,620.026117516471,7903.23810572294,3522.49469838269,582.016932820081,8239.97085813028,7917.79023720706,8043.19110162334,300.53199616115,618.173853420032,7971.0257846798,1004.09626415659,7960.20351733463,8222.18964167736,7617.35596148021,3125.64242667078,8207.12371911074,862.15905117879,3218.0493759976,814.197545200737,869.984224001768,2919.71148527548,8174.60790396996,8013.46202681768,7919.06037495024,125.759598776774,8088.14044974187,8229.19254660353,2990.81980066173,998.193672221316,396.057282471006,445.867154227986,8186.50466279703,360.236216543004,537.723973549059,303.635424707841,610.596362561165,1e+08,541.010211746579,410.813075585838,2778.29340332156,2991.78518608766,2871.16576370389,942.241057500378,475.821474425232,737.926684154058,495.099034641522,289.587064304894,3002.17926037742,568.714971586281,2861.69048923871,2680.82617391212,781.545138983016,2695.63567530649,8134.01545213758,2983.06131428373,973.256298174849,371.971786985867,7669.06666086034,7807.18284601511,3621.91907191167,414.448302526768,8288.27960660626,2525.09752226178,8143.24322019822,7873.55400559037,262.362492500133,191.065243751668,420.45229095803,1030.6848453124,202.096622004871,3105.591662242,2779.61726562851,7880.07687611624,715.980153815669,576.003348250222,436.958261309238,349.557626132761,504.631035000405,781.718854089732,3282.55779550945,503.998681594305,516.877411091156,4229.16668877312,8872.83344328643,8702.90210587858,4051.46494435849,8556.60827133816,1305.80491197187,800.290373197504,8860.29695475081,622.948599681413,636.439345298819,8832.49492860973,4087.01299469401,8792.25597438014,508.596891498585,761.625702472766,1197.11097677304,824.503227010913,4476.9043198132,1010.74958989495,1649.74424709104,4392.7208696371,8895.8740195806,1013.77163353659,4033.06006303217,4421.48690102283,579.657494541693,8726.08188672405,1070.2961065036,4078.60480624351,8807.7692112343,4050.59578237827,4168.71046144691,3986.6266614626,1092.8280471917,8627.67358575342,694.838901090911,8672.47323153929,8716.63120665865,1269.79814129662,8762.76705397636,8884.04271556499,8821.16889761942,8882.25550346422,613.242790979846,4116.96454039434,4023.33471117629,1258.57312836269,4078.87148458214,8759.67697559414,8634.55930751907,8695.10993173632,8747.85834716997,4106.54135479059,937.342620272296,3954.12017524869,739.159740082338,675.696469056449,8608.15232658148,4493.96187664806,702.108426896334,1207.87987120706,3906.9799902623,1559.72043141039,454.52105941842,1009.79353073383,1455.67538240789,1133.71348697033,642.167825105438,8567.82488513321,4193.45126119885,1200.20144986128,3655.46742206661,8682.06884165703,1252.41996733153,4118.04926217125,8720.51359256161,3736.60148101177,4157.63970917386,8763.60800313658,4099.43178320596,1103.29189345503,4710.76207730874,637.216266121149,9045.42827257686,708.184452152799,3904.82600044074,1472.0783195231,708.169380548584,958.358809865142,8788.36247268285,8755.78309125224,601.679614614412,4088.03274839573,594.743517627027,9020.12226004865,9199.89585925317,1405.29529407676,4260.53412232311,1456.23991688631,8579.69803548263,4251.504710456,1201.35011850071,4250.5855786238,1576.03870795563,4305.75820875308,738.116586979612,8735.07980318019,1101.89564938222,748.412025084628,4047.36507576152,958.936404439602,8729.90335394136,8651.1680279523,828.536291958219,4027.32521716653,766.977514716921,4148.5611714793,4458.2216437699,4205.22235626662,1455.91455060687,8695.23781110733,8573.75971615361,3996.01020891079,4198.67181826589,4179.95098621301,953.352898024973,4264.58547198176,8850.66497915551,1565.2380840596,3997.48434086056,912.688078602901,8921.3841828083,639.869605041266,913.860515207888,519.731027947738,8762.55871907154,573.006425605794,1076.54462245322,1038.71851678833,566.528629785088,8536.92060677735,447.981866273874,1058.84021799295,1497.77267385252,8797.72262949039,832.984215640902,896.134570121342,4203.45642396279,3961.39010227207,1573.22442349715,8739.36978542837,1545.08892584824,1024.85795644957,4627.97018625505,1098.39348812633,420.281194664492
1363.21049788247,1233.75665959722,2630.73198254362,2611.80514718734,8201.62009680779,8363.40310039813,2939.2999743387,2913.80577841019,8252.29319469844,1145.60232640385,2725.46828707117,3040.04074323208,3182.3151967119,1222.79644082207,1147.68849854081,1176.86411329336,3450.31816993522,2956.37934163721,8475.69765134944,2916.08609292569,2687.75361689449,1212.06033122053,2982.90697306341,1151.79797861129,1239.36432703426,8115.77616281279,1229.17673926126,2709.34388690522,8227.01854429588,1206.40669060165,1282.5777965697,8369.33195863364,1141.50637262681,1582.29580517653,3146.57099219303,2821.61060273213,8137.90408501761,3102.59350665257,1601.11370357321,1171.26036038111,1395.0139574853,8460.02142689273,1166.0830515937,1156.80541432352,3082.81765554592,1195.65251565766,1149.44899017969,2619.0842811416,1672.93148578982,8182.46178448202,3120.84034135587,8139.47304816193,8217.73667294479,1317.15732084618,8312.91227592827,1171.82199438803,1171.81243408475,1280.59448287271,1189.2821556611,8354.67960738158,8239.16430873,7923.06772252014,8277.33914955425,3424.42757190601,8381.80462036907,8458.54659283252,8335.65939908136,2608.20048313721,1209.18825173865,1243.28125620139,1461.47127606016,1798.54637879718,1359.83128871306,4224.1817982395,1301.00144545723,1572.98421481386,4549.31909224939,3635.07917315959,1283.52680422526,4271.56781740972,3996.93038751208,4064.43731733849,1612.11245021524,1931.45393021425,8819.52405235921,3931.78284738589,1884.42328726451,1431.63588222839,9224.61656883351,8619.56573169153,4664.21434207739,1552.53167354392,1972.40500146176,1505.15364288829,4168.78654960042,4031.92199826155,1296.61927807658,8921.56841885886,8790.8000208124,8690.13451397326,1910.47051488562,8772.12180094347,1701.85804982356,8928.16205812897,4136.84130264911,1407.45949890486,8944.55472044627,1621.32537656066,1467.04371832979,1482.90175803985,1527.13009210768,1920.27509807523,8668.61131257382,1175.32711565957,8743.26888134841,1152.62306552388,4195.61243945895,9137.36986262108,1834.55870302057,9051.98829331011,8717.02723009888,1698.57202676067,1548.39614601484,8809.96381344637,8578.67466240809,1191.23711680884,9181.66708466304,2007.68089561257,1619.34420621587,8997.13964990472,1465.91353691543,3967.29693573307,3962.86692729499,3780.90706910996,1477.22742147119,8267.64260637167,708.447683394692,8213.32235278033,761.773189715293,256.357639129641,667.568841460928,8354.65160520342,3281.0023073513,223.979296562603,8229.35488738034,585.681016429267,3455.55874038704,8222.29746592576,1023.54089493041,8558.37272165259,3378.00787991067,8137.05988861025,8433.53840837393,1225.55681114878,1353.60807674448,1014.31833410325,1319.08760263627,8270.50287964506,1044.335532972,8304.71083232242,444.908592381351,982.618793695964,3656.32531282776,911.709460333135,723.16039887077,395.572154340431,521.356561110791,590.028879554526,3124.39486367683,706.85239810529,1299.90017193035,3154.11247361893,1018.80763012958,502.187898312628,1134.32281088214,809.081626867965,1002.2052753555,8468.62573479845,3129.0359253442,8214.26160320712,3389.24956976914,505.96701922239,8650.48498735191,1065.58103110941,2630.38884540655,8281.73157898998,957.011529825724,1083.26341077348,2967.01858632666,385.010538081172,3446.70922562045,492.716770724827,864.896896838589,1462.60747638397,3333.97694553222,1170.17975281321,8384.65280157912,1502.80073654205,3393.76336679844,867.849504026862,1529.27765001251,8317.67566802874,8268.05820806985,3344.16544197458,3383.1587763247,995.859374963494,3025.99247511293,435.740012581343,8407.31150669817,436.150009921331,401.540444452811,3342.06610200247,8455.87795266323,975.835594942199,8194.66162747002,3885.83304394958,930.371416160767,8541.16405218443,8208.51826959724,8361.22345770799,418.242162188769,138.994812711767,8264.05079974865,1320.26466221388,8255.92497464671,8536.86277218566,7913.87751581431,3484.56706736093,8498.29795145458,933.293618516884,3642.7086282411,488.110392989789,1035.84457514166,3213.08742514895,8488.88162510404,8305.3035768434,8207.23303083907,606.941243003098,8383.17016916736,8522.51667343646,3290.50127937373,1278.76510607148,704.709391526095,432.629077783976,8490.01945957605,779.612607843631,896.128688910219,588.946152733676,857.215886727448,541.010211746579,1e+08,317.675933326562,3073.58945078804,3374.49016457848,3222.70001855101,1267.0194988691,853.681347099076,1077.81848264064,853.767995218068,592.050644370317,3349.10501219052,850.366883998305,3174.69488468166,2930.96296418755,1111.3951214546,2970.61250219345,8425.52235965224,3271.97601546559,1234.72092244575,354.505319897598,7959.79459466086,8098.29231848676,4009.82303714636,195.344432778394,8589.12909914566,2709.05392446444,8458.68843272947,8165.60031555449,527.767000452935,516.936859675073,406.468029941126,919.890280049298,454.187668126841,3455.18867915705,3043.88811857817,8270.69385887684,1056.11195805809,932.222421359952,470.237214722599,554.569383345807,872.904817690079,1116.67696361472,3624.81392619394,872.963956181938,878.042080641305,4548.18757833532,9187.29901825195,9013.38195725963,4324.21524468908,8861.59382954956,1630.49877329878,635.739705974451,9163.73857073235,1066.73684404538,1080.61561225587,9137.09063539126,4318.34654468187,9093.6517235307,384.44137286639,667.477717260382,1534.02121531045,1175.26695255191,4805.51717492323,1340.12387089593,1957.8337249148,4719.45271144491,9205.17345948783,1343.60031143614,4212.50932184287,4745.840222596,504.338304858981,9037.42190478022,1403.77205880835,4347.46642702194,9118.29837790003,4316.9276994173,4482.11279211243,4210.39985875567,1419.79890124858,8930.70335892906,948.871555513769,8983.94101986763,9015.94700851727,1588.92419303688,9069.67943419171,9190.50981127541,9127.26364140629,9194.48967003933,586.981837248632,4423.71132514199,4222.23717299071,1573.47994857512,4358.48813790763,9057.00968890577,8939.79007140342,9000.71070791303,9050.33999916161,4372.0367574874,1343.92802252928,4166.51067319119,1077.82962682859,1106.18717516025,8917.99466807659,4819.32034656434,1114.03509841026,1535.34598439932,4114.06493836091,1865.25458118812,417.266053359062,1392.93340746465,1773.21871404546,1408.50116789622,528.382040406255,8877.72466167563,4467.801960252,1532.74841403705,3981.9328731461,8988.09548675377,1616.80461206508,4350.03877614867,9028.27602903225,3962.8161330435,4439.09801632989,9070.85819094114,4336.73451476477,1431.71583197873,5053.77273227212,1098.63421913983,9330.30791650407,1124.48323923244,4114.21830410623,1739.24898500552,1126.50818540065,1302.33563268022,9098.30689071501,9056.54032122692,579.143868777571,4357.01935548168,939.549631483265,9319.75279248732,9491.04806146906,1726.65175048003,4549.94400202464,1739.92745910069,8882.67545071621,4528.88627632253,1529.88655935214,4550.9338844596,1883.42757799454,4635.74730168634,1097.00090683227,9042.15883287717,1432.23888371639,1182.67270330112,4245.36643553219,1375.40097923144,9026.78749737024,8957.4191364085,1158.44003278931,4250.05680648282,676.347387662868,4437.95140892317,4789.72721454797,4465.52878098096,1770.09771904496,8996.08223676045,8879.54186480698,4235.79798731955,4518.35224737016,4468.81415318236,1296.52419013538,4539.99653081627,9164.1927612777,1833.7531384488,4229.82366303949,781.106258066455,9228.12943544805,999.036535767501,1319.47240599489,557.064708914657,9064.98212161236,474.256215323518,1405.37269901292,1417.81020448191,610.7814166215,8844.87941525601,525.617014226938,1398.65499438388,1756.12960637934,9100.50950534518,1248.71424283805,1247.47576937801,4494.35619537147,4177.80193407821,1834.0629085106,9051.4309146783,1845.31453482033,1415.51722821869,4964.39135782841,1430.98741887475,383.982685969165
1321.24719030379,1193.81653731041,2591.0901682488,2572.10997436457,8168.45615376395,8330.31043826896,2900.47264967372,2874.91508229202,8219.15185660713,1110.72997739655,2686.08764451349,3001.45714260769,3144.05819886327,1183.18238690465,1112.54281686227,1155.71949189735,3412.62436642866,2917.59408554967,8442.65297979199,2877.20109324405,2648.27018531849,1172.80892487045,2944.18644819295,1116.17404837816,1199.27220360431,8082.57332919815,1189.367953392,2669.9194902489,8193.86596358911,1167.36648194971,1241.56990278004,8336.24186016603,1107.25525380747,1539.74219088987,3108.23382621163,2782.48490359338,8104.71134883827,3064.15598588629,1558.57227459221,1133.99836868903,1352.83518896861,8426.97012695929,1129.18622343633,1120.67925505502,3044.33437944889,1157.0601611325,1114.08972079312,2579.40967589022,1630.4822881222,8149.28922749042,3082.44469159515,8106.28102600434,8184.57994741196,1275.65010086871,8279.79764393866,1134.52262732413,1134.51369983598,1239.62053774062,1150.98882919183,8321.58316704174,8206.01713865304,7889.7747502086,8244.20888956938,3386.6821497292,8348.71990414049,8425.49466812062,8302.55469551104,2568.49510379439,1170.04223699272,1203.08831676691,1419.02267060038,1756.37520014272,1317.89508710928,4187.80032988229,1259.70724970664,1530.4267981403,4513.3799224996,3597.73770174583,1242.50289509995,4235.25425380412,3960.2052517965,4027.81750063188,1569.58072407622,1889.66221498909,8786.6192385888,3894.95334579172,1842.49114005342,1389.28304747402,9191.86402348912,8586.58084441102,4628.41911736176,1509.97160928643,1930.73914117065,1462.6227746339,4132.32410647624,3995.25180636739,1255.38869253604,8888.70317823747,8757.88391329594,8657.17827784447,1868.61551189469,8739.19831251911,1659.46223258808,8895.2993455053,4100.33136360226,1365.21365272313,8911.69827768367,1578.80313424484,1424.5810876702,1440.40513803292,1484.57895267118,1878.44955085463,8635.64638398268,1137.80329449466,8710.33393361972,1116.91101081198,4159.18942675671,9104.58558913199,1792.48439680407,9019.17241654705,8684.0817988066,1656.16976004349,1505.83656635667,8777.05524839353,8545.67297257588,1152.84902229674,9148.89899080091,1966.12533738056,1576.81982380321,8964.30317581198,1423.45365996541,3930.52466548347,3926.08756254123,3743.82503475463,1434.74199098979,8269.95961217708,624.922723881709,8197.42350151082,492.183073728873,238.252330777537,482.951018330347,8353.1834796766,3308.10975342946,361.379719413467,8230.89943651813,477.450464555075,3367.69751548324,8226.4612060992,946.302805627011,8543.16533424429,3351.38940596447,8139.05354261345,8404.75162249313,1150.07753650059,1312.11170071273,913.26126515239,1145.92731423424,8232.55778831964,963.370631727388,8293.63922904516,586.915432932936,742.853710650177,3536.11875176739,648.467042448947,896.667941943053,574.303422643578,546.128140475526,443.383328900645,3133.64674862996,922.936457966254,1140.08491984304,3125.74768558906,924.925953219673,454.416322515944,916.158084791867,648.356443242401,733.310866962907,8464.03063850198,3075.52691979774,8209.87763762285,3316.68670705469,558.665992695983,8640.63592010646,950.530414732602,2707.02712524587,8289.27885311705,872.539496946106,1002.48522796826,2916.00273433314,184.117851288142,3409.56435632636,665.402984184114,748.260358524903,1381.52978269919,3318.47264645681,1008.90686590541,8385.05146640874,1356.79246490259,3283.62134624396,1062.67059335402,1470.76846999536,8323.76702764734,8271.56769340978,3279.66933974014,3350.79594762491,879.965826867904,3044.44268050237,353.148903983271,8376.78068431516,564.367073256201,268.891141777498,3298.43892466325,8431.65140629233,898.848970834767,8198.88348419242,3766.90330596342,863.553013756397,8534.30887949993,8214.07874548635,8321.16672986542,458.032865838094,436.138591479745,8265.34680585119,1229.77941178887,8252.14563724951,8511.68774384417,7898.9023138465,3424.59336813241,8502.7125472188,1003.67573714829,3461.27860313055,519.288391887355,1071.29694843596,3207.00202473711,8466.45910617649,8308.72190535524,8221.50213354073,469.370540465166,8385.47936237601,8524.88435315613,3274.06928474241,1115.11811732297,430.085165157138,553.34830493944,8481.82081724597,631.636700655612,649.003144861024,341.345511228915,572.503916936251,410.813075585838,317.675933326562,1e+08,3060.29583516896,3229.10125751722,3155.82645975,1190.50301832785,763.913124279416,992.517366753394,786.009466365174,325.633065576789,3293.12717970036,573.392695821465,3154.24617372069,2949.67219793619,994.704412365642,2974.0653056439,8430.05436345028,3265.1721874636,1071.35319211805,105.544013486661,7963.64386620048,8107.28218610577,3848.25604758714,187.658286509527,8583.34493629046,2769.65501298553,8432.14584843336,8162.90050950976,519.945355458045,421.846567824419,523.38916989031,1114.34063582416,257.765825854263,3405.88867387926,3054.98941835489,8190.2929480029,990.041706646798,861.134522861981,563.674219549269,588.732061447179,791.389406762669,1041.92983372985,3585.35437654361,797.381990573116,641.135466798114,4533.2529828318,9176.29971762088,9012.32637019763,4337.78213775122,8871.78413691289,1451.31248713737,852.081922489689,9172.00551565544,902.176010743304,918.305474755885,9143.01508713783,4357.81418314443,9105.86973521647,560.612805454673,861.273439729731,1488.4243345085,1124.72141210583,4784.06374376117,1284.48110032991,1911.50329742446,4699.35730001738,9202.6818111547,1285.61392250089,4286.69383062589,4728.24813570165,670.502170363928,9037.66645920576,1338.30157456194,4363.71173593032,9115.24716689347,4338.21299016033,4471.6732496631,4254.68194741974,1379.60442381034,8942.31246754957,942.649777035873,8981.02964179677,9030.93953480297,1532.59851136871,9074.01977160916,9199.16683983553,9133.98704437346,9190.58677032517,743.251631050317,4419.02109810063,4280.79647393338,1519.66318000204,4368.50168430674,9073.37548610307,8947.09053962579,9010.88059504393,9061.64789757412,4390.49884121318,1139.02112108151,4217.28890454073,1029.79922411519,987.694222972238,8922.10660105569,4799.55504037709,990.889117709033,1474.25602690246,4172.74999815265,1816.40153485148,540.120058531565,1175.10244158892,1598.41868510517,1396.98113662284,724.692994136976,8876.11521869722,4481.55392373267,1467.3775729093,3964.76521429479,8996.51892153293,1414.32215725299,4389.83789637137,9035.20524152828,4008.89334496971,4447.61258576092,9076.32246959443,4373.6554086232,1378.43671576263,5017.0464670208,978.940150532876,9352.6976724299,1026.48223691598,4168.89294775609,1585.05780787448,1006.3650649318,1246.06207877068,9096.82082354374,9068.9797444433,731.578151328293,4373.23375368097,910.428954180557,9333.36258770787,9507.5365616261,1674.07775874686,4554.07869249835,1567.99598936686,8895.63190998878,4540.34628252307,1477.22715352553,4548.62025577738,1832.26330140654,4614.06208510453,1029.59721435405,9048.92229803405,1375.74801237307,1018.58062634767,4307.16715008289,1188.20419666958,9043.6917755479,8963.66871393203,1119.92870144392,4296.81200621482,867.073603112235,4441.05236847751,4765.11342104631,4485.08303858546,1717.23827415771,9010.40682817777,8889.61401452502,4272.17834167731,4503.83271692235,4473.42264578938,1237.85723916541,4553.01883348223,9151.93841917778,1686.38676462288,4267.5242399987,989.098045566285,9237.26257472825,965.873983357717,1123.92695327752,678.828995564705,9076.93266308764,640.440411561091,1334.06866361206,1204.42909810794,728.503352376169,8852.48495582753,613.136504247679,1336.82804475977,1590.43047410572,9111.77872884176,1044.44491157295,1184.76325562082,4499.17177967089,4230.44232434658,1678.40852641462,9043.9437140523,1795.36626281386,1212.54080509618,4934.89615633329,1387.17816439153,500.884624048519
3169.45436582983,3334.76260320909,2573.11370431763,2575.26202803887,6062.48788036615,6210.90263735441,2562.04060920439,2561.27519241049,6108.89799555699,3543.24673069731,2564.9433110662,2567.94600150008,2583.95335229482,3352.88848800499,3534.34323946106,3907.46161050663,2637.35375057701,2562.71912414907,6314.31884499933,2561.33155446698,2567.68220450104,3371.75490357547,2564.03534698788,3518.3801301471,3325.87178413925,5984.02975229847,3342.21006959493,2566.03147451891,6085.74080055064,3382.20753152849,3264.06428448098,6216.35474303198,3562.95294367172,2978.81413955364,2579.10222829917,2561.00345282973,6004.23375625352,2573.89316467425,2965.2318639958,3459.0570216861,3136.97878397561,6299.86307980926,3473.01672993335,3501.02746516428,2571.82634294823,3403.26712653645,3527.27713399076,2574.41534654501,2916.36126605563,6044.95982959513,2575.95219227735,6005.66684027602,6077.24094449739,3220.91674802093,6164.50893048246,3457.6000850771,3457.62479835908,3266.68545115694,3416.60202156729,6202.88227097967,6096.86683885886,5808.69279574439,6131.86278594829,2630.92337859609,6227.82740349844,6298.50337965285,6185.40197259987,2575.69078314883,3377.01640650413,3319.80065008997,3075.27499671455,2840.74265796921,3173.03881735818,2938.64357419557,3240.51113140451,2985.66382304687,3117.58485319808,2690.70748004684,3262.81628898901,2963.07382946112,2830.1682518847,2860.83275041978,2957.44947335305,2772.40932626076,6632.82236711636,2801.89186871932,2795.32206539929,3102.05854099252,7011.25822580756,6447.26254052542,3186.68235241475,3001.02105108177,2753.53516366935,3038.36908781633,2910.85116477216,2845.89265994307,3245.9895488605,6727.84839890404,6606.11307585148,6512.64885967952,2782.46627357115,6588.75440600017,2897.89984630241,6733.99587112913,2895.20942111754,3124.83688525905,6749.28308797082,2951.01671433012,3070.42145365284,3056.84860727562,3020.7229150259,2777.73417093792,6492.69435530005,3448.73292569027,6561.954620895,3515.38121305154,2924.20527054583,6929.48874782548,2821.11454083498,6849.60302296224,6537.59603728702,2899.96380045255,3004.18006240622,6623.93075373916,6409.42666391212,3412.43326602775,6970.98784820483,2738.05738948062,2952.39350138678,6798.35797865255,3071.40221668117,2817.1432207761,2815.21931557249,2741.61962309605,3061.66537056821,5651.6870311916,2742.98728561346,5694.69899213566,2937.62718311098,3128.41963660748,2725.56350094617,5729.00206001558,766.505180459703,2967.77634035085,5586.53631450625,2706.0482547069,1244.75181501137,5640.186313218,2588.9407763775,5845.29714209276,392.735043335543,5485.16676402582,5785.42086169096,2497.30823727031,2384.17738249312,2634.78994306217,2935.66210998363,5636.40794657213,2590.04951323135,5700.67061918224,2828.93651736185,3113.07092906972,1924.75257154936,2905.35976518482,3661.82482073132,2894.91376357516,2707.69066757493,2728.88873573155,318.409978300423,2898.35609054136,2885.88354088251,271.746608238384,2646.55777449483,2692.73004465224,3029.04176603221,3630.24219260754,3151.10085857791,5781.05460426068,655.215237668138,5618.33373062122,958.448602842279,2718.47893603677,5955.50147399746,2672.8628936481,1072.02207437341,5637.11107767101,2583.88729124237,2583.79141448711,646.952010630419,2930.68005802057,567.67875680555,2856.75873582312,2753.02225735253,2595.97654161642,372.477078850554,2975.28398589144,5733.63787927798,3030.30583766929,1433.7761633587,3132.32138524237,2326.52435920623,5692.87006250355,5680.6399276401,812.320263267035,445.83564790244,2755.67346967204,434.390710047623,2821.20032362754,5788.08546679338,2830.83832683899,2873.95531468266,477.624527744071,5810.40311877855,2626.18553693346,5599.14377476525,2072.4535289159,2576.14576447795,5852.22362076945,5565.78186325862,5781.93202812276,2785.61237085533,3096.84971249512,5621.19597583689,2592.01753343276,5638.99633778509,5881.46337169019,5353.91690751483,854.2889043454,5827.3170688884,2728.05553015574,2676.33761796158,3386.43636701469,2589.47766169382,304.985568768483,5824.61743061797,5648.01520595759,5602.75860455761,2722.30468345017,5748.90762271283,5832.67713542526,307.501900362331,2869.40556363805,2950.69726421419,2822.64068027002,5794.80115847916,2766.83684024283,2852.79987432369,2886.14685424162,3093.43379125659,2778.29340332156,3073.58945078804,3060.29583516896,1e+08,1893.1208730375,793.940892524185,2497.05505250475,2649.4301333304,2580.91154774159,2617.60369601881,2904.72165154754,656.777937596072,2985.89317703616,234.589536437317,457.408222323368,2664.58329080789,325.359928053818,5744.89323389943,279.90413837421,2920.31201158385,3022.89878113995,5394.67482004412,5503.03318992013,2712.71412320452,2992.89526860442,5896.58716659873,855.500124911461,5808.1223782993,5539.41625473672,2675.23636380341,2746.06684730795,2820.51399096978,3033.17512000796,2864.96013722857,716.517717179651,406.156745647571,5796.72752726762,2534.54872342723,2547.9372831991,2672.97458863818,2677.62499128048,2617.4608541813,2526.92638761106,720.468530071462,2628.1041164437,2892.41721177049,2167.68904019124,7088.04108334037,6848.65811393068,2098.09311771462,6614.47175518653,3337.03420858454,2886.03056051129,6914.11356362894,2483.7126785339,2503.95794652244,6956.38419166543,2425.8904433002,6814.85688785145,2799.53195762385,2862.19007712492,2326.76545019133,2465.98700847159,2329.52041918045,2459.11501069584,2365.24205417756,2305.48798976667,7077.16025025827,2448.09338297588,2725.50952932568,2326.1683780509,2880.53767168663,6835.26168646482,2431.88425584362,2329.59575147834,6958.83404724881,2320.46645752314,2136.37774692735,2441.11054099237,2427.79786095767,6622.73371156451,2625.62017253135,6822.0579039223,6729.10421318092,2429.98018101613,6862.211782843,6843.96656546983,6868.09086701173,7017.60912677133,2700.0789697055,2160.79225933335,2527.01797284664,2460.26344545859,2184.78744947609,6760.69787959545,6667.3596803505,6705.87601733926,6736.63818098031,2363.65049246915,2701.36461082182,2321.76846417061,2535.36254109356,2362.1575813817,6656.18545815,2491.6429559562,2398.34553423327,2419.73045974388,2505.87858241273,2412.14192198619,2753.40350714715,3053.85975211599,3356.9442297752,2465.18490926506,2833.16473102562,6747.67935073754,2359.33380522968,2399.40026239523,1413.57749577108,6734.93436068574,3110.43888946271,2489.56406706261,6764.52695886262,2113.19532240226,2206.2803623124,6856.03621093887,2402.29806773448,2438.99122544427,2591.03909357442,2320.75529602473,6995.5081445854,2287.76059698707,2504.82475794246,3507.07556295726,2376.63371600569,2436.39020494917,6944.51879550563,6739.87171144464,2684.63580270801,2219.52546520598,2379.72602051311,6971.26815518019,7064.15647578408,2389.98733330233,2316.65162220976,3498.51344018166,6549.55807722848,2352.1241396385,2416.78475890295,2232.0599070474,2464.54092895704,2292.9766269584,2528.26578891012,6779.91080615941,2438.10879997628,2453.86352391753,2655.30940325581,2679.8358029875,6686.99980437036,6739.72849084157,2477.33877427061,2457.79584272505,2863.59703412975,2178.87287220343,2443.44527310702,2364.96047155371,2377.57610778188,6680.44543436585,6613.5729517171,2389.06054343653,2062.76490760603,2301.7725349289,2450.44448645939,2457.17792199568,7071.99108349769,3480.52873090646,2347.47133457688,2922.94403252671,6920.79485057531,2334.74006654832,2670.38184795236,2686.20229843536,6720.00077589372,2740.83894316746,2491.74791553649,2986.68906278891,2592.4625948443,6615.60175126926,2611.13351073816,2417.37472782722,3571.86109164486,6815.25890175019,2726.59508017135,2452.04509800343,2308.78889326499,2535.96258367801,3542.99225399429,6930.02544437402,2493.60501062749,2845.74408087406,2558.65038386554,2393.21275546562,2758.30379679615
3237.19431623168,3402.83157097837,2628.07255022724,2630.54189710805,6042.53748705002,6190.22042195256,2611.30450403576,2611.03922839804,6088.71425506139,3611.35826073687,2618.24288168698,2615.19036473057,2628.24584427453,3420.97472462166,3602.45885807261,3975.13087970868,2675.88047205197,2611.6453749015,6293.15051514281,2611.05104756135,2621.65259661792,3439.85591332081,2612.43320610945,3586.5019738238,3393.93112955616,5964.48357790408,3410.2865080142,2619.61947030319,6065.67296842744,3450.31538339222,3332.0338366817,6195.64642531412,3631.05391600667,3045.5865737245,2624.14576299703,2612.53500667121,5984.58229629413,2619.85248942344,3031.89860216234,3527.18856662684,3204.60856713762,6278.7615758645,3541.14800511072,3569.15440335965,2618.19426491747,3471.38599275504,3595.39568572659,2629.57217623064,2982.59131536832,6025.0986667191,2621.53270595105,5986.00794414394,6057.21591795986,3288.79696388895,6144.05102536007,3525.73158272501,3525.75629692978,3334.65968159987,3484.72602673549,6182.23855160398,6076.7431882039,5790.0969151527,6111.5651181711,2670.01399929296,6207.06433492265,6277.40817980538,6164.84256151426,2631.03138473194,3445.12097725562,3387.85297491752,3142.64098967271,2906.07926875064,3240.78984625802,2960.74121863161,3308.434876779,3052.48722952361,3133.50010755387,2725.20097011985,3330.78358492655,2984.23504537917,2856.90422627376,2886.16714200762,3024.05276508387,2836.61478661502,6610.26752323357,2829.99710787639,2859.95009700636,3169.54850867739,6987.24455133485,6425.49603894021,3200.55592127382,3067.95333842782,2817.35248399334,3105.53741660003,2934.05768937754,2871.89982664696,3313.92456729489,6704.90935486165,6583.6685335241,6490.59859522592,2846.86331861583,6566.38210745206,2963.93892702526,6711.03240494693,2919.06210342898,3192.42069385863,6726.25911349821,3017.56591044709,3137.76329730497,3124.12001968719,3087.78456007517,2842.04231038353,6470.7299828333,3516.86382105255,6539.69473181916,3583.50406383458,2946.87293526992,6905.77471690087,2886.16383739614,6826.18971799746,6515.43924917583,2966.0250152962,3071.13385257574,6601.41251485699,6387.82745129425,3480.55581323809,6947.12073151628,2801.52515185744,3018.95440362436,6775.14188883503,3138.74898344233,2844.50010503202,2842.66930268055,2772.94841035458,3128.96227485682,5978.53380115202,2986.70586377076,5808.63724321693,2906.60189757187,3357.25911662762,2845.72641357893,6019.01439255201,2412.51434562077,3285.25443095889,5901.80054692002,2937.74031055672,907.535520469915,5922.95928123887,2709.22446338113,6112.93978965091,1894.39802331905,5804.93811163402,5933.09409533685,2572.9514833029,2645.81832053645,2670.39243986065,2664.33133639262,5727.58492943674,2695.05877340227,5897.26355063441,3254.1925130703,2923.1029950433,522.104394438439,2778.41555053847,3985.84565387552,3298.45804175976,3078.22737070084,2916.98678989214,2069.39791362478,3457.76527064966,2646.51205967254,1791.3316475878,2694.05550784409,3001.96453276071,2751.42989918746,3673.40808675903,2970.99387154431,6084.04047375861,1393.12345040952,5849.9131610015,1293.37558472464,3116.01064673015,6251.33532108027,2629.93665944542,2542.45947359374,6015.08578980604,2722.05885785763,2668.98116115637,1411.10085172676,3120.37643640719,1670.75270484794,3294.08489248772,2805.82806783553,2556.97294038342,2001.16522764492,2782.65347274309,6052.68991417567,2741.86942317879,603.584710937888,3653.94651033565,2436.82936691635,6029.20289623149,5955.74351594516,1347.33093877162,1846.96706203332,2724.42480785178,2158.51536617166,3076.09271648518,5885.20880906644,3220.89906553243,3079.95809860673,1680.12676473841,5972.32605836317,2771.25741250201,5896.568579621,730.078039429719,2814.71418508446,6144.71851527586,5902.01232604338,5815.63889560874,3129.71969658088,3451.71821278878,5946.82418636285,2572.30567472811,5890.13526227883,6042.16384321561,5536.26195099975,1390.38420377799,6189.36527863556,3222.30054608812,1217.86336860205,3647.04724648436,3051.39944910242,2011.85419626608,6013.41870571826,5981.73730127015,6022.77161253574,2908.22668097112,6059.74070667058,6187.04629135639,2009.52572421389,2626.52505909712,2956.10820304665,3221.9859528196,6094.91057261805,2827.20941339091,2741.85913807708,2987.43884278155,3000.61063639768,2991.78518608766,3374.49016457848,3229.10125751722,1893.1208730375,1e+08,1305.32342955198,2568.03148478321,2818.01541746176,2653.58215954736,2878.22757876189,2986.74465765289,1510.89085319623,2882.25900327735,1896.69452598277,2153.00431408777,2597.33328698395,2032.58628353086,6110.40176405955,2020.73252837587,2700.26382056027,3200.32004915992,5709.02512117484,5887.3618441253,1310.52059604246,3249.59082669932,6201.25261426183,2412.46689470206,5966.14195353391,5812.00121971043,3033.16505148524,2987.32407587006,3192.89205251054,3594.28001002813,3049.12346200666,1487.73999467634,2068.72647756867,5540.29721569395,2720.94597989431,2793.91147794571,3101.28209826828,3067.8749433131,2815.37909983163,2654.05090131974,1783.87388186971,2838.74473637286,2786.39545443861,2820.17433271415,7255.66874093003,7115.26777570225,3095.19510740952,6980.58217608831,2979.75105348209,3421.74066263795,7251.29631724719,2460.632086821,2465.01190972555,7276.71030123297,3431.15464411407,7185.3754591544,3226.22733506498,3365.16391411073,2498.13121371486,2709.08862054109,2844.8146299038,2592.92978253484,2424.85838227549,2891.89001982585,7326.06956034393,2571.69462706461,3734.44463781721,2895.38568646756,3277.60922851124,7118.25936601295,2527.92597003872,3241.87733749013,7208.50594003933,3251.28043011463,2856.76103119469,3457.02547673315,2638.79287618358,6999.29477796672,3025.25162637984,7074.47625943525,7123.77841759244,2523.12827374623,7174.23081082471,7191.55367827524,7195.90895392823,7254.10287176435,3196.98790995895,2931.29994507614,3547.30232178785,2555.35324942717,3123.4766873252,7159.25105761516,7008.33748856483,7068.223845204,7106.21691683712,3271.57901121439,2407.62190639301,3401.95721209879,2784.65561054976,2456.97192077448,6978.61311859473,3036.90755898391,2475.81594486222,2506.25929838048,3524.00897412857,2462.48223356082,3175.90225565324,2739.79424039958,2945.15680445207,2847.43887894031,3321.21291201188,7009.55801133955,3265.09539518824,2484.75290728128,2205.37521848754,7082.09457250806,2696.60712100824,3477.9104929455,7101.71007267399,3212.7761714007,3139.71294506956,7177.87739564267,3403.70663426596,2558.98604736842,2766.15109235751,2428.69786948735,7426.01909047059,2452.40509749122,3531.78171922367,3136.85913750886,2461.91484808555,2590.82597488728,7205.55401032183,7112.24305464083,3205.02831586432,3203.34926264491,2723.3751217083,7348.59452238925,7451.67498859075,2478.17391550319,3162.38247988627,3102.24831690129,6935.99461493348,3246.37942588977,2530.19573215924,3061.5704275764,2497.57834716611,2747.12519032135,2690.60380460341,7113.81584332708,2553.30609219593,2359.37404060078,3649.23189034784,2436.17635483707,7093.74808622315,7069.05372215943,2786.76820821421,3472.34489611362,3357.93370636585,3078.56867123128,2874.64349981167,3313.26864894392,2461.84973783749,7072.9385685737,6984.73713399838,3383.95543230984,2778.32052970316,3156.72362407201,2594.81234708551,3316.52332568212,7233.21729855048,3098.57936297771,3372.1755869317,3479.25991222255,7269.25709251276,2675.24277798534,2395.53979050106,3148.28023185779,7095.6799437462,3177.03953349093,2574.65409358353,2636.29883325609,3118.55254614735,6963.16655598016,3070.7285669429,2531.81694591431,3179.04988205198,7175.18036456579,2519.35278762977,2594.34830060188,3132.65046261347,3527.52581602767,3146.65944879097,7139.407836278,2525.43821234457,2506.40723069229,2866.66791115399,2590.47514378836,3159.80520160797
3256.40617039555,3427.82161994226,2599.08603687405,2602.27278098167,5947.87637129641,6095.56070027093,2570.91306321777,2571.56342722501,5994.05222714379,3642.26765281539,2585.69025812311,2571.24116376382,2579.45790189625,3446.53287882645,3633.14023228312,4013.95611380669,2618.67813755329,2570.64382259121,6198.498654843,2571.49311230636,2590.51425989009,3465.9934235034,2570.48948590708,3616.76955938193,3418.63828228864,5869.82703355173,3435.51136552564,2587.67055925549,5971.0112352556,3476.76877970364,3354.69255773275,6100.98698462991,3662.46108407812,3056.33602823211,2576.55129396282,2576.41602067998,5889.92419675459,2573.74727517347,3041.94400441626,3555.85978337192,3222.53746401568,6184.10830496362,3570.20347195121,3598.96476840612,2572.765993394,3498.46512790755,3625.89469009181,2601.02698358188,2989.95888219335,5930.43823430683,2574.80684238652,5891.34974445917,5962.55437269467,3309.93401571818,6049.38954702463,3554.36238080849,3554.38778111626,3357.40831351078,3512.1941844205,6087.5784446632,5982.08127404373,5695.46596002585,6016.90310559481,2613.58086328933,6112.4055355789,6182.75478127205,6070.18173215793,2602.89905954524,3471.41794136054,3412.36531325152,3157.96871692206,2908.76832416285,3260.1399561413,2885.21843237106,3330.27286893543,3063.58563906171,3052.82461686177,2662.79895988771,3353.39939865091,2907.87621708193,2785.82925692635,2813.69320132764,3033.68726680724,2834.32463028433,6515.66886193621,2760.33638358806,2859.42686396947,3186.03318526877,6892.75186112464,6330.86151193709,3118.3639584502,3079.81982002543,2813.51887305259,3119.19435147494,2859.55134849283,2800.09134090656,3335.9555477475,6610.33358548698,6489.06395762389,6395.97526513599,2845.36223435874,6471.77381622161,2970.22981268226,6616.45821133729,2845.16144437812,3209.85531890754,6631.68888626063,3026.85651483262,3152.87651564009,3138.62512522044,3100.60872630193,2840.17267851962,6376.10306081218,3545.24732041628,6445.08090879393,3613.69318938581,2871.86904770921,6811.25602285926,2887.50782991085,6731.64713853398,6420.82061878558,2972.43819910513,3083.15594285881,6506.81185826939,6293.18722187124,3507.90294317445,6852.61504707037,2796.35822233999,3028.31894039286,6680.58484370966,3153.90567140485,2774.060549795,2772.32586473268,2706.80988893001,3143.68459675026,5632.22091293011,2865.62500053061,5580.1138326467,2950.82682856003,3242.23723149092,2776.49538250537,5685.18211610505,1456.73900237475,3119.88687294309,5543.64546364256,2798.31160882902,589.429016987266,5584.447188759,2689.98100762531,5775.41057360982,749.440664377724,5445.8191380571,5653.12790403213,2588.4828153873,2543.3071127341,2694.99258962528,2882.57845164077,5501.19214764737,2684.87389432743,5604.16986104722,3035.97640981721,3065.84757345022,1337.16452784557,2888.07481412611,3834.37804756876,3089.15869028378,2869.51322987984,2806.2834957652,991.037366445016,3176.78757759314,2838.61412713001,660.469619716125,2714.35598944862,2820.25700026125,2990.53420530292,3701.95294585426,3129.85639955018,5727.04982845239,262.090107199928,5538.82185485983,381.604104016014,2898.92982379521,5902.96800198889,2699.08168781103,1707.2878501937,5634.77663049417,2675.72666422539,2674.31710324738,412.611640109129,3021.14889902564,687.962047056032,3069.49474704766,2813.93052772557,2605.60075401876,969.620267423459,2956.63381641222,5693.97398996374,2954.52605981537,864.750843677807,3403.01841489506,2441.82481843042,5667.6817666867,5620.88190925395,212.566526188189,767.418522450979,2790.19460163733,1115.48934911768,2932.31302691861,5654.37113460903,3015.01662145505,2973.53820652311,502.00433871222,5693.40555310652,2733.18232844113,5546.72610577168,1510.33306199343,2709.49150253924,5794.69855769947,5540.23888902732,5627.02255230282,2942.32652620315,3266.94777882653,5595.87583514868,2624.13088067271,5569.56723334066,5759.54100736938,5258.98305172021,384.569144518079,5811.48782944632,2991.39314486044,2208.49580470592,3519.44934221998,2829.55032291261,968.212050537801,5715.94752116209,5613.21468049633,5633.39317105974,2795.26899106447,5704.63404865391,5822.57002465674,880.527738121039,2822.11588456932,2977.7275769548,3008.71521823307,5746.82720271781,2813.71413572091,2836.18681132075,2934.44810348684,3087.48342138212,2871.16576370389,3222.70001855101,3155.82645975,793.940892524185,1305.32342955198,1e+08,2586.89309290047,2751.38034014063,2662.36988370875,2758.59566438533,2954.25275911738,374.8808674143,2977.90115562352,832.616922150269,1165.93679029308,2679.28682257113,1040.72363682574,5737.7233495192,944.090697624317,2882.40525292388,3116.08488527416,5364.47042035232,5511.8679385374,2254.76877447817,3116.90590358244,5848.88058059186,1515.83105580508,5687.54090532758,5486.92324324745,2826.53742860392,2842.46439748924,2991.62538834369,3319.22830289579,2948.46726609466,477.825968271297,1019.63450539822,5557.57820834607,2662.65944225602,2682.80458202816,2862.01289848416,2853.34202130743,2725.97372591453,2636.80270431989,791.580531002037,2749.80521649513,2882.39034045432,2312.87410067339,7093.15003497815,6884.84422283927,2402.20681285802,6678.05306410157,3286.36649554784,3148.17783333398,6965.63226717462,2473.66623599115,2483.87765692553,7011.36046664012,2794.12166227171,6872.75691122847,2989.62736973277,3104.14762932338,2449.56779171012,2610.37725197316,2414.15874591952,2584.30751761858,2427.86885266044,2420.3129447916,7113.32425601461,2566.00357594409,3138.0449129709,2433.07797391376,3062.76489513563,6874.46788297915,2540.70885596801,2643.00331179289,6990.28194841989,2637.63282245822,2311.01426584709,2827.87021130115,2563.13706534115,6680.78612342967,2829.02752785371,6853.66531313443,6796.2851669712,2533.78698544937,6910.95432157881,6884.01599449124,6910.45517784332,7038.92741108324,2928.33964804768,2375.61467921336,2926.91381546614,2566.92569382503,2478.20928000309,6824.7642044385,6717.81791972233,6758.84709005759,6790.62094308564,2679.21886420283,2629.87911425116,2732.99090470387,2685.02023399753,2388.96378084218,6701.95411495588,2616.68292975216,2417.85651744935,2522.01072512621,2908.5537104886,2472.75728487726,2936.43517258952,2997.5546295422,3283.31031260297,2657.34630893158,3058.06908923782,6786.82448644455,2658.96705238456,2495.58076815282,1569.53787156645,6788.28049610165,3032.60978790044,2855.38935084819,6812.78607734975,2524.43751720393,2485.40734634543,6905.27316968235,2763.64121090642,2554.67654039134,2569.405076062,2340.27037035241,7069.29021783524,2331.71158804619,2918.37083883414,3455.87999557135,2387.82914939447,2560.94187230384,6982.252153501,6792.7445151585,2922.9690720506,2539.58097918369,2518.25223658588,7023.08459553178,7106.70458182063,2489.76089684465,2558.54591501367,3434.21815409304,6604.35630978956,2629.86482920152,2528.30529876313,2460.84861475288,2492.9658148861,2388.7772104863,2650.88240188839,6827.61736647506,2551.6072778765,2406.50726535459,3054.16088641235,2629.54988016192,6750.29997982287,6792.48785673358,2639.08003959513,2841.70341999657,3105.08208287757,2436.71783158101,2534.09059314199,2681.03592904615,2470.14085949477,6741.27857951024,6677.33229950825,2757.24053001062,2219.96700113646,2562.103360983,2572.45828124649,2739.32664673328,7073.09440214938,3422.80872580287,2724.45144202404,3197.23391562262,6967.70022859978,2464.83351188197,2610.62316402771,2893.18586253626,6771.21286425821,2941.44970049287,2593.3946629105,2921.61837700884,2824.67729989466,6675.61669929463,2799.9805934328,2532.52908368417,3513.23905689116,6866.06724328298,2686.52087052322,2572.19870379617,2560.92610936224,2926.61034165274,3481.85835637575,6950.78879287511,2534.53442079566,2771.63189676257,2595.75549032799,2524.20557354759,2934.58524855313
1244.36687481516,1280.46589586944,2010.28233245611,1993.84097554741,7432.31847136908,7593.37869226188,2285.24938177413,2262.10900984789,7482.76113118719,1388.34918071122,2093.39813316737,2377.29271554825,2508.73112642166,1287.44812069986,1382.66761902337,1673.24835595422,2759.98485172067,2300.78777183873,7705.19295943777,2264.17612060766,2060.15238194484,1295.26423658642,2324.97722162631,1372.68751459162,1277.23628939959,7346.87367635976,1283.27084602792,2079.15996309105,7457.60094674609,1299.82729219932,1258.56883220408,7599.28176536756,1401.2070621663,1281.9896662775,2475.56482452064,2178.99932775647,7368.89764002732,2434.88820956456,1288.72838428482,1338.08409409133,1244.02601683366,7689.58276962346,1345.85703053701,1362.14961673873,2416.64531286275,1309.50613272891,1378.21679554902,2000.15737492863,1318.23157866429,7413.24827193992,2451.74768180702,7370.45926063776,7448.36134695888,1249.7819935279,7543.10943567042,1337.28660703929,1337.30011247687,1259.21961633461,1315.95910266361,7584.69322671427,7469.69158795569,7155.10351744329,7507.69457092747,2735.53635349304,7611.70034015924,7688.11416483425,7565.75629744409,1990.71626501499,1297.54075780576,1275.10652982491,1250.55950110477,1382.01396807959,1244.55478099297,3502.42935756023,1253.31432815534,1278.82066344697,3818.9045854952,2935.35838212644,1258.26355660502,3548.42988022198,3282.52101236978,3347.71727962334,1292.86743334769,1462.69462963143,8047.64828902406,3219.71794346602,1432.82051411088,1246.51947429524,8451.29547445275,7848.46977792745,3931.15768852588,1272.26136250609,1489.75185911442,1259.34002921318,3448.7138522177,3316.30035201172,1254.43988774206,8149.31232824689,8019.03341032314,7918.7579516706,1449.2004682723,8000.42667341689,1331.65267992163,8155.88178451055,3417.76805611077,1244.54762811612,8172.21452723816,1296.44452932065,1251.49743366312,1254.46493745368,1264.92178882775,1455.47332670378,7897.31969670931,1332.49009134045,7971.68496655514,1370.84283256248,3474.71801416568,8364.34592217882,1402.68939557441,8279.2624238513,7945.54530518412,1330.08694485051,1271.00414473347,8038.12427565032,7807.74409872573,1313.91536490768,8408.49135040879,1513.77569560198,1295.66695959697,8224.6091740246,1251.30271724751,3253.93955142138,3249.66885526964,3074.75007190381,1253.35322681443,7529.56089946914,779.246397386643,7510.13425136988,1013.22481429325,1341.44540276213,919.135788326465,7626.43587311247,2720.40577431564,1109.36931005422,7516.57732133624,960.911846187254,2701.28108103582,7507.57755628019,401.976820858934,7824.33569058324,2759.74158192879,7418.41703997623,7710.81300447319,157.055693554914,808.404975666892,419.037055706349,789.995393952714,7545.56747571575,358.432090367745,7594.27183444021,1053.41591307616,1212.37051240177,2797.57358891089,976.201912876796,1745.43496097669,1089.21266612347,943.457551067241,917.334988721401,2567.88244035787,1206.02277753027,732.11128857194,2579.16123997026,385.660560845406,951.265872258585,851.803236637177,1666.02749015813,1134.8190526523,7752.46935628926,2518.47174544558,7502.2070780918,2750.00642608054,949.583586777557,7916.72947679678,409.308015733975,2217.31398875735,7560.62549694024,496.571397999605,297.210196720607,2397.30173932451,1107.57570625162,2730.07934110083,1093.87785526696,603.130659937295,717.284403969481,2696.00303745014,731.599297843088,7666.78237809893,1057.86957017222,2612.22775816685,1284.89627005605,531.905833403951,7573.62814836058,7553.49783391907,2708.90410737306,2718.61076627307,468.32520296431,2514.15236528624,989.719642669644,7694.09507421324,1033.06799495697,1004.84187301068,2701.67288493714,7731.41392757001,486.843795121837,7487.26775139163,3016.29864776317,617.091837618847,7815.068817953,7469.24988751107,7636.71449523108,1017.60963530884,1320.89103465376,7543.13502907456,437.120743468891,7545.38254805986,7814.87180961349,7208.76171148937,2786.96606767989,7777.14571950141,1087.75977906641,2663.85975060133,1544.88801365816,997.345011169487,2596.35351916548,7771.56033033491,7586.94793190286,7469.33936013759,905.571518613626,7667.3275892895,7786.69282804421,2713.62842127473,709.460231846863,1033.66004991575,1031.39768560203,7755.25105713556,733.464871427801,922.70052887253,1053.78336616322,1133.25192971012,942.241057500378,1267.0194988691,1190.50301832785,2497.05505250475,2568.03148478321,2586.89309290047,1e+08,611.143226606002,304.692230387939,661.295833557352,1064.7348710924,2715.8954772991,1053.69585007939,2547.52698362138,2393.43879471116,413.891772960902,2403.76302648562,7687.49045754184,2688.74161961764,729.996072116845,1195.68965824529,7234.6112210514,7356.79364493145,3020.36187104332,1207.15229821185,7859.3433651887,2276.35561943668,7738.24063539769,7444.8871632567,932.454560565328,1011.11564242552,1029.96287192838,1274.04309423408,1045.5862705574,2758.46736236765,2495.24557393655,7407.38954021075,468.346114255609,619.483802933851,1003.28856752862,928.379509080313,629.413386618524,393.759327330689,2921.98059159924,626.226984064436,890.709889485421,3840.23695809733,8419.78477692177,8245.90878499129,3746.16509579948,8087.45144551513,1084.20318550168,1195.70631473585,8401.32953945342,866.877580142289,824.80774468518,8380.07243938446,3819.03389188752,8331.59044999187,1127.45490343401,1126.68575866911,822.997277241064,690.72900504984,4040.77772050642,519.476613812167,1099.90384053413,3998.20627079186,8444.37336470819,418.274736422506,3775.27228627739,4010.43247945389,1100.21739512004,8263.28033121628,366.950239044037,3807.42692601374,8353.19211835363,3764.10503375421,3799.18152691086,3732.41332265664,863.750103616914,8160.26840480166,893.278470062082,8212.89014558879,8255.27289290536,670.916397339785,8304.46653025649,8412.35884786799,8358.51174764003,8427.73069946768,1054.62747410404,3775.68537521665,3759.8856692741,657.169906656177,3785.70064608389,8299.36101923248,8167.36801496375,8223.41718938783,8283.95713374681,3830.8969917813,900.880248989649,3688.57734417344,649.340543644278,836.028059653965,8136.11519148305,4123.45646492259,926.762721545136,576.799924463129,3637.92430518214,1008.0534025877,1105.59722009479,1012.95523194088,1139.18061801481,1141.20334323256,1124.11047470148,8112.31182451897,3908.77499803765,512.924536083988,3225.21360127513,8218.74461312186,1006.24747469586,3850.93051577746,8253.71447314232,3446.59386093202,3852.67701776234,8304.26482735732,3823.53800338168,610.585012174373,4155.76289247907,795.722600285431,8604.53225329205,890.592028403763,3659.98337210622,1199.41756937699,928.713424779964,520.28215061184,8332.51923535067,8293.04769631461,1075.06864096159,3802.97652358583,870.942600453219,8559.17098442171,8743.50904649517,870.103424898406,3945.19304142087,1202.39821946437,8111.8290529429,3957.23173688663,756.612168993792,3923.17723904599,1082.67880794361,3865.09300784643,480.920884736614,8270.21893374112,546.297189213484,871.06092257807,3789.7073559003,899.844915216146,8266.89140254526,8189.27735050573,791.490931466629,3759.31300602168,1138.59440171964,3837.77060388857,4031.18848872961,3924.66075893108,866.116337128691,8230.53368491529,8102.81231123855,3736.16192663653,3814.08297447097,3879.04117622765,502.266892538749,3976.47173381835,8413.73791787014,1232.59711555759,3738.72919532088,1191.18247878364,8451.9905065642,893.869155336196,837.788951786454,1030.18733161601,8296.03414252346,1102.7573707197,373.239990485894,958.029812590589,1036.34898021557,8068.07352494974,1071.47180344903,474.493232487562,1242.99525320237,8335.47586967364,918.428841101028,483.211143346564,3885.84241349315,3701.03120389882,1274.98349058292,8292.37523317458,1039.01407728471,921.475768809355,4137.43735396613,815.70534591809,1108.33476164207
1200.90996430635,1161.59373695025,2245.34392046598,2227.41020163404,7757.51995783199,7919.03288036154,2540.51494784332,2515.95774081653,7808.10687904867,1192.8537880672,2335.441348197,2637.79515777555,2775.76155267542,1160.99676972414,1189.95660621745,1396.70459645327,3037.11307970382,2556.98100158041,8031.14832437889,2518.15317704597,2299.50985784072,1161.09837370274,2582.57818444592,1185.077930099,1162.13997948108,7671.82543924409,1161.26509047791,2320.06947134624,7782.8750273564,1161.46595733442,1170.70511908615,7924.95211541764,1199.70303042347,1331.99268863025,2741.04190288342,2427.3811452373,7693.91442706277,2698.37661180109,1345.31243128707,1170.67233136186,1216.33819030781,8015.49670804281,1173.5162138721,1180.24556944207,2679.21027248885,1162.86622111226,1187.74659016018,2234.30461731604,1398.18328588057,7738.39461383397,2716.07188681599,7695.48064077214,7773.60896530043,1181.82728662743,7868.62478064442,1170.39551474734,1170.40017849591,1170.16843202805,1164.19976762429,7910.32358096431,7795.00017929276,7479.46896382539,7833.11078011468,3011.79477648951,7937.40459426166,8014.02419563944,7891.33446257283,2223.99735128157,1161.25594194396,1162.61005993908,1253.19974204309,1496.91913215987,1199.36997151112,3798.53638344611,1176.23725057226,1325.49289436075,4120.25987578988,3218.15082620587,1170.96616467585,3845.37568450048,3574.18601202462,3640.7794896848,1353.20691496142,1607.77231663057,8374.46509690975,3509.96576198223,1567.9276215503,1235.95861537025,8779.02325946396,8174.79632183098,4234.11616158781,1311.44015427744,1642.94275188504,1280.18134322781,3743.80426257756,3608.69832679936,1174.83573491561,8476.36855517787,8345.78154351309,8245.26081728143,1589.9190508534,8327.12984137172,1420.28355003893,8482.95324185184,3712.2537253255,1222.7991936881,8499.32372547117,1359.87909042881,1256.53230791196,1266.19635271504,1294.44356248625,1598.24627230181,8223.76917456863,1168.79325740275,8298.31819202989,1184.20734843604,3770.30571156449,8691.88615945106,1526.39826988836,8606.61466953919,8272.11440354104,1417.75193173107,1308.63753852901,8364.91828998907,8133.96676854611,1163.74615120866,8736.12737489881,1673.56103414104,1358.43980147654,8551.83825820875,1255.85368522075,3544.96858951871,3540.60159218667,3361.42853579623,1262.70835718059,7847.21262796297,246.231447023443,7823.47709525226,641.889961157732,924.303207802604,474.515018527587,7940.64107770993,2901.95369897921,708.049099288354,7817.86575499518,480.0185653216,2916.1490044795,7813.55635156374,272.379958191417,8131.8820726685,2921.81980689179,7721.48826478786,8014.07212649224,537.371547720284,765.94787499625,313.618045115509,968.07453185587,7849.02874637365,307.460085862716,7902.83439030198,674.73751343233,896.424749185289,3101.15561195016,631.169950526198,1335.8974749714,728.091506616149,562.337802231945,489.549371821185,2735.32521487508,912.412819311643,934.177094166355,2728.28899058164,333.676679822292,514.788604503965,773.919086776172,1245.69836976979,780.340506102708,8054.91155144386,2671.25614326847,7805.08812605266,2904.83689898324,572.709588537543,8223.85215728581,486.289794326369,2354.10775302532,7860.3929239796,175.729005009048,365.049254598609,2537.5244250837,678.06571379923,2929.72230208619,745.072848077918,217.286875142835,1006.49176774482,2876.45118943221,846.66589872565,7972.47489364556,1220.9963996839,2848.69010066637,1014.54412999864,902.525769897887,7892.45552883014,7856.35536459706,2869.10368275725,2894.49008119228,436.75213463571,2671.77731879045,547.752735182692,8001.27888237942,675.746065368615,577.664867871946,2864.12495645997,8040.58559813031,222.72893816881,7786.68685334232,3339.67914463265,214.319259992635,8123.61132748949,7785.10588962683,7947.10013935528,609.655049809065,913.227335834305,7848.36854054193,794.654569376049,7846.56457126524,8121.39781164435,7517.69575618107,2969.49292848019,8082.30111712006,849.903699155375,3013.91166628639,1089.87464009168,785.002496065548,2776.2632666929,8072.99878895258,7890.37877663894,7779.47187724678,461.204064303664,7967.46705550704,8097.21915717458,2862.11983627434,903.77155545762,642.214289771113,668.248734980643,8065.59515056248,299.188962520877,581.589259366675,597.269577979232,761.31763024152,475.821474425232,853.681347099076,763.913124279416,2649.4301333304,2818.01541746176,2751.38034014063,611.143226606002,1e+08,364.241078011955,215.374143063281,621.32806055205,2868.47857703169,674.805472326755,2719.38305097515,2560.41282277562,560.930847240245,2568.8446773867,8001.53525263394,2853.60511258879,885.713083804662,748.460072317613,7548.5111039378,7675.17085473353,3427.92686842775,770.376659264387,8168.77061140311,2416.54913825907,8043.87116866704,7756.08918904029,515.549007806724,614.402135916974,670.620981643053,1021.99271205515,589.320293208896,2951.44203049851,2667.60522504417,7730.85639144072,332.530624399934,214.199552731437,641.581907228302,545.676669365383,123.973366801008,375.610551381579,3102.58253059904,119.318492559873,573.476573486421,4047.80990210653,8735.79514226874,8558.24237928542,3922.44050506857,8405.24545551475,1169.62200021461,909.925997540344,8713.765954707,639.727270175194,657.439607331731,8688.08301665598,3983.35176722143,8644.54225021165,771.357370628769,851.364323838867,952.542002126907,579.880598462816,4278.90648163191,718.505408749801,1453.2416717528,4208.85155582987,8754.38790678376,725.285344790909,3932.31352375833,4236.69186120892,774.80770697641,8579.14048243265,790.257890446579,3965.18050748292,8665.96870059043,3932.49338274691,3997.34196226198,3888.91800373632,877.194954043184,8478.84339998615,639.898003019655,8527.6757590519,8568.04834646486,1031.56978010203,8616.31904455363,8736.35525610609,8675.62414438295,8741.4688054862,758.629611200111,3961.7968564297,3924.36111012557,1025.34861864551,3953.9702107214,8611.78771218965,8485.96376799081,8544.04168107455,8600.59297892192,3993.39664933874,875.310925070504,3851.57792102592,490.19729704052,705.619493295717,8458.53239534645,4325.17269051381,776.020288547228,957.928101787844,3801.88394285275,1367.70045221923,738.857135513303,919.342734209531,1318.16272428121,1046.88295819278,800.282894318595,8423.75373392692,4072.0219359764,956.43161939241,3459.6094899214,8534.07588610322,1121.94648528133,4017.14292893727,8571.54517536537,3618.62347276649,4026.723781282,8616.47225203585,3992.55998835447,843.314758332728,4478.96046860072,609.435542457093,8905.6528781578,759.30306419994,3807.29431894929,1342.08878250415,783.184768820618,670.792778890173,8644.7287905954,8609.19441381462,753.045496482719,3967.91007352416,679.301139001439,8875.10218909814,9059.91217449433,1183.05777494757,4125.19714013775,1329.14652363344,8432.18770341492,4134.7399102475,956.163530528835,4101.78730557434,1433.32229494621,4116.30006153082,407.989351280822,8587.64601980548,837.053887049703,743.334503200702,3949.04529558251,887.759869321546,8583.27924360247,8502.96195751386,645.336375524596,3922.8303952715,865.754567548757,4010.34217008883,4269.04958782783,4091.97824221609,1229.75865152661,8546.54329402872,8421.92635103629,3892.94575814012,4015.68655318375,4042.35158946863,667.855239933354,4142.45290790455,8720.3948079469,1430.78357237284,3895.33960877635,950.53748616246,8772.21513742001,709.253027717575,830.640335225313,707.962649050238,8615.51534279071,793.163921626395,822.929793673422,935.397161667275,713.316922334297,8385.16651893046,677.257475551416,789.464930257974,1370.32178996103,8650.62039659126,800.793198736173,584.517926956598,4067.77369508098,3857.79950985762,1445.65497566687,8601.7411740434,1389.35353028238,935.767400602875,4418.00397105059,864.471938386257,721.856572710838
1212.41393741347,1211.6446610913,2126.50239228433,2109.24430897178,7596.78443895605,7758.07595843115,2412.49905880538,2388.58726703609,7647.30082944249,1283.62184730882,2213.4358676428,2507.39033038405,2642.37051745311,1215.01030057882,1279.22212550021,1531.62964546127,2899.08123191867,2428.54232860016,7870.04398606619,2390.72426186368,2178.72216895131,1219.16101586567,2453.49761910665,1271.59441145512,1210.22260507493,7511.21196149418,1212.95246382102,2198.5781538698,7622.10401924047,1221.73722694834,1204.70932725366,7763.98728517321,1293.71839128442,1297.98390342593,2608.36234810559,2302.49776207133,7533.26917790015,2566.60708573363,1308.18709704541,1246.35743346727,1219.99036368439,7854.41265240024,1251.83644968236,1263.69361213543,2547.86300718577,1227.50884772465,1275.80396845907,2115.87706552638,1350.07554087854,7577.68604992969,2583.92000615088,7534.83314721324,7612.8508944795,1205.67302195841,7707.73578564482,1245.8025802783,1245.81196494827,1204.78215081791,1231.55423863656,7749.37832083402,7634.21229792776,7319.14177043796,7672.27027342358,2874.16384206044,7776.42317329764,7852.94205309343,7730.41473626307,2105.96188328616,1220.43349582995,1209.33969718322,1241.95208184678,1432.60503098875,1211.73870528421,3651.68887176786,1204.72340647753,1293.06556927564,3970.94695247248,3077.50218618532,1204.67983117002,3698.13507420011,3429.41483478198,3495.35617487304,1314.30789390731,1529.64559623182,8212.93857169318,3365.85518176821,1494.34984263565,1231.1642900331,8617.04938046262,8013.51017002951,4084.0472581463,1282.58100221151,1561.12421403842,1260.11575081397,3597.43274470056,3463.585145724,1204.61164270059,8314.72454829888,8184.28870492197,8083.88824623213,1513.77940370611,8165.65905652355,1368.12827809372,8321.30175934011,3566.16512653148,1223.51268901503,8337.65371726064,1319.52082531735,1244.11928326059,1250.53286724869,1270.20424767103,1521.16983479754,8062.42277362556,1242.49595892158,8136.88170690745,1270.1994921152,3623.70141773726,8530.00445591387,1458.03892812781,8444.8253196079,8110.7093615904,1366.04629526063,1280.51605670762,8203.40294614294,7972.73151201446,1230.25761332264,8574.19859911255,1588.74748445239,1318.39332585546,8390.10939158862,1243.67602788005,3400.49396164403,3396.17185454298,3218.97808466835,1248.19688565099,7693.37866471695,566.899075428445,7670.42845718785,823.654873632628,1149.53561526787,714.603371735569,7787.87536950999,2833.67108905033,924.924260736567,7669.60759599873,753.668518229242,2785.55195498524,7661.68446581917,164.819266304233,7983.02831172572,2850.936372165,7572.50793566992,7867.01650737598,238.152806484198,779.244990387841,146.651598002348,803.138778140963,7701.2551541381,132.495778421064,7750.51117037335,889.392257923782,1013.16216576145,2907.02386563747,777.051094704584,1551.89341540843,925.966463506551,779.476198535423,725.500866034983,2661.38269670646,1083.14579531805,755.353691979897,2660.97908246456,139.954982004798,764.541817242521,714.4800630964,1462.37357608747,928.625144532606,7906.76555677815,2586.82350396127,7654.79535418034,2822.47285782491,788.632376386809,8074.82528949054,277.093539443566,2306.29781573963,7715.84426602695,249.938134632101,124.150356047192,2462.39341391418,913.726753569351,2827.93466542848,940.066007695095,331.436518296316,796.666876899909,2798.55366010794,713.715727893212,7823.23637206781,1071.63297204556,2707.32219073067,1169.39254433388,694.730419641946,7737.20497595796,7706.09801280601,2781.63377975852,2816.0586922846,282.068377442677,2607.85985099857,794.343479358887,7851.00362113992,869.844966879476,811.784178458824,2786.60061034224,7890.26005596563,275.513333996584,7638.82816251166,3138.04971895859,421.857014782022,7973.05818239043,7630.49423745513,7796.12695976647,839.769638679872,1136.7144515735,7699.5821999391,550.806415027313,7697.54557456954,7971.8100012598,7366.97124718437,2868.90928362843,7934.06555313341,1008.67443005871,2791.89123283882,1332.673248575,926.270968961402,2697.73298596547,7925.75772163379,7741.481007061,7629.78519874699,704.767619678053,7819.4879457802,7945.8161240885,2801.87471545324,725.497119548314,841.484914882089,871.191654170413,7914.66998255936,501.046453354158,720.267776802493,841.88089036691,935.565672585959,737.926684154058,1077.81848264064,992.517366753394,2580.91154774159,2653.58215954736,2662.36988370875,304.692230387939,364.241078011955,1e+08,479.560163349798,858.858402119835,2791.37824628732,847.429995334071,2644.57626962815,2489.95324629156,329.245513791448,2499.4224027876,7849.25308829076,2780.94603369732,725.741088289563,993.941085514551,7395.58620301607,7521.60588432748,3185.85393960417,1008.32776538354,8017.82217221425,2363.52737211372,7895.01995626744,7603.16180526803,754.615750914316,833.162480531714,867.759699881789,1169.59440995043,838.6353968186,2850.56766072075,2591.64767537475,7563.37034626842,325.335725575789,426.359681627796,845.178961844446,766.579444979364,394.509915881332,254.71032781434,3015.1659519816,405.895665440742,696.746545677088,3960.79799010022,8589.69055731332,8415.42242201789,3863.87193992235,8259.84314431292,1050.73220722694,1077.63227896659,8571.12324823571,726.370278915142,703.574570583463,8548.30480566624,3931.51291755007,8501.61494777466,971.662847903548,1005.65976336267,865.99065834766,631.435075456763,4170.19105936286,574.528355541642,1257.11075750029,4118.9835650267,8613.10197765759,534.05365856221,3884.40815512717,4137.87222339642,950.492274180506,8434.13044421636,554.834673799265,3914.82038585522,8523.03636151881,3877.28001659861,3918.27141588182,3841.92727924708,861.662340311932,8332.46587147593,810.397892083414,8383.48420998812,8425.45339844653,843.091834473272,8474.09508468999,8585.88750671727,8530.03854375407,8597.16166814358,929.511562857563,3890.83083240432,3872.37817032843,831.994627182035,3898.79299661271,8469.44399968521,8339.77138232313,8396.46972270521,8455.2286517855,3939.91186422201,824.82306831763,3801.36720634367,564.4526811605,751.685273976757,8309.96796478181,4239.08825702006,841.572674795074,754.850972870111,3750.77877259493,1166.17878281296,947.39358807196,900.237513459646,1158.99318097235,1121.09425310452,984.668555863941,8281.74435431117,4018.28208707166,728.703488731575,3351.98963203198,8389.53028332545,983.565214870149,3963.8985820083,8425.51300088312,3564.17278495323,3968.22926922961,8474.06227780012,3938.11082809696,694.170879107509,4314.12951286541,677.26633838257,8769.96114271528,816.5694304388,3765.54117793865,1203.39437943025,844.648727990519,553.099291569641,8502.06163431726,8464.09327987692,941.557520088067,3915.61263528338,785.177018747369,8729.81021438644,8913.72296758719,1017.02909645606,4061.72193901001,1194.97307170329,8284.21875493179,4073.67843219627,830.738535669634,4037.56693015894,1243.00702194333,3998.5442701076,369.210008698175,8441.70135678661,664.372431566229,766.756661510687,3899.5824100746,842.488623070418,8438.218555277,8359.79773332006,738.360037573647,3871.79169850807,1020.44058993064,3951.90168780481,4158.13548039092,4037.396116585,1039.09508724412,8401.69548187906,8275.72179576081,3845.23442838471,3932.75895060878,3987.78269595515,539.258012115209,4086.29424540949,8579.29165373771,1269.17600178357,3848.27103352615,1091.74076359587,8624.22090322279,810.960068259271,764.118845137524,893.007504129166,8468.29514991404,963.97067694921,588.983953281799,869.237599033563,906.836963947776,8240.05450484158,907.377310045046,601.832689351983,1236.73310730639,8506.02622442986,813.226581931659,468.10280901389,4001.70428450945,3810.16749997285,1297.12535726151,8460.03475171931,1197.80920939394,855.324046442,4280.61620132778,824.675662312002,942.042381600624
1186.89388676829,1152.06510840806,2222.48086908963,2204.56358025771,7735.14508434954,7896.67581007145,2517.47871818949,2492.93042002812,7785.73763882776,1189.18284915159,2312.50775439317,2614.73071801065,2752.6730396755,1151.98366202163,1186.04542366955,1401.21808942024,3014.01458791129,2533.93922753393,8008.80330503643,2495.12502764101,2276.60214306828,1152.62332555531,2559.52844065281,1180.7324721419,1152.3592671789,7649.44090168327,1151.94805000309,2297.14660577986,7760.50298395366,1153.28930457598,1159.19582318792,7902.59568758241,1196.55844091713,1313.7843746876,2717.95794333823,2404.39302441787,7671.53239527811,2675.2995694203,1326.85804826389,1164.67919474866,1201.51724215599,7993.15002117665,1167.91491998897,1175.42324896771,2656.13684763893,1155.29059412369,1183.64372067545,2211.45157737348,1378.90330909468,7716.01759681282,2692.99179063367,7673.09878626879,7751.23588917862,1169.14855855347,7846.26221079336,1164.36136217828,1164.3667218388,1158.73133535777,1157.00410779748,7887.96556412328,7772.62948458931,7457.06216381122,7810.74430489088,2988.69571835719,7915.04951570051,7991.67735164608,7868.97437667894,2201.15395534629,1152.93108597502,1152.65758143766,1236.94641718755,1476.54082742702,1185.4446959754,3775.53183016242,1164.0848592987,1307.41143241888,4097.31481747966,3195.06327975228,1159.42253498973,3822.37949510261,3551.14381565872,3617.74796771897,1334.61481050019,1586.57553675104,8352.15548698688,3486.91377903821,1546.98798248025,1220.31060568396,8756.75267494979,8152.46638656754,4211.19287857148,1293.64981515619,1621.54655989712,1263.13756628438,3720.79012295137,3585.66160094607,1162.83196786343,8454.06904094774,8323.46905849827,8222.93813871854,1568.83306248006,8304.81547884542,1400.71572964437,8460.65437367681,3689.23416334726,1207.68598183091,8477.02646020243,1341.17494391654,1240.17210054391,1249.54192564363,1277.04027122352,1577.10775363659,8201.44429251172,1162.50902850486,8276.00091687025,1179.77982159644,3747.29618667889,8669.60740354091,1505.76873371949,8584.32779497114,8249.79446622941,1398.21564730091,1290.90823445948,8342.60772478576,8111.63258590429,1156.43178275278,8713.85278338181,1652.00933934636,1339.7594985286,8529.54610348092,1239.51500521274,3521.92187397567,3517.55421051138,3338.35631500451,1246.15755052633,7820.5338839617,227.173766360373,7804.30729015604,702.186458899798,933.260631267676,526.624215614104,7916.7787420903,2829.09912067306,706.289565815165,7796.21632446288,495.708110019668,2949.9205575708,7794.05900001093,356.783475587917,8108.43038645255,2890.07854376808,7698.71546632711,7994.26546863068,591.235931220442,687.652535946484,465.907934905036,1075.77809861457,7829.99503908714,396.851679558907,7884.14573111778,626.577585335585,1007.86922360024,3164.58117228871,728.902193330131,1341.15786577855,697.757725322851,533.953977545737,516.042497576774,2695.17654155297,828.055955094627,1043.97904611344,2706.88171299314,472.687717391534,507.29738676316,904.114166740565,1274.43551384455,874.721670203155,8033.02999179921,2677.91754514572,7786.2035042018,2916.16766466049,527.089015085096,8200.60655538203,632.604586443751,2283.43042919778,7829.29492507626,310.93792686186,448.614951833578,2539.85391875886,693.495362873675,2913.00437051186,694.874578116901,402.826790342991,1074.41409477861,2832.36211906021,950.8739246109,7949.22435574717,1306.3811236297,2879.9461387509,937.603661979172,887.840946283929,7868.19510139018,7836.62568923743,2876.89769310364,2862.03141836186,591.651904946932,2625.88585076626,557.02029249673,7982.59678663688,648.693220033289,591.919036204183,2846.81098274856,8020.18145022245,269.165899293056,7765.67535090435,3398.96235324716,144.321268470736,8102.06649375955,7761.41867798296,7927.81249684567,587.55690150082,903.0098095861,7822.19527145642,876.966883398774,7826.2221235209,8102.35339212972,7498.26025245426,2978.53314393707,8055.70560131103,696.992581887788,3085.3880607194,1103.95306484218,632.300381971791,2729.88882193753,8051.98641955911,7867.83006966182,7745.48067961885,498.338268415773,7946.14930713343,8069.71037416103,2822.71503294779,1016.61618150674,692.2307166988,634.745873517238,8041.61165756269,421.620400168683,687.927767682354,648.820250512169,834.183053763482,495.099034641522,853.767995218068,786.009466365174,2617.60369601881,2878.22757876189,2758.59566438533,661.295833557352,215.374143063281,479.560163349798,1e+08,663.985607061775,2866.96368589233,764.591265349021,2678.64359092409,2506.74443017739,703.442946276309,2522.18115830849,7971.6638323318,2813.41575780935,998.948246217003,765.8778379184,7523.62514560469,7644.6744301521,3487.55590503449,782.831796768347,8146.48228048032,2358.08825050441,8024.49609976182,7734.02043533887,488.835685490087,622.162746538323,649.103162730748,931.031606123473,617.464925539814,2949.1017052099,2627.66119044767,7724.71982079143,303.383942627471,149.674379665274,602.830885995906,495.781602439736,193.62039583645,404.160159522428,3084.57479129796,127.653326056448,677.40268578963,3989.84821370226,8686.91420778827,8505.26480492336,3839.90639353424,8350.13737948161,1264.78159871122,830.630159324886,8660.11779759153,700.62332109761,725.931727420949,8633.29973038931,3898.17694307847,8590.70345968849,737.582692108619,790.459013609186,911.920935987094,482.285656951854,4230.68944078937,692.422705820628,1436.7100718879,4154.15073239827,8700.82923659945,705.820392970148,3843.0648414528,4183.15063487677,753.611113375451,8526.47256202893,784.160981471611,3886.4131827381,8612.89232294347,3851.62833514549,3934.16456777991,3800.98398804032,817.145309875554,8425.53531445191,461.7667692799,8474.64126140274,8513.30132785493,1010.84939871793,8562.46846775575,8686.31068083918,8623.11140037183,8690.86608675155,690.340933149083,3895.38301998473,3837.11340738796,1001.95224120472,3874.70214879714,8557.56414897283,8432.50759910968,8491.01625842093,8547.79084329332,3915.19509527654,958.718361799946,3762.30461772573,381.624578884871,730.453764613093,8405.3850343236,4272.41125383693,792.096304168361,939.523062062683,3712.11349049764,1353.47235918897,700.778551286723,1011.15438343749,1412.74660333875,944.116006129446,742.880478836899,8369.38333077318,3994.2946945317,947.335067330409,3411.63129905091,8480.71235257624,1222.7526606116,3932.56590209257,8518.54339545518,3526.9730542054,3948.00606031387,8562.64484044402,3907.77668176264,818.121325432841,4453.99745334573,658.212055841829,8851.08213345606,766.914993747817,3716.08444608967,1434.55809686137,803.122608860272,634.119995327425,8591.54736842436,8556.72952043597,679.034474114278,3885.21517826205,642.720414427773,8823.39884668865,9010.67461208178,1163.06202212634,4051.43779022916,1427.07576811631,8380.62748145741,4058.13681850207,932.820672274944,4030.68691651332,1428.99150413374,4072.80428218821,397.300729315949,8535.15567770637,813.022669751937,814.338104582941,3861.54016564029,950.359237788656,8530.00616294093,8448.56110597805,513.747950763844,3835.63530282338,802.411103517781,3933.52735123945,4225.98824798768,4011.85733228498,1214.04252487385,8493.26278201334,8366.9490630826,3807.00649354994,3955.47100491193,3967.59425890713,636.560668641377,4067.17614518305,8672.11031298673,1518.76224618432,3808.30145729222,866.855018548451,8720.80518995635,673.132936577601,919.099200707225,648.947218342078,8563.40877893708,759.674059194069,820.092009899497,1035.43702408509,628.779742680492,8330.01309482213,634.409368314854,769.731055586738,1468.30301618838,8598.23399402857,866.058938979758,566.18901890199,3995.82191073637,3769.4766061176,1537.27428012191,8550.26508295612,1375.55298081871,1027.17010757831,4382.78233927488,810.851307243518,687.972206578827
1243.57641764157,1154.48249068074,2423.23451464827,2404.66539838767,7974.63701012365,8136.35364319943,2727.02111701798,2701.85836001486,8025.28884568639,1125.07044020968,2516.30549923037,2826.5422836043,2967.30926869625,1148.37586538906,1124.58055890533,1252.07063388592,3233.01262073306,2743.88381124194,8248.60462027011,2704.10863025768,2479.22985668202,1142.7643848498,2770.08315358691,1124.07133780765,1157.73613061786,7888.8301258793,1151.88814295131,2500.45060111597,8000.02474515236,1139.97960109456,1185.12077215384,8142.280151201,1126.67061787849,1426.18828352419,2931.92240572132,2610.94768795594,7910.94837141555,2888.40367283033,1442.8125389762,1126.44887578903,1268.38741842899,8232.93436127132,1125.27238914684,1124.06313242996,2868.84131370515,1135.06404122734,1124.29637054364,2411.80590898876,1507.14090032255,7955.48685278166,2906.45753232719,7912.5166518123,7990.74677570381,1209.26061266275,8085.88306414481,1126.59393373866,1126.59143795037,1183.78849370732,1132.42748116491,8127.63361849763,8012.16542618097,7696.20985711632,8050.3244533347,3207.31837273747,8154.74788705892,8231.46009037656,8108.62101496259,2401.12987217663,1141.33385889087,1160.05611312266,1322.45246008832,1622.30947128585,1240.98881079384,4002.70208025945,1197.77995168835,1418.00214983213,4326.73596851194,3416.50421276669,1185.76046851749,4049.90985149543,3776.40511539865,3843.61003179868,1452.57684185567,1746.79495677246,8592.30906553762,3711.56546245473,1702.49401037931,1297.85271860754,8997.27717553825,8392.41965723966,4441.30035738668,1400.12043508698,1785.56024310944,1359.27556857963,3947.52375464499,3811.23809468342,1194.72467452428,8694.32026825777,8563.59460659377,8462.96350265486,1726.99886999244,8544.92266879231,1533.39503930215,8700.91180892994,3915.70798912212,1278.30199828646,8717.29927668909,1460.78158667977,1327.09948151201,1340.40730479507,1378.11493225581,1736.24273184731,8441.44783385358,1127.56815033252,8516.07954326354,1124.0290577595,3974.24341600191,8910.05568154138,1655.8131587242,8824.69959529997,8489.84689564601,1530.40369704146,1396.52197089808,8582.75200088777,8351.54335774976,1133.21232730048,8954.34000032077,1819.08153897464,1459.01527374437,8769.86776004606,1326.15572689273,3746.90963955496,3742.50055130803,3561.47153890593,1335.63165543908,8100.8735531216,523.367350688953,8024.70929068094,241.216673612586,504.087266729363,239.84610071605,8182.66663853106,3188.67349305148,554.123613633038,8061.18937716898,331.807625734639,3145.45757289688,8057.56351972368,810.119843438046,8364.26031189347,3177.05717773697,7969.68688568461,8217.41582725551,1018.85896236649,1165.68733202182,762.87118163963,1017.26259415858,8040.75863012584,833.57340405726,8118.84968083604,698.599420689753,603.776093388263,3312.1026591732,391.402914851743,1164.87836055088,715.236550655827,562.462274554253,284.09208058532,2995.58811010232,1063.01947520828,1015.89211658552,2960.8691780698,786.650687130286,419.775458245818,746.580415403694,791.707598597159,548.326704631936,8291.80519849787,2884.42555188619,8036.14382027783,3102.07694797982,600.72293943575,8464.00785790457,803.270680904591,2636.0091974103,8121.18223965122,721.918269967398,868.98379489253,2727.53927402103,249.743807085277,3223.30159190244,781.367267891554,602.716050491638,1251.32702351101,3157.92987172575,896.209456670521,8215.48214428255,1242.57508674779,3052.60454920439,1198.94000360509,1323.91922523002,8156.18569634991,8101.18966076043,3076.88125405138,3174.60791852081,747.147118512498,2917.86459764013,347.501407985382,8192.89379739355,669.454426948095,280.923551361461,3111.07259847023,8248.63799269686,760.61964339993,8029.59831824074,3543.11435354012,735.187064220484,8360.99182549923,8046.96998598009,8130.81572272804,511.876548271105,701.248031945998,8095.37654968802,1103.16905119536,8079.22657271244,8327.80560539378,7724.01735492765,3219.53199879893,8335.16797021974,1025.44455368165,3207.0524162185,782.331876798843,1034.83451461665,3054.00564056426,8282.64863374035,8140.3352800692,8057.08761902494,308.047827943275,8214.71876980184,8356.22491328551,3116.27702181134,984.36330749417,187.637464165173,657.925888126682,8307.38214883692,440.095423322775,390.829069596965,165.671036400987,397.779764659992,289.587064304894,592.050644370317,325.633065576789,2904.72165154754,2986.74465765289,2954.25275911738,1064.7348710924,621.32806055205,858.858402119835,663.985607061775,1e+08,3096.044745031,350.133589016803,2989.08258801227,2826.0505036164,854.842319779239,2833.0452857184,8263.12801552834,3112.83247426169,955.310334646554,281.220785695352,7795.8336666792,7941.63003442441,3617.59823099709,430.927923567254,8410.5248142783,2685.99676207464,8247.28497985968,7992.70419905381,510.696627933997,355.55217204314,626.478086955615,1230.95340874159,210.095394155489,3207.78586253273,2920.05834732785,7959.8170161733,856.229573674604,728.035945118342,643.415653278451,594.426819131471,654.555679667678,904.019635361214,3395.77761270955,661.265210347839,393.747603585717,4350.39458401116,8996.90362851767,8837.38847315329,4187.99286355882,8703.09252585132,1287.62118975518,995.654920871154,9001.88518027644,633.86305473229,663.784633895138,8972.15887596711,4231.3894228924,8937.73546840959,692.978348730987,973.645894997974,1328.85189801919,972.383931350298,4595.39761276909,1142.35223945984,1767.6170160101,4510.64898422627,9027.74778907705,1148.857783066,4191.46977273797,4542.02231099253,776.532999891629,8862.84165965247,1200.48012447003,4211.63943900264,8939.49055811183,4190.15486644948,4292.75085253351,4133.45649842503,1227.20433496594,8773.88388833342,870.970868810657,8805.43308661972,8864.63525479946,1394.09868738448,8901.76214611256,9028.47484137793,8963.04393108532,9013.570149891,830.917717584542,4243.50552817592,4174.05925206925,1385.87004777732,4211.96520207533,8908.04883681645,8776.64763573869,8841.50368844998,8892.91449691182,4240.71255494686,884.353592365748,4103.50323676364,895.120360044211,761.61416462173,8749.63801419057,4609.16366706398,763.433653910027,1333.33952830237,4063.6488517371,1676.33382660595,644.016472192256,948.958142451571,1442.06246430658,1275.6528303926,851.672428899444,8701.62704181623,4326.24168857925,1327.31330544368,3783.08084929182,8826.11076753954,1216.65727861841,4263.19608823511,8863.86113517516,3890.652190131,4290.62495034085,8904.57108468529,4243.98232397204,1233.42486478139,4822.60962440887,741.519375292133,9191.87252347568,814.534580116781,4056.56849046555,1461.99695363188,780.579212639602,1097.26477615511,8921.81642050142,8901.07509220214,818.944568795442,4224.16602909023,781.942223270946,9165.62530677651,9343.04495510929,1526.38779220063,4390.50084640462,1433.45389597407,8727.77244422986,4384.30242389895,1325.22602194239,4377.43012243194,1694.61981797632,4424.25509706415,882.428102057618,8877.53494025117,1233.28020253291,758.809125180473,4200.84724944202,937.98692148657,8878.5381485825,8792.68103984187,983.836073112756,4176.55281655783,973.831068804387,4278.41998442929,4572.48589135155,4339.78080217574,1576.16971223336,8843.37037488823,8720.66246267171,4140.43635738837,4321.05853294487,4308.82198890184,1090.30256544525,4396.28925080535,8971.32796421674,1563.3302173825,4140.70925321324,1119.78757916835,9066.45241317978,820.017448453934,873.596154546659,743.156634805893,8908.35724914838,754.430650392579,1202.59510730968,979.806593235458,787.293728296024,8681.87365118524,654.662109540576,1190.23767660959,1472.91385494485,8942.87054286623,783.44470486623,1032.9243228722,4333.75934961454,4113.50942000016,1558.66783584157,8865.78653923874,1660.40049877085,979.505428565412,4741.76035970284,1232.41658705121,600.12057687187
3394.82534704815,3566.07385647087,2719.87391315839,2723.58302994242,5918.55996355522,6064.63865473917,2682.13680491624,2683.64771357009,5964.22390013064,3779.80345884058,2703.74759584348,2678.95375403597,2681.9395642941,3584.740795032,3770.71426796174,4149.60419674747,2710.63549066826,2681.28455278386,6166.50981616207,2683.50090721738,2709.68152038145,3604.15088689686,2680.21456168782,3754.41075035246,3556.91069465983,5841.39728526343,3573.745900392,2706.20609030908,5941.43719529424,3614.89648813401,3493.07382707662,6070.00766150196,3799.91039695205,3194.09999711216,2680.37452564546,2691.51132475801,5861.26351826628,2679.19662884315,3179.60661421252,3693.73346269431,3360.92502456749,6152.26612860077,3708.02502548534,3736.67684810196,2678.93735515947,3636.52919025676,3763.49867557557,2722.13725661482,3127.17119864027,5901.31756799223,2679.58487267973,5862.67275528579,5933.07423924947,3448.35426904463,6018.95969343028,3692.24140273635,3692.26671257655,3495.78616860868,3650.2155113027,6056.74087184216,5952.38477739186,5669.12004409844,5986.82482615085,2706.58426945161,6081.30606815857,6150.92644029035,6039.52915468945,2724.30790840085,3609.56058358039,3550.65088980379,3296.21728556317,3044.94906422785,3398.56107092189,2945.32662953545,3468.6795638523,3201.39720760539,3100.35799682959,2747.17582332524,3491.78225347665,2966.09804452804,2855.17696002619,2880.26775678565,3171.28743745512,2969.06634218969,6480.63636553007,2832.37692941166,2994.71953429346,3324.35589253941,6854.51582988401,6297.55972744646,3161.68542008982,3217.72998713315,2947.74290959161,3257.30129233311,2921.88440104994,2867.99912269028,3474.35719267689,6574.45749583543,6454.27363720477,6362.05055643987,2980.35548176788,6437.14210916869,3107.23226565434,6580.52849513471,2908.78640871518,3348.2241595681,6595.62630366822,3164.40257003979,3291.10918088128,3276.80904986168,3238.62991486816,2975.04954589975,6342.36691001203,3683.15845008722,6410.69599412198,3751.34679190672,2933.12215168523,6773.67807108428,3023.33452758429,6694.72960851586,6386.66205335383,3109.46532007213,3221.0850502616,6471.85973184963,6260.25265019308,3645.93782637419,6814.70089127046,2930.10764389839,3165.87677231453,6644.10039545255,3292.14161382216,2844.63138608228,2843.07981548846,2785.12355523822,3281.88655132202,5533.68665418879,2981.13312659601,5525.62235249037,3104.84928334677,3381.44824731876,2914.83639090549,5594.48437226999,1309.10850970511,3245.91332385347,5451.54773969036,2926.80128503068,748.433970479682,5502.99670666742,2812.50807061891,5682.74173551536,543.421435087469,5353.48513837506,5585.38921109152,2718.83033801151,2642.42099629597,2830.55765237516,3058.31619844506,5431.43266066297,2810.76425323142,5535.32951473017,3140.50263462836,3242.67977238065,1525.12120565736,3042.4391628728,3948.59849425097,3201.72659311092,2986.96480122579,2942.71537611059,887.15775216363,3260.15184105587,3015.72363990297,487.870954828302,2849.76806158827,2943.35892299862,3158.1347568981,3839.60947455896,3282.7039903188,5634.55346902612,354.763258378295,5463.4344529762,396.658769111844,3011.82010676231,5806.47153214756,2847.87967901549,1645.2255443123,5532.96212210884,2798.72237806091,2802.93970043854,521.203557267079,3160.9140406289,508.986516471244,3176.24950715928,2947.65997881051,2767.27982043606,757.556583352124,3125.63835055665,5601.02148023661,3155.74621107293,1040.71891143857,3483.05622359326,2559.80033201322,5571.08442055135,5538.83007183824,297.266330108213,562.352155892613,2938.70597135935,1011.23664120452,3062.96798039922,5591.84493052032,3131.68743386181,3109.90389262809,298.856351384452,5622.32855552086,2855.2607064458,5463.89873296083,1665.93869933277,2820.07586171936,5700.73877576428,5443.02881499019,5573.93773249228,3061.40284059895,3389.29890349343,5498.81985252117,2770.79211712033,5490.06617500492,5688.28759387919,5192.74707320022,335.95689109744,5710.72115937938,3077.49643461947,2391.79069680268,3645.37990516208,2921.70437250831,815.777185911591,5640.65229622077,5519.6745486182,5524.08488326918,2932.34107295771,5613.26048496902,5717.8872065355,679.58897127718,2998.14581674982,3128.25409293443,3123.59331517877,5651.54155057613,2953.86313809994,2991.95185545665,3075.42662700837,3244.13264849426,3002.17926037742,3349.10501219052,3293.12717970036,656.777937596072,1510.89085319623,374.8808674143,2715.8954772991,2868.47857703169,2791.37824628732,2866.96368589233,3096.044745031,1e+08,3130.13163437443,677.9251496213,1086.35812128388,2832.36870208277,920.842260760345,5635.56043666734,759.938149348429,3055.84571206795,3250.41894240584,5278.03577107737,5408.81072786245,2414.42383011453,3245.66045602447,5752.453169906,1444.79937572838,5614.71274093726,5402.03914303436,2944.95739966092,2981.0212572924,3112.6075849247,3395.68485171037,3085.28316505167,388.695272233805,946.414029514929,5514.51100438934,2778.25570903077,2790.66637251381,2976.13472600573,2966.16070485062,2846.02618071593,2755.55841030007,533.770237423552,2862.29899829756,3038.60461919532,2205.35676779211,7034.34041978405,6812.56434737291,2298.39314795961,6593.17319279215,3441.79576499251,3241.48129240001,6882.70562898525,2626.88802762265,2646.37454987119,6930.89607801421,2693.32474200516,6785.25886764894,3105.42158172332,3201.86560883256,2566.83355729205,2719.24362320325,2308.50458364389,2697.84466711865,2578.12198982144,2305.76965321072,7043.50507312594,2687.24681063898,3051.57014811196,2330.12506279438,3179.11784260381,6797.47716091619,2662.13843195508,2519.95201454909,6919.39157463716,2528.777701686,2202.38507541329,2729.83776126918,2676.94201950546,6591.84061611729,2927.20525524103,6784.63917522323,6705.75074392974,2654.92664646766,6830.90668441024,6796.86572103359,6832.0605967081,6968.84833656498,3033.37295442976,2255.92112819898,2840.36581747474,2692.570370324,2362.47185087273,6735.7411796408,6635.21440976706,6673.68106670319,6702.0241421771,2559.14960390527,2802.72078898298,2635.47208542517,2795.1406013022,2537.48930277854,6621.24765603272,2492.76912557245,2570.13799383635,2646.58478810313,2824.70528056457,2626.19617445464,3054.99171916756,3157.88358425942,3446.03788996489,2754.17401636705,3162.82933472589,6717.2093242459,2531.69017357679,2620.43524476079,1469.87777377631,6704.23532626753,3199.36431511195,2753.96769207153,6730.29021400334,2441.17467799628,2373.19457093069,6825.50942183498,2661.36566030065,2674.56946641478,2489.07504211418,2487.09621796436,6971.21796882865,2476.86082192727,2818.37848413726,3613.75768942414,2545.08159134663,2677.61255037427,6908.77030094626,6704.96735112655,3020.12231854665,2425.05568656834,2638.51125817147,6930.53915053733,7012.19156206699,2611.46249582118,2448.08185441852,3596.00909439752,6514.28264208722,2515.27314515063,2647.78271444985,2334.71659392095,2666.67595891177,2289.16995866582,2765.48636265747,6744.13881038707,2672.96429681162,2575.61938333123,2962.70569052014,2794.31311256867,6656.8106278275,6712.43623199326,2746.07038873882,2744.77708184577,3202.11868243848,2322.54348481489,2421.4543513955,2568.86415630595,2594.06671396387,6650.5485089052,6590.49506561383,2648.68670718033,2100.31316536663,2439.02070389014,2689.55707084591,2616.16987940767,7013.37284743462,3581.96923538124,2623.22522705614,3285.36207134732,6879.87638140203,2586.57483175937,2777.56945288521,3003.03172436713,6681.21817249554,3055.60009794703,2716.46800354077,3086.75848284425,2924.09546032628,6592.43652662264,2906.5249431415,2650.45573535946,3673.22589891707,6780.71779824123,2848.4422793787,2688.07759965247,2441.21463680291,2829.71624590129,3640.63980888005,6883.69922564838,2704.46354235727,2946.40477189575,2502.73618225391,2639.70329089109,3051.16042620072
1342.90511860079,1254.17588482556,2495.97791902268,2477.68932776878,8019.47471808552,8180.92892252994,2795.63949528207,2770.78809894469,8070.04325436025,1219.1650916878,2587.69536129223,2893.97658215572,3033.18820814075,1247.85123233411,1219.04378273333,1325.46328684417,3296.2858511656,2812.29630593965,8293.0036143199,2773.01032043906,2551.14866953187,1241.95667094729,2838.18009506211,1219.16935915959,1257.51717367697,7933.81131285996,1251.49834988078,2572.0650413105,8044.82057396773,1238.99042369327,1285.16440959105,8186.84600528825,1219.91391530304,1520.70314786588,2998.1799470953,2681.04534434129,7955.8922855572,2955.13802485407,1536.84923527966,1223.59501444883,1367.18589694526,8277.35768458365,1221.98237471046,1219.81207214377,2935.79414346941,1233.65617828924,1219.04476212787,2484.72154031545,1599.33916800239,8000.35632193647,2972.99255128764,7957.45793081419,8035.55787937345,1309.13872303998,8130.53915257883,1223.78391479836,1223.78067799614,1283.83312192686,1230.71808607526,8172.2227899957,8056.94131890602,7741.52441022845,8095.03806519013,3270.82667126002,8199.29395643256,8275.88570723314,8153.24057657996,2474.20762218991,1240.43699370978,1259.88973158425,1419.88985826021,1711.33372949488,1340.36759469856,4060.22203462321,1297.76774110175,1512.75242057577,4382.40334713129,3478.19182533418,1285.80326353971,4107.14277459926,3835.39290335667,3902.14525528751,1546.33290788612,1832.62780727668,8636.19612350294,3771.00416846903,1789.43191771429,1395.93492082526,9040.60989593364,8436.59948840985,4496.37325567987,1495.38405061213,1870.45420787223,1455.69952534549,4005.3872601503,3869.98947762689,1294.73293574131,8738.06295741382,8607.52290491091,8507.03847574433,1813.32128590256,8588.87792869485,1624.85379700909,8744.64528279404,3973.77365681651,1376.86803329364,8761.00989881204,1554.30212075744,1424.41164295504,1437.35610371663,1474.00671596273,1822.33569132805,8485.55460791319,1225.01805030781,8560.07667737652,1219.24252634983,4031.93945623369,8953.50365118144,1743.95236911324,8868.26249521479,8533.88235415417,1621.9463000762,1491.88864690478,8626.65275514534,8395.78473562947,1231.60021296929,8997.72918222575,1903.18461959167,1552.58648682749,8813.50563790117,1423.49339722808,3806.10077001142,3801.72233139327,3622.01169746753,1432.71159483741,8166.66933890901,659.359706360715,8075.79639320385,231.104290727269,769.886948644423,449.01112703739,8246.69147464795,3301.38143234766,821.411236323758,8127.83786035236,600.468015226306,3118.84758813736,8123.88277431101,822.220548669129,8424.67029555613,3248.71239073227,8035.20853980197,8271.55158545538,1006.35761353759,1223.6930146547,747.648284028146,892.064635255211,8086.4691168811,830.857417198494,8179.26087570877,964.103447159142,443.168094543305,3223.9394773513,143.786878586897,1318.46879631086,980.099777808989,835.906705798097,549.362050036807,3096.32937971005,1291.51988941745,909.116482947207,3030.58293983351,779.258389675926,702.27361457635,550.054780964311,855.022726911158,276.873592013711,8357.60574533075,2918.67503283021,8098.47229326703,3121.65722589663,873.141887471428,8527.76540987874,774.008177628491,2783.05803413861,8189.97186084743,750.838291906717,866.645655450044,2775.11738513925,558.887630326675,3260.58558181607,1041.64001164381,595.607163839047,1240.0484668701,3232.23870533586,804.2024896576,8282.68914326117,1143.28206977013,3001.04464882363,1398.71793587437,1338.71755663409,8221.21445122688,8165.39757414189,3100.79176493379,3228.58821547069,716.278683896375,3033.65609156317,641.819845972482,8243.16369276284,937.267145413911,575.131410600122,3160.60801845778,8304.34006777908,789.361575082976,8096.7481724285,3460.75838120297,796.33103623818,8424.98130378382,8111.14579327153,8171.00543264989,808.441131962484,960.77737951671,8162.08502363552,1082.8724652808,8141.89645921517,8384.35724982066,7780.82083227799,3235.49986797958,8404.40497649167,1228.3414020457,3059.74469161033,956.751701357878,1204.11858338425,3138.07671178236,8341.57275980572,8207.20653312017,8129.31441882727,548.334990362321,8281.26815792446,8422.24604207279,3197.89669553845,875.811806119595,261.015224387361,930.22439566511,8370.77028113044,487.981820426711,197.53448397317,368.747609825786,201.230915084014,568.714971586281,850.366883998305,573.392695821465,2985.89317703616,2882.25900327735,2977.90115562352,1053.69585007939,674.805472326755,847.429995334071,764.591265349021,350.133589016803,3130.13163437443,1e+08,3064.05981679278,2936.48270332728,813.206025884312,2932.15222026869,8329.7740860014,3200.18633156641,843.5259997674,561.336704111929,7863.88400409676,8013.25684895996,3488.23300356491,708.954041583016,8474.99102607622,2823.81058529231,8303.60606989644,8055.56961250364,782.039797084897,664.49122932059,901.611105155662,1439.79830691066,506.500316896489,3239.26557072964,3024.57141197812,7952.05727290522,887.87128517628,791.896365202242,912.716915597222,863.34442056567,710.861478550612,902.493172739975,3430.53223340308,730.743978924517,265.360914233882,4408.78432620834,9057.39361613899,8906.51324159511,4294.38274509997,8779.78293087994,1162.67987240087,1243.9199937776,9076.91529302136,667.030695077625,692.267870859898,9047.75945116496,4363.37333654059,9016.18948461254,980.881098048437,1216.10844880413,1377.2020189338,1046.64928324162,4638.77182590247,1172.6332571243,1786.06756856327,4563.59822080379,9095.96888221665,1173.97669816991,4340.28131609781,4594.90843624789,1032.66881013292,8932.40631949027,1216.80375068864,4326.38059820098,9007.38198964141,4306.59281887324,4360.05990795934,4272.78477570305,1296.70396255503,8850.80691460527,1045.0472066415,8872.49590322194,8945.16808506796,1415.02942619951,8974.82609644059,9102.00156206826,9036.99943472236,9080.74068597115,1094.84482067908,4323.58916905268,4316.20897711688,1413.22314969018,4317.38434788238,8989.1497231658,8850.00735666542,8916.82918960177,8969.89740669701,4356.99085387053,770.890922726402,4243.12917177385,977.149215431352,863.964765188843,8820.72297737217,4668.96619297638,871.192883276018,1354.90240290826,4207.62532041666,1692.48735221993,938.449191061163,804.562388914342,1308.57943802515,1415.23887748354,1113.37218161346,8770.83854183183,4435.84390131068,1341.98029426475,3832.04008692573,8902.11406538381,1073.21090591148,4397.51317443811,8937.99890726383,4024.27642280745,4392.19733731452,8978.96801774636,4373.67395654742,1268.63704844222,4833.37560565757,820.878093457524,9278.47868314032,945.734700498603,4202.86280571096,1337.16433891188,888.532138490079,1134.96461509085,8990.88112358902,8978.69309622093,1092.02704090341,4337.07759884076,989.805949703742,9244.04077910132,9421.20818343673,1559.96148641932,4484.71703183555,1293.61359422124,8805.92818010807,4492.33182367477,1364.63645124191,4462.01589521897,1718.92959254594,4471.45130190542,922.476677055692,8951.82751872989,1263.64660117467,755.980506035921,4346.37896611633,863.360358050236,8959.41500891974,8867.0349287263,1086.92731720763,4313.48987031253,1219.13204394511,4372.69073104796,4617.68672911568,4455.39420451702,1592.24748049724,8922.86471144405,8797.25438343372,4273.20045591467,4379.63027942767,4404.30983412128,1126.01368153127,4503.59929389225,9033.13990976102,1442.48235218546,4273.5906877978,1344.11906402447,9141.09995491645,1019.58081916084,770.932042244125,1018.66794951302,8984.80589460088,1030.78028326238,1217.20344602827,830.525155658614,1057.10871869273,8756.84038165793,935.371818317289,1219.94239969214,1330.37115342779,9020.11138301952,703.006321446986,1062.4593016772,4429.36062324432,4254.15663997154,1427.10499473737,8930.94711255553,1682.11207703459,849.621811972998,4770.81432031483,1292.14222335879,900.991851184394
3204.81003044216,3377.61891039153,2543.94378336225,2547.07254606189,5938.92524557804,6087.24029449668,2517.22258207939,2517.71758493438,5985.3019061171,3593.71977505113,2530.89274884572,2518.22394434491,2527.54470863656,3396.47883427386,3584.52420212621,3968.00480886904,2569.26924679293,2517.06086285573,6190.59876464291,2517.66091428063,2535.56863433948,3416.09317727704,2517.07894211295,3568.03076968992,3368.36233250176,5860.52873532516,3385.36984494453,2532.80796893991,5962.16113472064,3426.95332508397,3303.901825547,6092.68912710669,3614.06324089941,3003.07762635305,2524.34464298382,2522.06062387599,5880.71624318086,2521.19415108471,2988.56712816285,3506.6584007737,3170.66074294598,6176.15053268218,3521.11184828767,3550.09170535547,2520.06244577845,3448.81959398098,3577.22441022702,2545.84861804332,2936.15890820615,5921.41039755173,2522.39549035588,5882.14817399042,5953.6674408535,3258.77839558046,6040.87552070142,3505.14951105534,3505.17510626416,3306.63960647031,3462.65560676516,6079.22479099303,5973.27921599687,5685.35483424655,6008.25092732714,2563.90892550795,6104.15498575652,6174.791549839,6061.75529113326,2547.68819371387,3421.5604138317,3362.03923151176,3105.55466603834,2854.33337032599,3208.57467020496,2844.8433530251,3279.28348807435,3010.38707675472,3016.41523608581,2615.37343112896,3302.59817396068,2868.08436016122,2742.66399999804,2771.35324292331,2980.24264015792,2779.35946928195,6508.9752742599,2716.380436096,2804.63263017151,3133.85293448064,6887.33864684059,6323.48078999294,3083.32130662338,3026.75558533983,2758.41996719614,3066.45725783815,2818.49408210831,2757.35324887638,3285.01248888238,6603.97608207922,6482.27402881818,6388.84149367556,2790.47105946013,6464.92082262028,2916.27197693742,6610.12209841013,2803.71095787216,3157.87325319581,6625.4057842558,2973.35597443224,3100.42002675112,3086.04987286966,3047.71703089447,2785.24647558634,6368.89449475459,3495.96440810171,6438.12984360459,3564.93125595916,2831.14213503667,6805.57887725645,2832.91482883914,6725.70560007693,6413.7796626866,2918.49794125837,3030.11936136925,6500.08629129989,6285.66111423054,3458.33098219171,6847.07268086163,2741.15550986676,2974.83035990741,6674.47018385775,3101.4577594855,2730.53480697337,2728.74634433448,2661.05623515787,3091.1515044891,5548.36199199867,2815.24114711095,5602.00992473639,3013.0991388809,3227.77052029197,2807.79744149363,5630.25843807299,695.250941039921,3063.07517860569,5494.21864471606,2790.85855873771,1248.96813981366,5549.0479336577,2649.0650321386,5745.79515463364,311.714224254635,5391.10702938158,5686.92347810651,2548.49486245092,2420.87968801646,2701.80673878202,2997.46663059435,5535.05921989385,2651.24252794008,5609.41573066851,2918.66285113321,3194.66105879342,1925.51824998252,2979.22839994254,3764.81496050604,2986.47268199249,2795.53570035306,2812.06417745923,379.252113984867,2980.84959243083,2949.04460086508,392.113430296491,2712.38165037081,2782.71949923132,3094.75651769993,3720.24351820068,3222.47999327969,5689.06351050088,738.285586250846,5526.54802364603,971.908244434787,2805.59685824317,5856.96613484239,2742.77871907194,1138.56712132117,5531.5649025837,2650.56901206029,2642.01764832791,745.971814246315,3021.07292049998,486.259116238728,2944.39554665554,2826.3689447757,2648.05983414276,220.199643516527,3039.5683205548,5639.04375675006,3083.6141377736,1411.91426620222,3203.26843515314,2354.58798025215,5593.2860879183,5588.45658922858,846.112402755204,324.540327214405,2826.30134707914,512.266600371918,2909.57040815761,5691.82709915797,2921.09376224155,2961.40881953703,451.530103657678,5712.70105984074,2683.63086841144,5507.81651309731,2058.50399051827,2636.52056051384,5758.75161112282,5468.29309814051,5680.0088176934,2875.78442940301,3199.33702624945,5521.00519782265,2650.26877195271,5546.32291337284,5785.09536182167,5261.1572515415,850.37875673942,5728.84318382848,2785.1709602048,2641.25276437465,3490.56849389209,2641.38827448189,195.057427329961,5726.871713961,5554.53454747625,5491.67980419293,2805.53682731978,5655.78189899535,5731.10020474416,293.740068712057,2933.21896260361,3027.77034490043,2912.88069014309,5695.85030224156,2840.41582618804,2927.34187281494,2973.64724976877,3169.39442318342,2861.69048923871,3174.69488468166,3154.24617372069,234.589536437317,1896.69452598277,832.616922150269,2547.52698362138,2719.38305097515,2644.57626962815,2678.64359092409,2989.08258801227,677.9251496213,3064.05981679278,1e+08,504.79436694036,2736.22198202909,369.08779272808,5640.24322761291,251.5941834407,2985.74877780484,3116.03515829532,5294.6522683152,5395.80876397955,2670.06628175775,3093.5084012534,5801.40031381933,949.631829530315,5711.19141813082,5443.94252229381,2763.67303877747,2834.31720297795,2911.95788671312,3100.81196201901,2954.83107743107,687.485416331381,480.275752108531,5666.42887549925,2586.12483804682,2609.62673755835,2767.86062302932,2761.72957724166,2685.79336458532,2580.04831269706,636.412061015124,2692.20754993239,2963.79251305784,2038.78340884835,6949.8512574066,6709.15019549295,1987.49671876577,6474.45498994183,3370.74129999957,2970.09642873442,6777.1096330375,2551.98693415904,2570.52655282761,6818.18426258584,2342.45972941291,6678.49065008393,2896.01912830619,2944.57481177125,2354.61466568108,2501.01835537908,2196.16850081355,2492.04161387228,2372.85250925979,2174.09008228466,6937.41515920449,2479.94740271299,2663.76198088066,2193.56499485769,2969.55982431487,6694.97258747046,2462.5234608315,2231.0855814555,6818.30929962621,2218.75008204468,2008.12954604959,2362.93854630454,2459.74351712734,6484.38256914564,2669.49109540793,6681.54839969232,6592.70792673097,2453.44612284189,6723.27345963833,6706.39486980645,6730.20944725814,6878.79796529659,2787.24874332694,2037.82162266247,2459.55198367025,2482.90038530602,2074.46812947213,6625.7445320225,6528.32984025018,6566.74289028888,6599.93674880871,2266.64201702061,2751.96181546826,2246.92955180933,2575.23094766228,2427.7716868216,6514.4329918768,2366.88288183688,2462.73702942311,2444.57122929354,2433.20253921058,2422.22021120571,2847.99751290194,3098.17892686145,3387.37492717298,2498.34345348607,2921.54263172089,6607.49243015359,2254.82808845007,2423.41934132461,1266.86031874797,6596.83403678917,3147.5548205333,2405.38248093868,6625.345729794,2030.04113378021,2093.03811861372,6717.39603036981,2314.08996989127,2469.12667637518,2462.41598092233,2391.22590848154,6867.40255532481,2355.22203865651,2433.42530238691,3540.75338739538,2441.58484603122,2468.53053031733,6804.47342984177,6604.3755958457,2773.4607866456,2114.28420523533,2452.16182924681,6836.91541556792,6935.25690355184,2410.8418629022,2200.77549980098,3532.79884380098,6412.20248426292,2242.83630579554,2446.58092922948,2109.09934392345,2471.93046078338,2163.89174072209,2574.92891932493,6641.42342768384,2466.74014900519,2518.53372372701,2587.63735931938,2723.60710726347,6551.51404809676,6600.55979122351,2512.56674845433,2377.76946429785,2945.396933866,2062.55866041367,2317.59484948318,2266.97096368867,2395.5991624273,6543.92000621454,6472.79112337976,2302.62500385106,1928.24647396625,2190.17525616783,2483.06840960361,2353.75713635108,6936.27682480559,3511.17573191825,2265.2385211367,2999.24369807169,6782.68316471709,2404.61396732072,2722.73288726765,2773.73847484702,6582.82876086892,2837.74095021545,2522.92642135442,3032.3967684568,2680.26120518288,6474.35393184828,2708.3355063219,2446.56577176588,3607.93156124393,6679.31352844511,2777.60066997581,2489.13088140029,2193.37542019271,2459.75604881391,3575.95759354201,6791.26508720192,2499.85260232987,2891.43486705287,2429.3398330245,2425.11389883228,2854.00211891812
3015.31142345241,3181.05617279432,2440.76276373245,2442.2567596446,6092.75380537091,6242.79639384043,2441.53235337992,2439.7127317908,6139.68277097959,3390.71636511402,2436.00078868297,2451.71479418453,2474.02142796315,3199.26245948543,3381.75352504072,3757.71870291127,2539.83652420241,2442.92375797591,6347.29490944424,2439.86289335386,2437.35668399573,3218.21788610747,2445.35744777352,3365.68562993971,3172.127849116,6013.39731759309,3188.53604649564,2436.49353424586,6116.26782951088,3228.72204137357,3110.09869729321,6248.30659402398,3410.55611966883,2825.25098832475,2467.56301723738,2435.73421459381,6033.8352627804,2460.39810516758,2811.78073987881,3305.9932751316,2982.83168038299,6332.69031077865,3320.03680326041,3348.22153938957,2457.46018032274,3249.88997038325,3374.64077431953,2441.66065186426,2763.42445577972,6075.02739745502,2463.26559732881,6035.28487111164,6107.67279765889,3066.84282652151,6195.90354835825,3304.52770724336,3304.55256674605,3112.72776117453,3263.29642703155,6234.69035324302,6127.51798635996,5835.95044094218,6162.90094645093,2532.18729140727,6259.9011181527,6331.31657106396,6217.02244169537,2442.56192994786,3223.50513448524,3166.03186452699,2921.22113348935,2689.03716593577,3018.89831417316,2876.83251728809,3086.48118410969,2832.04874104217,3069.2449951952,2601.92806347912,3108.84699210799,2903.30288319943,2758.2553805958,2791.97164282348,2804.0682044998,2622.47506270024,6668.89010460826,2726.99848450486,2644.70511615461,2947.94646479785,7050.58681255985,6481.57155355579,3142.7921904861,2847.30007571442,2604.24587006841,2884.44632553163,2846.62451757403,2775.56657177316,3091.97348460735,6764.77410674121,6641.9345996652,6547.59065671141,2632.21978808918,6624.41469320657,2745.20903196098,6770.97613615466,2829.57531408778,2970.69704931827,6786.3985338906,2797.69644058597,2916.38131854243,2902.85236612734,2866.8861449887,2627.63203791955,6527.44458404169,3295.60850598839,6597.36406721856,3362.6672671818,2861.15244504559,6968.14686385273,2669.84084834344,6887.58861179437,6572.77545629284,2747.24391572823,2850.43904440177,6659.9167769032,6443.36276502644,3259.10506145731,7009.98845719647,2589.36171832273,2799.0599202243,6835.90272231987,2917.35922557989,2743.87867842655,2741.75211243809,2659.71429712084,2907.65260673916,5699.14892709326,2642.29190103558,5760.58607631875,2868.49307478212,2999.64619465694,2651.79828086892,5786.8911538635,513.895688930485,2825.34442656113,5649.04679681091,2612.36211817044,1585.07004833542,5697.54589686963,2488.38001200057,5932.3027171325,733.255926119186,5546.21175829967,5889.15950802915,2393.67093465199,2264.94379749732,2551.45739942558,2875.41977499522,5742.54539893812,2492.81639831002,5775.96827664704,2665.21388346863,3065.22684678497,2188.95586810354,2859.07439811494,3510.20069181892,2728.81598536946,2572.00783761075,2637.24840511278,304.026193661095,2691.81553815865,2823.87788420014,685.784893078841,2556.80716163441,2581.47460621531,2972.30976819817,3530.20066447549,3107.5660869334,5856.10720416717,1030.88204427866,5687.05750351793,1339.51972605066,2573.39405956009,6033.82420615023,2597.43144470936,705.890973065799,5678.49473795523,2494.73720866239,2483.4550429803,955.541804514431,2823.69416535888,905.440951542358,2679.79815855385,2673.37363913446,2503.33449116005,579.553833568562,2898.71377193895,5795.04032179402,2954.82356340045,1713.71887036856,2928.06443298884,2207.71131003458,5744.65270306129,5740.49576430544,1207.96921948076,786.39343780353,2674.35280652391,261.984057680472,2710.33413116276,5884.93499019227,2670.74092484897,2761.84094677536,893.220533039998,5904.9235969815,2520.58268420853,5656.97236297557,2325.9469284803,2471.62547651422,5929.831522461,5620.18616701711,5882.06505311303,2648.43444231557,2941.74779026419,5674.26583247769,2505.81722329493,5705.93671569701,5980.62460346433,5423.24157761291,1247.81685056362,5880.78822572863,2535.14345256953,2859.46780324447,3267.83841875647,2413.52676433746,407.708937175741,5919.71566886568,5708.32527653867,5626.4495476253,2634.04424857607,5811.42953730696,5886.54224476424,616.793018237659,2808.84593014527,2875.68460504494,2665.0105633939,5867.88742631247,2688.93851871303,2804.63745741065,2814.6156386873,3037.99964744548,2680.82617391212,2930.96296418755,2949.67219793619,457.408222323368,2153.00431408777,1165.93679029308,2393.43879471116,2560.41282277562,2489.95324629156,2506.74443017739,2826.0505036164,1086.35812128388,2936.48270332728,504.79436694036,1e+08,2594.3589906698,242.384061852397,5791.81823937207,472.675238287702,2855.73141489532,2918.49703003003,5436.99580363873,5535.08691070795,2891.82611145034,2872.37182733985,5970.46993383708,505.656639155033,5907.44490702149,5599.28126158196,2551.96675417015,2636.88909081908,2666.37928744915,2818.91693073723,2770.62104316789,1075.71225701448,317.612516466602,5943.29264312808,2421.14407460687,2446.93551907612,2522.27274388063,2534.59590808124,2524.50055807145,2424.41226509183,1082.0601420249,2527.55816392149,2833.57695633933,2210.09257962165,7071.04241774974,6826.15520896071,2034.18691888039,6585.96281510315,3282.73497299029,2678.64892731506,6891.59903567519,2432.1538467881,2448.29693664092,6929.05101119695,2285.35861607021,6792.51157319784,2636.16533303276,2665.36215953764,2204.29752425057,2335.14561409542,2399.54295862926,2332.70420815142,2231.56461335347,2367.64174237324,7051.67227568695,2317.44638375785,2514.15312705384,2377.01893643205,2712.96574321202,6814.24161265055,2305.78495364787,2252.34570928112,6936.54763954626,2226.99475308084,2160.16523761615,2280.96789420398,2299.58803597693,6600.11215305813,2462.78347301009,6799.49456534023,6703.38215906247,2303.16770972439,6838.60275897213,6830.64467362587,6847.04525831115,7001.47420370468,2515.26319785209,2159.34109291578,2337.47823009672,2326.18796700502,2131.04090323869,6736.40396154564,6644.61015318729,6684.26806365493,6716.99642708512,2279.37247118691,2660.15436420919,2145.86596654924,2400.30594492111,2286.28259193931,6633.75643333641,2541.32380776722,2320.80032964736,2294.13279808321,2311.42924347169,2274.44960851675,2596.78382353394,3012.22897783912,3307.24863984167,2311.21389039905,2649.68027562113,6720.64570805477,2298.65832397839,2272.9706315436,1477.70586361393,6712.08829383826,3070.86385257704,2345.68646147776,6743.5942396272,1932.9982359801,2163.14299673997,6832.86408426093,2267.63112820015,2312.05502995636,2691.63176127429,2262.77939487122,6972.64814135083,2205.10793730329,2318.97260060694,3442.29004244392,2302.27862539921,2307.78294011932,6920.85529577322,6720.59590071813,2504.47593589196,2146.93800593746,2249.85858463681,6955.59994515154,7055.83616525371,2267.4580587237,2288.91721627109,3443.79339346176,6529.56302200246,2293.76240562733,2296.1494839344,2232.78411201796,2321.48634348219,2336.71352401239,2410.74410652578,6759.10375884133,2310.30300479789,2411.46269874226,2463.77731027055,2628.10875692448,6664.80967281288,6714.24262940472,2339.11380672298,2296.4330939568,2664.96164695335,2155.53497618314,2503.53414451057,2284.087575592,2254.95939301844,6658.73246213951,6586.23747704554,2251.82291857109,2114.4947811545,2274.80296555762,2322.52342498721,2400.13898513004,7058.92186967428,3415.82696797304,2206.45296801795,2708.21791409778,6903.79570252833,2209.86160822823,2626.3932719702,2515.84008151421,6702.50638584224,2567.69172840187,2366.57282572997,2945.34302193948,2419.8167786052,6587.9862123271,2469.2499765209,2289.6609077926,3513.91780001534,6795.36850305234,2674.8784687565,2329.93413570205,2272.28803666015,2359.90162287462,3482.87314408485,6910.90437729035,2344.78091945936,2801.0781164795,2634.09491069269,2268.02679685449,2607.85928447083
1212.13802774844,1213.18532072245,2120.1076924569,2102.87896613173,7588.78689006149,7750.07201846288,2405.71288040142,2381.82815264134,7639.30123980259,1287.07059697727,2206.90459755672,2500.50468025081,2635.36218375747,1216.73670530054,1282.60022065785,1537.20444355102,2891.88631319737,2421.73846463523,7862.0358154321,2383.96269363629,2172.24328291486,1221.07710358909,2446.66697009244,1274.84335286651,1211.67095153203,7503.21795421906,1214.56984661275,2192.0689724502,7614.10544293918,1223.75674024029,1205.49617123497,7755.98311774165,1297.3200166247,1295.53898582532,2601.38306894146,2295.84365254964,7525.27424735132,2559.66513150948,1305.59320319646,1249.09854093105,1219.34186611613,7846.40506266978,1254.70099402802,1266.7985444703,2540.93843258784,1229.73300854059,1279.12528607141,2109.50034554421,1346.95701704932,7569.68928212731,2576.96234770355,7526.83815147625,7604.85269258008,1205.98095741978,7699.73380176858,1248.53066658019,1248.54027233897,1205.59768413636,1233.90533690715,7741.37471639272,7626.21323354424,7311.15612241619,7664.26968841997,2866.984830081,7768.41852885984,7844.93451817437,7722.41186689862,2099.6022150718,1222.40179552632,1210.72456710843,1240.59434096943,1428.71509536249,1211.50377703304,3644.1561576703,1205.25028894317,1290.69625173645,3963.3245747453,3070.20451558788,1205.45299777113,3690.58790371463,3421.95941859852,3487.87631513722,1311.62922507107,1525.10362343574,8204.91839675488,3358.42467500262,1490.0218417907,1230.11405797206,8609.01667267174,8005.49680922605,4076.39788659832,1280.38225119806,1556.4092627056,1258.33717653246,3589.91761311252,3456.11689202698,1205.19932451992,8306.70106309014,8176.26948162128,8075.87242929514,1509.33079232985,8157.64045682356,1364.81667794379,8313.27806394332,3558.66048515311,1222.72452534272,8329.62950122177,1316.77241945315,1242.70596483885,1248.96446378504,1268.22628770935,1516.6771875794,8054.40769972929,1245.14423513195,8128.86407800366,1273.42381469307,3616.17767722796,8521.97431432506,1453.95736093892,8436.79775765612,8102.69262361725,1362.75613324568,1278.35256508795,8195.38308695449,7964.71960099665,1232.56925213858,8566.16714595258,1583.89270621691,1315.6598195651,8382.08352362748,1242.27393545481,3393.04970929918,3388.72929473322,3211.61081156452,1246.68345754634,7710.49504519675,720.274800363204,7660.193155328,789.011225760426,1151.05569435231,726.573777688797,7798.94362130707,2956.73016299085,971.746813698948,7683.40819110394,809.371931956086,2777.93566387749,7670.40683756674,455.950832846278,7992.81574590743,2929.70275238681,7589.5201917049,7859.9386989139,422.36985315551,978.62075414205,314.619567955149,574.176301276894,7693.21516696395,417.538202897885,7746.96539544615,1005.19669857292,944.228472743546,2844.31757665679,739.531874707971,1598.21218093627,1014.87254721906,861.770944634198,746.216485277352,2749.47181821677,1250.73744612797,511.849888906537,2725.37520725279,305.897985300379,826.418669894025,582.464690723291,1448.86207595476,898.705636922342,7917.95944144478,2614.41393329446,7659.12333155917,2834.68047530061,890.914813720823,8087.34950099031,111.672084680542,2436.42185807537,7748.16530993259,467.809624664767,388.108476524743,2487.66176483502,919.952471195467,2902.51431933486,1054.35771503149,436.097487768517,692.007177716633,2897.73692289325,497.767893556464,7837.20390469408,893.303529267896,2693.6351722261,1332.06703313547,794.016743170061,7754.56529799741,7716.43124325296,2802.95201664926,2903.33985367825,205.395593880346,2696.95695215353,831.355039726077,7840.52328758309,956.317312109877,832.16984094899,2848.14338481066,7884.4731868784,534.468896332446,7650.59684070689,3070.24332948591,678.520919575658,7981.35322945448,7648.90224800546,7781.83412265957,909.893111368537,1184.1965670987,7719.94378665077,433.985550651149,7705.99659912684,7965.40947529544,7360.69559671656,2901.14922478452,7957.07650619934,1192.41012758023,2699.35455788313,1363.80089818256,1123.44902460068,2796.30208403982,7924.929066102,7758.85269603087,7667.21416481562,731.199306623787,7834.54935078137,7972.55384836894,2891.97140338388,473.294134568335,817.9610097483,958.501699006378,7928.76304446494,543.044552655789,680.931461404437,840.755729925227,897.137556736834,781.545138983016,1111.3951214546,994.704412365642,2664.58329080789,2597.33328698395,2679.28682257113,413.891772960902,560.930847240245,329.245513791448,703.442946276309,854.842319779239,2832.36870208277,813.206025884312,2736.22198202909,2594.3589906698,1e+08,2595.84617406749,7876.43429509632,2872.61532322045,492.120426740669,1001.46528175991,7409.35758490924,7547.36547584798,3084.58756218347,1030.16369659892,8029.58301124606,2478.79850963004,7888.22386507529,7612.969043329,842.169170258858,848.269461997911,936.135126137573,1348.85124725155,856.675829163734,2893.80672664301,2672.41752985285,7554.98881456834,606.201346704807,680.465399179835,944.383052547771,877.422550254788,613.952185931199,536.182721101869,3094.50517716426,635.503000403093,643.467940686802,4061.16202588568,8623.31245170811,8460.60250220661,3974.16186110938,8310.08965718491,944.877428005417,1215.40146854513,8619.47155857832,718.451931326599,661.696284559466,8597.85076840882,4041.34628245764,8550.68157267066,1045.4946044471,1137.01731892995,1000.97025625525,843.617136192514,4260.80032077168,729.797691147875,1268.86303478465,4215.93500643314,8657.6620493799,669.031827574552,4001.35892707281,4229.85933156354,1023.20927263082,8479.51672419414,646.787016798407,4021.74361727026,8566.26814893546,3985.09417161895,4021.52199818654,3954.54007385067,1015.83423860809,8380.68785472382,1004.11100003545,8427.35898359449,8476.5367857375,882.519346134638,8522.34729852361,8628.73955808646,8575.13453939692,8637.15975927743,1051.07599682737,3994.64630441069,3984.22405902901,873.73944680095,4006.68257511893,8519.88905611689,8387.08193081678,8444.11853569128,8502.43754222633,4045.60373898585,743.066459514278,3916.7144314212,790.700860362717,749.804405933565,8355.7068364928,4331.56667787916,835.170567694623,805.509454266959,3867.2594265156,1170.4162509414,1025.40396927602,841.893869672023,1012.76779429544,1275.22443105322,1100.199921676,8327.27425463225,4125.93101365917,762.844317224492,3446.29550119323,8437.00480758154,856.719749962108,4072.34280898281,8472.28550144945,3684.91629403689,4076.55094034115,8522.66967776813,4047.28131901757,803.566583910141,4372.10715201607,700.869328094126,8821.85609110874,829.259956982919,3884.63457199812,1069.04365172078,832.628574026959,727.870416285947,8546.86588212158,8510.75522530695,1073.76980363009,4026.63991546586,858.908725907684,8775.68566345776,8955.55948026505,1066.9602530086,4164.89596042738,1056.84244999958,8330.34503546307,4173.60944072428,936.454102788761,4144.21027514453,1221.77075654215,4078.99573107727,615.803386568107,8487.74464914371,764.307969606232,716.998187428313,4012.534040147,789.807233976651,8486.44534536896,8408.7273825156,933.651979407353,3984.82186037945,1146.69445911599,4060.62973005055,4241.08421662778,4143.74218142715,1062.16944593016,8450.75896975133,8326.27889346146,3957.07570012429,4037.56284585845,4097.68666407054,708.283535862045,4191.14237590004,8611.29620251311,1123.14895819542,3961.16809200732,1246.87655271316,8669.76184567127,886.122635491891,681.260145460944,1001.30788691165,8514.22508768955,1038.92703869719,636.877384532361,784.613516722113,1044.88976587081,8290.07734982232,1009.10429425505,712.282861463239,1096.86700212291,8552.70050102657,773.194700392337,675.425399782887,4103.54187133424,3925.55029649784,1149.67779585143,8499.41089625212,1184.01731304238,762.050617636788,4352.49635387217,978.101937179285,1015.1988425862
3024.94386221269,3195.09569063351,2413.93411242124,2415.95150279387,6026.65860323068,6176.76402749527,2406.53555927266,2405.36012053105,6073.60679392846,3409.24760379098,2406.58615472122,2414.23642106213,2433.2262477324,3213.73419593331,3400.11225878784,3782.20814208777,2493.4518824863,2407.49895751855,6281.30842522235,2405.4524087071,2408.96440745751,3233.13017270147,2409.27365825226,3383.73120134596,3185.95205693655,5947.27060011735,3202.75423480801,2407.51477999555,6050.1822083425,3243.87443253067,3122.36234965588,6182.27660705259,3429.46378897005,2828.40502502799,2427.57938583349,2403.76149114055,5967.71653615813,2421.43324021406,2814.39519241172,3322.82934689085,2991.4833346932,6266.6973220959,3337.16419510529,3365.9209096608,2418.96058418213,3265.51777193898,3392.86150549043,2415.15385550411,2763.98660100242,6008.92504367235,2423.87534897473,5969.16671466719,6041.58366210444,3077.94564115562,6129.8511280147,3321.33312864161,3321.35850844215,3125.05996348898,3279.21964612686,6168.65449518699,6061.43698622273,5769.75850575383,6096.8346309504,2486.30344735922,6193.87615305717,6265.32297202407,6150.97900909014,2416.35658803851,3238.53863065159,3179.70777017409,2927.88241328903,2686.01580790566,3028.63640391053,2819.24439510643,3098.11888319639,2835.47020465956,3008.8146561172,2552.21648168963,3121.07792936616,2845.24239110383,2703.24473561242,2736.13910683914,2806.36773459825,2615.64772025907,6603.05287139591,2672.8285543478,2639.22706548767,2955.49329857198,6984.93648888337,6415.64610352224,3081.56000523915,2851.31012400588,2596.24133967473,2889.82811503706,2789.61605981606,2720.12375529052,3103.75840576879,6698.98309994837,6576.08448799483,6481.6959369539,2625.99480777101,6558.55624129813,2744.9461363745,6705.18813987017,2772.91498609605,2978.9706725619,6720.61803364526,2799.73239861983,2922.87836624925,2908.88376634854,2871.62997976732,2621.12567279747,6461.54044144683,3312.22636715263,6531.49278696946,3380.65344225969,2803.85951997328,6902.45561597362,2665.7903155893,6821.85761464752,6506.89256912171,2747.07472771493,2854.56832995954,6594.07525041866,6377.41973509661,3274.93638613583,6944.31795241249,2580.34151548244,2801.1525420674,6770.14637405642,2923.88955545626,2689.24456054804,2687.17512262637,2607.6789178164,2913.85034568942,5646.02660400924,2658.35183818589,5701.20262076366,2869.85595225513,3034.20605373328,2654.98957669701,5732.03712624805,557.440214768414,2864.42085118566,5595.40000726226,2625.03991133775,1449.96613653378,5643.85886545534,2500.42839308275,5872.23269190571,604.824634195991,5493.99827873448,5818.86296886503,2406.65997824827,2262.89149556013,2558.46331097063,2871.29591305571,5666.95158195221,2505.69995892706,5717.02603083035,2706.29897222705,3073.94493662513,2077.30907242214,2851.45490325176,3559.10768329124,2773.30748537962,2603.34688450073,2649.40486948031,294.001047035878,2752.65548562367,2822.21790659865,537.557598816819,2567.10359943218,2603.67988303932,2965.69614278311,3549.1329238607,3099.55146359037,5800.83948234424,895.633980511842,5628.85610104198,1175.20250018415,2608.77337555582,5975.4635397732,2599.77957967356,821.026616496214,5633.13440023054,2503.55714402964,2495.54991611578,822.801823876999,2846.34603128497,775.05763096194,2726.13705624859,2679.72163721458,2511.35433157104,447.550801289118,2897.95824030836,5742.39859142126,2966.88488222352,1586.67762571292,2982.45696770582,2203.98067184893,5693.70037686273,5686.27191487842,1064.8995922358,665.682912659134,2681.11552518683,277.431342910393,2732.91902371047,5818.9243483267,2713.32593314797,2784.23788089359,752.024999434884,5837.43267440248,2534.25400234482,5604.46270339859,2205.93726809358,2486.99950505991,5872.22177258312,5569.73356071072,5811.79688176554,2678.35770674496,2988.11223092687,5622.2797414139,2507.98823750624,5650.50131236293,5913.68942859461,5361.52932248799,1108.73063830839,5833.33448878564,2571.83678797894,2750.1887412973,3306.4573863615,2442.8335824216,313.235372848543,5854.11052542107,5658.19901011392,5583.8865565752,2646.52065281956,5757.87312863636,5839.17623201242,505.152062677942,2805.2665263306,2880.55332505649,2706.36354901769,5812.45750309673,2692.37943569825,2799.13152980346,2823.7275478891,3039.67941050402,2695.63567530649,2970.61250219345,2974.0653056439,325.359928053818,2032.58628353086,1040.72363682574,2403.76302648562,2568.8446773867,2499.4224027876,2522.18115830849,2833.0452857184,920.842260760345,2932.15222026869,369.08779272808,242.384061852397,2595.84617406749,1e+08,5747.33940762448,350.749051382594,2855.98829989763,2938.18433287444,5385.4610535175,5486.76238294131,2781.80194218882,2901.75616495339,5914.76189361206,620.362842703137,5837.99531025611,5545.63064005479,2580.3770584743,2658.1147454067,2706.71113674536,2877.58827041821,2789.08764012043,939.058568735142,341.5537509411,5848.64948018735,2435.76808197411,2460.68025836157,2565.95128273629,2567.66420569985,2538.62738694192,2434.43869447694,946.157755680387,2539.61342302433,2829.24495303586,2117.24858927516,7011.2793989451,6772.56593295846,1981.71215942068,6541.48965491665,3259.72227146489,2738.71270040258,6843.52954726764,2417.93011613914,2439.06043496791,6877.75504714427,2243.21589797413,6746.85508616769,2681.09678752018,2720.64150803437,2199.51546951223,2345.87324456584,2306.12414646918,2335.85155403106,2233.47887622737,2266.85153002505,6997.00438061211,2326.29030234588,2498.44876947676,2284.61215919028,2756.77097181247,6762.1410198496,2311.09240900137,2173.97445365959,6882.29478769061,2161.38048338592,2071.17980202932,2241.83052087089,2297.32396214962,6556.9615447793,2489.74159584945,6746.52420179551,6659.47673289423,2295.16797637146,6787.5163684689,6787.48322624187,6801.62052595576,6945.61537738442,2566.99032891592,2065.0371138645,2316.58541447672,2324.16703604888,2058.11608712016,6693.46163366472,6599.08488659891,6640.9789438043,6672.54320260592,2204.615293987,2638.70495733444,2121.40982123604,2417.54223832747,2277.81653501468,6588.06265859339,2429.28221982957,2312.6918443786,2291.2883161245,2289.01449116112,2283.01264133965,2641.56743788901,2990.15590128998,3281.80108209085,2311.97174118949,2703.05770220092,6666.95249699168,2219.90002566268,2273.11386611207,1396.60473356614,6665.08717436992,3044.93432214163,2302.1816200376,6697.20095726939,1916.83448299832,2095.33166710875,6783.02693906222,2223.99517213767,2311.83792816548,2592.39868233223,2255.56626606028,6928.50444109513,2200.01817824629,2285.00242329382,3422.68701500319,2297.23064763761,2315.27782049209,6866.13173471093,6676.4934322928,2553.64343741928,2083.39721618011,2264.26175461566,6911.89721156682,7016.12825846441,2249.95663208647,2212.19370507915,3423.09275992398,6488.13599966162,2221.82141228738,2287.04617151642,2145.47146077728,2351.29031098851,2230.65547204822,2423.72208438906,6711.67383049615,2311.95432108984,2397.27431765553,2436.94894118865,2605.40021802033,6623.80542062247,6665.81429454549,2353.29178519342,2261.02534059888,2716.54808349828,2080.95323305121,2389.60066178988,2221.58726521939,2241.62231864902,6615.79699081476,6542.50851024673,2199.77849283383,2024.36292055515,2189.14849078222,2329.96716648191,2319.43683886872,6995.30386283662,3394.31224271914,2163.53466141613,2771.90460269016,6858.69008906842,2221.40877108307,2603.56810678966,2561.01129838919,6660.2006937327,2614.41996106765,2370.71246222584,2922.84758311741,2468.61897002095,6541.60826432772,2506.18958571576,2291.13427346479,3494.72080664946,6749.7996214306,2655.26103455164,2339.74627101754,2187.32110595981,2323.23100808828,3460.25695641912,6851.21187787844,2370.52391628253,2781.62727400113,2529.01585799372,2266.05569163457,2646.11720166688
7923.72076276924,8179.21546276732,6409.88880387877,6429.24580405578,2482.87110368381,2477.48142127907,6099.71990069962,6124.99143389913,2480.02748226176,8477.78073295397,6313.61283548531,6000.42443665697,5861.6494947161,8206.08129141688,8465.44531893972,8959.52949004003,5604.51971998816,6082.8226165375,2480.06298520299,6122.72861732804,6351.8208933787,8233.83898404371,6056.62936978479,8443.24690132581,8165.96446233826,2490.08210020307,8190.27789789398,6329.92929490382,2481.31433962579,8249.13035503205,8072.42150548225,2477.48818079432,8504.96919138808,7596.04815939742,5896.35979077408,6216.88831319232,2487.9362810692,5939.20617424296,7570.75883035127,8359.77750825233,7870.87514130881,2479.3917887684,8379.56272903657,8418.9933301336,5958.52491042642,8279.75635374185,8455.63228458281,6421.79623105034,7476.88076842252,2484.21995678246,5921.40958532021,2487.79168744136,2481.8526423634,8005.50547973664,2478.00949266991,8357.70729057985,8357.74241505582,8076.44180223503,8299.02637068917,2477.49775299659,2480.66325429933,2517.10184334643,2479.01076109042,5629.1271613285,2477.54958160086,2479.33382546975,2477.64184886328,6432.93720203771,8241.54379865732,8156.88759429939,7767.44715764403,7320.66020992923,7929.49242860682,4890.81370560928,8036.06971340817,7608.68149523554,4603.80189960541,5430.30685821988,8070.50561167606,4848.48959258143,5096.03933963681,5034.69126536651,7556.12016870437,7163.46009530298,2519.81304966429,5155.5470537168,7218.29921225611,7812.86088739349,2625.22083055965,2490.90748734828,4504.35233176734,7636.72574081707,7116.32354665118,7703.42425455465,4940.49891074454,5064.19997380551,8044.56204951344,2540.60713108453,2514.68750025421,2499.29081142228,7187.82995931193,2511.52801527427,7440.0996915098,2542.08797531125,4969.25203476637,7850.84935714983,2545.84095238578,7543.93549552338,7759.12636550542,7735.70158203832,7672.1651042361,7176.42403530434,2496.52196046238,8345.08570679206,2506.91757283425,8439.06460947636,4916.41041050122,2597.46890268354,7277.35708610957,2572.92683889491,2503.01053784446,7444.25121225583,7642.44795196168,2518.07130968615,2486.96885702552,8293.01215783123,2611.22668424507,7076.13824808515,7546.54990813644,2558.56237034943,7760.81009070679,5123.07055346088,5127.116835683,5294.49857614352,7744.04129240784,570.881045122433,8124.85938921589,1337.58575114462,8239.75670336151,8459.31219140933,8082.88922067326,542.778791389864,5528.72985478122,8308.95930373332,598.63267935446,8066.46200948026,5648.79011426823,774.080961293102,7869.83119163901,795.083204423744,5477.69700535972,544.29310521092,1297.98062978285,7713.47715430384,7563.84099673873,7901.13177925441,8010.40970517452,1415.16220755659,7884.13735391744,928.794097413196,8142.37574019846,8400.23855457512,5830.53986504732,8216.6120821667,9030.96090160255,8180.25515176761,8044.98119307687,8080.38652905785,5599.08628462868,8157.96713913231,7976.0024905414,5737.6466319185,7903.92065270283,8077.2466582968,8190.12799930977,8976.86347490956,8465.60608589108,664.880115253842,5793.22300457279,826.884677101973,5582.92885649141,8061.75578870484,756.876248794838,7886.55303229412,6100.52852200536,413.63677625133,7893.97194595814,7836.13448542646,5850.13346705938,8289.60102501518,5465.14327296061,8114.81664103961,8065.39452558388,7578.88395249256,5527.61882527881,8073.150344632,501.476744933799,7972.96446345159,5759.04765202256,8325.91044531331,7372.93169930847,607.456850503399,817.405928080063,5653.28774668209,5569.73052209341,7982.70889686236,5673.1356753371,8181.51903283948,1391.51460189786,8120.81286538085,8216.84347998948,5583.29020424958,1169.25207090587,7905.9410665201,738.397316254652,5595.78925818872,7937.09331276815,709.626320242147,592.837854050085,1611.42511683328,8109.69393558797,8434.88440865056,410.180051745056,7690.72829099275,712.027826593803,1224.01384557854,1161.3607790129,5521.34457042248,375.32082534248,7961.09022607213,6377.89502219848,8842.52230191501,7823.79496085959,5575.46983682736,1109.82448211671,504.088575649693,721.457833491591,8079.82069897146,630.18021312229,340.798067931839,5632.65072435236,7966.52717784833,8268.96798097293,8128.01786084158,594.087105802559,8067.60748477363,8164.53881638146,8294.56072958411,8434.93939487057,8134.01545213758,8425.52235965224,8430.05436345028,5744.89323389943,6110.40176405955,5737.7233495192,7687.49045754184,8001.53525263394,7849.25308829076,7971.6638323318,8263.12801552834,5635.56043666734,8329.7740860014,5640.24322761291,5791.81823937207,7876.43429509632,5747.33940762448,1e+08,5531.89203066644,8041.32647466553,8397.86284155926,760.074912712708,655.454069543298,5979.02110423595,8377.27367584092,651.467947369483,6015.45982730348,1219.53417273498,573.647657749886,8056.23111670459,8070.82860085464,8115.21110860276,8202.63504424524,8256.95542175265,5436.11439858622,5669.79936179708,2648.44566149222,7823.99158460045,7924.94424764772,8047.74491411189,8006.4561823472,7985.35098052156,7808.77021064813,5409.18540736744,7972.97752560489,8158.54410358327,4546.11696792893,3189.77922055254,2930.1202032434,4750.41063545169,2586.02108988955,8230.24220065228,8115.68317303649,2683.4941888437,7710.71817656826,7698.94861285103,2954.05668461996,4848.55280375926,2557.60233356803,8102.84989489707,8068.65311875903,7332.04816324753,7652.64522061205,4299.21771769297,7555.7392471933,7033.92329268778,4426.37198702368,3157.25847691989,7534.91545679942,5147.02227588316,4324.9606920858,8105.44288483466,2793.46353388512,7492.41470091033,4781.8410339682,2979.69779597896,4780.91871026272,4589.58348800206,4985.2573830617,7460.67767339644,2331.12895234224,7863.64672200058,2921.16741319879,2494.34220974216,7352.70697358727,2811.18602268442,2261.58836556429,2591.86866595271,2938.02188971309,7970.81970333892,4615.96599111647,4988.00649029057,7371.49745294772,4729.83305819168,2478.25577737252,2470.53377941845,2440.36880849974,2360.81263620244,4750.55636556006,7752.76252872819,4959.6583607511,7752.67230954727,7546.35590317048,2502.83969522448,4348.46720734304,7552.71235091493,7391.08664668758,5106.91121831602,7134.77568840221,8080.57008159208,8100.84688942904,8167.85848593383,7482.11778562276,8102.92413009452,3001.16362843101,4677.40123950564,7372.91682255744,4847.30311493718,2587.97207947951,8029.07854198606,4826.33840144919,2566.50846043112,5085.65872839098,4672.84518758215,2796.53378007133,4797.02748728212,7462.12433537785,4133.91859662885,7583.44942622063,2466.50877889095,7478.0294985297,5143.9850722518,8321.67570851664,7538.61006923076,7550.88048243762,3006.63509979147,2345.16389101881,7992.33425017539,4769.34350679874,7591.99900274872,2341.68003453836,2072.62071224629,7216.47015748593,4563.54133149685,8349.81421367516,2180.56904045563,4531.28005980621,7382.75836963232,4568.34584418237,7135.29861179965,4332.63293691168,7749.67280891192,2551.00613920333,7467.52266867514,7630.71138974529,5047.96338346585,7690.18724694731,2245.93071084359,2728.2003156992,7678.04767584496,4934.83883601735,8043.44571435624,4691.83060518433,4321.99714260683,4685.43105812088,7198.14645983991,2353.64649899495,2521.76164672155,4913.39530229351,4567.41235601903,4713.80542555317,7562.90240469246,4634.37471572355,3208.65765335757,8229.92796212858,4933.87163868032,8121.11348433133,2470.80113804203,7538.01639189765,7732.70859299467,7970.49336746394,2226.25101274979,8010.43358248049,7528.997818757,8008.43486420269,7937.83433573434,2658.82066930082,7990.47128316989,7468.92798012617,8428.76510561294,2505.17531863305,7812.74238609738,7608.28424271884,4566.53972546241,5054.55770926855,8323.41065684873,3080.34128989461,7183.98291581721,7845.45932452905,4176.06425689395,7440.13293435723,8086.62708266914
3318.84189266905,3493.24173332733,2629.01945977026,2632.79695891171,5884.67315748333,6031.77514636394,2590.93439427248,2592.41869179883,5930.662545718,3710.53778711991,2612.63163984911,2587.95377148427,2591.48537113616,3512.23574873153,3701.30457463958,4085.69138440491,2621.98537949914,2590.10555057317,6134.33028841746,2592.27385893226,2618.65344136279,3531.98265557261,2589.0807747221,3684.74108937316,3483.91687313841,5806.94855891334,3501.04858174805,2615.12506384041,5907.71408466592,3542.91329582705,3418.93220088649,6037.18079371773,3730.96103563781,3114.05205506527,2589.75512084518,2600.2695449071,5826.96092784351,2588.39964532285,3099.24893148479,3623.07749989972,3284.28409644982,6119.99237288921,3637.60407151675,3666.72200836318,2588.0698601815,3564.91546650361,3693.97418555909,2631.3242557853,3045.67444897314,5867.30651776565,2588.85810396382,5828.38049224664,5899.29143991657,3373.38585403108,5985.78171758687,3621.56080740332,3621.58653523958,3421.69407974471,3578.83345689955,6023.82334332581,5918.73954039049,5633.35949766392,5953.42265111653,2617.71862008971,6048.55608757693,6118.64379879457,6006.49339364212,2633.53546423327,3537.48563336889,3477.54616801541,3218.2891106456,2961.60907296379,3322.64936802846,2866.0659844194,3394.0892893828,3121.50437702431,3025.99402731662,2660.29220429764,3417.61701411872,2887.53500043553,2772.70340786963,2798.72173061264,3090.7509636944,2883.96797370273,6450.4264154088,2749.03452752133,2910.22120921033,3246.99274484775,6826.40821898131,6266.22651642634,3089.08531282344,3138.18229577432,2862.14194219935,3178.57817184389,2841.81862613369,2786.00310484672,3399.87184196673,6544.79822598225,6423.90598481064,6331.12062799911,2895.52182703795,6406.67126248759,3025.294843019,6550.90430220306,2828.26206512544,3271.33393490882,6566.08905455938,3083.71757928844,3213.07755873639,3198.48638837756,3159.51977691472,2890.09159913356,6311.31478962652,3612.32750464496,6380.06472979025,3681.62803913151,2853.44477539909,6745.13611669951,2939.49891830482,6665.75305527024,6355.88381591008,3027.57745488413,3141.60790902127,6441.59742667555,6228.68223295128,3574.48353545359,6786.38067651436,2844.08871279807,3085.22362431906,6614.8395470873,3214.13092186369,2761.75922986078,2760.14854804666,2699.88589007559,3203.66747140115,5443.30729057271,2947.23030035407,5504.82678339839,3145.26304150708,3328.40704561602,2934.69366020411,5524.16018978553,622.517348391302,3165.9046550823,5383.20931514946,2910.07242119576,1349.65511441118,5442.42156078762,2785.08729808132,5642.14669385241,361.065155917072,5281.19628201068,5592.62509130773,2690.675420147,2557.96333080012,2837.63621976709,3136.40194083994,5443.25689566255,2789.18948986028,5505.55964480532,3014.61499149728,3331.05987904896,2027.35477740651,3117.64749530634,3861.80260606579,3082.14661968841,2902.62808400059,2934.61478480408,298.524642483937,3069.77990581452,3089.3836168867,434.161334396458,2848.46619761856,2895.95354247657,3233.01541009586,3832.9235263738,3362.93701077561,5577.99844744949,821.14186818337,5421.64326787057,1052.61474483433,2911.0922731338,5751.01071399571,2878.47240358813,1110.44818157236,5423.49719928117,2786.48698175955,2780.33305160801,821.368692801842,3135.21886776416,571.14726168752,3037.3191843788,2959.96589786546,2776.32007202788,239.376133375436,3175.32022969514,5528.78812595022,3219.47400090273,1535.36994648272,3298.64819257123,2497.34372091564,5489.59792499276,5483.52295675913,925.850274071043,458.6207342457,2961.2706548737,426.031740873344,3024.41708828965,5596.89583776022,3019.12625166297,3076.57426963434,554.646969777963,5615.03874392421,2820.52301595166,5400.03637016916,2139.95431982888,2773.24559004834,5649.53363668775,5363.14975062387,5594.64355590018,2978.94697403619,3292.18529671885,5411.72094374003,2784.3285336984,5439.62728320647,5687.17031140784,5160.03722104495,936.684080196069,5617.28976956852,2891.89669331539,2781.36278119598,3595.62821942155,2756.86202985217,191.172066457061,5626.95350364538,5444.15115151263,5387.20643250966,2929.75465010652,5546.6575676538,5620.40770732042,314.301680494691,3073.80334484185,3157.70601538801,3012.21613021429,5588.6812566526,2973.06034833826,3065.45156973854,3100.74516129606,3306.64566591759,2983.06131428373,3271.97601546559,3265.1721874636,279.90413837421,2020.73252837587,944.090697624317,2688.74161961764,2853.60511258879,2780.94603369732,2813.41575780935,3112.83247426169,759.938149348429,3200.18633156641,251.5941834407,472.675238287702,2872.61532322045,350.749051382594,5531.89203066644,1e+08,3125.08225093241,3227.44828487922,5190.93083463812,5290.9803474123,2781.14545808569,3196.44872789261,5691.97973316694,902.240355211827,5612.81546412836,5336.46010705515,2875.5659199202,2947.32685074211,3011.65964006053,3194.54169598073,3073.92508844767,761.331574248189,420.024156049346,5630.11432283147,2724.24171648187,2746.02720208458,2867.6733034324,2868.63376010744,2821.47725631815,2719.85409369305,703.576495088056,2826.4342736075,3100.20630106914,2021.82572457409,6892.65005660503,6647.65442152831,1941.42977191348,6408.24258278028,3520.63305665477,3055.8607629446,6707.55631042039,2684.92315520327,2705.6092016471,6751.81688214946,2271.33202797676,6607.06654823773,2987.7686157328,3034.63152018908,2489.97012520211,2640.06661026025,2178.37821597103,2631.41468305252,2498.12202711932,2154.55556973711,6876.76470963327,2620.94073941905,2594.2376569357,2172.87918932443,3064.67264775307,6631.80797256418,2603.32052017156,2169.79660864133,6757.24983158044,2165.65004837717,1987.82946607067,2294.17860598157,2591.61863626132,6412.82079857544,2795.60168190875,6621.9697784419,6519.78316491242,2589.87582426136,6657.57324819256,6633.59551439656,6662.49463829528,6816.41226745545,2878.60042280818,2004.73450463057,2383.76860514718,2620.0218454553,2025.55002427107,6552.00264866145,6460.29775048099,6498.36294499784,6526.83487351299,2201.90505707434,2894.15740415221,2170.85607812182,2712.59678472002,2553.54481264806,6449.92204983293,2331.54873856036,2587.09708884502,2585.99006518948,2372.8317126081,2551.00643814722,2943.86285535319,3245.79152102745,3538.44400038306,2613.42700829553,3013.90933299344,6548.42588396844,2193.61329217214,2562.7948413502,1288.35874312532,6528.81288639707,3296.73438018549,2332.31038633485,6558.56994347858,1978.10556612257,2045.69095465303,6651.65754682881,2243.98939088092,2607.41331383202,2460.32249927718,2524.8721632007,6781.58012880112,2477.68787485547,2366.70254884209,3689.28003086221,2568.48042220279,2609.12263649876,6742.74096615604,6530.57090533286,2864.07933054079,2059.63183370297,2561.08074112027,6758.94652575529,6849.68056107147,2539.71122569704,2155.64186272952,3684.21341256116,6338.8491305901,2181.07640439956,2579.49549548617,2069.28857028762,2605.67729378603,2142.01438936836,2711.88925248309,6573.00738813067,2607.81172444499,2656.55391373132,2515.48111798002,2864.93057078589,6474.9731293882,6535.33539846395,2651.74022050672,2309.43166174787,3033.120125252,2022.8657997891,2291.80604831099,2200.4141039806,2526.47053367855,6470.42758040776,6405.69539343696,2236.6100765655,1912.95508870269,2146.81047641837,2623.49716201189,2292.97749946573,6877.10483741852,3657.46303737205,2196.99665368706,3089.88611178972,6711.74400394924,2515.25616271213,2862.75772870942,2868.77669918934,6508.90474299743,2924.11975572974,2662.49628648907,3178.47585360373,2775.89411879777,6410.56945798803,2805.66012577968,2585.93470113853,3758.62231773534,6608.11252660289,2916.99765785773,2628.6986279041,2144.00221793622,2396.52427415353,3722.85373043105,6731.15410269245,2633.77618609461,3036.10764513837,2414.4480457565,2559.45297449959,2949.20464837994
1243.94919349411,1225.94995257007,2203.53924252336,2186.12814045867,7678.31005768782,7839.57637247319,2491.4467145197,2467.41149097492,7728.81853690764,1277.87061875659,2291.16795180032,2586.77881644266,2722.27237689062,1227.45671337201,1274.25409791069,1500.48605079562,2979.68868597156,2507.569858432,7951.52700916287,2469.55973616768,2256.19091122466,1229.689440148,2532.64490981886,1268.04937072048,1225.44473724058,7592.75101160385,1226.49222669685,2276.19971538306,7703.62567093367,1231.21134400672,1226.36891151857,7845.48677871024,1286.2608478641,1347.98693555895,2688.14587223559,2380.8299657387,7614.80476265151,2646.23557323297,1359.37636786444,1248.30247558295,1254.85700665359,7935.89809749433,1252.46210023525,1261.72223036132,2627.41818336175,1234.87880877106,1271.46287556008,2192.82034288922,1405.35556701102,7659.2146632354,2663.6141298061,7616.36848633444,7694.37399553281,1231.85238432386,7789.24404846707,1247.88625180011,1247.8932835275,1226.1672769784,1237.60684294639,7830.88008971402,7715.73205377285,7400.71106595705,7753.78407595582,2954.71513372156,7857.92073115431,7934.42772615133,7811.91946095104,2182.81599702624,1230.43043484937,1225.18959853671,1282.97727698023,1493.64459462365,1242.90345283328,3733.25985490134,1228.8507844305,1342.46252524534,4052.67774637694,3158.45196785426,1226.47011220275,3779.73521369684,3510.81031607706,3576.81056343112,1366.16737980504,1595.29547654647,8294.36902243843,3447.18760078219,1558.51469106351,1269.5485869596,8698.41949005641,8094.97106138137,4165.81552540144,1330.60046093052,1627.9534806524,1304.68267535985,3678.96664498055,3545.01194100569,1228.1649309335,8396.1396230726,8265.72350378163,8165.33834974489,1578.78480850924,8247.0966873943,1424.87908134544,8402.71584449277,3647.67607951046,1259.61097809022,8419.06534417852,1371.92900585156,1285.61701253414,1293.34145426247,1316.41995473723,1586.47989986841,8143.87616238593,1245.42704882564,8218.32371948517,1266.92443777167,3705.25369358376,8611.38739940136,1520.45927383416,8526.22091118548,8192.15536658291,1422.63473253887,1328.24902306385,8284.8348431181,8054.19867546974,1236.72073921131,8655.57501494484,1656.51566948052,1370.68447599446,8471.51315328503,1285.07842849571,3481.86154981305,3477.53516101227,3300.13759359854,1290.54209242416,7861.74986082826,981.695882616055,7771.07963122903,817.940495699951,1221.05193458432,904.95280427965,7946.92315308235,3221.30714734661,1128.35848258376,7845.64610965599,1018.21970515381,2959.01286355144,7829.49544911417,829.06162237577,8141.89323693879,3175.15185450963,7753.9833482342,7986.00670241162,784.064191449697,1324.59932754351,700.727156371695,142.207640414343,7810.90365441555,796.327104962717,7887.16026858752,1227.32547435768,915.908232281703,2957.74758921455,786.355624928412,1681.10413086578,1217.74855707409,1078.61561784597,921.879988507756,3005.98883570705,1490.86137257979,100.140279590976,2966.83769841337,698.65105898248,1040.29215798764,536.680345072885,1419.36420766142,898.366763311737,8078.86970423116,2836.40561984044,7812.58723720324,3036.66244001606,1120.16010170212,8242.72790614767,541.986558639226,2728.66985822688,7916.44646152625,828.597994024931,771.533678788069,2710.9323389124,1021.36738398823,3146.84774531604,1269.76952356672,738.356013342436,667.520526056807,3149.95648743761,215.629298622907,7995.75176762655,568.353105695274,2845.89455408019,1538.43149642258,1095.94319003207,7912.15112837471,7876.21237118295,3013.73686079173,3146.94961726079,560.599812504988,2951.79998809063,1004.54930881971,7962.52587696845,1161.94749946555,970.639973326819,3080.36558506458,8014.00119269023,864.957970759865,7811.60347664199,3173.21865588104,996.501292966793,8134.54741420972,7811.86209111162,7880.19143161013,1116.40500373349,1316.97382765721,7881.31226198942,510.610046260877,7861.04628786092,8098.03854575076,7480.52329659317,3119.19051885114,8121.24724320159,1462.0033052037,2707.41990281016,1447.32648569371,1412.42258504275,3050.48723324492,8066.20134289178,7923.01301230475,7841.72400320963,915.330862366488,7999.49707855131,8138.74823681034,3147.84680581074,126.09429054025,854.317205468661,1161.7037741865,8083.3679242105,763.013943182195,746.616477635708,951.874937915572,869.137694400584,973.256298174849,1234.72092244575,1071.35319211805,2920.31201158385,2700.26382056027,2882.40525292388,729.996072116845,885.713083804662,725.741088289563,998.948246217003,955.310334646554,3055.84571206795,843.5259997674,2985.74877780484,2855.73141489532,492.120426740669,2855.98829989763,8041.32647466553,3125.08225093241,1e+08,1091.57898524309,7560.50688242131,7709.64374157767,3072.61229493828,1160.88852090431,8185.26350239534,2760.92886587191,8018.66479878058,7763.59590681278,1074.59302467052,1011.57437922414,1129.69725681386,1583.3375280875,996.025790666295,3121.58334790893,2923.08739719853,7641.44565536344,945.384810144305,1002.78367962112,1168.21318067379,1114.31386077091,929.079458612095,899.046843462082,3342.61357677343,949.222517582052,696.072987784866,4329.01670483274,8761.04216607793,8616.50217033938,4243.30711463195,8477.06969119905,894.553765265263,1420.9685324579,8784.95341954244,905.481427621457,818.025601052921,8761.8696802797,4311.53604733404,8720.6044839181,1233.98942447863,1353.64437853602,1326.49744414871,1141.56758519907,4521.24323992674,1057.28103417251,1378.769657986,4481.07869932975,8809.69471709309,960.406362973658,4275.03826515941,4488.31104180403,1208.89715589844,8636.20215067685,907.95090339433,4293.36020989354,8717.22493687476,4255.17986575889,4289.23630388143,4226.42762171762,1331.19133151896,8546.29245766614,1251.93448962963,8579.77608161557,8649.28639754663,1068.92679188886,8684.71643717144,8787.27832250275,8734.33832197502,8787.26803385841,1273.07614747462,4264.02864794109,4252.90242270023,1074.14773692953,4276.13915269688,8692.99863254689,8548.89527994575,8608.78460698159,8668.76041754522,4316.26333475999,786.233286573623,4190.41183941854,1081.2150856906,945.728636624568,8512.49631589497,4595.34795595072,999.63333655776,1041.38355075908,4140.73121892306,1262.386628852,1212.89467872512,869.944723902457,854.903927149133,1556.51010249426,1308.14647595103,8482.61604028351,4399.19870905606,918.842600556406,3706.49135767035,8602.34429399496,806.567713741961,4340.23085480456,8635.32045230777,3961.33990331504,4345.52083063258,8686.70524931886,4316.26393472858,1114.13375903708,4607.19674552367,944.441881436892,9002.25504178698,1037.84954943254,4163.00630100354,921.356933832372,994.75642288332,1045.78702290452,8701.26862696891,8677.83110193985,1308.99382714129,4298.79081247376,1098.3692292002,8942.50845797653,9119.09679020821,1295.15096204459,4429.48782002818,896.604723296096,8494.49461294383,4434.41361776242,1247.93706939035,4414.3962220942,1248.0004486068,4332.15498014777,946.193983064313,8649.49944596096,1056.73163982762,855.51526713569,4284.11569954696,865.037114515172,8655.98453034189,8572.94185292304,1220.71207008175,4257.23936429837,1364.94175693042,4331.25192469237,4501.13230695006,4411.61634351902,1201.90476253103,8620.83711216922,8492.59817802501,4230.47104581839,4307.7194297462,4372.81207003399,1025.85817800237,4461.82050857143,8750.62756747377,923.784825423792,4234.35228854921,1460.71575299466,8832.37730939245,1134.14475105134,759.879754485403,1220.90914821247,8678.23514243084,1235.23654234451,821.67166762102,810.915350077677,1286.1369387319,8455.85984657613,1244.61919403532,1002.27238259735,923.962510696842,8719.59857250912,847.0120537083,1006.5718362326,4369.77820840597,4200.50294972969,939.967091236269,8647.31429853345,1227.73547508487,771.436600556377,4601.06013703967,1301.3649904505,1211.14336744704
1313.05149340057,1193.00960837589,2563.9648252461,2545.08420525636,8134.05841743142,8295.86300969193,2871.96287993505,2846.5049221555,8184.73831636168,1120.13201704101,2658.49199529291,2972.57530157078,3114.70317005713,1183.2406987136,1121.50861265157,1180.44831370659,3382.5135532001,2889.01886080997,8408.17232981602,2848.78192897417,2620.85636381214,1173.77619703732,2915.51152912085,1124.35508212479,1198.04405112063,8048.2028815303,1188.91551118204,2642.40073812552,8159.46027817917,1168.84060666058,1237.48068405462,8301.79265214609,1117.61818047249,1524.43273227369,3078.9924041297,2754.455207433,8070.33380396709,3035.05906917215,1542.81471713452,1139.2476991946,1343.31588456985,8392.49405429952,1135.12614779219,1128.00431926482,3015.30421577527,1159.5615115741,1122.70851695948,2552.34537805999,1613.17127763778,8114.89752457521,3053.28716823519,8071.90297958782,8150.17716048227,1269.64361160016,8245.36548675548,1139.69990773212,1139.69220233368,1235.65003928632,1154.14413162701,8287.13836190887,8171.60767171811,7855.46803541652,8209.78761961035,3356.63770781953,8314.26696204549,8391.01902709443,8268.11563212056,2541.48852349253,1171.26437104437,1201.57381007141,1407.11566361958,1736.82529571274,1309.84827020681,4156.16726776898,1254.56260641272,1515.34612167074,4481.29539620659,3567.18812711596,1238.35723825272,4203.55007660524,3928.94274618592,3996.43950198228,1553.56969580148,1868.22929837111,8752.04283499194,3863.80703439351,1821.6774518515,1378.3919067787,9157.18514026192,8552.05907047549,4596.19342941478,1495.41080889002,1908.80345415155,1449.36727880619,4100.77673609905,3963.9288311839,1250.48768007915,8854.09996506248,8723.31518371415,8622.63689778827,1847.45307498163,8704.63460370656,1641.58715984425,8860.69442391392,4068.83471248319,1355.21128237167,8877.08912111526,1562.5843705213,1412.49335793059,1427.81747392703,1470.69939822358,1857.15960174081,8601.1109452474,1142.54225025399,8675.77802847793,1124.94429929333,4127.60020727969,9069.92790913331,1772.38184325664,8984.53593473226,8649.53304206745,1638.35715759156,1491.38390829644,8742.48139263689,8511.16272745583,1155.79963135505,9114.23048847659,1943.78124019585,1560.6453867796,8929.6805521249,1411.40236615574,3899.31441849209,3894.88521226447,3712.96734684617,1422.33082701011,8236.66831175628,606.141476777913,8164.25922918045,471.489786456194,278.160939899738,432.619215756089,8319.65752787767,3276.6436964943,391.412553579489,8197.2750081651,426.566645075954,3331.11011688082,8193.19469479439,942.290789599022,8507.900163449,3311.57279383198,8105.51909431923,8366.73738755013,1153.7489577933,1280.13794473664,912.445799363118,1163.93458501618,8194.78161340735,962.54825301455,8259.60323690505,591.810443662175,762.927849819123,3511.49657856541,633.573906857822,940.250069006336,591.523433052139,534.293499455051,400.56101393974,3100.54863091693,939.6664751027,1157.31302413877,3086.80337302684,927.734317619377,421.684070738114,931.437775547902,683.189470694623,731.252317731917,8429.82718928615,3035.15447401537,8175.55761099871,3272.68211795324,551.504004122878,8605.90595827144,954.790247355455,2683.75327337908,8255.54320651377,862.637769971224,1003.43007290951,2874.54117865355,153.780864815384,3371.76145791735,674.676957238427,743.18649389353,1383.00122000711,3280.92344086187,1025.18258103462,8351.57877219174,1374.33339571324,3249.47839000045,1075.2358869217,1459.21567330851,8291.27960687635,8238.49614490326,3237.31190070844,3312.57298579466,888.748920259486,3011.37427934386,328.203829335628,8340.72642168631,575.736592822676,249.532765897259,3257.59549828407,8394.9498470543,890.942624173805,8165.14295612309,3741.50025196981,846.428839285838,8500.27146056199,8182.50002804537,8283.80706553022,443.787623523661,473.788025971153,8231.40979802374,1234.28369721457,8218.05090799745,8475.27384152126,7864.58042652083,3385.02320879701,8469.52630803792,986.403956317052,3443.6959943857,559.160556383646,1044.66760102784,3170.72112916278,8429.4649424736,8275.67704078949,8188.29663597391,430.428362439363,8351.68161941181,8492.01205055905,3235.44472504898,1131.21546176255,408.158627835554,562.465145444578,8447.79379650456,610.607599118877,633.059073672203,303.770284818156,572.199949820436,371.971786985867,354.505319897598,105.544013486661,3022.89878113995,3200.32004915992,3116.08488527416,1195.68965824529,748.460072317613,993.941085514551,765.8778379184,281.220785695352,3250.41894240584,561.336704111929,3116.03515829532,2918.49703003003,1001.46528175991,2938.18433287444,8397.86284155926,3227.44828487922,1091.57898524309,1e+08,7930.40158655933,8074.05058260545,3834.69059650086,200.520992883022,8549.58035034074,2743.64629342695,8394.89832609515,8129.77953037418,500.540996977502,385.145170072264,532.809441185235,1123.5882350615,221.974570493047,3366.51340263179,3021.53758174397,8152.94732871686,978.734468846622,842.237141251656,566.397414422179,574.90977189962,775.262575140253,1034.95463229285,3545.87355132303,778.971484889754,625.426294047014,4486.74730951261,9138.21451984551,8973.86317533601,4291.40457697739,8835.04292506417,1453.68376976929,868.28925495919,9134.17397918317,860.412043772787,886.31994132268,9103.92609981088,4311.69674319881,9068.02240343368,564.596427153985,872.004966052323,1462.1417289908,1101.82941383307,4740.36923375344,1273.59111231349,1894.63747787719,4651.80857488687,9164.1173313714,1281.47591777032,4245.74691625183,4682.97773936965,677.670071262659,8999.74719599133,1336.5035217881,4312.93136109197,9076.69109299683,4289.127247833,4424.43774585438,4208.38185450233,1348.67764116899,8906.02906763287,918.525419879564,8943.07795881121,8993.59949105608,1519.04080243286,9035.49013828504,9163.62394306378,9097.05395624068,9151.77147714775,747.130867177235,4369.68823021198,4238.88913810632,1509.54620237703,4319.03415672875,9035.85589378543,8910.54536872587,8974.64187536818,9024.88577178569,4340.42282168324,1124.39441164765,4174.11058544915,1012.96939394452,947.02799703729,8886.07763782156,4749.41781266485,948.359553198886,1465.19884379038,4129.66054938095,1803.65954708864,539.73938047399,1166.09078483995,1603.87931111775,1353.66836318641,735.689391931476,8837.75874264725,4430.88472470339,1462.35037634184,3926.59441378671,8959.08664818771,1415.61822442469,4343.51085419925,8998.12434758885,3966.88210859468,4399.04462089362,9037.82614921249,4327.52481623325,1364.57425672919,4981.06284396345,941.259067140947,9313.89586868329,984.439451673993,4123.42975375287,1596.66871556374,966.2889908761,1234.1129174615,9058.07110191102,9032.14350638678,729.940931124138,4324.2181902148,876.057382840021,9296.55669998023,9471.96213939057,1652.91801881091,4505.01229534317,1578.45232709484,8859.80335727411,4491.50276991824,1455.56755336608,4498.97958097626,1831.0956753681,4570.020655226,1020.96689776688,9011.75465035758,1365.68789911842,985.353176056556,4263.96217565608,1169.80635685182,9007.24309253804,8925.68197242888,1092.28695536945,4251.60322174162,874.48542832628,4391.93352464688,4718.69274017523,4436.6085642648,1699.85781380443,8973.48710841012,8853.11742588004,4224.29621034193,4457.78492886348,4422.1821225022,1227.44490679634,4502.23450048177,9112.37274814784,1696.38154909991,4220.9034738601,1006.68919307709,9200.77873944217,927.331704217375,1107.69442273866,675.201660041182,9041.04202597372,644.933861196782,1334.24607993338,1200.61686351743,721.479116776703,8815.39834233,593.877853690337,1328.30670207309,1604.84962432712,9074.34567777271,1022.86550040166,1175.76128388855,4449.57169926222,4185.19101637637,1688.89299192746,9004.7169822889,1791.5162563383,1206.94778995845,4893.36336227543,1358.48313434169,491.008041985914
7410.39762255528,7668.78737819992,5875.85202386667,5895.51837769694,2065.97987993957,2091.42697024363,5560.54712292871,5586.24994476777,2072.60119727855,7970.55356986025,5778.01816364308,5459.53460251138,5318.29935591023,7695.94907011762,7958.08960995373,8457.0897686632,5056.42263181728,5543.36017697834,2116.32361141183,5583.94860462101,5816.84834263885,7724.01078456816,5516.71586368339,7935.65908040795,7655.38986279082,2057.61783926203,7679.97183228947,5794.60091901661,2069.14326693379,7739.46891987451,7560.80145168678,2092.59554466542,7998.02426190886,7078.78427500518,5353.63168113261,5679.69578316259,2059.42772291184,5397.23976176814,7053.17956868916,7851.30778522558,7356.93425127227,2112.50102502339,7871.30336208107,7911.15074856235,5416.89972233043,7770.42739619696,7948.17409285532,5887.94990184755,6958.11612471539,2063.80120744216,5379.12761785881,2059.56519147534,2067.9509209593,7493.1253759202,2082.14506148474,7849.21550949797,7849.25100829856,7564.86708583123,7789.9055744979,2089.73751234687,2070.76648327353,2052.10177910108,2076.33128570851,5081.49495230289,2095.1075143986,2112.14712675507,2086.17790040296,5899.26862362843,7731.79968970357,7646.21240806464,7252.27772414244,6799.8705669968,7416.23635520713,4328.32408825377,7524.03804180345,7091.57453808758,4035.14871888638,4878.85517549627,7558.86393917235,4285.09941427929,4537.85378961469,4475.23106429879,7038.35759165641,6640.56424149113,2226.88228193437,4598.5871518606,6696.1460899762,7298.23409995043,2415.09400909361,2156.50598886844,3933.54891184205,7119.96567235864,6592.78232834543,7187.48114825866,4379.06133639419,4505.35425157412,7532.62680879653,2268.85917119504,2215.7833501527,2179.47572996542,6665.26523461362,2208.73966790665,6920.86423839033,2271.70483247749,4408.42054125237,7336.67262411213,2278.84800073323,7026.01990663216,7243.85695702692,7220.14980132,7155.84052167161,6653.70454435075,2172.24895029463,7836.4592479794,2198.13142996651,7931.43294416951,4354.46350857175,2369.8935117908,6755.99423338723,2328.01930245226,2188.77402310395,6925.06908179487,7125.75841584762,2223.15254010527,2144.16373997556,7783.82647952782,2392.54670910117,6552.04169853589,7028.66718309261,2302.4116421561,7245.56092613844,4565.44309996531,4569.57273149042,4740.35641511434,7228.59019832452,429.954914967062,7672.12262987043,1105.25963494858,7767.99941238362,7989.20737931557,7616.37963977757,506.710008213124,5203.29987236718,7845.10647008404,645.186111860146,7601.956076311,5265.04912947758,596.310698430952,7418.14749664392,1111.64051319172,5138.95233969206,595.097245915907,1293.24118823038,7264.47737363738,7120.57623977554,7442.54354643221,7526.64684733636,1341.84433357738,7434.39758275997,866.144228768038,7682.3550510829,7933.95079363737,5438.83723039524,7749.8668824077,8561.69185068141,7715.2627891377,7583.54779345941,7613.9449700883,5245.93176957709,7705.12584560316,7493.09199720298,5388.83294306952,7446.1777709123,7617.52641797314,7714.30307746651,8506.18555193175,8001.09972117409,969.375722425314,5418.36740892509,705.317918722199,5199.44665243697,7603.62329370889,1088.46437500134,7419.15374149446,5724.97515220705,632.3195142927,7440.093276277,7383.52829869768,5458.91115632243,7822.89010646742,5125.80627100021,7650.42829961679,7604.53441225796,7095.1889076742,5197.46115368549,7586.26635108821,695.17201732399,7481.14734226444,5369.27659700389,7860.76603146192,6920.40452236113,581.232718538847,726.803637442882,5284.25947719947,5244.12637423815,7515.92404804955,5311.88604259929,7716.81801689138,1402.63488285237,7657.10267517266,7749.5294316772,5235.62769748653,1191.88345498731,7452.82562220525,610.524538388247,5196.11370872502,7492.52185202955,990.497664987621,655.354684842154,1525.93083151294,7645.1816569518,7970.16797181237,530.841253914298,7216.67302764056,700.778029819537,1303.62076242512,779.520880699663,5163.22576993713,790.306801346356,7516.42411562332,5957.51480400576,8387.83460870519,7379.74171577877,5233.0552976862,1222.17434931037,682.124523307571,729.573592551337,7614.34357022717,748.977119057181,883.441766004776,5306.24289586489,7484.12312447036,7798.7009906411,7665.35484339982,936.804010076524,7599.22073045556,7697.25425384784,7832.82410072701,7968.57809798503,7669.06666086034,7959.79459466086,7963.64386620048,5394.67482004412,5709.02512117484,5364.47042035232,7234.6112210514,7548.5111039378,7395.58620301607,7523.62514560469,7795.8336666792,5278.03577107737,7863.88400409676,5294.6522683152,5436.99580363873,7409.35758490924,5385.4610535175,760.074912712708,5190.93083463812,7560.50688242131,7930.40158655933,1e+08,401.495608792807,5564.7719259604,7913.60319906598,993.972227014833,5645.34122373776,1241.96698579167,484.775132229631,7600.18904050203,7602.23301644778,7649.78999353901,7741.00619578009,7794.8982596492,5075.34260260097,5305.85255212888,2552.90299591817,7377.7814355982,7481.97195797156,7595.69319136293,7547.42376604614,7536.2184519721,7363.44412606872,5090.91138886314,7522.1045332624,7684.40416023903,4225.13969718199,3040.33242833853,2818.58476783442,4420.76585079131,2522.78584120794,7735.62460823795,7655.03710497416,2638.66986744368,7238.04298174034,7223.20925539834,2865.68539173913,4461.58713860924,2524.89815468239,7637.82072216846,7600.77886383899,6877.93721556531,7202.31073814714,4001.79542253578,7103.45591704655,6555.10315389428,4111.48085709366,3045.22982515526,7080.47776240013,4725.73170080711,4006.90911592368,7628.73452123499,2707.74435783433,7034.65434011843,4395.71757476364,2872.52001425741,4392.95210551608,4260.18468717238,4587.17854847328,7002.65063124546,2296.22180713211,7414.02249025322,2809.16833912365,2462.9876887476,6883.58257856766,2728.83090492986,2285.74150172697,2549.35003307614,2834.99873304474,7511.03563315374,4257.51260887241,4586.85995999656,6902.6697569813,4372.51749751453,2451.38420900765,2414.16098386291,2414.15601333343,2345.18035632825,4362.54358361115,7274.41422726692,4580.24608820065,7302.75032804238,7069.63943860464,2447.57359218946,4000.6400824753,7073.74674541662,6928.62821138775,4696.2678011891,6656.63143564673,7619.66435079367,7626.11610654674,7666.71581797552,7018.3796677072,7639.14576828144,2865.75455835155,4307.89292377082,6905.76908465843,4523.00597735479,2529.87808116382,7546.95988781856,4430.93491279978,2523.33686167938,4713.661851227,4333.80951754958,2723.96987408982,4413.45548290711,7004.62359832073,3839.72163677709,7117.01241743966,2490.55321343145,7003.92659016954,4736.68957793175,7814.62928791324,7060.76265969636,7098.62513810187,2894.12075456733,2329.1877922563,7536.54013293286,4417.11753867936,7122.08280640349,2381.96303504868,2209.78546245501,6742.38363420151,4213.36908530754,7847.98281044557,2148.32135603099,4162.64711675619,6920.91068903947,4234.81229881212,6654.25465641841,3969.20047652931,7298.10034989657,2499.1197476348,7009.98015450531,7155.09522899946,4631.23180481881,7210.55902041671,2245.938105766,2648.73053641195,7230.30371898085,4539.47091075395,7572.57178773597,4359.15653721986,3972.36727477203,4323.36745180452,6723.97554418163,2331.61088805338,2472.45943493607,4515.86507141531,4263.91672153147,4359.10998056674,7110.28578716288,4257.00131430302,3037.21284367454,7718.44675127235,4552.26820134975,7660.47314602643,2473.18676991456,7067.33448315067,7254.28863180335,7508.75098465344,2236.02912051379,7545.07951892175,7063.68726261838,7533.03520638662,7487.46718463833,2587.81597881583,7535.8104059749,7011.04051427805,7926.39056116401,2469.04250686329,7335.52828200928,7158.21822675261,4195.80568906497,4640.54514128712,7813.2851623391,2932.37652454051,6704.15918038026,7367.55502153667,3851.26031090235,6985.01659354409,7623.57294260798
7549.23657526648,7806.55653539699,6022.59249966934,6042.13716718127,2199.0744776301,2215.45588092565,5709.32729974992,5734.85737488024,2202.91722631636,8107.1483909158,5925.37341105676,5609.00533895992,5468.76773444314,7833.60931489599,8094.73142450551,8591.94397040866,5208.84537824252,5692.25653136079,2233.78013338709,5732.5714534704,5963.95769324086,7861.55919266281,5665.7933863732,8072.38578472567,7793.21298289761,2195.27120897547,7817.69606296726,5941.85084625201,2200.85279643353,7876.95601637332,7699.01016905509,2216.28235544175,8134.51595279476,7219.09176431102,5503.84689252352,5827.68507023589,2195.9249644683,5547.14583303122,7193.60522309683,7988.35743701937,7496.00245414172,2230.88573780874,8008.2759232737,8047.97067769764,5566.66761192158,7907.79232729475,8084.85338264948,6034.61544746359,7098.98678787562,2197.93002052029,5529.16164394434,2195.97994224247,2200.16843561441,7631.61503169626,2209.06151239294,7986.27324722112,7986.30860880027,7703.05906131798,7927.19406712148,2214.268658979,2201.80821054484,2199.19272756719,2205.25219260382,5233.72447249318,2218.07268659559,2230.61900516371,2211.79934397203,6045.86427930311,7869.31717857207,7784.07258608052,7391.80289165196,6941.50469180773,7555.0504400394,4486.97500824338,7662.39884211072,7231.8232660951,4196.66448361981,5032.68506247765,7697.08064039079,4444.15959934371,4694.58519538581,4632.52503303337,7178.85197494419,6782.99693064984,2323.54482235721,4754.78192802446,6838.29664202794,7437.55725397781,2487.73672989901,2265.32841838977,4096.10521070724,7260.08459258332,6735.46064713723,7327.29481256734,4537.23767481286,4662.37643635547,7670.95196667335,2359.34047597945,2314.192958184,2284.01360189158,6807.57206726888,2308.28619029454,7061.91203614023,2361.78867964955,4566.3251255046,7475.82844187142,2367.94500467856,7166.57168251148,7383.41937274404,7359.81747268932,7295.7966443038,6796.07018645692,2278.0955167581,7973.56636411225,2299.43482926055,8068.17568864173,4512.86914429047,2447.56455825865,6897.8452293955,2410.70326904235,2291.6752592842,7066.096806611,7265.85095663645,2320.39633603585,2255.45752903019,7921.13879339528,2467.65196391425,6694.93174035969,7169.20663027093,2388.35687653421,7385.11579871738,4721.92964270026,4726.0227787498,4895.3323601593,7368.22032964311,394.779629178151,7798.20834576006,1385.61448731618,7917.45753933321,8135.16924164864,7759.1771274518,608.246795047585,5278.43688513801,7980.09747370119,768.436585236768,7740.65098915775,5422.10343053297,767.442871594363,7541.67566800162,1175.85471831216,5246.21172231202,723.425147901022,1479.57465480684,7386.55775486063,7235.95129595737,7573.2724480215,7678.6000761881,1548.15936096371,7557.83618251327,1097.30335481226,7808.37913771345,8091.36738099273,5614.31258804994,7899.63641142979,8690.71870510968,7844.20253503228,7714.86930367201,7754.63473432217,5350.8667758336,7816.92593488839,7643.02883313567,5505.53446128412,7575.63947076316,7752.69246453505,7864.77560044173,8654.20783210725,8150.23803992859,1046.80160239922,5558.97884288201,925.760487384226,5350.57346466979,7731.93826281477,1113.09502744262,7555.93357843207,5813.44056586748,545.825865464117,7567.48581270031,7507.7962753135,5603.69183116797,7966.609915315,5231.53718101513,7776.83248666006,7737.7142380376,7236.7419347926,5288.38878279751,7734.75387844338,776.664053806241,7639.58864030659,5530.9607969927,7966.2588135826,7038.58433856769,558.362308243611,872.455417691224,5428.62191910642,5343.57408365969,7652.21543528746,5416.46334018838,7854.53847995808,1612.58239400534,7787.50574206476,7890.16112419411,5353.9973970158,1367.88905994394,7576.59530460553,782.017255890616,5377.19563276759,7612.75619394023,1056.78092542745,676.299510958857,1759.50324365328,7779.14269658935,8106.33012172834,578.158259841631,7352.08357361889,896.539774956262,1464.3059966792,1100.49873627237,5298.12924774896,759.25892011357,7627.57969225681,6134.1321177481,8524.62872774222,7492.72170713515,5328.2533109914,1370.86658001273,758.714415582755,457.3023565384,7754.654408366,832.649045860086,808.30428770258,5405.70667034339,7634.27247943189,7946.7728816368,7795.01710833972,978.595812753255,7738.15917050559,7846.38904786066,7976.7254667605,8118.5717400584,7807.18284601511,8098.29231848676,8107.28218610577,5503.03318992013,5887.3618441253,5511.8679385374,7356.79364493145,7675.17085473353,7521.60588432748,7644.6744301521,7941.63003442441,5408.81072786245,8013.25684895996,5395.80876397955,5535.08691070795,7547.36547584798,5486.76238294131,655.454069543298,5290.9803474123,7709.64374157767,8074.05058260545,401.495608792807,1e+08,5744.36608169099,8054.28908828118,1028.87715834276,5739.93128089102,1418.63362965867,692.065496181338,7731.5045416702,7744.73604505607,7782.72020181423,7844.46486894773,7936.42809380537,5202.56914799535,5413.23495286658,2693.18573621395,7497.11875826974,7602.1838879849,7725.31063959849,7676.26890147889,7661.55957295422,7483.77402501541,5191.09388670883,7645.55204872946,7833.29967954377,4294.3496798497,2979.92437243914,2717.69830685227,4486.19316944767,2367.41425202091,7876.32799001553,7773.20642251965,2492.92109812567,7387.65937821677,7374.45561026711,2736.47725633973,4519.0424089822,2360.93042181078,7770.78073430093,7719.99031590432,6999.68297228756,7321.29808987466,4068.73975458495,7222.03864624286,6685.9734804343,4177.55461705608,2947.89995015489,7200.2076020057,4774.81816479984,4076.4318585541,7759.70151515687,2589.38134446544,7154.62063086926,4457.24299664198,2774.73347247505,4453.47848687664,4329.22053517322,4644.5197575046,7124.58958766208,2121.37077131775,7529.94872681577,2715.44246120589,2288.87703975745,7006.78165750742,2599.14649619621,2108.90939034329,2408.91305764412,2740.1205646766,7636.13472758992,4324.37578308886,4645.05983428143,7025.20696488113,4436.03102367373,2276.66892517991,2264.11212795697,2245.9610338001,2174.86915210055,4423.71054440311,7430.32482260414,4638.47455810555,7421.32286515407,7216.62569225721,2304.21887596372,4065.15266260857,7224.08564153863,7050.40008745731,4750.45345621112,6787.3810713652,7753.05211371915,7775.15538044627,7811.0968164508,7137.60379982649,7763.11367313027,2775.64826251954,4365.15013317206,7028.6375214777,4608.72385081882,2381.31567497608,7695.48272601713,4487.07176168202,2374.1489522437,4775.46464793135,4396.08284318545,2591.75193995014,4471.06614024061,7125.61888175624,3908.96442619299,7261.289787896,2306.00836175313,7150.23422055126,4789.48445359969,7955.9334394283,7211.63775416332,7218.16091335155,2789.63431037214,2160.63258594843,7659.60213856695,4476.87705116208,7258.31706159343,2196.83378606115,2017.35431407359,6866.44740770439,4276.9666099126,7990.85931796723,1965.7565502094,4226.86565338168,7043.34095009088,4295.26224651349,6789.74565622011,4044.54708489519,7418.96656617315,2349.79746253221,7130.44310096928,7309.28592803519,4683.82817825306,7363.39190532588,2055.21683714414,2515.38891727315,7348.45397213867,4594.70648393251,7693.19962853657,4422.9400850242,4040.13750433518,4383.3822114639,6849.90484745367,2150.10906720734,2307.2473315357,4573.59417161983,4330.37506536893,4418.41966136921,7230.08353589024,4314.6812037046,2988.08486337621,7861.19350693617,4612.04385901809,7771.50475185937,2299.21322141393,7203.99177470393,7408.03905666367,7637.01216379074,2054.75046592604,7678.38156527077,7185.14972914962,7683.76429669946,7611.03180062336,2444.3873465271,7666.74081546181,7131.18378733989,8068.12054328305,2308.21483211844,7488.35926297608,7278.02409848318,4258.68674951517,4694.06893952106,7956.44967617843,2857.87357689273,6837.71118735874,7522.44235588732,3918.20071099686,7106.76959821733,7758.10575466848
3583.10276805057,3766.99959020575,2784.18659988248,2790.04620139573,5653.89101498179,5798.26670536645,2710.54107089573,2715.06394959214,5699.00766412655,3993.27028910431,2757.19031472291,2695.41681440654,2681.50824685377,3786.88838535342,3983.70580248824,4379.17695782284,2678.75626150776,2707.66825992857,5899.02849776872,2714.64795614326,2767.47172960278,3807.54054562241,2703.45622105735,3966.53815469591,3757.22654315537,5577.68579560555,3775.17711970432,2761.51060389171,5676.49230983403,3818.96167312102,3688.94485122332,5803.57569877648,4014.41264362421,3363.11235732188,2684.18432395558,2733.76728809778,5597.30149598649,2688.2293568611,3346.9752052162,3902.50780120474,3546.33908809597,5884.93627447264,3917.60925465104,3947.84702319237,2690.31944435244,3841.92899412821,3976.10961476648,2787.77425510045,3288.22836459002,5636.85895148095,2686.45012425984,5598.69306872536,5668.22981387351,3640.89074216062,5753.10554260407,3900.93044708234,3900.95720494663,3691.85334681208,3856.44268331252,5790.45752281598,5687.3090934667,5407.70612418662,5721.34283796961,2677.70180255526,5814.74838823153,5883.61089186274,5773.44022731547,2791.17978837218,3813.2913859152,3750.54618686715,3475.76367300882,3194.74738914528,3587.14585455349,2832.22123854572,3662.75553694683,3371.22189926179,2959.51029252771,2694.30228417246,3687.55963449524,2848.69143241111,2763.88838189953,2782.29711542116,3337.69370402441,3106.5427613921,6210.08795053887,2747.69145777199,3136.60984594002,3506.52246231393,6580.8981716876,6028.73746956156,3012.02287392126,3389.33713731641,3081.32541152586,3433.03422386385,2813.91738733336,2773.22625833656,3668.85598984885,6303.08492174092,6183.96390920576,6092.60156370402,3119.80877548357,6166.98921353829,3265.72488117273,6309.10391317857,2803.83603433379,3532.5296938846,6324.0730635951,3330.00173448042,3470.16792855057,3454.48225116358,3412.44895758789,3113.58066714831,6073.10698334035,3891.32520113029,6140.78791220978,3963.31011259733,2822.65205799195,6500.67745864639,3169.83959410129,6422.35525380431,6116.97935317488,3268.2500244202,3393.05239647318,6201.39042577784,5991.80271197714,3851.9077925257,6541.38416478537,3060.29704734658,3331.64958157291,6372.14052147401,3471.29922681282,2756.32784332498,2755.2251845768,2716.27994215676,3460.05519883025,5814.78267211034,3601.86104607376,5611.95954000507,3490.63032700049,3981.72607688048,3492.90577010877,5856.36458131646,3071.43698145967,3894.64390825829,5784.04265555459,3595.71117306084,1872.53629413526,5794.32384519021,3272.32843037224,5950.69209792129,2677.51985006255,5698.04400835946,5750.51113262042,3068.83291959054,3246.5434714588,3223.15850915493,3002.41925571538,5521.88188531384,3250.11612867265,5735.45339943705,3862.00200526997,3521.32077232143,1281.64448101149,3375.32472181328,4612.47359297036,3900.23890938614,3685.57065970705,3547.50001987654,2822.99733117924,4071.73518850816,3000.73798749191,2630.86573502393,3231.34707346108,3644.80564350918,3203.0476353673,4231.58456178616,3528.03562355592,5953.38615666002,2348.34042651446,5716.32382302734,2227.33924581683,3724.65983992476,6082.89669128805,3131.67725394738,3257.27445785827,5920.36805388472,3310.37181339473,3200.31442369508,2367.29180380812,3746.48050593822,2460.57961746825,3895.56666029654,3387.25571342873,2906.68072494234,2735.52094978338,3147.47729966327,5915.28799276128,3041.47052049871,1638.21525129357,4225.18847231989,2879.08362785819,5877.64888614928,5832.2310900703,2294.70680595198,2635.21093068425,3231.96685020764,2897.31370220786,3698.42574072528,5703.83384161413,3818.22523656679,3694.72085959024,2519.95414642676,5786.15670162824,3342.24441437781,5787.51859765045,1184.75716719733,3434.10494494306,5985.88153729667,5765.69419467932,5586.57897515629,3747.63503658515,4086.12711097409,5821.82735531508,2951.23960116698,5765.73181469102,5861.78572834022,5356.70737071879,2276.66793603282,6064.79769571312,3809.37135951751,749.99427286185,4293.06425051585,3654.72404267738,2754.30650775577,5852.69815949156,5866.09387998816,5917.81563304815,3544.96617419471,5938.29967754275,6052.84638820437,2810.13897871359,2992.93427732494,3545.63896887419,3819.594599362,5934.21270798236,3423.30600611965,3349.1248378908,3636.70424461055,3574.33137005517,3621.91907191167,4009.82303714636,3848.25604758714,2712.71412320452,1310.52059604246,2254.76877447817,3020.36187104332,3427.92686842775,3185.85393960417,3487.55590503449,3617.59823099709,2414.42383011453,3488.23300356491,2670.06628175775,2891.82611145034,3084.58756218347,2781.80194218882,5979.02110423595,2781.14545808569,3072.61229493828,3834.69059650086,5564.7719259604,5744.36608169099,1e+08,3894.90299219549,6040.10688956592,3146.33416695901,5782.74440373889,5668.49549027871,3664.29371303476,3618.0565516102,3794.33473707594,4180.3543195751,3691.96879210677,2325.60739488839,2812.55838115021,5132.35901576139,3297.65309138737,3420.17412094282,3739.12326827569,3680.93677717416,3437.71484348845,3220.11522778938,2582.55445305915,3450.37875324501,3361.55332557769,3252.88638320603,6907.30688621429,6824.05794314494,3559.51291807004,6730.08140835227,3235.37179326971,4017.41107198729,6999.75887740824,3110.87754559246,3076.28067759009,7012.31580519657,3842.15648205121,6957.59172162865,3856.21117050261,3957.86432744075,3031.08763150569,3291.78415587335,3206.64002522198,3085.26103282417,2713.36630634078,3295.46563687078,7018.44205716102,3030.70011032214,4124.71221497271,3262.35973835203,3879.29758100168,6829.62064196227,2942.59211168007,3666.6540772682,6907.87028446205,3665.85674470735,3300.14867678314,3868.5067349506,3191.93814148285,6764.72180468906,3606.04808195018,6773.9591481553,6903.08899140824,2877.75053400169,6907.35682942492,6936.28982662212,6934.17841014786,6950.98695399799,3807.92266777327,3368.06783457004,3944.76505050566,2908.04498296118,3570.62414000679,6948.48068649794,6755.59957027947,6821.61359390565,6872.25857928996,3683.1168827674,2896.78636484805,3837.1508238205,3360.47403540956,3070.85045938622,6703.29126008391,3396.96871087817,3095.14839550459,2889.06856267329,3921.67419242248,2754.99977712885,3811.07702946206,3153.9160490754,3111.16174873064,3417.74359679246,3934.66454752331,6715.09234871074,3689.21784271518,2833.28657028347,2755.61170498633,6830.47418674621,2968.94053410525,3868.07674600313,6843.81960545086,3670.07141168365,3585.7553003385,6915.13390463914,3809.40889420696,3025.66676184421,2887.10903808344,3083.80962044109,7254.07977769289,3084.50108327825,3944.7957295285,3312.70068681388,3088.37800681546,3103.86654682689,6908.12567901422,6884.30382663486,3830.57154524169,3652.2127858539,3325.07773369654,7121.97118892342,7251.35030077105,2843.29533960687,3578.07409202644,3287.16301949977,6706.85217291425,3639.9321440175,3002.0357694454,3506.31430656055,2772.76569310629,3042.6204092285,3249.32665257768,6854.2375292379,2997.55199404473,2987.62801153411,4031.00239254123,2902.17750658528,6882.84924637203,6809.98561600145,3375.88878862209,3878.62234250031,3944.38087877489,3538.10362203203,3177.70943905597,3729.52412156631,2775.21696357898,6853.27474284078,6735.38171325364,3801.52152568383,3251.22098909224,3605.45963866692,3099.8564918222,3718.88470964857,6904.69070415023,3221.38975363906,3803.93504720812,4061.93152684101,7014.77666728943,3293.0106597865,2888.84048735891,3762.12142266305,6863.06124502546,3796.60534152098,2943.10077468111,3035.7434409708,3759.7767984962,6701.39071784845,3742.57205946586,2976.95387759756,3351.34688959471,6940.24314744187,3030.62622165321,3129.93832984106,3535.072470467,3925.3698120941,3274.05932839338,6827.75396577491,2806.25025311292,2920.98768785039,3075.05267744971,3141.52315200236,3803.35596840621
1363.76623953505,1246.63024514033,2596.02954649378,2577.30895616476,8150.71095558935,8312.37208657847,2901.69574258802,2876.41255806299,8201.34531878357,1174.63130394139,2689.78736965699,3001.64509087371,3142.90543565894,1237.07524846411,1176.0449795964,1228.52714009388,3409.26993222882,2918.63625420501,8424.58503030706,2878.67381315185,2652.45185610121,1227.80769077026,2944.95209229478,1178.94089157494,1251.55117966277,8064.93385006089,1242.62691319135,2673.82345323223,8176.08992315948,1222.96959494407,1290.05270504919,8318.29657632973,1172.01131763978,1570.35323502969,3107.40550360838,2785.02008233829,8087.04439826095,3063.73799413007,1588.35875606492,1193.8254979153,1393.29658715412,8408.92005610933,1189.73290363133,1182.61901152205,3044.10505980214,1213.86106993451,1177.26947141135,2584.5083240645,1657.33417682784,8131.5674247471,3081.85492179344,8088.6121334418,8166.81515547519,1321.42582745968,8261.91874066072,1194.27373270622,1194.2660962071,1288.2666121275,1208.53343329462,8303.65503349988,8188.22641855689,7872.38122009319,8226.37231992715,3383.52418540526,8330.76007003695,8407.44628282735,8284.64891755522,2573.74400109116,1225.34599005469,1255.00025879362,1455.59542162595,1778.77670976136,1360.64134283288,4179.75527504957,1306.71633119199,1561.45515790272,4503.86793290883,3593.06846935128,1290.90790332361,4226.980636926,3953.33667696778,4020.58480485579,1598.89651360039,1908.09913128311,8768.17562272219,3888.44882770854,1862.25558566461,1427.53869960679,9173.01476990934,8568.35194495865,4618.44043674607,1541.93916586058,1948.0802455112,1496.89415852653,4124.55325448456,3988.19286985617,1302.74152616398,8870.1538062612,8739.47052248996,8638.87243843744,1887.63524968292,8720.80468542506,1685.21828154592,8876.74322568005,4092.72219223622,1404.90695553486,8893.12542620423,1607.73083245831,1460.84992985614,1475.82604205569,1517.75844373083,1897.19510572853,8617.36387411928,1197.08803261165,8691.97100726052,1179.53695222671,4151.28482675125,9085.8205722527,1813.74436744153,9000.49145390853,8665.74697654257,1682.04799279571,1537.99792017544,8758.62166981139,8527.48925316957,1210.16241927592,9130.09099909174,1982.56407181793,1605.83051024663,8945.67707562062,1459.78388505726,3923.82010576449,3919.40774698486,3738.21522567752,1470.4634764287,8219.82599081397,624.415788659219,8159.10640343702,625.347665377719,235.056455640326,519.847624933315,8303.8524455104,3230.67961245267,258.56290681633,8178.17401057302,460.860325980323,3345.59835228102,8174.26408573342,957.691777670388,8496.8619260588,3291.51991452435,8086.47418401817,8365.72304863107,1164.8905106976,1297.17434355263,937.573735822221,1242.01627700391,8199.62167513573,976.390610123247,8247.90366335316,479.228021626145,874.407471172787,3543.4215061517,772.125947265541,849.489949568558,466.082097871165,472.079448393742,457.090716371405,3058.95413183419,812.397774294443,1225.33217211721,3063.41024819994,947.580985204967,394.30095054124,1035.7548310536,766.836559525102,875.532201042319,8412.38901768731,3027.21374608244,8161.01590141027,3279.82929935019,473.995406847192,8592.06864304616,985.079021722143,2607.61212393012,8236.04159186152,881.526108599671,1018.65949089736,2866.79777910623,241.16692396581,3357.82984001117,562.280211193003,781.176727227054,1414.06933464061,3255.53842042938,1100.99137170109,8333.12866649085,1449.6867412356,3280.48155604482,981.942619903696,1474.26133314906,8271.54198080855,8219.78541615774,3237.42726734301,3295.50105119184,920.800345719178,2964.98630471105,324.192231038207,8340.86744815529,468.265649072372,283.189857544897,3246.26491047514,8390.78911136369,913.587674834873,8146.36090157315,3775.03699727268,860.937541136675,8484.17600659268,8161.07560652591,8293.02181018809,371.276056076461,310.338146375669,8213.92261999329,1260.71508327542,8203.02504936585,8470.30297838918,7857.96518329183,3382.526862461,8449.20397763316,944.533181477412,3517.80402377325,503.355042585764,1023.93044691851,3140.37003269361,8423.58988466322,8255.47203776995,8166.72727457481,479.942697110441,8332.78755484505,8472.24031910115,3207.29043969039,1200.4731455987,565.798104430227,455.273551263774,8432.94894146557,677.545685355071,760.457440800366,424.986097541749,725.491494858958,414.448302526768,195.344432778394,187.658286509527,2992.89526860442,3249.59082669932,3116.90590358244,1207.15229821185,770.376659264387,1008.32776538354,782.831796768347,430.927923567254,3245.66045602447,708.954041583016,3093.5084012534,2872.37182733985,1030.16369659892,2901.75616495339,8377.27367584092,3196.44872789261,1160.88852090431,200.520992883022,7913.60319906598,8054.28908828118,3894.90299219549,1e+08,8532.96916497953,2673.33943189189,8391.60009454532,8113.792882595,448.318554343629,402.553834017265,427.628653455165,1027.14018627226,293.897108003461,3359.37050067634,2979.34717421451,8185.11480712209,995.594046015998,856.184226357067,451.93699817228,514.398111277204,793.639465270213,1051.87478150766,3532.58944325502,799.331571021214,754.320454839685,4482.27105111778,9148.34740193078,8977.40364794163,4272.98961753948,8829.96054460732,1556.81406211909,743.4980311429,9130.71425138785,942.984736031882,965.033767722628,9103.68497278503,4284.68824429497,9061.78059563151,434.926998390884,761.543700592269,1481.42830497546,1125.42750762626,4737.28980108089,1290.41246311029,1921.08327713303,4650.42037226578,9169.47870853914,1297.20096533511,4204.95827574018,4679.98114136014,578.903376906179,9001.68076110307,1353.52487967937,4298.14174345331,9081.90160337573,4272.24955642022,4418.55332699937,4180.29075908203,1371.40275401983,8898.78955136905,922.292068525887,8947.61761478784,8985.2327555899,1544.74643539324,9035.36425717308,9156.79792985179,9094.04839594061,9156.88754259012,636.572074147675,4362.86630074455,4202.69803493146,1532.48539442001,4304.895884138,9026.71738602848,8906.73346383503,8968.47474317521,9017.79448085181,4324.5413271382,1230.69238086809,4139.49641057255,1032.69605870269,1001.92660994731,8884.03425726222,4750.48145997805,1010.62547962158,1486.68595131613,4095.60538941243,1830.69679242469,428.047011520547,1285.16828588232,1704.65289108835,1367.96053006551,613.443541543854,8842.19096656854,4416.51792821436,1485.72916947457,3915.02107747568,8955.10243565677,1520.11019408341,4317.2360873561,8994.74110449508,3933.90807555271,4384.56825777269,9036.76968357203,4301.57852836562,1382.83280092844,4981.34935384222,986.810909973788,9300.84224546041,1025.03123379022,4091.44100914602,1689.54740522641,1024.71202752635,1252.86446467843,9062.39154979672,9024.3821301781,615.90476980794,4306.76098989388,873.388811796281,9287.52090129771,9459.06199942426,1676.60725515502,4494.04296163863,1679.62516744313,8850.82827632741,4477.44696603333,1476.57240533814,4490.01713583306,1854.11557664147,4569.29991026577,1040.28243330744,9008.50612115769,1383.94762612661,1066.2956957341,4228.78763161932,1268.9930564871,8996.47128675966,8924.01419187401,1112.28168207469,4221.90987570111,767.956185758481,4379.99666487075,4719.87593871809,4417.93087770697,1727.19482662595,8964.72369173547,8847.63678464984,4200.19263750943,4451.62325687982,4411.92649368528,1246.41809417483,4489.11632681755,9123.77240585579,1786.66097915724,4194.25968387594,892.619253953633,9195.04234722741,929.610860240557,1207.32597699206,578.243323275127,9032.64760483545,522.672299709624,1356.89171967825,1310.78341668369,617.82357723556,8812.20930504946,491.899397305152,1346.92527211152,1701.88044450466,9068.26674132309,1134.17742720618,1194.02060880307,4439.46749795842,4154.93955825787,1783.83570723341,9012.85180166659,1817.63356406222,1311.55675696831,4894.12351854949,1380.10902676307,379.531088681152
8091.11296566729,8347.16879709051,6572.42446745586,6591.86666873468,2498.63746123156,2481.68001585431,6260.77304061134,6286.17421710753,2492.1869482465,8646.32591669406,6475.7125731191,6160.95148337069,6021.39374201675,8374.09056790091,8633.96729498145,9128.90690833253,5762.64800596677,6243.78812942459,2476.18321493222,6283.89986057343,6514.09609803767,8401.9054792521,6217.45752893558,8611.72685476828,8333.88999851463,2511.90848387896,8358.25433472426,6492.10436846014,2495.27520649834,8417.2281222058,8240.14684901708,2481.26064330633,8673.56516802633,7762.63490216468,6056.3052872477,6378.52870442003,2508.2075088494,6099.39499900353,7737.27895137775,8528.09641553864,8038.14431664073,2476.63985854807,8547.920249637,8587.42698655016,6118.82165005165,8447.91622758675,8624.13572528303,6584.38440053566,7643.14752741423,2501.34474201792,6081.49801514145,2507.95245294095,2496.47390563967,8173.08323520128,2485.83259481049,8526.02214157126,8526.057334894,8244.17589471388,8467.22496674471,2482.32317220748,2493.75900853365,2552.20936269425,2489.38103048223,5787.42029982744,2480.42531349187,2476.68801603382,2483.83315581986,6595.57422414437,8409.62607276285,8324.79400975214,7934.4681301023,7486.48310986738,8096.89791737667,5042.93056028208,8203.71534378714,7775.30126607152,4752.59303101723,5587.19899286256,8238.22678119704,5000.15662287322,5250.16692819861,5188.2457436435,7722.60141433026,7328.8060637225,2491.51740856574,5310.2095261644,7383.81518110657,7979.9920747522,2570.15123144914,2476.71022063702,4651.82207506297,7803.41823421832,7281.52016528844,7870.28647282402,5093.12775430476,5218.03294338552,8212.22640010956,2505.29920542104,2488.39124098497,2480.07490807803,7353.25196556685,2486.53724787194,7606.2645089385,2506.33228041525,5122.16953335015,8018.07125149841,2508.97506165007,7710.38420682891,7926.12693083384,7902.64433728366,7838.94833906362,7341.81055196647,2478.83261225224,8513.3757616198,2483.95121811144,8607.53660817662,5068.79315219026,2547.90293328677,7443.05175582116,2528.89879582421,2481.89301476942,7610.42761312727,7809.15518388061,2490.43997900679,2475.69506017388,8461.1986978736,2558.84603648126,7241.20511953662,7713.00561371562,2518.16537613794,7927.81479083109,5277.44361262075,5281.52627791591,5450.33520830916,7911.00469035415,806.001033612387,8291.27426310112,1272.35745161117,8385.55723506137,8613.07107075504,8232.87126685381,614.163253846268,5731.71467807024,8471.74530734865,602.702772492107,8220.47146949447,5752.26015894056,875.922127301697,8043.56140225869,392.418019702212,5624.25719226327,644.386396987431,1016.8693604698,7888.36179986806,7749.74501115566,8066.16333062714,8151.01924967894,1143.49836353183,8056.65403003447,788.799407030087,8313.31394661038,8541.95244212924,5921.29961495665,8361.82895081043,9209.67080556866,8352.07060993946,8204.26209287342,8232.30289933905,5763.91940987115,8355.48620749209,8118.15735000961,5871.26389136097,8070.02494678299,8232.72920637132,8335.92225828231,9122.93629259508,8609.12716534032,375.689419143225,5908.70162358004,813.042258054943,5685.37194802492,8225.49229608478,193.897411347943,8042.44336603739,6311.19687274517,865.247942389468,8061.30396288157,8008.57348955893,5967.85526310336,8441.15864806191,5615.34490648387,8291.11781823354,8227.03279425437,7729.5725006881,5694.88973271978,8218.21995070746,380.391098954088,8113.14369408091,5872.33646072129,8529.36360855157,7553.08383280235,821.294015203999,922.210803691942,5760.55600533604,5726.11378326462,8140.90233708959,5840.33657604714,8336.06913070105,1165.90286224806,8288.21142966727,8371.93127978082,5716.38276818641,928.037614774701,8081.32330091124,857.24593194024,5679.73061213584,8113.71749987398,305.552775191352,814.799352311221,1394.2647743669,8269.53410915066,8601.83572657331,651.801279842369,7844.826315819,720.446223247088,933.168584776224,1090.45249858815,5637.2327909978,532.065569205954,8151.02171517805,6445.74070096949,9000.05168370818,8013.17138375178,5746.21420272363,834.605354326016,508.457629366343,1213.07800750698,8232.467894956,598.285630360751,606.968129487327,5786.12179417421,8108.76352816018,8415.86014341552,8294.11361799523,299.627945133978,8224.25574203722,8311.57695541092,8442.83364278034,8578.6014387029,8288.27960660626,8589.12909914566,8583.34493629046,5896.58716659873,6201.25261426183,5848.88058059186,7859.3433651887,8168.77061140311,8017.82217221425,8146.48228048032,8410.5248142783,5752.453169906,8474.99102607622,5801.40031381933,5970.46993383708,8029.58301124606,5914.76189361206,651.467947369483,5691.97973316694,8185.26350239534,8549.58035034074,993.972227014833,1028.87715834276,6040.10688956592,8532.96916497953,1e+08,6208.72471198956,914.93099232362,659.883035236614,8214.81600457193,8221.92724455287,8279.86546892579,8410.94296767236,8408.57904887779,5563.48307765529,5831.67473238176,2501.77597063314,8003.89368532868,8100.34888897341,8212.7607449722,8170.69516695993,8155.22502960422,7986.8916454965,5558.13953838509,8145.6525443186,8306.73550772235,4759.09623783972,3321.03509283145,3115.75949818084,4969.7163450041,2833.73305268399,8375.33551238398,8305.70478668982,2899.61176585655,7858.21622981415,7845.14440041431,3150.01522807377,5075.87486823563,2795.48207287592,8271.00950361945,8257.2347111497,7516.18248499396,7838.05904113651,4514.24645884469,7739.31266381983,7207.15542228598,4635.27227610378,3325.07908202178,7717.31910317074,5404.29609720753,4539.69549228007,8279.32635243531,2986.51108553434,7671.4274972307,4992.57920628284,3155.76435849317,5001.67383261636,4803.8351811273,5212.39568060118,7644.75130269029,2596.54714099794,8049.20205226316,3107.85157175962,2750.80898421098,7527.69403775735,3014.0540329794,2498.75260736713,2805.49143313666,3098.54994796973,8147.82293426563,4828.59112306902,5228.07512036354,7548.26759613984,4942.55271490645,2736.36203952812,2714.55299009824,2689.25243390891,2609.52370576271,4962.41194200765,7894.3863666788,5194.77619389294,7938.18042960712,7694.51769820942,2735.04966032776,4547.23498040224,7700.25319971984,7567.63036680717,5349.81502879771,7307.51869609002,8245.2216519484,8241.12939687157,8307.66960346009,7664.19997853151,8283.64750364334,3194.27498737348,4890.55066818264,7547.14207135116,5055.53914475426,2814.44264983775,8164.20153902594,5052.46029444964,2791.24137875113,5323.47984934506,4887.28645545904,3001.05618099363,5024.63669703706,7643.7875559052,4336.16451292148,7732.02525751926,2718.07510655032,7626.74205992627,5379.27971989947,8469.79297047215,7685.70179995787,7735.20870253382,3185.52599358447,2595.70876212314,8168.27788050572,4984.52865033443,7749.85568046471,2582.08266365744,2324.52950896727,7391.04865261161,4776.80625418187,8493.09175088578,2455.38244401842,4742.56915520451,7562.92763729806,4780.81556141172,7306.95743052717,4538.76227196285,7930.86169555732,2771.68732223136,7648.17898490569,7775.0646409217,5291.23252817388,7834.47916871933,2527.07570171958,2947.48510626118,7863.16350583754,5168.75136833831,8231.09567689053,4904.55481561821,4521.90178662794,4898.05977923666,7370.59602120805,2617.81656285985,2775.07960459048,5139.11320234692,4783.49926474193,4926.10736709634,7746.61865559736,4847.18238162702,3325.93804199156,8374.95483600097,5157.58448133333,8320.38606577055,2698.1114041686,7696.13403853768,7876.16744841553,8141.18497336986,2491.45582953426,8178.83895112969,7703.66719489828,8148.56211446488,8112.34753020497,2895.51713128324,8154.04782101516,7648.91771531751,8573.34534998022,2738.49222155786,7956.74226721529,7792.45482834183,4780.24559565924,5294.25993496353,8465.72134253959,3237.08221664966,7357.8609281317,7986.19546088983,4380.48897144307,7624.2492735145,8250.41422577129
2871.05772282098,3022.35159102085,2433.56719258824,2432.89253384596,6323.33527613829,6474.39281914782,2469.07264359482,2464.44736450732,6370.58998359451,3217.88529997445,2439.61568604049,2490.18414878626,2527.42926315271,3039.1711458391,3209.4529884175,3567.20497153349,2619.47402416928,2472.33511879736,6579.55471216184,2464.84908000698,2436.67836846577,3056.7189455879,2477.66074273431,3194.35073413755,3014.11616739226,6243.40984876557,3029.25753374458,2438.27487868515,6347.01348645057,3066.45843095275,2957.15014185612,6479.93885976053,3236.57082498852,2703.19031175606,2517.27779256266,2450.20765011264,6263.99655289003,2505.51254189895,2691.61578784104,3138.41809423817,2841.86788427635,6564.85943310761,3151.55171396708,3177.95792999533,2500.4863449622,3086.1175571772,3202.7653698213,2433.13074005237,2650.53274056961,6305.483784659,2510.29618199487,6265.45665271525,6338.35866788749,2917.70628982383,6427.19095333755,3137.04841826513,3137.07164972625,2959.55530491312,3098.58999691409,6466.23387519569,6358.34150532432,6064.60223396148,6393.96647765337,2609.41062235362,6491.60847998728,6563.47713048954,6448.44991350209,2432.78443398889,3061.61995177223,3008.49824828396,2787.01227304441,2589.07607832707,2874.29177819813,3015.88472617482,2935.58339523839,2709.05110364039,3226.34923781332,2698.00019503355,2956.00534000733,3045.21728965385,2882.39315725235,2920.7504382584,2685.01288233062,2536.55513762853,6902.99412071724,2846.48348662641,2553.77195707889,2810.71940535164,7286.55350465982,6714.6357281041,3305.44445423623,2722.24636525637,2522.73094939934,2754.63378307169,2982.2247679767,2902.13266826721,2940.59235309476,6999.37647681032,6875.89451929535,6781.0317846093,2544.05706494008,6858.27998807458,2635.26873326722,7005.60999722591,2963.13199760542,2831.0081992766,7021.11032031065,2679.57162282183,2782.73442822045,2770.80257715832,2739.28099752443,2540.51605565186,6760.7719275267,3128.71666836442,6831.08174100282,3191.51588716805,2998.43876983795,7203.73754740226,2573.64595855908,7122.79849073537,6806.35731921302,2636.96761412802,2724.96983635755,6893.97302317664,6676.20331349485,3094.68887972089,7245.77166907691,2511.67055631003,2680.73492020003,7070.86100868454,2783.5983943249,2865.92143042349,2863.47861583392,2767.75347601467,2775.03166669227,5913.46476002522,2487.22397460057,5989.24573576317,2750.89759343421,2802.03892159824,2516.9045153183,6007.68061938043,741.660265495699,2616.27451908949,5870.17248977116,2459.33759694507,1906.80273287373,5906.64093573149,2354.88046681488,6187.7465033796,1155.27468005472,5767.390627844,6158.84586090159,2276.97340076801,2133.38149178966,2425.56411377494,2791.44811215722,6018.97916910311,2363.24734932853,6011.49182938172,2439.53421993351,2962.13988996139,2459.90714494592,2755.85081493043,3252.57829736137,2497.80274394193,2384.87717059528,2491.10714094141,710.837645252639,2418.46565957365,2736.61935761087,1038.75337325672,2428.62271101846,2410.13121517849,2875.17440829472,3358.60788834573,3007.57667526519,6092.53469176725,1356.12658809078,5911.0290756372,1666.50199456993,2377.38479182323,6279.74235464728,2477.17851198942,268.41845608187,5894.32327374703,2361.88283103543,2355.04553144276,1246.15344194705,2657.86158435958,1310.88252525511,2443.85548320008,2537.80359277252,2433.65607935277,997.765798542128,2791.28016229478,6019.28518835561,2905.04911562262,2018.4445769507,2662.53799163463,2100.53609220902,5954.74539573096,5951.39218311231,1564.63566557914,1204.29926536134,2547.16503548357,563.633319810826,2540.90741567944,6149.22225963462,2455.72343962299,2592.40940000641,1301.18076187583,6164.0839237536,2385.54341227146,5869.18432018659,2598.18268273081,2332.30564804723,6168.72139025179,5832.30818013784,6159.04933660237,2452.13191436952,2706.62652745554,5895.20381079744,2404.79026377101,5931.70224514765,6242.94753179981,5656.70966114231,1613.7980617578,6103.0898560511,2320.0432727647,3104.31190443555,3062.7335489474,2224.13812273498,858.335345403761,6182.57771812482,5929.24767455517,5827.48884025139,2490.57541149201,6031.36022454111,6112.47119416789,1007.59346331938,2718.73405630145,2751.70472044589,2451.02180928265,6111.61363458565,2556.99010268497,2701.02678353624,2675.84749322619,2931.58388822201,2525.09752226178,2709.05392446444,2769.65501298553,855.500124911461,2412.46689470206,1515.83105580508,2276.35561943668,2416.54913825907,2363.52737211372,2358.08825050441,2685.99676207464,1444.79937572838,2823.81058529231,949.631829530315,505.656639155033,2478.79850963004,620.362842703137,6015.45982730348,902.240355211827,2760.92886587191,2743.64629342695,5645.34122373776,5739.93128089102,3146.33416695901,2673.33943189189,6208.72471198956,1e+08,6171.13046330905,5822.87782496684,2375.12605469514,2476.32929271956,2455.08307566222,2548.46645376472,2613.62852168359,1461.37918596589,698.415373186165,6283.09067034669,2290.16199269782,2309.07129709512,2316.32528110138,2344.55251240547,2386.66670103976,2297.8780696902,1464.42692439856,2383.59428980284,2725.03933406434,2420.04503422212,7258.80424270481,7010.69892539626,2182.6606113632,6770.6905055305,3210.39566024038,2415.30778961107,7073.29528545445,2341.24287641207,2363.34794616071,7105.80142009903,2318.71867574795,6974.40670409439,2407.68429407034,2411.0247557627,2092.69882694334,2206.79707923412,2635.11142839565,2207.70765148484,2197.26354687824,2587.82303083871,7232.76139733354,2198.83568369374,2429.84454777689,2598.26986964376,2480.83677787781,7002.89494243012,2193.60524993493,2339.81534642582,7123.1765596533,2311.13670373615,2359.26053619133,2288.11496107243,2170.89702803611,6788.59253663121,2300.57946103368,6987.32490677394,6882.83485016979,2198.11222451286,7020.80464707163,7028.98505022211,7036.84532597492,7190.70257371812,2281.73778898701,2328.03870088563,2306.26003837981,2217.74951155793,2265.03562071781,6914.7520099748,6833.09694298949,6874.93326624703,6904.99195746545,2362.36789068333,2605.02013672753,2148.37666780782,2263.83032827523,2191.10379400242,6829.10035748213,2735.87918958434,2225.43079212437,2187.37179642686,2275.35473475498,2236.60536566513,2385.83490309146,2952.70535571152,3246.86661044543,2158.13363703256,2406.63606357659,6902.60951567715,2406.96498221532,2176.94677987195,1761.11543691659,6898.09266160861,3024.55490498177,2375.81052660221,6933.78471282389,1954.70937478579,2314.0042389934,7016.12386315027,2314.47141406145,2193.21523648104,2938.48022234642,2172.36068966138,7138.08488398451,2105.59502785361,2282.79515885067,3353.4208824797,2213.79850695091,2187.84690362098,7103.92359986537,6906.81603002269,2270.71178950505,2265.83188275783,2096.35797369121,7143.10078474159,7245.67748272664,2160.39849720318,2443.40256589208,3368.79988774164,6721.37502990694,2425.09320922786,2175.45196710985,2409.39076336725,2298.31788790162,2541.98213321261,2279.08676571546,6947.88545594827,2194.35706309969,2341.46435325353,2415.01611252363,2570.64046238469,6848.96414006812,6897.72758086405,2207.15726829179,2303.3637654279,2406.93540842758,2319.30862403437,2706.42856009709,2385.28003831635,2173.60146142281,6843.81817897208,6773.99398432854,2282.10269771961,2341.61890180672,2410.1232046931,2202.59123453106,2504.5603370114,7244.32065474224,3336.78008292838,2240.41043800934,2440.46729630613,7095.82864801595,2065.62363241218,2562.2651194942,2298.14776855166,6894.80914396313,2332.53759462259,2253.83025034442,2885.6548470332,2200.78743377916,6774.76471165019,2261.61728829322,2174.46425863646,3430.4884569404,6979.98567498789,2606.99809139256,2209.06684019812,2412.0150005761,2333.88350299162,3403.62313298365,7095.26886906694,2313.99264234969,2748.98184934243,2857.66820803991,2144.83402624615,2394.22767270726
7948.1124410079,8205.18848100035,6422.05871131516,6441.61211929797,2344.89833560536,2334.19192927567,6108.55323110365,6134.11070722971,2340.3242192441,8505.47194704014,6324.78602164951,6008.10818259414,5867.65338493944,8232.21442933251,8493.06812234035,8989.73489336379,5607.16269390033,6091.46327811676,2333.46090529611,6131.82239456676,6363.39364753275,8260.13637571842,6064.96899393294,8470.7460542502,8191.8580870048,2355.16616023075,8216.3169849732,6341.27376816624,2342.46707910455,8275.51772386021,8097.7466714272,2334.01574330863,8532.810437179,7618.24297253311,5902.79216226644,6227.025575957,2352.21794552279,5946.15972210683,7592.77551675819,8386.80539998487,7894.92589344803,2333.23246728894,8406.70323884311,8446.35658413311,5965.710702314,8306.32285614921,8483.20051302365,6434.08711359102,7498.22477018643,2346.91608899939,5928.14768495892,2352.01683013928,2343.32332257824,8030.41520331706,2336.31307372286,8384.72336544648,8384.75869046652,8101.79169144307,8325.70485581338,2334.47903004584,2341.40284752704,2389.54918478248,2338.47358420522,5632.10679407201,2333.69515083582,2333.21649336655,2335.22000843575,6445.34082389758,8267.88657175333,8182.72667440188,7790.81613122721,7340.84317673651,7953.9210445995,4881.98514495351,8061.1701184159,7630.96481088331,4589.1797705257,5430.46713523708,8095.81898627307,4838.85720906938,5090.88913622745,5028.47791518406,7578.03315557249,7182.41896624125,2365.20092206528,5151.40022813838,7237.69171305517,7836.53162463003,2465.37899656027,2340.55227685775,4487.51759112826,7659.20438504236,7134.90385967656,7726.36126494157,4932.59349857269,5058.50172168088,8069.71515827428,2384.25772333411,2360.61730058526,2347.30428626765,7206.98242176053,2357.82274533083,7461.17510671907,2385.63633067174,4961.87104546302,7874.76961926513,2389.14035722615,7565.76183362079,7782.4396349014,7758.85733559668,7694.88837055415,7195.48606901221,2345.01813808229,8372.02960090943,2353.79545293085,8466.54038782088,4908.06015135907,2438.38677975014,7297.20860919079,2414.7768147859,2350.43927248598,7465.3570875777,7664.96626055755,2363.63696080586,2337.62263200176,8319.655753009,2451.73504247631,7094.39147570062,7568.39486368016,2401.11312819834,7784.134642366,5118.379464972,5122.49399116813,5292.59392373493,7767.25324315393,1170.93882803095,8165.404685318,1035.11039949783,8215.59409187624,8466.26974382521,8074.82560674252,958.184531900976,5692.83177905779,8347.05433690096,1062.82994359241,8075.68887170932,5571.9938475073,1188.29098598031,7923.11428354045,685.105382897955,5531.52316343521,1096.88505372713,241.244401543302,7769.01606079102,7631.09191424658,7936.37632505981,7978.86818067506,572.290531980605,7935.49193029487,636.27207810895,8205.74603035027,8369.52039283574,5700.6987381547,8190.14493190612,9099.72876076453,8244.20039432029,8082.05298092033,8080.5861194945,5698.73987604608,8279.26562747912,7949.27717011181,5764.66284550175,7943.59748721052,8096.6704600004,8166.674532236,8959.34350707689,8435.71808473958,891.867553724935,5763.27689452288,915.161581999567,5510.24351205779,8107.97340455189,909.05188784124,7903.74208187156,6283.74474237794,1332.03158746912,7939.57259532354,7887.19493196232,5816.9994935907,8288.27329899768,5521.42125940369,8188.31587177743,8093.59178269326,7588.54791638628,5617.95732620495,8052.94101343516,1002.3816548021,7938.78039180979,5665.94047492349,8454.2387336138,7431.28241593709,1327.85454884065,1245.68643397381,5600.02531908229,5634.70153041702,8004.34616159951,5774.19339660383,8194.5336334078,678.338798342595,8176.352861677,8225.31458544425,5600.44556013982,185.788252979636,7959.40933408904,1167.34999670493,5444.47900920096,7994.3213367915,839.956026814638,1334.44849535989,876.787468876292,8142.02638761841,8481.10782976949,1064.90620550374,7707.7359900487,924.448788965694,249.419268905104,893.646226337525,5501.13631869239,1168.74892905605,8046.54699347704,6195.43896675535,8863.72396545236,7904.67550651109,5672.18645905561,367.377239762444,1133.85517199934,1657.49019408669,8082.96304196286,1137.96260882814,1200.30328877275,5701.3955043411,7939.7961632259,8248.12166382722,8181.48103575209,858.37754309934,8078.22686166231,8141.9832717221,8282.48507442371,8405.89377893737,8143.24322019822,8458.68843272947,8432.14584843336,5808.1223782993,5966.14195353391,5687.54090532758,7738.24063539769,8043.87116866704,7895.01995626744,8024.49609976182,8247.28497985968,5614.71274093726,8303.60606989644,5711.19141813082,5907.44490702149,7888.22386507529,5837.99531025611,1219.53417273498,5612.81546412836,8018.66479878058,8394.89832609515,1241.96698579167,1418.63362965867,5782.74440373889,8391.60009454532,914.93099232362,6171.13046330905,1e+08,926.657591375011,8088.14103553256,8073.06124855905,8162.8645796266,8341.01459814589,8257.39555871203,5439.89938951541,5761.47913275202,2184.38351237362,7885.03608781988,7980.22852796207,8097.83317778468,8052.1326260898,8032.42579860212,7866.6632925504,5468.76676360829,8023.2223170017,8138.0226822903,4689.75548004204,3371.68425118608,3244.23505567094,4918.19382535201,3053.46945573507,8203.06716469401,8218.28202562224,3109.09782441803,7689.42402780349,7677.59401844483,3321.09839203997,5046.08935755963,3025.87260059628,8155.5079614782,8167.83151096548,7393.88270184378,7716.7198223209,4448.13344877001,7619.39917664693,7073.15875378121,4561.15392311824,3440.62925348799,7596.67771530544,5413.80343600257,4470.76968452879,8171.22350981569,3143.56741994712,7548.17106694369,4933.87775880817,3269.04475128086,4951.99119552587,4736.06108753319,5181.94721292798,7521.4303880886,2843.87966937353,7931.75713687084,3224.09214540661,2999.51845258768,7398.00295501077,3189.03599939727,2755.55075464966,3012.33720821448,3204.54186114625,8046.89037101332,4760.35086737063,5218.76686180552,7420.6990903722,4882.99889777491,2988.98057026344,2928.67671206206,2928.37785363989,2854.84246073899,4906.68201222463,7715.63308971226,5176.72972078498,7818.69228769448,7534.11783274277,2937.68418172251,4464.23050039151,7534.06599390823,7440.11265121651,5337.73100918488,7173.88105681516,8126.89086567227,8064.32570539505,8129.88806189942,7541.35150170537,8185.0241255036,3299.39630930831,4835.91800033534,7418.01414519556,4987.47221895698,3022.973198779,7984.29378790993,5022.63338523016,3001.22824771412,5299.51290706704,4830.96274132821,3181.2886065361,4993.82100486941,7521.01698438904,4263.02890855414,7580.49944029733,3001.16585222268,7469.80607163461,5359.53330656705,8300.96089472336,7520.87590900966,7614.87054676934,3309.16850234739,2843.17506954574,8067.15712278487,4932.07545487732,7617.86389275443,2853.67870916211,2648.23975614526,7260.0668508458,4716.66562692905,8318.46256607008,2717.70923657548,4684.58399252253,7437.50534066891,4718.77453543811,7175.48304592747,4459.25403322341,7811.31302229555,2979.27538273924,7525.14663772297,7602.11996936008,5284.75231778067,7660.04718768264,2805.10562340471,3132.77248654222,7742.40440764374,5146.86643816101,8139.86643513043,4843.03505163705,4439.76067961665,4849.00173117576,7237.64920498847,2874.4992804233,3004.13273602745,5101.99347296186,4718.89642617907,4865.11884455316,7625.9834018301,4792.10371533496,3350.80232093458,8203.78592516717,5122.32083495078,8244.80703188008,2943.04802117181,7561.92791883223,7700.52778002663,8032.08091666128,2757.6569722781,8067.17408259752,7575.64774543576,7972.29058322802,8007.20710742371,3096.63719948507,8039.64447688138,7525.08339863912,8401.27413028612,2967.76931189705,7781.35983689498,7673.19903008714,4718.08326013555,5276.36823764061,8291.44819580306,3299.37762075304,7224.40768716094,7809.31089086775,4304.88166605183,7501.33922406891,8127.7909827068
7653.39545025926,7910.40390288195,6128.81817748427,6148.33448095606,2254.93590870648,2264.386920412,5816.01008849739,5841.50282925112,2256.62979770173,8210.64602293742,6031.74054273242,5715.83471861944,5575.80117465561,7937.42458547401,8198.24320512004,8694.90879171897,5316.2505280242,5798.96428049535,2277.81365177753,5839.22025083326,6070.26861807429,7965.34143176621,5772.53981950718,8175.92309152239,7897.07622747924,2254.71414501529,7921.53019892365,6048.19396509912,2255.64007144749,7980.72011560989,7802.98636125651,2264.95610389,8237.98249061922,7323.66681771618,5610.82943242675,5934.1948014138,2254.45249613342,5654.0653988052,7298.21317277082,8091.99147476038,7600.22718117181,2275.60538541158,8111.88692509893,8151.53596937066,5673.55874065311,8011.52021654096,8188.37643708518,6140.8236738273,7203.71781686939,2254.59757168377,5636.10738369348,2254.44235211609,2255.348960536,7735.67295471728,2260.17567230028,8089.90969917532,8089.94501978747,7807.03036798438,8030.89925551574,2263.57793291857,2256.07972791048,2266.33055944167,2257.89453437493,5341.09460381101,2266.20459695291,2275.40317501196,2261.93183725924,6152.05618728124,7973.0902725618,7887.9467239391,7496.15791469484,7046.44385969231,7659.20215239796,4595.27029285132,7766.41933737818,7336.38192751747,4305.17733994057,5140.33306476783,7801.05916180929,4552.49461452637,4802.66023287026,4740.67016338183,7283.47901698684,6888.1496353598,2352.58489650813,4862.78606026288,6943.3743974441,7541.85483578603,2500.12265052166,2303.05528065913,4204.65832666013,7364.60696487522,6840.67815776254,7431.73142583338,4645.48359252134,4770.48825563686,7774.9620914648,2384.0370539763,2344.46892600013,2318.65610887064,6912.69140565065,2339.36848333225,7166.69169847385,2386.20745257869,4674.54122721623,7580.07825097218,2391.67476313774,7271.21464449076,7487.7849593132,7464.21286268307,7400.27335339263,6901.20512956803,2313.67722470247,8077.21755073991,2331.7664296118,8171.71781403939,4621.13934849828,2463.38958086784,7002.84281544819,2429.98035892349,2325.14664853661,7170.87096811441,7370.36594116345,2349.84717663492,2294.97642639777,8024.85105992884,2481.71924834821,6800.20477567717,7273.84617422385,2409.89302110737,7489.47924676549,4829.97280711394,4834.06112315391,5003.16151009964,7472.60509802542,504.394611724145,7880.83595316755,931.740359703633,7965.19442149891,8190.53871541418,7815.96828066298,318.612083128325,5367.20554043271,8053.67788391314,405.319124773285,7805.6612250889,5381.6960758609,536.93166093133,7627.59908047399,755.278250429589,5278.24002703434,376.032222459783,1012.92863194824,7472.79829478487,7332.27051755257,7649.28819443274,7729.07607528926,1068.20805767613,7642.1062697898,533.393410294271,7897.18939171956,8121.30681737835,5536.99983093162,7942.13380527415,8781.474047017,7932.04974678239,7793.74615355342,7816.60278447952,5400.38358895454,7932.57690259902,7696.39805936034,5521.47610898361,7653.83403066321,7821.31105279768,7911.44268331581,8703.40486295928,8192.04037350077,599.986316356778,5545.43075163834,468.946966009104,5321.45287516967,7814.44700646969,780.054484460337,7624.78420288388,5915.10802917853,619.093952375419,7648.36155907901,7592.63440452376,5593.35523762649,8023.05781346707,5263.55658163395,7869.95677208309,7810.89053282105,7312.40987038466,5343.61995773462,7794.03882072691,406.091772832922,7688.15812664766,5483.20012320243,8103.19364542026,7133.56851718057,638.194824261786,641.253082275759,5403.06863151313,5381.13443286531,7722.45022360276,5471.24230392432,7921.84984697432,1082.99727525701,7871.24744899392,7953.44720484047,5368.2607666023,884.900006378773,7664.55292247831,525.753858065241,5290.05306812211,7701.43337552131,649.752694806273,601.771560518178,1285.37905235335,7854.27330817752,8179.01547399638,315.940903275143,7429.96946054767,404.883893112273,978.204291934147,667.104635962132,5285.99029336759,572.277591323794,7734.19639139269,6074.20775936377,8586.27509951828,7596.24255918609,5386.44480206773,878.158883472295,455.221720918523,933.67464487012,7817.28588201496,550.101485900496,647.639720656796,5442.26747063579,7686.5764123143,7996.35535632311,7879.12526279801,600.717659233189,7805.61071506712,7891.01383427417,8027.8151177447,8161.41834892268,7873.55400559037,8165.60031555449,8162.90050950976,5539.41625473672,5812.00121971043,5486.92324324745,7444.8871632567,7756.08918904029,7603.16180526803,7734.02043533887,7992.70419905381,5402.03914303436,8055.56961250364,5443.94252229381,5599.28126158196,7612.969043329,5545.63064005479,573.647657749886,5336.46010705515,7763.59590681278,8129.77953037418,484.775132229631,692.065496181338,5668.49549027871,8113.792882595,659.883035236614,5822.87782496684,926.657591375011,1e+08,7805.97183945683,7805.44666548487,7862.55979079621,7983.80804408054,7993.29391792147,5206.87538271322,5464.92670434777,2457.01759401461,7588.33862309911,7689.18926188474,7801.28711130371,7758.62693565438,7743.49238486404,7571.16891368766,5219.38724358615,7732.12047229633,7883.50899758743,4385.68251606479,3206.99559715345,3006.79316748851,4597.32002821823,2739.27416637673,7954.02180419255,7881.66216775969,2827.92129997447,7435.66731990707,7422.72777155191,3059.64123662294,4676.50939240569,2725.13213919629,7850.53873717458,7831.87678277278,7092.77222964269,7418.55089094015,4148.31296052595,7318.0598130962,6781.74248856881,4267.15083624262,3224.21970307243,7296.38142633548,4978.88829407533,4165.80829671393,7853.53512598447,2895.85152512801,7251.16555945145,4599.78877915702,3051.31943609073,4605.0359629295,4427.86246906961,4810.09205212179,7220.71548403217,2513.03115870268,7632.90781374754,2993.62806252968,2673.8752998848,7105.70717665859,2922.76719612331,2466.77585979639,2739.60138469416,3004.80427001702,7729.19637011487,4441.93986494874,4815.45354344805,7125.89591740044,4560.28165663175,2660.57096461077,2622.11795100511,2619.9570252196,2543.61076931728,4568.61246671081,7469.62518743585,4794.02402536835,7519.18445113454,7273.59613116297,2649.51667772234,4168.90472218487,7276.3988805102,7147.09126614735,4936.60458703103,6883.10604044171,7829.04062304194,7824.01401682709,7886.50991752534,7240.88341350416,7862.01083830173,3062.2593063928,4504.88364565585,7126.88696978638,4680.67417073151,2733.65154844558,7748.1404142702,4651.77147702851,2719.2161254734,4925.94034293984,4512.75377795643,2916.49460127514,4626.92948488271,7220.84966448594,3972.63652080628,7317.23912760616,2663.17573417577,7207.22412105204,4971.28324885713,8042.52288547631,7263.24162556647,7313.89358408353,3080.23300911918,2527.01855023798,7752.72468615601,4605.40813702989,7333.52296570317,2556.21382349502,2332.91809005823,6965.17801965151,4396.1273517279,8070.37508471244,2371.98482554857,4355.71960733697,7137.75459491679,4407.68013575568,6882.48536753973,4144.17471579904,7511.52309099348,2697.91574939365,7226.90642809948,7351.70921702705,4874.32379904666,7410.20566217387,2455.64337463482,2850.11621400986,7446.31498757784,4764.50013946403,7803.85089266598,4532.52716839939,4137.41491219568,4514.3424320635,6947.9776511004,2544.18534000407,2687.98137861074,4737.46237175797,4418.18284613979,4545.41645207319,7325.13235074849,4457.63797905656,3199.92324028516,7948.30434876859,4761.60658690419,7895.44692855641,2660.81415885989,7278.96696524989,7450.64011681807,7724.38297224948,2432.93776549553,7757.54101742708,7283.9739338854,7729.06964939875,7699.07784259707,2798.37186658818,7742.03359069163,7227.53015870105,8149.86434564193,2670.49873939664,7533.3355201888,7371.44298182733,4390.68316908533,4880.95204129826,8040.75181511434,3108.7908378775,6932.33820057812,7563.7724465212,4002.26918962396,7200.97537309397,7832.11014948849
1224.48294884755,1167.40325122001,2315.42196662172,2297.29308074877,7837.919439357,7999.46812779761,2613.18413430919,2588.44847290953,7888.51780420292,1177.11650255811,2406.42572820761,2711.11934727987,2849.89155934057,1164.84457507386,1175.07290963666,1353.44718044373,3112.46369776764,2629.76674744945,8111.60712763739,2590.66009340546,2370.14690385042,1162.91331029583,2655.54037703484,1171.74351559282,1168.91389401115,7752.20501067314,1166.26775924255,2390.90743801126,7863.28027281602,1162.15975028176,1184.18989435097,8005.38863181554,1182.10428329788,1373.89128910534,2814.98128504018,2499.17853884268,7774.29919496826,2772.07091052274,1388.37572994931,1163.29033948102,1243.26100800854,8095.95228271784,1164.70789015319,1168.62172913684,2752.79037914212,1161.31494069678,1173.54573866616,2304.26314695893,1445.26719476056,7818.78970968914,2789.86932939154,7775.8657754167,7854.01211092502,1199.95967274139,7949.04910411097,1163.16321650523,1163.16533979929,1183.36928268664,1161.23800164085,7990.75695607077,7875.40816108205,7559.80129806375,7913.52727903445,3087.04159942604,8017.8437708559,8094.47946558361,7971.76373365089,2293.84249093064,1162.50602187545,1170.04308758841,1286.25510318708,1549.70764635907,1222.56882829764,3876.07430994246,1192.26615001227,1366.79637125419,4198.37025921269,3294.1705151741,1184.58607578308,3923.00622780857,3651.22698496133,3717.97790580593,1396.92831458491,1665.21742027393,8454.9901847298,3586.84603917956,1623.85960560406,1266.39292719729,8859.61660087782,8255.28388700701,4312.39783870974,1351.39058710243,1701.60121991824,1316.73500062199,3821.22939778524,3685.82201903175,1190.27419655578,8556.91176914301,8426.30140785114,8325.76193928749,1646.70564698106,8407.64627980071,1468.81720610087,8563.49760442597,3789.61149299953,1250.95434065985,8579.87093197503,1404.13936216151,1290.05543390187,1301.01536618472,1332.62063762935,1655.34379062827,8304.26619904033,1162.47527071885,8378.82929244757,1171.16662755324,3847.7860923378,8772.46560956783,1580.56977031972,8687.18011097972,8352.62060009967,1466.12537210116,1348.30645208387,8445.44164529287,8214.44631502306,1161.2243210762,8816.71393037872,1733.19422299413,1402.58512831385,8632.39447660561,1289.28247247346,3621.93757259947,3617.55965662532,3437.89985369079,1297.06956405283,7902.16043307261,372.890124723443,7873.23863645171,656.565347157572,590.960827391074,422.309938773206,7991.58991402881,2906.03634479096,355.079494829316,7864.50741641355,278.062411817294,3067.33864167557,7863.34570837908,694.610432455004,8179.76428721799,2962.93519866794,7772.5709867931,8060.27602819078,891.500215671574,1014.58549077242,709.606916905105,1155.81535654285,7900.02956111748,722.03123357187,7946.50749765802,339.95273972268,970.383122004562,3311.52694845184,783.275027808859,1133.60261606803,391.645922950651,129.487645547897,308.182474790187,2736.30350915597,705.810653699958,1123.32330985964,2757.16513830817,712.624118825128,122.278527586593,1015.3544562771,1088.74382016761,947.441887639431,8098.01555255796,2738.6111797983,7854.49662810699,2993.28974416717,155.69116336199,8271.05549120853,788.417799282767,2311.81945367901,7915.90701714279,602.322176508766,758.712843637206,2584.90916792936,399.544913535548,3030.75352081341,440.221442914171,603.653115868524,1165.4692714269,2926.14914511549,1024.19294749343,8018.12179675083,1351.10957153799,3025.43038337956,896.8927710419,1178.26220514684,7950.55018715536,7908.60702887026,2948.81404736131,2966.40644841053,746.557845786734,2649.84508488052,212.870308139613,8048.73951279431,315.770500483967,307.916297764918,2927.36595187602,8087.24529493304,644.52509627207,7834.71168737663,3543.96191364934,575.117856150008,8167.78697987628,7842.72471757151,8000.58224552072,199.582722623003,563.736512560217,7900.04986207007,1016.20311738163,7895.51828427365,8165.94062461546,7560.30255442371,3075.85231658993,8130.14129972496,751.781853807861,3284.82749978239,837.776986145429,778.488300694,2811.01317807498,8116.6260409857,7939.12666572586,7841.17366967243,310.878274086203,8016.56502443603,8152.02510248008,2887.85956387506,1100.31179305195,614.572290232848,284.778251499313,8114.13632518634,517.25664070348,746.582212431823,498.813215027522,814.357893148065,262.362492500133,527.767000452935,519.945355458045,2675.23636380341,3033.16505148524,2826.53742860392,932.454560565328,515.549007806724,754.615750914316,488.835685490087,510.696627933997,2944.95739966092,782.039797084897,2763.67303877747,2551.96675417015,842.169170258858,2580.3770584743,8056.23111670459,2875.5659199202,1074.59302467052,500.540996977502,7600.18904050203,7731.5045416702,3664.29371303476,448.318554343629,8214.81600457193,2375.12605469514,8088.14103553256,7805.97183945683,1e+08,282.263397689339,285.562788860451,904.908968851301,359.002974418611,3044.97084086959,2659.09724331584,7862.90503626684,710.68905123516,565.858357132653,222.182404540594,167.648956810651,521.376891476826,787.218137513981,3207.15588998559,521.920700809978,732.212022363395,4163.43648147541,8827.74835307388,8647.67768182777,3959.37893308862,8488.54202336669,1458.49418549508,637.715525703687,8795.99227339121,764.25263548549,770.993887006975,8772.54215581783,3991.81003552603,8724.42861502498,367.259798009514,615.294460134543,1188.05710319544,820.320450529224,4414.44835829309,1006.35197350025,1625.16441843138,4331.75600637375,8843.40304724779,1003.3149757746,3930.32960340315,4358.45153992679,484.160890350086,8667.89982841257,1060.2004605486,3999.61544732014,8754.71005367065,3967.62262535608,4099.76691363969,3890.38690899189,1089.61087904315,8557.93208655202,634.484337131238,8618.06635452751,8646.07051241547,1255.03314259456,8702.48236037394,8815.33882294987,8756.71731596715,8830.26263659374,426.812930066958,4048.37048004372,3920.339982157,1243.31368461134,3996.46971450728,8688.78712064667,8568.69040859331,8626.3078401913,8678.76980819576,4026.15897517024,1092.9786448014,3848.48211033915,731.166425801668,748.584627534117,8543.62620133605,4439.97523777081,790.189728682774,1195.65971770589,3805.77779804112,1536.87296689654,300.869462158617,1187.40885093034,1594.42266824084,1107.14684845884,480.810953740739,8513.51704725112,4113.88111030493,1185.09381940739,3579.3337962547,8616.37984712434,1401.28651506781,4024.26630459484,8655.28343482759,3628.80825456132,4073.39258601117,8702.08528709416,4004.55032649744,1097.43515526144,4657.91220374921,704.135754243726,8972.5764818351,752.498149408861,3806.34718978673,1611.29265836921,790.282879629579,954.211499914182,8734.32554434296,8686.41103824837,400.034104813499,4000.12777311459,547.966746265096,8949.78202804063,9126.63489608333,1397.54317237382,4183.80162424827,1602.59298975999,8508.63814130047,4170.76170625705,1202.20091421737,4176.41312495084,1559.20488487151,4250.75471797528,750.331126775488,8670.40869582896,1092.54291994042,880.406210824905,3948.36547259358,1099.87836427472,8657.09138390985,8588.32701975939,803.662479883264,3929.75722630541,630.960051975289,4068.01385041164,4406.81141104544,4118.38740617129,1435.00922523889,8624.37359160894,8505.00328686273,3905.18887510583,4128.79472778013,4105.73624463941,951.932681764641,4188.55220008519,8808.69176242196,1689.27226767559,3901.62580876893,757.773791176644,8853.95500271269,605.435145532002,1064.3430667617,338.603585215684,8691.96395124039,425.10691036971,1069.67277378882,1207.00671725201,351.379924799472,8471.15356820016,263.826888041518,1052.27732073622,1640.83278313572,8730.38533478193,995.646905327677,900.799131178708,4129.73609168611,3866.3994911143,1704.33014695519,8691.72083416232,1528.37626934883,1179.17450872964,4575.99470832324,1092.91758416563,295.034565921007
1140.16748505119,1084.63891799528,2254.7070954903,2236.31293942199,7802.40228765163,7964.17551460198,2556.34841004659,2531.32147981625,7853.07194973147,1101.97103232986,2346.98833759713,2655.38880689294,2795.60653007997,1082.51436992076,1099.50413207298,1298.0214142559,3060.58369144694,2573.12347358276,8076.46521819647,2533.55935004278,2310.21078557962,1081.08735789749,2599.19183685187,1095.43274136065,1085.95504733351,7716.56499853188,1083.67574043526,2331.25838159992,7827.79896906022,1080.63558065184,1100.22424890173,7970.1040787465,1107.91799083246,1292.85592049364,2760.34505933256,2440.95665650792,7738.69110600958,2716.99177408223,1307.74314871542,1084.43966930729,1159.15031858285,8060.78958069992,1086.4213270675,1091.53081384115,2697.50807167626,1080.44576921112,1097.64575734611,2243.38543433216,1366.23330649268,7783.24536694937,2734.97543678712,7740.25994320836,7818.51773279168,1115.65621404413,7913.68737373511,1084.25495598598,1084.25805409664,1099.43387955044,1080.81498809168,7955.45246225651,7839.94392027532,7523.87555997777,7878.11633477718,3034.9455123581,7982.57613599352,8059.31480332668,7936.43324788123,2232.81143666425,1080.83000879972,1086.95847998856,1202.95862719115,1473.55728740215,1138.24067011891,3829.42581256306,1108.07871955134,1285.56516593332,4153.38238932807,3243.7433558128,1100.60642234215,3876.61579570007,3603.25436998324,3670.41432946757,1316.53496782465,1592.05363702581,8420.2853358462,3538.46518079281,1549.65516615386,1182.67710073941,8825.3840321432,8220.32919244412,4267.94034303112,1269.73866507091,1629.32548907049,1234.17160360967,3774.27164717572,3638.06315963932,1106.13032480908,8522.33001644298,8391.56138265488,8290.89676083811,1573.08014497524,8372.88325443746,1390.44384524105,8528.92370680652,3742.47157368713,1166.96087749329,8545.31651188085,1323.94828936002,1206.84532348936,1218.06314328205,1250.46756599762,1581.93456711382,8269.37387633653,1083.22188543295,8344.03054059428,1094.71900048239,3800.97913892986,8738.13493539994,1505.24132859878,8652.75155917898,8317.78914530652,1387.67670966544,1266.57120820645,8410.72511466487,8179.43906173089,1080.65927469618,8782.43330450533,1661.66870809537,1322.35042267983,8597.90204807416,1206.05465882638,3573.780944821,3569.3752805826,3388.51889190979,1214.02308863504,7909.41932888989,503.429208934994,7850.30430819363,500.293214723837,481.407363570575,302.435440233097,7993.6865969418,3001.43006805112,403.280851128108,7869.44686570126,206.78199920457,3067.36744773012,7863.95203514771,782.345138964641,8182.07504006407,3024.27125719464,7778.98345777626,8043.98864759176,971.250565831909,1100.52346090837,754.087829122249,1081.80623154823,7878.71638951078,815.428996545037,7935.54836615466,492.419754241208,822.19019477415,3281.88224438387,660.947922269806,1177.66085560233,501.525688702106,304.2174902035,185.431405270304,2810.02114040271,878.73690232299,1057.89411149653,2816.95900209304,766.013911293427,210.177594854399,914.896935913054,994.642758337622,850.407170575517,8102.93824271248,2765.7908903506,7848.80476740863,2998.4073008242,360.355372636424,8277.22894917531,793.956257485641,2420.72665075261,7927.63961096224,688.555010235048,837.235976037379,2601.33349050573,254.867990510014,3092.27307644189,556.117455132398,639.619364956498,1157.18339130325,3004.50325617191,951.752908088991,8023.60384087923,1258.03675949612,3003.01873417704,1049.81244593288,1242.27176025639,7962.82285779733,7909.84890628659,2967.83314232851,3037.07642471886,752.377470899496,2723.42365499355,179.555654814498,8025.90644309189,427.768715813526,199.299739450013,2977.98758477936,8073.45053806875,730.607506956917,7835.80394486708,3507.27207368832,706.853027568172,8173.30066089011,7855.84793615088,7971.81323781461,265.213335281144,587.217386315395,7905.2535571352,1039.04324719407,7891.78393509056,8152.06859827449,7544.18416184795,3107.3875103625,8141.28015088305,889.188391690852,3228.60220005629,846.35207079141,905.930909439377,2888.65237994856,8105.3386214105,7947.24074091655,7859.15885358406,219.633986545646,8022.10786655037,8165.68636139561,2962.18148720071,1031.92113026437,459.908213591931,418.91796622734,8120.69710178824,481.461837274858,626.999032053053,396.993099815698,697.713776557894,191.065243751668,516.936859675073,421.846567824419,2746.06684730795,2987.32407587006,2842.46439748924,1011.11564242552,614.402135916974,833.162480531714,622.162746538323,355.55217204314,2981.0212572924,664.49122932059,2834.31720297795,2636.88909081908,848.269461997911,2658.1147454067,8070.82860085464,2947.32685074211,1011.57437922414,385.145170072264,7602.23301644778,7744.73604505607,3618.0565516102,402.553834017265,8221.92724455287,2476.32929271956,8073.06124855905,7805.44666548487,282.263397689339,1e+08,374.014237577752,1060.07863249246,260.853786476798,3081.26438674538,2731.16219510845,7836.55273421025,817.320200705894,700.954433834743,402.458694217965,341.580355650164,635.876019837424,883.872680430556,3272.61388260852,635.661794735413,598.386822458516,4208.73168664643,8819.24160737434,8651.17080954255,4012.84359518803,8505.7975173798,1385.19451234895,778.779694245541,8807.70864928647,637.851525130301,639.506698115828,8780.58172879746,4036.84665894504,8739.75913520456,438.338392854414,743.518623461264,1231.55900439002,891.066639448947,4458.96562131156,1072.03445281084,1640.54941966732,4373.93254138939,8843.6418501959,1066.40973653969,3981.2043348806,4399.59736046027,538.340882534675,8674.63989241532,1117.70154204168,4037.74066915831,8755.1339217777,4009.04940087865,4145.37467229413,3935.61803386151,1130.50792425038,8574.91470173702,744.888264121257,8620.59848598019,8664.28862489093,1297.70264738621,8711.11999244493,8829.86350762498,8767.37627508471,8828.89898480067,565.451229902648,4089.29511568297,3968.24342748961,1285.89634269278,4041.18566309984,8706.58525861636,8582.09710012589,8643.15444732368,8694.48010926535,4063.85620220408,964.614549319587,3901.79010591714,814.462401228929,648.959245730864,8556.31651681158,4470.65608481382,659.825483820392,1244.08459821272,3856.58914602632,1552.28633466898,375.460432278635,1083.48058431252,1521.02099841999,1141.74573334485,612.760467389054,8516.57614477433,4154.73208663146,1227.87129769933,3637.01573160005,8630.06037318641,1313.16926107508,4066.52433959066,8668.5640972022,3690.05587298006,4120.91151218072,8711.89865159493,4049.99042760425,1148.6389914197,4699.9555077163,644.685108060756,8989.25229834369,663.876674711099,3855.59234455978,1544.81550054905,662.65751636103,1016.3405608513,8736.59854704548,8701.9195407727,565.391973191537,4048.05366898083,537.79218309798,8965.34426709483,9141.64469668749,1423.0678064914,4224.83799542273,1531.79543249159,8525.76714408672,4207.85209402094,1237.82023899303,4221.57928681952,1547.54959918357,4283.1037168702,822.015574840327,8682.5486218213,1148.4325888214,748.439278475596,3994.59026590699,983.537162062225,8675.81844329668,8599.69846705631,888.753940287514,3977.20680022244,743.169172319216,4115.95169139828,4438.70961992251,4160.45618234236,1468.42699710811,8642.29394562983,8522.83730037303,3948.93312012038,4180.04585981483,4148.85011659243,1011.81204367115,4225.65110233449,8795.87875571126,1625.44071216725,3948.44404849044,914.413371483968,8868.76632467624,585.856759176892,944.838850211453,463.19199548523,8708.69185082971,488.366117180956,1119.46580269512,1101.71308716018,530.734267231766,8486.83503516065,409.414377398886,1105.62655952343,1577.01250492722,8744.58908990055,865.793025229046,962.638366873882,4167.91762604898,3913.2563956901,1638.55173903637,8686.53815667053,1524.78898283353,1062.83203249589,4611.7493696323,1138.35978960176,346.145933480703
1132.31487395156,1056.65332280162,2306.27327718427,2287.57508444239,7874.863250178,8036.77012947911,2612.09662417688,2586.77172249042,7925.57542963,1051.38377460048,2399.98481476317,2712.24583703559,2853.86395439502,1052.375942073,1049.76114291319,1223.59489102462,3121.05448656105,2629.0672328821,8149.14912845858,2589.03654691018,2362.65542305477,1048.73525408192,2655.43303721997,1047.23465282186,1059.03357263238,7788.95252155934,1054.80276200775,2384.02165593769,7900.28131834589,1047.07044593524,1080.80537809231,8042.70347771748,1055.5072176791,1306.83505915677,2818.26727762621,2495.26450398689,7811.09773210403,2774.48668961917,1323.15030000727,1042.31761527605,1155.20828619943,8133.4611903423,1042.82402083544,1045.05661547578,2754.80524970639,1044.46905390769,1048.58171497149,2294.76527146423,1386.61762993494,7855.69009497924,2792.64969233995,7812.66791919862,7890.99228410725,1101.52552658699,7986.24092555896,1042.28839974457,1042.28885785068,1079.69429902396,1043.33559922488,8028.04002367472,7912.43644271658,7596.09144195848,7950.6406061834,3095.22310710887,8055.18557372978,8131.98525299607,8009.00537091172,2284.01494326117,1047.86604287158,1060.76639583798,1206.26478009212,1501.15529019662,1129.95341988039,3894.2641300555,1091.5457928055,1298.81683544449,4219.49231975473,3305.48556968121,1081.34029294435,3941.65513989367,3667.04083816157,3734.52941832293,1332.75160675912,1625.71445281601,8493.22636994584,3601.92031559381,1581.32526873465,1182.87106100327,8898.59984754284,8293.12357678936,4334.44565050211,1281.34171573735,1664.59914078332,1241.66647179043,3838.86737438926,3702.02177499113,1088.9256996556,8595.34297555818,8464.48182357456,8363.74379031354,1605.87192769244,8445.79022087851,1412.6429037557,8601.9412483157,3806.92353181259,1164.46603418324,8618.34541214649,1340.82920746265,1210.70920382428,1223.47589162553,1259.92057267654,1615.13614537987,8342.20495418428,1042.20779725361,8416.91656195209,1046.81555764208,3865.69338843629,8811.29393163662,1534.62107505898,8725.85373235933,8390.65597818444,1409.67464604254,1277.83214501607,8483.65931190839,8252.20248236999,1043.6475189409,8855.6213039413,1698.24965476528,1339.08953468926,8670.96706420727,1209.80599950237,3637.41848405428,3632.99030274773,3451.14789475401,1218.88802333822,7956.59923845024,546.944663989417,7925.57892467513,759.020150045355,505.532861252324,589.669570673547,8047.886657482,3013.48325200911,225.807837853964,7921.82587414335,446.184986019356,3228.25209375824,7914.814370655,810.341048699799,8253.05108240145,3114.33327660908,7830.8435174466,8136.99244228209,994.640649554095,1126.35057310823,820.050939190793,1209.48351936624,7977.98179446542,844.198181748579,8006.86244275576,189.983285845633,1039.00341335012,3459.9389523082,909.603455350139,1008.18526829195,154.941991961229,202.778860882225,470.543026049627,2856.29971094721,561.270251803433,1179.87428255574,2912.64920496821,815.201094642393,332.102085356432,1080.36564260285,1063.48856319542,1054.0072320013,8162.85899420613,2899.19370739047,7911.63520958187,3155.65864380596,193.012352015682,8339.19337140123,879.821403191617,2375.10782353088,7970.97910606492,738.052963737823,865.524074913927,2736.25553764823,449.360468608796,3186.11626751197,223.200711482636,720.379949249144,1205.04588358988,3071.90403350819,1059.86103647749,8076.01249870303,1368.58537981113,3183.45222840427,756.055589641368,1266.40413226633,8004.87710872307,7961.08764244621,3114.71577564672,3127.44255407102,826.834637815292,2760.68385186718,326.438976157745,8121.04228497696,81.0706251290132,364.288377144614,3090.4394706953,8160.1095114832,758.384870132165,7887.55864623685,3682.79054722709,733.469022566052,8233.84094911801,7898.45906886839,8074.25893727357,167.73567258244,397.799120503447,7956.90480191046,1083.33684145579,7953.2037364235,8240.51747088649,7617.14180142639,3239.2880657277,8187.73221939413,754.676643286986,3427.29124411249,810.852342124498,827.184414563023,2947.01105783722,8191.10999222459,7996.35697390957,7891.34965748857,480.040985734339,8073.02929760282,8212.45988241615,3040.56740440434,1160.20618999708,715.607394187649,83.5969249051268,8180.98569440031,639.50636244302,874.933773048351,645.897243748174,920.128744046695,420.45229095803,406.468029941126,523.38916989031,2820.51399096978,3192.89205251054,2991.62538834369,1029.96287192838,670.620981643053,867.759699881789,649.103162730748,626.478086955615,3112.6075849247,901.611105155662,2911.95788671312,2666.37928744915,936.135126137573,2706.71113674536,8115.21110860276,3011.65964006053,1129.69725681386,532.809441185235,7649.78999353901,7782.72020181423,3794.33473707594,427.628653455165,8279.86546892579,2455.08307566222,8162.8645796266,7862.55979079621,285.562788860451,374.014237577752,1e+08,769.532573392025,481.571032893205,3199.24577173162,2775.72466469269,7959.72254863814,836.270666562355,737.52094083039,225.133867692826,221.802612033069,685.4482723828,912.100477756142,3370.65859948443,673.013617144599,834.513196514537,4272.41902055495,8859.13180401625,8681.55773644826,4048.92055209215,8524.21068693502,1501.37112977115,444.397863465463,8830.72805700138,897.869965666407,890.100788894413,8804.73245697372,4042.23654773347,8760.40335971172,171.126506770767,426.945467640913,1267.46559545418,917.329619827411,4526.9298312517,1086.18693924038,1664.68689905989,4443.74256898971,8874.59853480202,1076.72982335737,3939.20613376069,4464.94520228808,260.763864952048,8703.22032680517,1133.634612413,4071.10427267728,8788.03991389453,4035.27716713109,4204.97810462801,3933.942267959,1160.5342291838,8595.09560340516,702.478906888922,8652.33323135745,8681.63173469862,1313.57791988093,8736.86724410532,8854.36082585114,8791.91692242136,8864.54554061642,271.920470701363,4144.16922661569,3947.3891829734,1295.33092934711,4082.45329521826,8724.20861026882,8605.19065225533,8663.79402831641,8716.1500355691,4094.10998277406,1185.53252142002,3892.38897046783,824.210521389199,861.258652385448,8580.84448249139,4541.79865366064,886.921434090867,1264.36733186875,3833.33809070687,1573.18620001606,178.558980853647,1271.9316742995,1631.61685305151,1155.81474848772,289.986363370085,8546.45978119504,4191.33672164092,1247.78918079199,3700.35851563463,8652.26355265286,1470.79125592734,4070.73103394948,8692.16151255241,3682.72990320966,4163.66372794904,8736.96398552092,4057.98819314045,1167.31426590746,4771.72306470229,855.942409708508,9006.03566246595,863.028642493051,3838.24255005869,1620.91115864669,891.730377434507,1036.60730098821,8767.23198678285,8723.39135476749,294.829397304245,4082.25541955581,613.014736581337,8987.19417560904,9164.94893018144,1451.6882357974,4272.20599003913,1628.81432965597,8546.27299002769,4247.67227309266,1268.96676719085,4275.64898696255,1575.65623436758,4349.12463366363,848.339690843869,8706.47654108202,1164.61765057408,1002.0362070559,3968.58838033366,1185.55251144631,8693.83996892945,8623.24730706298,904.972851954757,3971.80549939773,430.798608772067,4164.59565123153,4509.79273381438,4190.95868506504,1488.7962979139,8661.48866676887,8541.57535848423,3957.19235244884,4243.96559508886,4195.62847946022,1032.4936934349,4262.79798345811,8840.20460321481,1696.6019668248,3956.08074908827,592.00437225544,8891.35148843265,679.195331192164,1157.43392331935,207.993105273175,8730.47344845265,224.028115430831,1134.4821480606,1287.17216513188,331.013475144329,8507.38507539031,302.946316357812,1126.51742287127,1659.48733726793,8766.4511489806,1089.8344504904,989.459860693473,4212.95480184139,3898.11027169983,1715.30297509055,8724.66960612741,1546.79314015672,1256.59393516149,4682.45411346232,1171.33665638994,190.554143122236
1314.22994281773,1229.30870872798,2463.10824749597,2444.80447811765,7989.98960287899,8151.48925122951,2763.04808913483,2738.17228307124,8040.57254157469,1200.59116234166,2554.90588335524,2861.48275079209,3000.83356636986,1223.47487062309,1200.17909784817,1318.68226355553,3264.19081627601,2779.72132927273,8263.59458482224,2740.39668181903,2518.32650199379,1218.10489059619,2805.63074128327,1199.78657171009,1232.41414067027,7904.30143879392,1226.83123723989,2539.26147591028,8015.34269706345,1215.43506063535,1258.51571261073,8157.40796994188,1201.98742886141,1489.21270677759,2965.79030286675,2648.3427526087,7926.38883740206,2922.70531695796,1505.21873902642,1202.33203538655,1337.91304643364,8247.94442070092,1201.1544813139,1199.87134108095,2903.3420873951,1210.70994673693,1199.95020707953,2451.8424902735,1567.26464342367,7970.86572068657,2940.57770725759,7927.95493711973,8006.07736178921,1281.51348926896,8101.08546596425,1202.4758202932,1202.47334828677,1257.24652226352,1208.16539981875,8142.78070789191,8027.46688955267,7711.95724851424,8065.57441371491,3238.70691445907,8169.85935600874,8246.47204426117,8123.79322267158,2441.31991851734,1216.73391610229,1234.62753446329,1389.61817520552,1678.74430908418,1311.76146321777,4028.80630572447,1270.5752309078,1481.33545175566,4351.23466666617,3446.27001357523,1259.12511091954,4075.76446555859,3803.79086279179,3870.59974831105,1514.6254927351,1799.73605249196,8606.87659977791,3739.34662040987,1756.62526330565,1366.07503710799,9011.38815992361,8407.22868213006,4465.28657847844,1464.13884755775,1837.50430706791,1424.91374113187,3973.92716352329,3838.41686607693,1267.66462410979,8708.76881436136,8578.19614219447,8477.68600751006,1780.46490734822,8559.54643606829,1592.63494996721,8715.35276190726,3942.28766770784,1347.38457046444,8731.72140158607,1522.53293287709,1394.06885315369,1406.82011992427,1442.99639409472,1789.4622841951,8456.19657475628,1203.4366222193,8530.73784293811,1199.76290236687,4000.50092935653,8924.26151070256,1711.26099251409,8839.00004533857,8504.5368048193,1589.74297208661,1460.67999738278,8597.33082673141,8366.4031809122,1208.9238659701,8968.49744506791,1870.19499272753,1520.83038333788,8784.22995943907,1393.16488981941,3774.47359626094,3770.09138383812,3590.22206628599,1402.24322257504,8044.9768988107,935.330512163353,8085.28177995131,1336.98199560642,1100.44024145389,1179.14116070604,8157.80921703591,3092.41682551321,842.244562375075,8039.08897709539,1048.29451675761,3559.29961550175,8022.56691034522,1079.70095537879,8399.62128049127,3325.68715050445,7941.8088241294,8317.88569334011,1234.70991918308,1227.24641584076,1174.15343133321,1667.94504338803,8169.8769476925,1118.234188427,8160.25469227491,665.355819526431,1599.4476695649,3824.89999114338,1450.59400360523,1066.45228649341,654.699782068,851.090677622136,1092.7099127146,3036.53654079483,336.857748797356,1630.38006520963,3163.95530862061,1156.78052920645,969.082895220452,1556.29479056116,1502.47531436927,1556.18072944165,8298.48908933577,3212.63819091436,8043.87395157765,3479.00736762088,790.245966549828,8473.14927461605,1285.79154517926,2408.62245770641,8046.73840303658,1075.21877799193,1137.79433151964,3060.13515720305,1096.43170130038,3389.43832023713,598.347192769694,1119.04761578459,1559.01600562153,3235.13694047052,1504.62902306615,8192.80255461234,1810.14120871299,3523.39406434487,176.680335535298,1418.2421307932,8086.78953846023,8069.78669803599,3430.71946564846,3321.999394484,1230.43299478414,2935.09232283213,983.261728486737,8307.63831163656,724.671182884907,1014.44501597698,3338.74203431979,8331.09715079687,1024.50819040058,7996.98890347533,4035.99873517848,985.533885800775,8371.46325322222,7989.48509687297,8269.20728649593,851.241829061873,857.087443940105,8058.77595618258,1430.59690545334,8082.17342480733,8417.69277131666,7774.43609360459,3521.51359793692,8286.50701603751,756.805333709717,3841.17348471719,1198.48996671599,869.823955138612,3109.10238326833,8361.13452640568,8105.48784207387,7929.91652739941,1091.50305287379,8184.5721196809,8308.04933802354,3237.67619776872,1615.71823377551,1299.83957109495,731.827821923575,8311.51733395923,1128.98582432616,1415.14774274631,1234.8173413648,1468.59387264751,1030.6848453124,919.890280049298,1114.34063582416,3033.17512000796,3594.28001002813,3319.22830289579,1274.04309423408,1021.99271205515,1169.59440995043,931.031606123473,1230.95340874159,3395.68485171037,1439.79830691066,3100.81196201901,2818.91693073723,1348.85124725155,2877.58827041821,8202.63504424524,3194.54169598073,1583.3375280875,1123.5882350615,7741.00619578009,7844.46486894773,4180.3543195751,1027.14018627226,8410.94296767236,2548.46645376472,8341.01459814589,7983.80804408054,904.908968851301,1060.07863249246,769.532573392025,1e+08,1109.52723332501,3456.13909385414,2962.57346739883,8175.96229423519,1045.06159224531,1004.35452431942,828.362341513818,805.060419870602,1017.30994156214,1130.6089092714,3566.55153702146,972.325957972945,1365.79686099545,4320.98020122179,8867.07729124426,8667.02797799073,4071.58463887655,8491.05235680781,1794.77534754937,439.060435847449,8803.15223762305,1418.81017129704,1426.00063799344,8774.77937387248,4011.97298462998,8726.73227892057,755.069571363123,410.274222699934,1396.63484270673,1073.38193763933,4584.85160823457,1230.979668691,1827.146120885,4496.06251719935,8859.32760044908,1243.18119705455,3821.1039443943,4517.82429914165,630.423480975087,8687.41081242824,1315.06686515698,4074.08498004479,8776.96391983929,4024.10974497234,4247.88798142393,3890.61233706627,1278.9046972645,8566.45691404036,834.50673549298,8642.05827304594,8644.06662343152,1471.96344174537,8711.67953783,8839.79310287243,8771.9663604296,8860.3750837244,637.276165845205,4175.31245507741,3885.81820313039,1442.84776723361,4101.58906998425,8685.64463117798,8580.41337736944,8635.62741609832,8691.02646582516,4094.68610445528,1679.72374715425,3850.69038751458,988.911412250479,1366.25058924414,8562.52499584588,4591.59131724382,1402.28338312628,1429.50924328232,3750.16743255784,1749.18584416471,817.191414155572,1717.31649073913,1935.20811011418,1243.38183281129,538.441832789142,8531.03362861342,4196.3526899326,1440.29998786309,3788.17084804116,8625.95782726933,1880.24739944205,4037.55950347462,8668.7588933548,3641.39536221344,4186.92482417779,8711.5751072409,4032.46511436837,1315.59547698935,4849.45085871523,1362.92327734678,8966.7409011572,1365.06452274059,3763.69053883141,1862.59821836663,1413.66573516935,1194.82230826698,8750.80739723993,8698.07117869837,645.340440889145,4091.95751417303,1085.45083862067,8962.91878759254,9152.85247122038,1589.55278679989,4297.97223970796,1906.23648817014,8522.79991923488,4270.47891617645,1405.50764977042,4307.32685891388,1796.04214844903,4406.94280685603,1062.07519966219,8683.95253925594,1319.10322949228,1526.09750647721,3883.6675015705,1651.8220895723,8661.95984101957,8596.23910446431,1049.83874625535,3921.21319196444,436.994323830902,4194.13766582989,4565.84196041,4200.93095177926,1646.70967088063,8628.77974009834,8508.94886504855,3922.8167465144,4294.56761417458,4209.72904207042,1196.84692948383,4266.42376231388,8853.52602171299,1942.21676562844,3931.89746990664,262.951143498026,8866.9790625159,1128.41855660455,1639.17502657568,713.625366279009,8708.42916065323,769.695260252299,1331.94668089671,1740.83908187898,729.281262150115,8478.36669701683,857.545908126508,1297.45744326476,1919.36924658951,8737.58320396698,1584.86362209217,1167.34112770428,4231.45924448237,3821.85055868533,1971.19591511311,8723.27772455995,1745.60617683824,1733.4610986847,4745.06849105898,1298.62828753959,830.708669932184
1284.99850985184,1192.7988384299,2462.88391539951,2444.37945352219,8006.58329941696,8168.21842381467,2765.68155911038,2740.59579818668,8057.20927757634,1156.93001824502,2555.63808728487,2864.90666997925,3005.27726470923,1186.23478250726,1156.76096958197,1269.91760325664,3270.29866875826,2782.49314279628,8280.41457105841,2742.83914714016,2518.68719216452,1180.12364628226,2808.61384698532,1156.81913087401,1196.26860492612,7920.82092090157,1190.01925835224,2539.83629827177,8031.95803622877,1177.05192361107,1225.00228938001,8174.14200185087,1157.80983831635,1468.94831122054,2969.98765125586,2649.97065407058,7942.92760872935,2926.59070362268,1485.59040846599,1161.20438735336,1310.19574692707,8264.75188282512,1159.57100021077,1157.415443048,2907.08388660484,1171.53694894318,1156.72921070524,2451.49504592731,1549.91101202917,7987.44299760911,2944.59374460855,7944.49507190672,8022.68480810911,1249.92291989576,8117.77295813774,1161.39653748105,1161.39324384262,1223.61830556565,1168.50653703263,8159.5027173613,8044.09252837808,7728.30390014848,8082.23221621808,3244.66681785911,8186.60358678783,8263.27832557368,8140.49955897144,2440.85629111817,1178.54957502928,1198.73301917353,1364.80649645687,1664.86515725943,1282.36391675879,4038.41135335633,1238.10409936634,1460.74971803422,4361.91869662414,3453.36503566114,1225.66643160573,4085.53811137129,3812.52532867308,3879.60414775312,1495.36090189118,1788.9664388525,8623.95944146266,3747.81076907309,1744.81363659991,1339.99923142579,9028.75417951961,8424.1613563203,4476.31231508997,1442.83142136663,1827.59505220208,1401.84560818109,3983.32971457066,3847.29250676308,1234.94939589698,8725.92555000268,8595.25785659806,8494.67251331347,1769.23776425439,8576.59433363991,1576.13450763515,8732.51421085373,3951.57070122865,1320.2368057153,8748.89453662091,1503.56858869638,1369.48647031462,1382.87905642131,1420.76096355387,1778.45037277307,8473.16676042429,1162.65488273795,8547.76427442522,1156.88226464651,4010.00228368712,8941.56877976597,1698.27631199072,8856.24866206248,8521.54358242493,1573.14731299034,1439.22392301838,8614.40665278093,8383.30423328508,1169.4156757022,8985.8346903908,1860.99420680289,1501.80181018307,8801.44027796663,1368.53617009938,3783.08633173556,3778.68574686539,3598.02007778869,1378.07456223725,8099.51619660991,455.111105269466,8036.96135959414,406.800275723885,418.414276579123,268.881698092388,8182.88654868016,3134.55206406739,391.547830102756,8058.76427607652,264.096887609879,3162.42632818017,8055.96149982575,789.483966334522,8365.83150337155,3147.58506592835,7966.73607544104,8228.44200981703,998.48243313642,1159.26640694086,756.925381970407,1074.90517264575,8059.7461895595,808.739272118365,8123.56980488604,561.377826279743,707.446171580627,3353.78113085175,547.996887185833,1057.69962798682,572.725936231346,425.017302472829,225.905593284814,2946.65768074674,923.562813416007,1057.30319810682,2929.09012319361,773.545645440446,273.572090844813,858.305887249225,834.960813880626,695.646868626414,8289.51308000523,2872.21304046317,8038.72211968628,3109.51927424154,456.475431066157,8464.05902026966,808.799839823296,2559.88779348057,8117.02770353552,697.408971859744,851.291760372705,2718.34174903769,139.713353788333,3202.79240750963,652.767429584706,598.553429867577,1252.24029587644,3122.43918245795,948.97045239049,8212.965045332,1289.97688061819,3089.55400125956,1076.67742181058,1320.92131376977,8151.4307395639,8100.55758853393,3072.98183304716,3144.91703076502,749.685522550199,2865.35645010093,195.526900722469,8206.92092692387,528.321589560759,157.927249084347,3089.8402447036,8257.75142911511,741.488117950257,8027.79123899702,3589.75065350604,692.228972908936,8359.59150071366,8041.95179333037,8152.04302776537,378.044724350541,555.749856318799,8094.20429178852,1099.36300538882,8081.05258012107,8336.10579922527,7733.37662132644,3213.07411104052,8329.97645749762,946.063155449735,3294.39582806159,675.008239310907,972.662694894165,3013.9755978284,8290.09872762888,8135.94155137572,8049.75467903253,243.915400388473,8212.49326064328,8351.61721395713,3077.02516633131,1029.70983358076,351.025848524011,511.817528195319,8306.51244593332,462.793367208732,527.958005570499,182.366443172578,535.23120299933,202.096622004871,454.187668126841,257.765825854263,2864.96013722857,3049.12346200666,2948.46726609466,1045.5862705574,589.320293208896,838.6353968186,617.464925539814,210.095394155489,3085.28316505167,506.500316896489,2954.83107743107,2770.62104316789,856.675829163734,2789.08764012043,8256.95542175265,3073.92508844767,996.025790666295,221.974570493047,7794.8982596492,7936.42809380537,3691.96879210677,293.897108003461,8408.57904887779,2613.62852168359,8257.39555871203,7993.29391792147,359.002974418611,260.853786476798,481.571032893205,1109.52723332501,1e+08,3197.97322417445,2870.63661120262,8002.78552755288,831.128880273858,684.183700119734,477.517322502816,466.995219861814,612.098322519554,885.72975858164,3375.69650102361,626.526699692932,531.10176248184,4351.12306858224,9021.2104833218,8852.60175158477,4170.18425622011,8706.51466326994,1384.14013421876,859.38520749883,9009.10186138388,720.007380349797,737.90944732599,8983.02448916073,4212.97966388596,8940.64603428907,543.958708083688,843.714074195058,1336.23156618033,965.153246566943,4598.11812943497,1139.18506468116,1774.09134617529,4515.53530991689,9045.91373416965,1140.23088254757,4164.48493130625,4545.07235233323,653.046128112292,8875.69725211544,1194.8393679957,4207.11382847317,8956.5630252013,4180.63302755305,4291.54149354853,4114.49467759237,1235.94836432857,8775.46959414766,819.180554382737,8821.48174135582,8865.42816535511,1399.29555705236,8912.43396893691,9030.53083752666,8969.40940179547,9030.78095112483,693.20095508188,4244.16012615486,4149.46008717452,1388.9694815711,4202.67285118431,8907.6747755988,8782.37520869555,8843.54143913214,8895.19116634275,4235.40993074934,1012.23509476139,4077.06762326749,876.080203951966,804.525438498084,8756.50710409583,4621.86000340259,819.291476666536,1335.0562884479,4038.5405323148,1680.67884518566,492.233625529723,1078.66054694823,1531.78047842916,1273.94082095409,705.170292244992,8717.8597323256,4320.84440552016,1326.57733115655,3770.42802174353,8831.51844421847,1324.19195426263,4246.37284528771,8869.4440237152,3860.36129891475,4279.22912591762,8913.55825329681,4225.93407110189,1235.34911663901,4830.38984436805,766.043825289293,9190.34039240969,839.155728403702,4035.84673617746,1544.12297805379,826.007285308806,1092.61169167071,8938.18146472529,8902.66548489579,676.463602990425,4210.74292797585,747.315010951501,9166.45939350227,9340.51191083398,1541.68129240168,4384.97653029905,1521.09240649087,8727.00907224177,4377.70330962188,1337.93232098298,4373.78487992883,1695.13771737767,4434.34845140155,872.44285314767,8883.93437809506,1231.9406432159,838.922958686374,4178.79065285831,1056.96476606236,8876.39880176719,8800.77527740325,962.973918825165,4155.72785133534,855.243763847314,4269.53829322694,4585.64514902233,4328.41366759131,1582.82821461101,8843.13829522814,8723.39445163185,4125.92083631784,4318.1512083763,4305.60257894354,1085.89287354056,4393.58904454546,8998.06253839607,1639.7148135627,4122.06207350062,983.599776034968,9069.90577107733,793.99510617667,994.276210998235,609.473655876336,8908.92456474633,620.31168015466,1200.38370706219,1106.93423957547,641.517031590327,8687.42776116307,507.81958530414,1190.41133685726,1555.68072940772,8945.98551253544,917.908504677055,1028.31967499644,4332.0180337754,4094.69462605581,1639.19946198413,8887.88581189225,1662.4807714861,1100.62726963892,4752.31988044428,1238.8407863039,457.536236738536
3415.42474642268,3599.32707733633,2636.05686695375,2641.33351914676,5699.37699842202,5845.83566618917,2573.26035100785,2576.79324137383,5745.15837925057,3826.13397047886,2612.12369903013,2562.20380522446,2554.4391935968,3619.24358393151,3816.53849533745,4213.66314942692,2564.34282682043,2571.05980879952,5947.97818120018,2576.46513401346,2621.15675117906,3639.92911214567,2567.90614947426,3799.31677176848,3589.54207244918,5622.01908168569,3607.51546092323,2615.90560029168,5722.31290343531,3651.37061606484,3521.21001634981,5851.21885836517,3847.3469275398,3196.30836727933,2555.53006130977,2592.05426699541,5641.93516696211,2557.66238968792,3180.29035855323,3735.10364852197,3378.72689872228,5933.69629113584,3750.24536808594,3780.56911202369,2558.90631122093,3674.38287214747,3808.91813209175,2639.28462465411,3122.06161350093,5682.09061016599,2556.67162784386,5643.34795161417,5713.92845959642,3473.15927790185,5800.0366008633,3733.52219532657,3733.54902255588,3524.11939515595,3688.92757436923,5837.91704212026,5733.28868116137,5449.32367509354,5767.81790729808,2562.01344872555,5862.54716144541,5932.3530137683,5820.6600132294,2642.35718045898,3645.69004509043,3582.85419110246,3308.35844836567,3029.73364221329,3419.46217654634,2758.18337812269,3495.01823208502,3204.36149088134,2902.07539725229,2589.23450868879,3519.82442085504,2777.12528241798,2677.85765443416,2699.84499816871,3171.08167575766,2943.1071939152,6262.9623920358,2658.20418799826,2972.57228858299,3339.01307452814,6637.87932595617,6079.38285983318,2960.20709926086,3222.35869887952,2918.45398017602,3265.81350927633,2736.97393437076,2689.05132920272,3501.11836090444,6357.04324679616,6236.52687418881,6144.05006438283,2956.09862064513,6219.34810013046,3099.79547379703,6363.13108118782,2725.21035541441,3364.94927562099,6378.2707681446,3163.45251129694,3302.78414191729,3287.1628461528,3245.33520438013,2949.99760384266,6124.31248104373,3723.89243366501,6192.82914557269,3796.07878927166,2747.11765370965,6556.81708235099,3005.21615994824,6477.64925950496,6168.72911804837,3102.29281766816,3226.05107615715,6254.16151448909,6041.97424151422,3684.38278160549,6597.95385160308,2897.94200674222,3165.08671321422,6426.8794110116,3303.91104218817,2668.72479579716,2667.38707350946,2618.81544490563,3292.7121849826,5331.77269996679,3074.67331900429,5340.99402865544,3206.96736692243,3491.06868187065,3021.82004782863,5398.38990953944,1270.83356583634,3343.23989454935,5256.4216250179,3030.1926895523,689.558966307454,5305.7899480135,2871.91017007503,5501.90589700746,556.683063110771,5158.06453409698,5410.41402382714,2760.42760946879,2693.91935218159,2892.75818176188,3121.43487687382,5254.74338569014,2869.88138915407,5349.22819312419,3227.10583707055,3334.69140747456,1445.45526384173,3145.27643527714,4057.50337091299,3286.52986405819,3078.76435903422,3046.327346358,858.570175427138,3334.84303448972,3075.6489391307,638.782096135033,2907.02106892665,3048.95544877646,3227.88104311664,3960.52180168052,3383.80938630845,5447.94105989115,474.103512883076,5270.53039047471,508.81855093858,3102.48905580949,5618.01089011564,2907.20418174803,1651.37693115162,5328.22216455526,2868.97856164096,2854.16023880868,604.751706356927,3269.95057327315,356.898343995656,3253.99413574411,3024.16857131906,2788.93108234155,759.029453126489,3186.59104665873,5407.64698874947,3183.73623032498,974.480502511929,3549.40338618957,2583.27590662102,5371.32307206801,5341.80391362761,401.048296081084,584.358690410518,2999.93793349277,1017.07236454438,3166.0087632777,5418.17869282932,3214.59246833954,3211.48624311687,390.050175698952,5445.89835979573,2916.19921071463,5266.41370726143,1571.12939354002,2897.71268574852,5515.25744797583,5245.68443282048,5399.20160878225,3156.9443657629,3491.52128070448,5300.52060968552,2814.7726703843,5296.52025022935,5513.82912862147,5004.32233178033,283.604531793977,5513.79208811438,3150.11823987388,2316.94878852229,3769.56251209577,2988.31846435519,781.744361220646,5463.38086352891,5322.93306005922,5312.4074409789,3034.81209701095,5416.36755543439,5520.32838886274,754.614021517321,3060.68960528397,3232.6075840662,3209.86859350463,5461.99936756936,3039.17589174855,3091.28224284127,3193.68761876169,3351.77896774723,3105.591662242,3455.18867915705,3405.88867387926,716.517717179651,1487.73999467634,477.825968271297,2758.46736236765,2951.44203049851,2850.56766072075,2949.1017052099,3207.78586253273,388.695272233805,3239.26557072964,687.485416331381,1075.71225701448,2893.80672664301,939.058568735142,5436.11439858622,761.331574248189,3121.58334790893,3366.51340263179,5075.34260260097,5202.56914799535,2325.60739488839,3359.37050067634,5563.48307765529,1461.37918596589,5439.89938951541,5206.87538271322,3044.97084086959,3081.26438674538,3199.24577173162,3456.13909385414,3197.97322417445,1e+08,896.400894045154,5315.51997900405,2837.07015252087,2872.62727676208,3071.06250330476,3054.07880910166,2926.18359306834,2813.01815969708,493.943848760471,2940.85445428802,3129.16814718,2056.00347889009,6816.25882372097,6594.31807279647,2190.63569792066,6371.77814501,3478.99179614578,3313.75453782146,6664.49613471287,2709.94275828353,2722.63716362948,6713.14579928231,2574.5503611837,6567.76006871679,3197.31732174404,3268.65933370862,2589.01559097114,2767.53795629342,2138.84901564139,2734.13483250147,2544.79169701869,2153.22449734541,6824.60701045771,2718.18110756237,2933.86578704538,2165.45406149031,3255.62473922949,6577.68163321383,2691.52253006548,2406.03331589117,6700.90452844957,2406.83122791325,2059.87546373704,2617.7558844606,2708.96860976277,6371.01742401832,2997.06401548491,6565.43573738635,6487.85614222069,2675.410113573,6612.56212638746,6574.95527824166,6610.88721650142,6750.34454129272,3110.39900506769,2116.88235692471,2720.57650710356,2708.02240902712,2247.67228946721,6518.47493110269,6414.6596468496,6451.71915169558,6483.00465338872,2440.20667930123,2860.15379626222,2524.53850668502,2847.71805996551,2609.15479107483,6398.27487428036,2335.00338524052,2643.54416116158,2669.26149219234,2706.2541253822,2595.18610377217,3148.04680999524,3214.5154545462,3477.69830267319,2797.77078532032,3242.26218870353,6499.76897684432,2412.48663074524,2641.01429011021,1293.50771346278,6484.4596608584,3238.73397438841,2631.37362202204,6509.45565316399,2333.64021539906,2256.89574291906,6606.82138452511,2539.89619779201,2702.69138818354,2297.6897107696,2566.54335589526,6761.53294507608,2550.50241578609,2711.57744446226,3645.72444112261,2617.4623334568,2712.43062990522,6690.20165521489,6486.60478175461,3104.93138509454,2314.62710679202,2712.69754431008,6713.13089208228,6798.61160733812,2621.15764286207,2318.23061923823,3631.81539940244,6292.4203621761,2385.54636149484,2671.56271290326,2206.27973147184,2611.71093534768,2102.55147605559,2815.83777970115,6523.82700687125,2700.62138802986,2649.41810840882,2843.15165655445,2844.07605859287,6438.49737357112,6492.98543851721,2802.8525761211,2626.56955425057,3268.11928884803,2208.95351352715,2246.87987413161,2449.52104122656,2602.77946085062,6431.4212429286,6368.39014334013,2536.73617696894,1956.61144623744,2321.37788598027,2725.65504107615,2491.16342458197,6798.74320227427,3608.42928768444,2514.00205282084,3348.94144357457,6658.55294262394,2657.09456470749,2835.72836725603,3084.29096708819,6461.16000676135,3140.36365580867,2747.11046103851,3139.09817120776,3013.31524119683,6370.90236957995,3009.08607709959,2680.14543883453,3711.22920237305,6562.03185560044,2911.44637719007,2726.78508854266,2305.90357671168,2714.03548795763,3672.19171325562,6667.80666641017,2656.56253164848,2993.31429448945,2314.48821943563,2671.33183610972,3148.55764524841
3100.43079019886,3273.11423148025,2456.70084726338,2459.35450182822,5968.61703794162,6118.04630703075,2438.55617183788,2438.28835764974,6015.34908700183,3489.52995921077,2446.12137163653,2442.65296832511,2456.53640250483,3291.98465413609,3480.31373338211,3864.97312691532,2507.27212140206,2438.91031295977,6222.14433974823,2438.29955919015,2449.79496471803,3311.61396919079,2439.73706145944,3463.78459027551,3263.8539656539,5889.60465419806,3280.86900419839,2447.60515681791,5992.03179977244,3322.48410041385,3199.3971318811,6123.53486238606,3509.92092532517,2899.6292982872,2452.17161338482,2439.94900687986,5909.95260679539,2447.60433811846,2885.23567377756,3402.29569085259,3066.3660113053,6207.5944668554,3416.77411831054,3445.80871098687,2445.84179223378,3344.37395041687,3472.99792192241,2458.31254535335,2833.32695045931,5950.96626414594,2449.39124845008,5911.39586878766,5983.47291117286,3154.31074594637,6071.34012260146,3400.78428616274,3400.80992388429,3202.13363613513,3358.22718057785,6109.97221756726,6003.2348897962,5712.98163088319,6038.4715820977,2501.02590403596,6135.08403721234,6206.22589516816,6092.37440162207,2459.88038559944,3317.08608440424,3257.5289190881,3001.49365052351,2752.58277664793,3104.18754187605,2808.8684742566,3174.79515850707,2906.8830549324,2990.25273095439,2559.7340461274,3198.09412551193,2833.5968961723,2699.32087348688,2730.23634456713,2876.98217868581,2679.05187286894,6542.6278356731,2670.86315208057,2703.7783859139,3029.67768138468,6923.20430101163,6355.93580090139,3060.39324078034,2923.13419668536,2658.62114362974,2962.59018243068,2780.75763565345,2715.16766548852,3180.51954882593,6638.21185949113,6515.75910270399,6421.7276933824,2689.91462815955,6498.29618578447,2813.66536638429,6644.39493957683,2764.94796985479,3053.61651546559,6659.77044992514,2870.15650539035,2996.38199782466,2982.08007417553,2943.95936488416,2684.80531871853,6401.6501939419,3391.58426162162,6471.33448065765,3460.67856199293,2794.26174401216,6840.99027370191,2731.52428303767,6760.6609372188,6446.82769085823,2815.86502645558,2926.47506942965,6533.68327227298,6317.8618530401,3353.89698903212,6882.71617424793,2641.81974579356,2871.61765732581,6709.12635079629,2997.41502680626,2686.2056693242,2684.26937349132,2610.42560021881,2987.15681409046,5569.50581045968,2753.50363596577,5622.43094351716,2956.24024732617,3105.0276042148,2741.71019405392,5652.09432350487,689.163395653878,2935.9956648137,5512.51820946419,2706.94538776182,1439.49102567335,5559.85743233528,2598.332707378,5794.4304162953,615.293639668125,5412.65577785217,5740.13695702127,2499.87971709979,2402.41897755399,2647.78338859237,2937.42698747496,5596.06628025279,2599.5779446908,5634.57394595818,2784.2173578451,3145.16249754596,2078.38851979597,2945.52347508399,3630.26677867129,2844.9333421123,2676.78224784061,2730.8128386507,253.310262487405,2834.08281364763,2886.4909661591,586.83785262772,2651.90815359067,2683.48980925815,3052.33504451797,3636.63786849127,3195.33000027321,5717.79345840592,887.7058402223,5548.91283771639,1186.89721381251,2685.4998051839,5894.93725804952,2678.42061738073,913.970682415905,5556.90332850497,2597.83892052681,2587.89795729622,821.883155753282,2924.21231516922,790.14716262677,2799.47353795515,2769.91232622006,2549.78591719539,580.109211447122,2968.08062707532,5658.86038694624,2994.22288088192,1621.17715412706,3066.69643591756,2327.61669444984,5611.37958926452,5603.1530952162,1042.75120468651,725.081803435303,2760.31540736616,296.460970081558,2811.01364994612,5744.31453117618,2782.57451520661,2863.1243465906,757.610567972059,5761.43090239384,2632.96261556231,5520.05053542718,2209.71632455284,2593.14058432894,5789.12090889652,5488.49976850267,5736.3930520943,2756.72442324229,3056.76291654961,5545.80022435092,2572.54298081655,5569.45089823456,5836.48726855445,5278.90690687936,1084.13949237508,5750.15986395494,2693.48544516831,2796.55370654435,3383.73400294858,2565.31524982344,396.842992228877,5778.03569747819,5572.92622926544,5513.90549558753,2725.89660463273,5674.74497171173,5760.68177663093,575.471601484306,2873.9277723435,2965.89787266795,2777.39621370253,5731.46300593216,2780.13686223129,2888.98745114614,2908.70348939607,3124.32607889665,2779.61726562851,3043.88811857817,3054.98941835489,406.156745647571,2068.72647756867,1019.63450539822,2495.24557393655,2667.60522504417,2591.64767537475,2627.66119044767,2920.05834732785,946.414029514929,3024.57141197812,480.275752108531,317.612516466602,2672.41752985285,341.5537509411,5669.79936179708,420.024156049346,2923.08739719853,3021.53758174397,5305.85255212888,5413.23495286658,2812.55838115021,2979.34717421451,5831.67473238176,698.415373186165,5761.47913275202,5464.92670434777,2659.09724331584,2731.16219510845,2775.72466469269,2962.57346739883,2870.63661120262,896.400894045154,1e+08,5794.28784161915,2543.06494527856,2568.30834692045,2637.86675631875,2645.49867140104,2633.96259508242,2543.92137294263,979.694424699026,2641.07304995247,2915.80240144064,2204.38913451659,6993.33121782513,6752.27767959725,2059.81285683433,6513.04573241553,3355.41555736192,2810.91948446439,6815.14389491646,2506.33007843723,2516.87864653623,6856.38739974495,2321.58855662164,6715.45235011289,2748.42629626369,2788.58107368346,2324.62161277499,2466.16486144311,2378.44347969353,2461.10168862195,2293.0542503302,2350.95297626447,6979.67030614835,2440.756520954,2575.50079229211,2357.3768401639,2819.37499220758,6738.66487128157,2421.68565813556,2269.93722762378,6862.72900418351,2249.51907820367,2159.23740453465,2327.54092078354,2422.08061408471,6521.50588876546,2604.01082933558,6726.19947599934,6627.74515711748,2406.99500574193,6764.35854155591,6744.91972403882,6767.00160933858,6923.11335636747,2636.56243799159,2158.84464579348,2390.24193131043,2433.83888609039,2146.84903802742,6659.01523943925,6567.69642814541,6606.03666806217,6636.89291437457,2297.04237401307,2726.35416985556,2201.73490848675,2531.92467295052,2356.49056167917,6557.15237523699,2517.80121127074,2392.86331284571,2406.93737386423,2371.11520663027,2336.64678703429,2707.27434988127,3088.46208572609,3368.12648506291,2437.40247573992,2770.38848236236,6650.65262029436,2311.6401340954,2373.80330827786,1475.33896412216,6635.14246148591,3137.80814736458,2379.27916857685,6666.09015552568,2002.54858011092,2177.11795534485,6757.73880489748,2301.22054998782,2433.94574083807,2651.39468078106,2334.20924197908,6893.58613689703,2277.70004809314,2379.82908038475,3509.83556528795,2370.0828964796,2434.5849327935,6847.7908778084,6639.81426379453,2628.58284352592,2171.44849057425,2343.68753682665,6871.5110452509,6964.99733727118,2365.82402961305,2290.68431304953,3509.90714145015,6446.84239513593,2295.76717279135,2411.59551035241,2234.08728100126,2359.5509355616,2311.16000355407,2531.68671018571,6680.43555640977,2431.46377627668,2474.55671972506,2515.66562701185,2697.14308666587,6584.51505124404,6640.56978566983,2474.35681419906,2342.21341559592,2788.13636073267,2167.2123664002,2477.69989245955,2302.62803309675,2343.97696507104,6579.54348288373,6512.3160287837,2289.36889991764,2111.54174237673,2286.07932362691,2448.77226077631,2407.647006037,6979.93007877751,3475.17300577777,2249.89313234979,2845.36513502542,6821.88809039267,2299.94837410943,2695.19577894645,2630.37692138647,6619.90010221163,2680.91876667682,2473.08036583707,3019.72249679364,2543.99879852293,6516.23826095067,2578.07051293731,2409.83551850553,3581.94896230519,6715.37914541604,2748.24468430159,2455.12149224004,2274.51919649918,2411.23426864828,3542.52412442464,6836.80790252402,2395.26397349075,2868.55628394793,2602.33056658155,2391.11704251561,2718.01099666228
7582.20748357848,7840.46032672198,6048.18376852765,6067.84944606037,2113.87762663934,2126.40041491327,5732.8505736346,5758.55878619332,2116.45335396008,8142.06022560628,5950.34934832385,5631.81071050833,5490.51905496229,7867.60729105833,8129.60323396226,8628.32047866743,5228.46992745349,5715.65967928444,2142.37572337661,5756.25698812323,5989.18055419402,7895.65373301996,5689.00868632094,8107.18522646666,7827.07005501428,2112.33638115597,7851.63872310451,5966.93267563722,2115.01438931424,7911.10343150598,7732.53236851484,2127.09599348766,8169.51553498732,7250.75844082592,5525.8676353815,5852.01928162375,2112.39354831175,5569.49376138526,7225.16572763469,8022.88079433959,7528.77159116276,2139.79261560702,8042.86529644581,8082.69054874421,5589.16115465885,7942.04496235977,8119.69325522893,6060.28126050694,7130.14576714635,2113.22561092817,5551.37438707373,2112.40657552938,2114.56298231301,7664.89209554045,2121.15136525221,8020.78967614607,8020.82515530932,7736.59583822536,7961.51244689463,2125.40716759901,2115.66760863712,2121.81569193888,2118.1814664411,5253.56313811117,2128.61343997965,2139.55544825979,2123.36645721315,6071.59953434481,7903.43838915811,7817.89755421588,7424.16783746228,6971.96851098256,7588.04319549568,4499.15865077127,7695.78846162159,7263.54267069682,4204.9825089414,5050.72314961976,7730.59588695527,4455.81123741035,4709.18556006282,4646.42989352038,7210.35064038689,6812.72488745066,2226.66878771648,4770.03646534419,6868.28562106587,7470.10121380195,2387.46378891701,2171.32093482345,4102.92782676777,7291.92031475069,6764.96042049842,7359.40319112702,4550.03057728822,4676.61857476632,7704.37268354931,2261.32153033414,2217.6768060553,2188.89576138696,6837.41660297822,2212.01327295288,7092.91044252748,2263.70298600075,4579.46331836901,7508.52028957944,2269.69701117687,7198.01866021773,7415.75125357723,7392.05582159035,7327.77793065803,6825.86027631722,2183.30483285515,8008.04046650981,2203.55207376082,8102.96144681321,4525.36868589264,2347.77898669662,6928.11010098746,2311.51662281511,2196.16270931754,7097.11343068294,7297.71028949987,2223.63818499707,2162.14338166366,7955.43669202605,2367.60379531635,6724.23412211415,7200.6647149275,2289.62276797001,7417.45437699261,4736.82960545547,4740.96723579049,4912.04090945053,7400.49205375761,2548.87395285202,7872.84782643673,2342.69341979198,7880.10262017872,8255.21614892938,7792.54124819436,2495.00211147905,5781.78094515091,8138.52755992908,2547.2621362751,7816.00555169517,5320.71564478064,2616.37183693808,7595.21844610172,2349.41696859674,5499.3964198522,2549.13840832512,2116.31056830111,7436.4130736165,7338.1897150717,7600.27877232388,7582.37068449326,1922.67380370873,7607.8223124905,2367.95124836589,8007.36631747058,8002.7145641024,5331.38802068705,7827.3596538994,8923.98124528114,8053.32573358236,7859.19623850799,7815.91636622328,5741.07167430439,8127.52577576118,7569.17784873035,5753.90766037369,7608.36529971003,7867.60954537638,7758.53610407553,8654.82861035684,8027.58487102995,2530.34638114322,5665.27515126618,2437.19874795625,5366.4049154534,7893.89407819491,2433.59474139153,7567.92682690769,6399.58203908211,2650.11660612902,7614.70413460548,7555.3240760516,5730.05758637547,8041.90087411099,5411.24855239317,7997.10981807122,7760.71885269119,7208.29465080482,5598.54825755281,7675.86150425878,2545.54264696189,7498.33312630301,5350.96604370042,8274.82304605493,7115.38516247303,2671.59045312631,2605.41028139054,5479.8232613823,5567.92702055166,7664.61601876637,5848.4801294975,7951.41871429072,2206.04551140017,7971.19180289543,7975.46635280025,5516.10397208766,2214.44086163922,7627.8565499712,2597.0151642028,5079.20148408689,7684.93992640867,2483.34453223454,2655.46145437383,1942.37892249826,7927.64450673846,8306.89778601506,2527.98304673083,7356.50036686209,2452.80254871054,2252.20071628834,2244.69440028817,5350.78147614442,2656.09078870479,7847.00075836631,5458.94169895885,8651.94865223992,7680.60655668915,5662.43916696202,2242.9533022554,2602.08110642663,2840.28297270648,7812.36963213367,2578.71333131749,2630.40295119983,5719.21848398084,7564.21422088746,7923.36480012213,7977.64088235091,2416.15074393748,7752.4523603496,7786.50794322333,8001.56836432446,8037.66322390805,7880.07687611624,8270.69385887684,8190.2929480029,5796.72752726762,5540.29721569395,5557.57820834607,7407.38954021075,7730.85639144072,7563.37034626842,7724.71982079143,7959.8170161733,5514.51100438934,7952.05727290522,5666.42887549925,5943.29264312808,7554.98881456834,5848.64948018735,2648.44566149222,5630.11432283147,7641.44565536344,8152.94732871686,2552.90299591817,2693.18573621395,5132.35901576139,8185.11480712209,2501.77597063314,6283.09067034669,2184.38351237362,2457.01759401461,7862.90503626684,7836.55273421025,7959.72254863814,8175.96229423519,8002.78552755288,5315.51997900405,5794.28784161915,1e+08,7562.66732583895,7674.61607877383,7908.57417756771,7829.06805071358,7720.14281567953,7538.87955801274,5376.55891312133,7710.41104062296,7778.5205179572,4705.39665984136,3454.37657766263,3452.12636379469,5087.72747249431,3419.97568653535,7696.12618492437,8060.88174054525,3543.51750231049,7366.89425092234,7345.20206656832,3640.12798699268,5295.50240840657,3540.91480139945,7986.41060747076,8001.39885201481,7087.66155246526,7399.85505212221,4443.88291374124,7298.60829348469,6705.47443864712,4568.45010538309,3617.01212617866,7270.19255746121,5692.37563547741,4482.5321637535,7986.78307577784,3377.87607439531,7217.85486686122,5092.97814083282,3465.52110767328,5114.04184406219,4769.26804054358,5417.2512008553,7219.97603446948,3348.02808901958,7663.62279081749,3398.56308701554,3536.92229994804,7066.02777318726,3511.22994750733,3279.27282431742,3416.56731270332,3426.71975816595,7874.30957659712,4817.01554732755,5493.47899439558,7093.36038110483,5033.8273838226,3582.58789611623,3350.18260862361,3379.51663156008,3389.38218295748,5077.4940352944,7292.64723601532,5443.5505333483,7503.57216974954,7235.52089253738,3248.38161893244,4480.59956163863,7237.51968141732,7116.0493317947,5565.03191437574,6797.64810581165,7944.29417322399,7576.03178722444,7602.72061080908,7293.37119963845,8018.27723291866,3461.6548262231,5006.19587938194,7076.26444380749,4930.76852347655,3416.97911046755,7471.24207842276,5269.48782557214,3380.83481028765,5496.91189847361,4991.29998898296,3510.56461438123,5234.21602393737,7203.31101706687,4166.32485366547,7275.55456640299,3819.37095269589,7193.17167425547,5580.67266490818,7792.10968509243,7223.53984580009,7289.3655131822,3510.7002374201,3413.18133675036,7900.12544927063,5114.25436168479,7378.19303123908,3495.77356575276,3508.80363867377,6949.43960114538,4857.28594826134,7795.12924198452,3260.38334699218,4865.30104568688,7129.23297211084,4824.38063931231,6782.58806311601,4419.60858355696,7481.57786693565,3375.1940835026,7204.13033299267,7260.89333511326,5544.09518396937,7233.53550965881,3443.95747798418,3461.80392713774,7443.91916517012,5389.40128253117,7973.22125996486,4973.46727412391,4411.5404770198,5064.98860000595,6895.70624685463,3440.01290975775,3384.0126206435,5311.14400406388,4737.1110249201,4987.35953627891,7299.13302757757,4959.97452184302,3471.78659521858,7684.53601059924,5354.83410989525,8087.11159661437,3413.71220554323,7319.74570491356,7291.12941464253,7845.87085788852,3327.38413813983,7903.10332840401,7238.11988170851,7495.55717417082,7834.59919907935,3387.27430375146,7858.54858860144,7200.40032709072,7880.52669645298,3483.5645101215,7367.02579419711,7341.81380862808,4837.64417650628,5492.15759021142,7764.72621023204,3452.9680384406,6834.3088697841,7347.59628378874,4255.51203565027,7197.41085836529,7946.21865758726
1190.90825073723,1192.74573515865,2105.41606750013,2088.10054949205,7582.09869632341,7743.45087577206,2392.29178071126,2368.31169044652,7632.63434701034,1268.66750737407,2192.63126839806,2487.44515539249,2622.77468082054,1196.43850600335,1264.09709456037,1522.95992570045,2880.08087592159,2408.38036003692,7855.4596217372,2370.45482665528,2157.80660050194,1200.93532228889,2433.4053168053,1256.16266022402,1191.16538905034,7496.49303176582,1194.18725815713,2177.72630844892,7607.4279604325,1203.70543317475,1184.59970747153,7749.3643801624,1279.14053697789,1274.76896339418,2588.68099841846,2281.96855763283,7518.55887097692,2546.81846542206,1284.9143629255,1229.7835926654,1198.08059373126,7839.82266993726,1235.53107191826,1247.92778228367,2528.02540027639,1209.87166400585,1260.54326229975,2094.75543816361,1326.66622882767,7562.99296218595,2564.17617166445,7520.12344987117,7598.17130378134,1184.88968307716,7693.09202970186,1229.20075376479,1229.21061308069,1184.71522593517,1214.16922650659,7734.75002834468,7619.54084852576,7304.34567266372,7657.61322197582,2855.1093303927,7761.80483920843,7838.35154097953,7715.77942152059,2084.80714417385,1202.30522747732,1190.1752784176,1219.39725719687,1409.19867838632,1190.28017601146,3634.03101070058,1184.23897031349,1269.88307347848,3953.72520947609,3058.868938945,1184.54995027264,3680.54472975968,3411.41221013958,3477.45974336735,1291.00595405297,1506.45573232403,8198.47231630515,3347.74686314764,1471.06531298591,1208.86895707152,8602.71077994026,7998.97639414087,4066.96557028462,1259.47929756982,1538.0290100574,1237.25693945336,3579.69410888083,3445.63797969663,1184.2129267088,8300.29156263494,8169.81294264753,8069.37866093861,1490.54525971734,8151.17707822544,1344.69604452642,8306.87089676692,3548.3789797821,1201.46294392108,8323.22811915419,1296.19688811011,1221.52089984468,1227.81840179624,1247.22249340328,1497.95599394404,8047.90585281583,1225.72398052177,8122.39007331489,1254.71004213458,3606.00215055293,8515.6393359553,1434.67441121044,8430.43374279534,8096.20888999233,1342.61585444414,1257.43235212011,8188.93353358305,7958.18353335994,1212.79359855284,8559.84700787088,1565.741266933,1295.0739337815,8375.70054912427,1221.08635981973,3382.44365925797,3378.11436780262,3200.61215446843,1225.52264569689,7674.46955675773,491.444725548849,7659.81391012283,844.68640740911,1140.07142733428,708.349225298248,7772.0004007949,2736.19368510569,909.681519377027,7652.71180035202,712.962649675861,2816.87311045987,7648.2112642026,197.569957966812,7967.57433609975,2804.99555416223,7553.37380878561,7855.40343225665,371.908794570079,562.105097620011,364.639287260322,1015.19729844569,7690.33540017155,235.045833762462,7741.02857871061,823.690770058986,1098.38773999382,2991.41927369913,825.363416465549,1535.83230160265,882.978110654246,742.136193387125,714.147572195586,2609.41637420323,974.151480678707,976.642436520222,2630.7673378063,370.387703978737,729.74785153913,875.506567823683,1471.73874011546,973.303269564438,7891.35826533648,2583.08582655393,7640.83993912803,2823.79576160937,735.122171484213,8058.77273161889,542.959861271533,2215.18320067375,7683.53291504467,282.850266643859,270.822405235698,2452.15071846599,901.749653379338,2795.55126671971,869.055075472275,429.045351368879,954.825839203619,2736.82858284942,909.589226170093,7806.16366111457,1232.25265682303,2732.79928505127,1064.71809432542,667.190090186833,7720.7350013991,7690.84409717513,2779.27382010871,2766.58201965497,526.368029343841,2552.2036260598,776.879855825585,7841.33080597817,831.401323625575,797.693320207398,2757.10365799608,7879.01058716485,174.264495207668,7621.67514821805,3221.88501959592,226.535279167877,7960.43546230639,7614.16245045102,7786.13342649167,796.386255454498,1106.95749447681,7677.04529734328,759.811338327108,7681.45216070474,7962.58190574323,7357.70819684781,2869.2029247696,7911.92173513493,790.250869676137,2900.74332638318,1323.13375279859,680.776307268625,2633.55225125511,7912.01806592764,7723.54148645019,7596.1601400269,696.259729170213,7801.70921835256,7923.25698680588,2746.93981055018,948.656238913522,854.231469894356,829.898943793098,7898.15438113669,531.070409392019,775.127860169824,848.705905002741,974.347331489852,715.980153815669,1056.11195805809,990.041706646798,2534.54872342723,2720.94597989431,2662.65944225602,468.346114255609,332.530624399934,325.335725575789,303.383942627471,856.229573674604,2778.25570903077,887.87128517628,2586.12483804682,2421.14407460687,606.201346704807,2435.76808197411,7823.99158460045,2724.24171648187,945.384810144305,978.734468846622,7377.7814355982,7497.11875826974,3297.65309138737,995.594046015998,8003.89368532868,2290.16199269782,7885.03608781988,7588.33862309911,710.68905123516,817.320200705894,836.270666562355,1045.06159224531,831.128880273858,2837.07015252087,2543.06494527856,7562.66732583895,1e+08,246.993514441845,795.483739015477,702.028813237553,309.563969292194,140.015626448296,2979.21287120403,278.048333953592,758.112892860719,3851.26318400101,8528.09134310965,8347.88557386325,3731.30559766829,8192.74140130358,1190.02564783479,983.179115194802,8503.94353768188,729.592080763499,742.14095405898,8477.88012350222,3796.75488467938,8435.03827317238,924.636825261377,931.542054462574,741.346752026175,383.296193095114,4077.53657448696,484.116830364016,1245.48841875207,4013.4646180777,8544.02542660815,488.318881108467,3744.64257428649,4037.63623339245,915.911448671533,8368.49571290042,573.994954253271,3783.79521087102,8455.39994545986,3745.13083246619,3802.28345582616,3703.40518336146,693.873411961268,8268.9258989774,564.099247522448,8316.32714919439,8358.05671302009,831.697819968771,8405.74592706462,8528.75493544451,8466.34836292855,8533.09579769192,847.907537121322,3771.49059544358,3736.34953354403,819.05176329064,3767.67515537708,8402.55505353233,8274.9393647622,8333.11447683532,8391.74713408266,3810.50230294238,903.704137880742,3662.61363579088,309.350413778449,743.662201228921,8246.61409916246,4135.41321389629,820.395133099972,747.547829344072,3610.46717428045,1163.01433034618,897.125391612173,978.569612512112,1323.71458079875,920.796993202306,915.155267779793,8212.06826271561,3887.96895724623,760.442987577618,3265.70575597359,8324.30373218933,1133.29947603704,3830.77818300138,8361.1464705316,3422.13262308216,3837.93457016147,8406.06951867224,3804.245684115,626.612548713225,4269.7247267751,683.562706213932,8700.45862269498,791.761355050167,3621.62768680648,1361.70991788318,832.018960547084,427.85290255858,8434.08232595793,8400.88475692823,853.336253392933,3780.7860407213,724.21279229095,8668.4949634926,8857.42598566615,988.012476316579,3936.60506252335,1356.94832711031,8224.61702259422,3949.45618061983,756.726700028368,3912.86596561776,1275.61411838934,3915.59795442595,238.411703636649,8378.09375237637,615.999587550502,807.095628251192,3762.4840313843,892.06696084692,8374.99367929929,8291.52758090459,483.685663710606,3734.33597406579,939.572291119329,3821.87181190972,4071.99530965086,3906.86811105067,1034.41530638507,8337.52533629814,8209.39249648193,3708.27386003506,3820.45397502813,3856.67379560996,430.796464129553,3958.743596498,8516.38909740981,1432.84577564233,3709.85516814965,992.128619319749,8563.56901885807,740.458866098262,852.069609416816,821.671845893573,8407.30775170426,918.258728589424,643.68194850702,977.066510006255,809.293429163162,8172.18424506291,841.922443625882,564.344803933014,1402.91782362773,8442.20892289813,846.920020442423,353.116304693805,3879.0410332243,3670.25233871537,1461.88315043075,8393.29364711491,1205.76339758847,957.023686899367,4212.21930700968,667.049863425206,888.182704891596
1273.39532039125,1249.6278690316,2241.1989720243,2223.81023935548,7710.76122258322,7871.96186911236,2528.67675111102,2504.6800556039,7761.24887597274,1293.6411440998,2328.70684386854,2623.85411173733,2759.12570314391,1250.45534803495,1290.35756094271,1504.32388406683,3016.12696962287,2544.77391535798,7983.86829881153,2506.82486793059,2293.77951694128,1251.97575924033,2569.80838230221,1284.75263691511,1249.45366850327,7625.23800757678,1249.89172147228,2313.7600966769,7736.06636768217,1253.10116452324,1252.62675818198,7877.86991369881,1301.29907444611,1382.4493539673,2725.05510192492,2418.23462080075,7647.28245539739,2683.21351573458,1394.11154663493,1267.25868314901,1285.30411857993,7968.24549266909,1270.88569393275,1279.08117483615,2664.42696784743,1255.96682407416,1287.8314081558,2230.49391798637,1440.97523307151,7691.67376428444,2700.56357878429,7648.84552122326,7726.81851090026,1259.6094848107,7821.64978424466,1266.89809918984,1266.90418705895,1252.33194787665,1258.1857518824,7863.26906686987,7748.16776575364,7433.28111396294,7786.20420906742,2991.19292317462,7890.29890805028,7966.77569682635,7844.31605034268,2220.50227923837,1252.51731389012,1249.42364380032,1315.16902408154,1530.33831350733,1272.23586587511,3768.62151643014,1255.93547708296,1376.78293971238,4087.65383614671,3194.61387270966,1252.77224375597,3815.03824158677,3546.46508315485,3612.37619082378,1401.05355747461,1632.66390972779,8326.58151100585,3482.93005257911,1595.68727074451,1301.00954863644,8730.49181696966,8127.25728696884,4200.66444894239,1364.59168145733,1665.4606525168,1337.81134526681,3714.39793089394,3580.62028443603,1255.05903630558,8428.31567710791,8297.94639126985,8197.59818940237,1616.07100069636,8279.32637119407,1460.7936297366,8434.8895712039,3683.148048823,1290.41820497979,8451.23329882578,1406.93708841191,1317.93667447181,1326.01132568163,1349.96704319726,1623.80551210065,8176.14400703272,1264.77768314372,8250.56395528528,1283.74076475915,3740.65111701599,8643.48892472339,1557.37488491742,8558.35152388756,8224.40525622812,1458.51737324177,1362.17067700773,8317.05078570359,8086.50037613483,1257.45888688008,8687.66165016604,1694.1215081156,1405.66668882359,8503.66272557983,1317.37235573483,3517.55599992135,3513.23557244249,3336.08930752576,1323.08895272678,7777.49516488956,315.933104342375,7763.60898140452,756.860102728453,1016.44960762501,579.679518599335,7872.94438253766,2774.61713603425,790.376872863058,7751.11276021959,566.742379533435,2865.60559864686,7750.46061965892,307.862318320364,8061.77836061853,2822.51071317212,7652.59717203199,7950.1388666188,537.252128459473,666.390076358113,429.56029350266,1080.50368734542,7786.14777773785,337.101588026842,7840.46854321719,715.934362843389,1027.91547133537,3076.51957220574,749.507006046909,1411.30912660224,786.610658964148,620.824219835468,586.520203665152,2632.74549915533,898.310883163973,1044.73149629224,2637.81269970618,445.393330590673,581.73839075225,912.028707786187,1353.03843235701,898.510515276202,7986.67333853124,2600.49420155547,7742.16793211377,2845.0641303127,614.870867424805,8154.96042828564,615.549963117631,2240.68144265243,7784.3886526605,276.038853422015,404.959138936477,2469.97786391878,772.31394833075,2832.74750211089,785.323305211946,394.715861784315,1065.02747823027,2762.67111411115,972.179100445242,7904.48062758964,1311.41694401774,2797.66463683736,1014.07337380535,855.99017019954,7823.35058576063,7792.5515494774,2799.03132143749,2787.03004188671,583.500485524417,2571.51606248783,640.535386786496,7938.36243502907,736.64167459336,675.698043856636,2772.26406928628,7975.84861335038,246.371639124834,7722.19797094257,3316.3058410409,59.5684483190229,8056.10347968518,7715.30145222913,7885.6365622542,678.140711301517,984.012168535703,7777.62206100946,865.260882089955,7781.69304235885,8057.4974331905,7457.71138010784,2897.94201811824,8010.38543917046,771.269191452971,3018.06862690267,1169.43848117524,682.868919622266,2662.63797142876,8006.98522791748,7821.96244929286,7702.05545153044,563.23789002194,7901.29563330272,8022.93078058859,2755.40628811847,1017.28658831897,753.961601705661,725.208374681307,7995.27515346975,456.510223129285,702.668297915275,699.700817827113,872.523141768627,576.003348250222,932.222421359952,861.134522861981,2547.9372831991,2793.91147794571,2682.80458202816,619.483802933851,214.199552731437,426.359681627796,149.674379665274,728.035945118342,2790.66637251381,791.896365202242,2609.62673755835,2446.93551907612,680.465399179835,2460.68025836157,7924.94424764772,2746.02720208458,1002.78367962112,842.237141251656,7481.97195797156,7602.1838879849,3420.17412094282,856.184226357067,8100.34888897341,2309.07129709512,7980.22852796207,7689.18926188474,565.858357132653,700.954433834743,737.52094083039,1004.35452431942,684.183700119734,2872.62727676208,2568.30834692045,7674.61607877383,246.993514441845,1e+08,668.886463233919,585.576209352594,158.876998049444,328.812211721215,3004.20353697654,139.908835659083,707.651250699029,3935.94860085648,8665.55167001138,8481.75633637492,3802.13142023924,8324.31246657267,1289.57595119196,912.760812572481,8634.10045948641,708.417074614012,737.60676150329,8609.78388204749,3874.9327155531,8563.76941150144,818.50225965469,871.835314869649,896.13987183236,493.677972611845,4171.18143349402,676.918495227209,1419.23872072071,4099.15068948941,8678.97268615849,689.531746616551,3831.39635164563,4128.79894971762,840.753154956474,8501.95109666485,765.999019892919,3858.21193790274,8589.97015363094,3823.8304116671,3883.87680596309,3782.11332342388,820.755239978228,8397.5489698332,548.53698557874,8451.15156236483,8486.20478741098,1009.36124433179,8537.6987097483,8656.81962036397,8596.94148077783,8667.02747469267,768.367981376651,3851.63779578636,3819.55604188944,1003.09362784786,3839.4550157622,8529.76123021061,8405.55643447732,8463.16262989281,8519.71900778723,3887.64118705482,962.169203165589,3739.9202404918,406.445671266588,748.69453035891,8379.01504533245,4223.62100413547,818.860995734853,931.645530242208,3696.55404728629,1339.51108734543,780.526150086986,1030.65681542964,1434.2736018998,976.719178961983,825.534087997946,8347.20993477406,3962.54447508842,937.884224961513,3347.75766053636,8454.88821542325,1232.0463930843,3911.36317457385,8492.09387706218,3501.00724212982,3909.75361679426,8537.56511535471,3883.43987742865,808.462532959908,4386.21633521552,655.300891222342,8822.40180651024,786.731499082038,3701.94013411431,1466.56466955292,826.563002087523,620.270955223819,8568.64567773649,8528.42452337438,756.001581008148,3851.82143948725,696.780182717926,8794.35070070257,8978.51636146655,1154.85305602877,4012.757019573,1454.46691355376,8351.70891758593,4026.0861422704,920.955875150718,3986.79462581447,1426.5047602657,4019.41473034011,381.679360458798,8508.90193391051,803.52890702518,812.893451666007,3848.11420615067,962.846071546152,8501.09027332177,8423.4577861259,545.500019818184,3815.33348360709,887.997837840436,3892.62402818341,4171.72967682162,3980.88448406028,1203.44162489439,8464.89006527787,8340.42961980438,3785.85420948527,3899.49764953596,3929.56144123003,623.321300169195,4035.99544181266,8651.54468735084,1546.85271242774,3784.85135231951,941.908461151777,8692.90776783811,718.493163999695,919.401563498191,731.626563934549,8534.23407229646,835.36074860053,816.031673378328,1046.33167142731,697.533102545994,8304.78751119675,698.706119939821,756.996281849608,1497.03372702298,8570.98017868707,885.082540408823,540.890314041258,3959.61186094985,3754.09463883971,1566.46632431406,8528.46250878018,1373.84234107751,1034.59740955488,4322.06621143706,805.699575499228,769.281076433543
1295.44837523899,1238.31123326564,2364.22871375623,2346.33967555461,7863.70445482058,8025.04645549385,2658.47714945029,2634.00574593976,7914.23719174756,1243.6185312626,2454.07666733383,2755.40902436315,2892.86739345925,1235.549255873,1241.84384568091,1406.19244010538,3153.24975318994,2674.88512038634,8137.04672636653,2636.19355387992,2418.24922102528,1233.36642595392,2700.39122924451,1238.98161077365,1239.90763268261,7778.10311442773,1237.09681039259,2438.74997119294,7889.03229097999,1232.45626906452,1255.52080705658,8030.959539958,1247.99106035105,1441.18718287047,2858.27648610958,2545.72853706547,7800.16791499695,2815.76873423017,1455.28410722103,1232.07901539395,1313.86244450044,8121.41102214883,1233.15970666005,1236.34472287229,2796.67283826239,1231.25953140987,1240.52588080452,2353.2171357207,1510.6667958999,7844.59975374702,2833.39877932661,7801.73241820836,7879.7761638178,1271.25505021071,7974.69105537254,1231.98599799715,1231.98754445456,1254.6951718031,1230.9351827386,8016.34622015645,7901.1444730515,7585.96238789218,7939.2145318942,3128.02458897395,8043.39910530879,8119.94000951693,7997.37692383782,2342.93511333638,1232.88183050303,1241.09005651461,1355.85266883397,1612.45168891453,1293.5671642303,3912.0815335856,1263.6052429561,1434.28215866572,4232.85652992006,3333.63149873727,1255.91909063431,3958.7772092392,3688.4456413713,3754.82246294338,1463.60822006708,1725.25116950857,8480.02742517977,3624.43794937204,1684.83507430834,1336.4747615328,8884.21901964145,8280.55114022089,4346.39798057652,1419.28825124683,1760.8328107935,1385.55046623094,3857.51966421786,3722.84519314796,1261.61731758583,8581.8356805082,8451.37103302084,8350.94678363007,1707.15695396445,8432.737079717,1533.60295500503,8588.4142838794,3826.06845830443,1321.38985431263,8604.76967906961,1470.62695613414,1359.55758594166,1370.23858230985,1401.01767239988,1715.59945698145,8329.47603265266,1231.50124923999,8403.95298320199,1238.49026818196,3883.93835028013,8797.15835582994,1642.56529472363,8711.96297336581,8377.77439790957,1530.98089038794,1416.28641335788,8470.48964044963,8239.76195325843,1231.00085823624,8841.36059644668,1791.74892225594,1469.11414313052,8657.23614951864,1358.80409063772,3659.324485217,3654.97193939458,3476.40563996662,1366.39379384841,7897.69560615806,520.082695790207,7871.73194353201,795.440526504232,580.591087631442,585.695271878659,7987.93791273512,2873.16579262842,320.73833524211,7860.16723285011,443.444211461135,3115.76671016832,7860.45676843693,786.162470217623,8182.61531065669,2973.29938417314,7767.39848277001,8072.60162573679,963.275912769664,1093.02013742888,813.531318335445,1251.40406113737,7913.54653015427,811.525508143326,7947.64780108721,254.06097115357,1063.2366672279,3366.61586949027,921.157135386754,1083.08216971969,300.086375966995,210.829542795183,473.770107882606,2716.77243445591,579.916941477137,1216.72746081105,2764.11391824933,811.335685067932,290.192687784789,1131.15669483674,1138.4116603699,1082.37695800503,8095.79863008845,2765.47291360663,7854.80879370259,3036.52075638211,178.4006057238,8272.3456916799,894.684042185474,2244.0468752049,7907.87815577455,715.649467034343,845.542897930378,2607.75433308693,482.338434743905,3048.020195195,341.958900954446,727.268492710872,1237.86481931842,2925.73286456769,1124.20008495293,8013.49070245417,1429.61739884491,3076.76937410643,831.560324694023,1246.67062835115,7945.80956117914,7906.18584509464,2984.40807427118,2979.40443344803,852.677786565929,2622.11735810342,354.271424180298,8055.94239200356,242.007024500751,412.256780135843,2949.84957397634,8095.66278564251,744.273252805032,7831.36048412424,3597.46911887319,676.165099727131,8167.09835642695,7836.37227682707,8013.66448045336,239.953523309835,473.868613011857,7894.39525649039,1098.06258055894,7893.76619562072,8174.74032232392,7561.38844121854,3110.53471029291,8122.44309125248,743.664842495869,3381.98893988132,829.080488176485,802.591455969325,2803.68705653362,8125.01774207444,7932.92932655604,7832.30292600804,480.07451144766,8013.39119095458,8144.17356533581,2887.99610189428,1196.16845757724,750.263851017336,216.818272381385,8112.87201165647,669.988240709763,883.268861387663,631.950118939599,944.428579409993,436.958261309238,470.237214722599,563.674219549269,2672.97458863818,3101.28209826828,2862.01289848416,1003.28856752862,641.581907228302,845.178961844446,602.830885995906,643.415653278451,2976.13472600573,912.716915597222,2767.86062302932,2522.27274388063,944.383052547771,2565.95128273629,8047.74491411189,2867.6733034324,1168.21318067379,566.397414422179,7595.69319136293,7725.31063959849,3739.12326827569,451.93699817228,8212.7607449722,2316.32528110138,8097.83317778468,7801.28711130371,222.182404540594,402.458694217965,225.133867692826,828.362341513818,477.517322502816,3071.06250330476,2637.86675631875,7908.57417756771,795.483739015477,668.886463233919,1e+08,213.368680308263,639.400031661909,870.033531723633,3227.87642759307,639.089833528327,871.851655744879,4184.28630247507,8849.48993084181,8664.77585779921,3961.95822818379,8499.65385202892,1598.22301066772,499.707149740052,8807.42001344334,893.399948116075,899.025279174787,8786.68402880525,3980.11367913206,8734.09440788444,242.796775681597,510.705647209884,1261.56185930064,899.366739670834,4437.28873998788,1079.08202448832,1682.60867082129,4356.40456673658,8861.28032286462,1068.94631261745,3901.65263716121,4380.42225010972,418.119649443171,8683.77927051632,1125.49833945568,4004.18249301603,8772.05499896516,3970.63371818384,4118.44825143218,3877.37041465124,1167.06256158161,8566.0285531583,691.842553336162,8635.58307522501,8654.12443100744,1327.92618604822,8716.65800038222,8823.46197206789,8768.16500493829,8848.13366121144,293.700617383734,4065.14609006058,3895.63165082151,1313.60738372856,4003.5362810708,8695.95807862187,8579.19399842757,8636.06667380245,8687.08296506488,4028.93046278795,1218.67799292874,3827.11657697018,807.393009701547,861.214539546866,8555.79551002202,4465.38347433137,895.550822866612,1268.62931890563,3786.53394662959,1594.09995595678,186.824585143539,1333.61208769661,1727.58561157848,1166.5266898815,358.654006190761,8531.64069877712,4119.79557278394,1249.47137622929,3593.93209290056,8628.32627818227,1537.24015192102,4012.9246011374,8667.39355894021,3612.20213059094,4080.42473262251,8716.02679941905,3994.54429754252,1173.09267948129,4687.14775196771,827.458929569605,8974.35676316505,851.776357455379,3789.1484505136,1735.58885732261,896.022027776075,1026.61109988594,8751.63345732369,8694.12459848666,265.586990192464,4003.07953571637,612.187917807754,8956.00086153226,9126.69385399097,1467.28969653147,4194.36163804462,1734.33215885353,8515.27102034168,4175.65830571251,1277.44012395827,4190.63630269207,1600.50635943917,4274.48156747351,829.979749574713,8682.16341687759,1166.69509888797,1001.09785758008,3926.23516301457,1226.40750490381,8661.98251951094,8601.62081198202,885.097337164059,3915.19340662226,532.613304225207,4078.96158804292,4433.52184329282,4117.46781599804,1502.63805708963,8631.74836920439,8515.37543589843,3898.30063762935,4148.32224333901,4118.4249756212,1024.3262210805,4195.68177118929,8831.2976595114,1808.33950000838,3890.83471107794,644.344132797127,8863.92449522997,674.346950943544,1188.36360503258,239.722490691977,8698.8747757626,280.650278378687,1137.78710919589,1343.16363163645,220.249418967893,8484.26497705318,188.443359044331,1122.77280212442,1767.59464285832,8740.26165457435,1128.83859480975,971.237323207315,4140.89078698369,3851.89540504245,1826.35926909034,8711.89606329345,1575.29305719805,1306.41831628904,4603.53550452917,1170.20591558326,213.410288187689
1127.31400479184,1078.45754778941,2227.03981382884,2208.69427262313,7772.76100990494,7934.53403019482,2528.05751692969,2503.07210350723,7823.43058032748,1104.23722632206,2319.09813449114,2626.94760232522,2766.98524599563,1077.08967395054,1101.43147025764,1311.25000102567,3031.70142789073,2544.80559066792,8046.82372956667,2505.30619891178,2282.40544653712,1076.45008164294,2570.83329257646,1096.74562084541,1079.40290048457,7686.92393571457,1077.80519551787,2303.40386368977,7798.15764219627,1076.43392159129,1091.11660151136,7940.46259138373,1110.92383162123,1273.58520702381,2731.76586057336,2412.87072886482,7709.04998040388,2688.46716148382,1288.085077669,1083.40021023246,1145.08299504128,8031.14808624474,1085.94414919153,1092.16621738117,2669.0090706027,1077.11911481955,1099.30217860121,2215.74789857401,1345.2598420254,7753.6041305516,2706.42778719512,7710.61881334853,7788.87642313093,1104.80715322548,7884.04592735704,1083.15654267377,1083.16064120496,1090.43341371732,1078.03977956242,7925.81098276902,7810.30257218706,7494.23527682287,7848.47492933687,3006.08482023769,7952.93464343115,8029.673308428,7906.79178149735,2205.20219464458,1076.41209005919,1080.15340716037,1186.71365947635,1450.77995405479,1125.52375478076,3800.12405429725,1098.0146895507,1266.49343404119,4123.98550399489,3214.72519930323,1091.447792161,3847.29812304749,3574.04102519272,3641.17244980346,1296.65925061615,1567.8643818049,8390.64444248038,3509.28142620773,1525.91827908948,1167.35547912194,8795.74479037616,8190.68784843376,4238.51663760573,1251.12192949251,1604.77820739997,1216.71252069615,3744.98951972835,3608.834765067,1096.28759308463,8492.68945301044,8361.92040807368,8261.25554448813,1549.08697097553,8343.24222989767,1369.00473917281,8499.28316683946,3713.20129787938,1152.451189143,8515.67603134586,1303.89502667596,1190.43678018395,1201.20340000962,1232.45251320856,1557.8486578003,8239.73261728352,1081.76363328127,8314.38944338664,1095.915487754,3771.68736258259,8708.49526482857,1482.03864283622,8623.11150551141,8288.14798684637,1366.2888290654,1248.04958860547,8381.08419368337,8149.79766038716,1077.71193236412,8752.79384708689,1636.83698398908,1302.33498065665,8568.26176851646,1189.67907536829,3544.58079932597,3540.17714512801,3359.41241299279,1197.32241075609,7850.59334800428,421.151904978108,7828.63840684752,721.783232676353,626.822521405561,511.074304537783,7942.95846188935,2879.3801393608,375.196302746279,7817.44243042004,354.714026207882,3093.4220655381,7814.74116127695,694.73956464909,8139.78563115481,2964.14496089502,7725.45853934423,8025.33999688609,888.093393811356,987.761231198708,727.403946753829,1189.7309021719,7864.14463596784,734.31345937099,7904.39627404182,245.455593292997,1038.09451895802,3343.01047139159,854.609921181753,1153.58166687585,313.800094621192,100.801639744182,397.740130554165,2723.88972113833,613.207128827477,1159.60713414274,2769.22645031733,724.33138302031,249.434800619216,1050.86848504603,1134.99719610432,1017.38552481069,8055.19386268592,2762.28517593222,7809.43248226485,3014.82484939068,93.2162333230607,8227.26642663747,813.823966304014,2270.38768887471,7862.81881806276,617.314734107368,758.518307861774,2602.08219730218,477.229157645978,3034.92850965804,323.04736090599,642.481820174258,1154.2087680579,2921.13508838174,1048.81832721738,7970.56978608098,1365.26383672273,3048.79602514085,811.714376516862,1151.14359899155,7900.34799210364,7860.67515742686,2974.17011282026,2973.22446126525,771.015214617134,2632.46570105203,308.14292881116,8012.89730937932,225.693504601058,377.313102403031,2940.18859544799,8050.5259720773,637.243352372851,7786.36905854882,3567.32899973692,588.643675103164,8125.64789144773,7793.79726350773,7964.60964174405,176.222874033341,568.282897747887,7849.83847925746,1018.94982905979,7849.75346884783,8130.35834098001,7515.89590959506,3095.34843672919,8080.27134366145,685.75931429734,3304.76446282185,909.445863152966,723.974823679757,2801.71130100382,8079.75178749249,7891.17740174366,7783.6010101325,405.349373605338,7968.5534798305,8102.17949859101,2891.8112450664,1137.30012359218,682.489316859786,203.837809562936,8069.95209277349,563.18457414912,818.326644274604,613.443134299593,895.460586384924,349.557626132761,554.569383345807,588.732061447179,2677.62499128048,3067.8749433131,2853.34202130743,928.379509080313,545.676669365383,766.579444979364,495.781602439736,594.426819131471,2966.16070485062,863.34442056567,2761.72957724166,2534.59590808124,877.422550254788,2567.66420569985,8006.4561823472,2868.63376010744,1114.31386077091,574.90977189962,7547.42376604614,7676.26890147889,3680.93677717416,514.398111277204,8170.69516695993,2344.55251240547,8052.1326260898,7758.62693565438,167.648956810651,341.580355650164,221.802612033069,805.060419870602,466.995219861814,3054.07880910166,2645.49867140104,7829.06805071358,702.028813237553,585.576209352594,213.368680308263,1e+08,551.885145327763,789.813513216052,3215.48231779732,532.603743247706,786.477495666199,4127.66368753899,8751.09793011728,8571.09917874013,3914.81011587052,8414.41667823538,1455.45735917135,525.46508100109,8721.38724709465,788.804369995929,792.276345826553,8694.91104295953,3925.32143443231,8651.42449353967,311.78828811237,497.309338945764,1143.40333824695,777.63397188948,4382.41305353098,972.592491227869,1579.51662338298,4297.00403540904,8764.94618121937,968.750480415725,3845.09059284482,4321.91841323901,393.597046994165,8592.34736735376,1027.40596726191,3940.19815213707,8678.05324668222,3906.97012099757,4061.25812567884,3819.55916477854,1036.2924558584,8485.90990647714,572.626110666835,8542.01335142304,8572.88666857469,1217.68831901326,8626.45083861367,8745.34936011011,8683.12307423069,8754.77870964726,308.059888688328,4002.39005702571,3844.17748880827,1201.9446745191,3946.80008299744,8616.22863030943,8495.57071864983,8554.30343697763,8607.11044189751,3965.18829387903,1101.38449156102,3780.67843834217,687.644955490636,743.712546324641,8470.54854309902,4396.95449322831,779.844936267621,1163.85104305602,3727.66348017734,1493.51858232438,257.217750939059,1198.49382445652,1592.89005014362,1032.87506913588,384.864054370419,8436.44218664235,4058.00491787131,1148.99123786569,3556.34781462193,8542.6163959143,1407.26439607221,3954.66980525184,8582.13851614726,3565.732554266,4027.06169620465,8626.46219322383,3939.32558282889,1059.52641232892,4631.82656760029,723.742048942996,8900.13633954353,740.900543986892,3728.66150978394,1602.92551546794,785.917646444921,915.781215749175,8656.98562206772,8615.09563686912,294.562880780293,3948.94441916687,482.251390039155,8879.02467596581,9059.71426504611,1347.11330899958,4135.68378461382,1603.97125032282,8437.76427627647,4116.16198734023,1155.02150590635,4133.47129940151,1506.54475949941,4208.49789092233,716.2536423494,8596.78818759466,1058.14875551966,904.0612085896,3866.95977735406,1091.61153076033,8586.35821103841,8513.08646912246,767.051521129011,3858.60154619806,502.387594376027,4024.92938563391,4366.35053994476,4062.42425086021,1395.69174350076,8552.60120165709,8431.22045802675,3837.14163373411,4097.03312863018,4056.69316737458,913.855077289099,4130.78536885555,8732.38281896519,1678.38426932531,3837.01788384598,652.576532130281,8781.86112560313,545.938114616045,1071.35086715896,216.276466181879,8621.84845760659,338.214818157057,1036.0113238733,1216.17721127721,268.515505060749,8396.74167812025,251.423390236781,1014.48918424094,1643.42323587838,8657.9088814863,998.509714545668,863.615172670566,4077.09016068013,3788.72374393398,1698.95654789278,8614.99398137131,1478.76910017417,1183.17943851295,4541.12566665319,1045.65753903046,261.766698962758
1234.5061572301,1198.4974663433,2256.47241062145,2238.71991239166,7753.46921512699,7914.86211332006,2549.05430187532,2524.68771969444,7804.01799952499,1231.31642548072,2345.70482988834,2645.61649923464,2782.65607326563,1198.14998888124,1228.40680769801,1433.14178949911,3042.49511143117,2565.39472586599,8026.89713359541,2526.86595225175,2310.10953986634,1198.48706735747,2590.80000223673,1223.49504622829,1198.91297272381,7667.84047074666,1198.27409492797,2330.47540909906,7778.80510662254,1198.9745490167,1206.41770725236,7920.77704434879,1238.17841244009,1359.86473609575,2748.16034532483,2436.83302761913,7689.91236140906,2705.77859495477,1372.72263733554,1208.83745302489,1249.08202482794,8011.25660696158,1211.75967913329,1218.6104958803,2686.74275089207,1200.5937400081,1226.18387639557,2245.54428692531,1423.89084715529,7734.35842190246,2723.3551255196,7691.47736664875,7769.54603842864,1216.64582144602,7864.49093404571,1208.55175996623,1208.55657539351,1205.931321888,1202.05045193784,7906.15915861247,7790.92113230736,7475.63723667284,7829.00323589378,3017.31123474795,7933.22049003327,8009.78514015474,7887.18392320331,2235.34190776481,1198.70592561891,1199.29061571354,1284.17077600525,1519.88762095735,1233.05653093639,3800.74729539563,1211.47708345205,1353.59577259392,4121.49622056591,3222.63630958648,1206.65463938352,3847.43416609731,3577.1848055404,3643.53385744328,1380.35012708282,1628.16972245365,8369.98126977543,3513.2094408967,1589.19774699826,1267.72226462363,8774.28905383986,8170.44537160794,4235.04436246623,1340.05520957692,1662.61189676052,1310.00821772593,3746.19832028867,3611.56927167996,1210.18884100259,8471.81936849106,8341.31640672668,8240.86222555588,1610.70094992594,8322.67692847164,1445.33314801158,8478.39988680951,3714.75591306378,1255.20939592473,8494.76003578212,1386.80036356044,1287.35618248045,1296.60325395941,1323.70414805751,1618.84754552092,8219.38502535854,1206.89258979326,8293.88427157866,1222.6166699057,3772.61039866149,8687.2038786421,1548.63770676406,8601.9842376686,8267.69787343772,1442.8754554473,1337.35699588131,8360.44066911305,8129.64380819053,1201.5596074627,8731.41859914627,1692.62561647664,1385.40866875172,8547.24168799675,1286.70738067528,3548.07764735434,3543.72729386591,3365.27611906261,1293.26413782539,7834.52676681838,251.304984199825,7812.5932867534,674.851459139753,945.850700461955,508.364006959227,7927.79427703186,2867.79492177821,726.62818307588,7805.14654082556,501.42063225108,2900.87171626081,7802.16938708139,295.725800854232,8117.62211981286,2890.91643319438,7707.73097011065,8001.12633167477,550.748351234289,745.432234022608,364.549785144154,1010.8152044011,7838.01501555185,320.880977669277,7891.72850834196,684.286243851414,929.308432222709,3099.05666834262,671.043397426747,1350.43816645822,742.84255884546,572.128392605549,517.334389353659,2701.91414464868,906.164372289656,974.850523475783,2701.69840820975,384.059158707736,529.049726544875,830.406815707573,1280.877032852,815.917528494037,8041.43237236411,2646.64339028373,7793.99220480012,2889.84178358402,578.313606894477,8210.02875655807,545.331444291667,2324.43160816125,7843.84577586624,215.3724053819,390.216039521018,2515.73657279964,700.805102848591,2898.748774525,753.473376647861,284.105991113922,1019.56686062867,2844.47530634261,893.687972248309,7959.04117957757,1233.66336323198,2837.45131220663,1013.75960980891,911.684940652883,7878.59919113868,7844.53299819911,2844.61603243523,2860.51163533692,497.528610608074,2642.68921468189,570.470830896427,7990.34704642891,688.699002070986,603.517171711999,2833.40488412244,8028.40230247131,229.45107060759,7774.36404434684,3341.97765534057,150.750719785673,8110.49331167218,7771.39661273837,7935.07521245657,629.376191496767,927.115668572744,7834.92888783058,824.160780893362,7834.38979611407,8109.70780502309,7507.03247502983,2945.3567029311,8067.25485730188,833.952773218831,3024.49932058357,1104.27013462282,753.167934587501,2741.16888962649,8060.6347483928,7876.25396239684,7764.3357064928,486.754890984389,7954.66034085335,8081.7620133637,2829.67771547819,947.902185727474,673.605955538557,679.156608751306,8051.23915924301,347.913688048719,620.171361408447,623.422463324953,785.849884937906,504.631035000405,872.904817690079,791.389406762669,2617.4608541813,2815.37909983163,2725.97372591453,629.413386618524,123.973366801008,394.509915881332,193.62039583645,654.555679667678,2846.02618071593,710.861478550612,2685.79336458532,2524.50055807145,613.952185931199,2538.62738694192,7985.35098052156,2821.47725631815,929.079458612095,775.262575140253,7536.2184519721,7661.55957295422,3437.71484348845,793.639465270213,8155.22502960422,2386.66670103976,8032.42579860212,7743.49238486404,521.376891476826,635.876019837424,685.4482723828,1017.30994156214,612.098322519554,2926.18359306834,2633.96259508242,7720.14281567953,309.563969292194,158.876998049444,639.400031661909,551.885145327763,1e+08,373.813974776585,3072.59035637853,112.473658861503,619.794602225415,4017.56621405148,8723.56755625626,8543.43248503334,3887.74059604844,8389.48239349986,1230.24023665268,907.07494743689,8697.72462382669,668.067895904502,685.384599811323,8672.7606980156,3957.16434201167,8628.56000110388,779.231412854062,853.936825727094,947.730028965012,569.664235690796,4251.03269413144,737.695230105319,1436.57032099111,4180.24519334652,8739.98883533864,741.18565255544,3910.63558487625,4208.27290779581,790.787592373249,8564.56097430402,811.575520177867,3942.61985273485,8651.65539310017,3907.13527072777,3966.32282903848,3864.60022125986,867.922806841973,8463.11330388185,620.177782537268,8512.70309607291,8551.93071133239,1044.28090374805,8600.866561128,8720.97112976912,8659.46973297996,8727.58705063763,755.042122933256,3934.82239151919,3899.40139272497,1036.87674098758,3924.30702356438,8594.85849653533,8470.07305815825,8527.8942845714,8584.80852535035,3971.36664337195,913.680229872551,3823.99051946424,480.200220857583,724.148547545938,8443.34654918474,4303.46327386006,793.974859575475,972.577370519133,3777.41759750574,1353.27346776861,741.13453648968,969.846915625309,1373.79096875752,1026.61300604758,800.455673876622,8409.29491341832,4047.49414236851,971.934123378852,3429.14962593339,8518.90322354552,1177.02649855502,3992.95097119735,8556.02347554082,3586.43216277455,3994.34404044279,8600.58867299255,3966.11267004096,857.06186209475,4460.04134639709,622.366614137078,8888.56804051698,772.089304634585,3785.82950484262,1401.50724481326,797.276165288876,681.987564651516,8630.58653958801,8593.14904595013,751.020406738729,3937.42795360522,689.897245544421,8859.50274738953,9043.39347843023,1188.30991539733,4094.98820412713,1386.51200535803,8416.71171182042,4108.38605727325,962.773155796957,4071.60751711859,1422.91306809571,4096.5600157537,426.906207006611,8572.7150987137,851.571468360582,766.504607145992,3927.90505145428,925.270940847548,8567.29826218822,8487.06783438597,622.364606175509,3897.57581378412,872.259302245938,3977.49981676246,4250.0496310739,4064.01636939293,1232.44372779793,8530.43157007481,8406.1212752114,3869.8114812951,3983.64495168899,4014.08950049052,683.434756083986,4119.01209979553,8709.20320871595,1484.87253626288,3868.36011694053,944.053430590341,8757.16783823104,715.751985599012,875.300707951142,708.289088498563,8599.62916292991,802.808993294454,846.18872404604,989.029439853543,700.99005787356,8369.75853842265,674.680643170161,810.418646957542,1428.44938155961,8634.81700420931,838.262121658532,600.630318462715,4042.84214409393,3836.27319509792,1501.27237349235,8589.15062149738,1377.00233028999,978.772907158823,4397.98825527457,856.103785895775,731.550403346673
1247.69621517632,1253.40538542496,2124.08426608806,2107.10573568822,7573.32608538698,7734.47207044559,2406.15114334854,2382.52444474608,7623.79619571742,1330.19872766339,2209.69128312701,2499.97486931379,2633.59206059562,1257.33322238038,1325.66109503656,1580.45637407264,2888.11598883023,2422.00690551322,7846.34277569562,2384.63568175757,2175.4915646555,1262.03826376922,2446.67635489975,1317.77258262193,1251.6968616647,7487.83350935463,1254.94771643052,2195.05110867429,7598.62238817803,1264.90820138056,1243.99571205206,7740.37818484006,1340.58189797138,1323.1674574031,2599.91162103512,2297.52083310593,7509.869946373,2558.57279005337,1332.57446654216,1291.40517265547,1253.72594818176,7830.72485261167,1297.17395544706,1309.56797903096,2540.02090636731,1271.24304986175,1322.12966338777,2113.63037886495,1371.542133358,7554.24536340746,2575.71111691246,7511.43244721403,7589.37775124726,1243.22939921087,7684.17662815939,1290.81920447462,1290.82911831955,1244.16829705814,1275.62564130331,7725.78211733489,7610.71959291894,7295.94987821541,7648.74300233528,2863.39103164314,7752.80313490572,7829.25551787968,7706.83535078246,2103.87712820382,1263.45978117026,1250.61426932705,1272.53341388672,1449.41832387948,1247.18654441306,3636.29719136593,1243.08583912212,1318.64773642877,3954.23977505186,3065.26332556943,1243.91850104279,3682.53621933317,3415.10230792265,3480.70737651739,1338.23577684216,1542.14592966857,8188.95672369349,3351.88088889617,1508.3076123986,1263.14751330948,8592.76695513643,7989.68845596818,4066.92864489291,1309.04932689409,1572.41394489056,1288.6911559712,3582.29067724566,3449.09656382628,1243.19338954077,8290.66409029541,8160.32935540431,8060.00906885925,1526.92096433079,8141.714426065,1388.47197551016,8297.23629143086,3551.17078526834,1256.64909632581,8313.57583005468,1343.06718874266,1274.44154661906,1280.12286867368,1297.79304677939,1534.00998759068,8038.56101045036,1287.3196077635,8112.95995285993,1316.32669061558,3608.43745110727,8505.78424112433,1473.62345806529,8420.66728961747,8086.80856187604,1386.5159973905,1307.16531532242,8179.42856798122,7948.94358382864,1274.2252009467,8549.94663286752,1599.03632749633,1342.02147256657,8365.99200857585,1274.05076184467,3386.33356668015,3382.03444653453,3205.84355008518,1278.04804496875,7659.610727306,568.611977705066,7642.29162191866,881.231327059172,1201.15351467588,756.417421240282,7756.08705625794,2741.71721568889,974.847261120405,7636.62238893727,783.377560470478,2771.14235779056,7631.35827489751,173.980440278237,7950.38579041461,2797.69384086469,7537.03320954783,7838.09721772894,285.105343748771,594.642045459655,316.513830743994,970.189679562043,7672.39321581562,181.238200489391,7722.57668994627,907.485883549434,1100.51531179395,2917.35678276956,834.715098321426,1588.65412681036,959.86521408665,822.815021823756,773.67234752923,2607.72732627754,1057.19913300639,927.538634949383,2617.47653394752,323.972217757713,800.167260066578,838.426807340275,1517.15432512231,981.52450784179,7874.24172260729,2558.09182535199,7623.09855149757,2796.93920924195,818.15477929402,8042.63369395632,482.613742559735,2228.10248506908,7671.67366280338,297.875418825099,208.093047288095,2432.61134612252,961.567855432305,2774.25966618714,955.157182766734,427.10050005183,935.595422346927,2729.14159735244,877.300097760774,7790.5727146614,1214.50961672785,2681.72550408588,1146.64408830227,620.29569198674,7704.68810052439,7674.16721992419,2753.12337480274,2753.76848933315,479.048334507111,2554.64420082343,843.819706174681,7821.92004145928,909.996314592336,860.494566310744,2742.36536332624,7860.58727005287,228.768397145577,7606.2673347548,3148.68377012637,318.706407434172,7943.04072667222,7596.93787344674,7768.78388709079,873.832876105993,1173.36131886563,7662.13481056588,716.651279669161,7664.56537551488,7943.54210891806,7341.81195387841,2839.83338996439,7897.67189660668,883.546262000563,2825.32576645336,1373.61016541205,776.397283404375,2629.91227607049,7894.14646210738,7707.73329503328,7584.35052821282,755.145279610289,7785.94124733239,7907.67646773965,2740.91437884902,896.399706302335,897.13548217177,910.00081889063,7881.57251175207,566.047650932533,783.358705936142,890.371342773311,1000.37620753574,781.718854089732,1116.67696361472,1041.92983372985,2526.92638761106,2654.05090131974,2636.80270431989,393.759327330689,375.610551381579,254.71032781434,404.160159522428,904.019635361214,2755.55841030007,902.493172739975,2580.04831269706,2424.41226509183,536.182721101869,2434.43869447694,7808.77021064813,2719.85409369305,899.046843462082,1034.95463229285,7363.44412606872,7483.77402501541,3220.11522778938,1051.87478150766,7986.8916454965,2297.8780696902,7866.6632925504,7571.16891368766,787.218137513981,883.872680430556,912.100477756142,1130.6089092714,885.72975858164,2813.01815969708,2543.92137294263,7538.87955801274,140.015626448296,328.812211721215,870.033531723633,789.813513216052,373.813974776585,1e+08,2958.31432573733,359.434489333465,771.774985345469,3845.67173360867,8526.94101063147,8348.13455878253,3744.58109648823,8192.45973435532,1154.56706608636,1071.39609529847,8503.69812036211,751.039656971919,760.258588096919,8479.29802434818,3817.20166111802,8434.37638801989,1002.04481204578,1016.60872981487,745.939488937989,459.951255664308,4062.76484556755,458.317074233466,1240.97788598701,4005.77468933265,8545.18357550621,457.612057446639,3770.87522245393,4028.76951435398,993.535816672166,8368.03243018813,530.616526270513,3800.18897493888,8455.67681070695,3762.23412364503,3801.39076356217,3726.82249709688,728.893155015642,8267.48628138107,681.295671844621,8316.29505556117,8357.64379136154,811.630134468532,8406.00195938935,8525.57940070579,8465.80470228392,8532.25272926495,935.868060395545,3775.57299214079,3759.57277707106,800.037027112037,3781.34946027516,8401.96097795398,8273.7907202777,8331.4560392996,8390.2023790823,3826.4989563406,888.357131084423,3684.54903634012,405.234212900496,779.95738759856,8245.23202553522,4129.85707829172,861.189052506797,715.909408221489,3635.41731899752,1159.18439463725,977.963081135863,963.948165564483,1282.28843581312,993.114543227138,1000.61312685549,8212.92038609809,3902.12620952726,732.239339434194,3251.57615466903,8323.76876100183,1089.17501426381,3851.74678777321,8360.11399680935,3443.48683002735,3849.89883635233,8406.35448594533,3823.88923715666,607.435012599171,4232.67981343308,712.444159489569,8700.33261591341,834.308744170243,3648.00577425716,1325.49660616784,872.381452743329,424.460754061782,8434.43885986476,8399.17128478232,941.576023684365,3796.42282141601,797.730779969215,8666.43637292682,8853.54854153755,971.347959031327,3946.29952633646,1318.96870301604,8222.54786932218,3962.98908360126,744.347902750717,3919.06669627562,1279.96355540092,3900.28001708657,272.521229088016,8377.01999244831,590.612111127307,815.098775711416,3787.41986369244,887.471197936573,8373.32493678329,8291.71738119119,573.148632663038,3756.58654901209,1025.71009623274,3832.05085647982,4056.30420011401,3922.26269068506,1017.86717185191,8336.1895177987,8208.86680264089,3730.12152315264,3815.50751790128,3867.50662543832,421.260076117332,3972.17184572093,8515.86721955822,1396.20351924788,3731.22337645633,1077.2191252104,8561.5148788822,812.910309532774,829.437283971078,909.997748809065,8405.05709243897,992.854863281444,611.980540319477,947.349203834135,899.400709255649,8172.04400544466,922.91265487997,534.523175846134,1363.40314313757,8441.00191920197,853.830088417448,344.520426773524,3888.25052274497,3694.95170352187,1425.19761558963,8393.13807951143,1210.04663367486,933.454034622394,4186.54599159505,691.294374026495,966.710029305519
3635.87979696649,3810.9290241628,2902.0578288264,2907.03349429804,5802.27836925355,5945.51113335336,2842.14577826253,2845.58956401176,5847.03372655471,4027.78867307009,2879.42141683779,2831.17087814313,2822.78309270824,3829.93064915872,4018.59386187895,4400.46060175982,2829.21060376834,2839.98951605815,6045.4977482925,2845.27054641409,2887.98059299911,3849.67469929355,2836.88003523413,4002.09554101043,3801.59655008347,5726.69205155324,3818.74026340362,2883.00765109,5824.69820064044,3860.59924059004,3736.48164804434,5950.77882730945,4048.121902266,3428.33223026999,2824.11172836282,2860.30018693653,5746.14739734936,2826.46193759456,3413.20573194076,3940.62926319542,3601.03972958053,6031.51284525994,3955.1161338038,3984.14171639837,2827.77691306618,3882.57981174899,4011.29291023382,2905.10198287312,3358.27130981565,5785.38368491689,2825.39079155827,5747.52762186787,5816.50193296892,3690.75421017765,5900.70336080952,3939.11646170214,3939.14212394092,3739.25199125641,3896.47796286584,5937.76279260712,5835.42847398726,5558.13268807994,5869.19143906436,2827.3437767638,5961.86476963301,6030.19757436923,5920.87846424349,2907.99827741138,3855.17500014665,3795.21912880966,3534.32218537421,3271.33771482656,3639.71474171067,2999.22139779564,3711.54991500723,3435.93953839789,3129.35126746558,2850.06846710539,3735.16233357606,3016.23960964784,2927.55614126761,2947.0803707843,3404.51244797754,3189.95545245452,6354.27600600836,2910.17827428286,3217.61789878714,3563.37190458918,6722.57359184837,6174.2353222436,3182.39724004657,3452.94621573593,3166.82448294282,3494.04215775236,2980.21442817455,2937.48582016175,3717.35522243233,6446.6224438491,6328.33725098903,6237.63183225552,3202.14976860224,6311.48355437466,3337.28704086095,6452.59981287322,2969.69627393337,3587.96769580029,6467.46570027102,3397.31186864354,3529.04214024283,3514.24946822678,3474.6697193124,3196.42264364833,6218.27924450547,3929.90578747401,6285.46996236646,3998.99419127218,2989.29811507132,6642.87839992642,3248.28712923671,6565.07871189311,6261.83296703243,3339.64000360791,3456.43635811613,6345.64004398666,6137.5741818352,3892.13474219512,6683.31723049203,3147.58812062179,3398.85414437926,6515.20397936232,3530.10949239186,2919.47128101368,2918.28840271253,2875.62758197894,3519.50376995199,5330.96365875727,3219.09736481569,5392.85567107226,3406.35027621713,3676.17053114927,3209.00684388207,5404.71379282763,1148.23287702702,3512.35138499457,5264.02380367065,3209.15664256091,1018.89932493545,5326.91448090924,3028.14574932909,5494.10973941519,478.827454407397,5158.51320721607,5441.95447687492,2922.64322153402,2819.60739956267,3068.91980589453,3349.28856485089,5296.21611092976,3025.85601156087,5382.76198636251,3379.81937624708,3548.36798277416,1740.04847886339,3341.29037658058,4199.65296690775,3447.48723349445,3246.22683353424,3231.33050180147,875.952712270095,3451.9194751402,3303.24817645919,653.991942122961,3083.27448556871,3218.58893836971,3444.92937446149,4138.59749242472,3573.92454709247,5447.39082300275,769.430134733293,5298.53792235976,807.11336655223,3261.60636864687,5611.98136652398,3105.54326615391,1647.00773280185,5309.01262885306,3029.80480446357,3017.58627278524,924.490985661404,3454.39181639206,313.127043198474,3411.05287341382,3198.11347919617,3025.62242342362,597.480817820657,3409.76335983838,5409.34983090618,3446.5097611725,1280.08684809438,3664.44484229997,2741.17060281495,5362.78352777408,5360.12608212048,716.027091848952,373.008641487852,3193.37201445554,1035.57778670591,3342.83322182602,5455.05961028831,3381.67537225583,3394.03496758938,426.598990117073,5471.91300383076,3070.26018917302,5284.85357527803,1855.81847645491,3031.14231779075,5514.77633059428,5234.08218238885,5451.1469293743,3327.61882337996,3656.5779805815,5297.38218064002,3019.00213489963,5316.86374325884,5538.07914428325,5055.68891482037,553.739094115751,5498.87439948915,3265.53460280713,2589.15271282678,3921.93316927074,3106.92587199516,718.784067643744,5483.94372959038,5321.06717603185,5286.87244575254,3219.0990918743,5423.07196497692,5494.48050996951,606.786860710477,3286.78442953393,3427.61027273849,3373.26697954285,5453.74339654989,3224.51653569332,3289.71987993215,3373.12184196486,3544.41548468769,3282.55779550945,3624.81392619394,3585.35437654361,720.468530071462,1783.87388186971,791.580531002037,2921.98059159924,3102.58253059904,3015.1659519816,3084.57479129796,3395.77761270955,533.770237423552,3430.53223340308,636.412061015124,1082.0601420249,3094.50517716426,946.157755680387,5409.18540736744,703.576495088056,3342.61357677343,3545.87355132303,5090.91138886314,5191.09388670883,2582.55445305915,3532.58944325502,5558.13953838509,1464.42692439856,5468.76676360829,5219.38724358615,3207.15588998559,3272.61388260852,3370.65859948443,3566.55153702146,3375.69650102361,493.943848760471,979.694424699026,5376.55891312133,2979.21287120403,3004.20353697654,3227.87642759307,3215.48231779732,3072.59035637853,2958.31432573733,1e+08,3084.9531973548,3334.56013326687,1960.31575863302,6842.00906511163,6596.1778347998,2104.25555430067,6356.19611936416,3693.98121548106,3451.2897884715,6651.26486466254,2927.59586053091,2949.00284211815,6706.31863629941,2550.41213942165,6549.19680808368,3364.48214080251,3414.96352345937,2746.7332626522,2912.31326073344,2037.81801452248,2887.23678391446,2764.10765543289,2055.54204910434,6831.35953567239,2878.39935586829,2930.8195484722,2079.46471643311,3428.51925659459,6575.58844501885,2856.12982320352,2376.19966387596,6706.75216363825,2376.33079371606,1968.31692902135,2603.93946569199,2861.49461914172,6352.84057007562,3127.70098925058,6569.69843119713,6465.53939067662,2849.64794725499,6604.72650322267,6559.88090949166,6603.15849065903,6759.11037156032,3264.81179912223,2052.77900115726,2712.36388107654,2882.75215818069,2185.93386975049,6495.18008612592,6401.89811379869,6434.482164864,6464.98828747819,2415.33210499505,3097.30129398757,2493.57088063926,2990.84906234849,2833.331408281,6389.71664362387,2279.7992576355,2870.59356868181,2838.22880365922,2700.09111139495,2819.64832512605,3316.12466685038,3430.46301927083,3702.96172776715,2939.65660290864,3392.94063840562,6504.72387925777,2364.25563391381,2819.36656716624,1197.95840313687,6472.96996789255,3466.26442528969,2615.9794743744,6497.64760695466,2291.28821425946,2177.41642081156,6597.43126797924,2512.12009542182,2864.73153384345,2228.12609145568,2776.5149929563,6731.01574927664,2771.76600322991,2702.40851047503,3863.65021919243,2847.69493046317,2868.50871991175,6693.81405004009,6468.53456414919,3251.0576281181,2249.22178482034,2904.01177225453,6691.82899611206,6773.31342677653,2794.5767605607,2252.88052410965,3851.07170583693,6275.26645138576,2346.10837591167,2832.85755819919,2115.9323251622,2864.45045553165,2072.6850240793,2968.32965594949,6514.08827427651,2862.81510858696,2883.10124553818,2843.07142316152,3076.88930711131,6414.83577958335,6483.11499283723,2939.79851383078,2607.07342833435,3418.0454974087,2119.91482040511,2201.59465697442,2402.63615553203,2786.51121727768,6409.50998130463,6350.79664457169,2517.31062830828,1832.6832664479,2250.66723072796,2882.69855971722,2451.93865205098,6830.0804694661,3832.85155863942,2484.85862344967,3474.51233535096,6642.95444212259,2852.61054387284,3069.27102612529,3246.55501896909,6441.64453267004,3311.14134556047,2917.27290854724,3361.86988485376,3156.82317441139,6357.91994404302,3165.68604573345,2844.25538269019,3926.24655844531,6546.97461405667,3137.83182590342,2881.65887508226,2260.55786646943,2707.84992239029,3895.00285835924,6684.00266071765,2900.4766672012,3229.0660225633,2257.67289585956,2824.06754943224,3317.82148931637
1178.59715959112,1144.83408797599,2213.96796588002,2196.03489483291,7728.52642786196,7890.07637965498,2509.21035728668,2484.64286823224,7779.1250841171,1183.66398293429,2304.07262732763,2606.53628865763,2744.57783760227,1144.89043024768,1180.45050646998,1398.55714540555,3006.0903079666,2525.68361497166,8002.21679425915,2486.83920021828,2268.13631025082,1145.67680354426,2551.29245578908,1175.00126403028,1145.06188865142,7642.81173718316,1144.77324799308,2288.6983944701,7753.88739505986,1146.42538279212,1151.46264017764,7895.99694783286,1191.20780589436,1304.80600792884,2709.83837983696,2396.0344804663,7664.9059602933,2667.14951189367,1317.854693584,1158.44507959954,1193.0601664576,7986.56172713397,1161.79832706155,1169.54415846272,2647.97288906075,1148.59564980291,1177.98845690556,2202.92897048462,1369.83430652128,7709.39661400227,2684.85445553096,7666.47254426362,7744.61918139643,1161.14139432299,7839.65685924798,1158.11502202522,1158.1205889839,1151.01564719172,1150.41774335029,7881.36511572998,7766.01535606395,7450.40859451697,7804.13473890648,2980.7558020714,7908.45222577774,7985.0888894967,7862.37170146798,2192.62225581745,1146.02603050942,1145.3153796446,1228.23457566296,1467.440567395,1177.16675040796,3768.00102650903,1156.19876777765,1298.44681077211,4089.91427504773,3187.2454777718,1151.68105522828,3814.86877874446,3543.51088705202,3610.14641568502,1325.59848232983,1577.5143008867,8345.60651524825,3479.24969160989,1537.90687487692,1211.7012313229,8750.24438339748,8145.89594287235,4203.83442471007,1284.71883186047,1612.50674939638,1254.30496618796,3713.23532529214,3578.04504969765,1154.98073921863,8447.53066064302,8316.91706162622,8216.37538421366,1559.762273525,8298.26150434072,1391.63146479172,8454.11666951586,3681.66527185511,1199.17356368441,8470.49043275664,1332.14862327151,1231.44302775546,1240.76684042731,1268.15823200413,1568.04129816742,8194.87920592784,1156.18846894155,8269.4438710493,1174.02302967764,3739.75307826697,8663.09065177979,1496.67339951464,8577.80260776366,8243.23460962675,1389.13283692388,1281.98465851512,8336.0577483526,8105.05762959576,1149.81135244495,8707.34034693911,1642.99051359647,1330.73526118264,8523.01541391266,1230.78938131667,3514.27488119096,3509.90509969217,3330.61657615029,1237.39842798315,7820.08025197991,247.935635716548,7801.53979114289,683.229618712953,948.950429363029,515.983815144012,7915.53390428179,2859.71103198796,725.913289823956,7793.83126459809,500.086544050541,2923.35424465992,7790.01319708021,283.332299196292,8108.60653233771,2899.86104237252,7696.6420775514,7992.76064601469,548.118636302641,705.19355394904,376.450539516908,1026.72394765296,7828.25286349662,329.052410539747,7881.43569567567,660.623743442192,960.043068258109,3123.83401718421,687.135361761372,1353.42432221331,723.875784528734,563.358998003265,520.969346716912,2708.9335772076,873.782803190704,994.758901814679,2715.04939101561,390.816899964364,531.808785374657,838.860021225972,1278.78951689307,831.773950547358,8031.949402389,2668.73720328354,7782.36628630161,2904.55676494934,565.653607489953,8200.23141070482,559.184430908845,2314.41843364884,7829.65918328785,218.158128480493,385.048276903751,2533.12643846044,707.237789372733,2911.25344563538,724.648110376405,305.137062432918,1026.26842678177,2847.63784621311,903.026997372347,7948.00897841552,1255.22775256295,2854.40703463552,973.071992693621,881.973528685882,7866.68307964941,7832.48910543608,2866.53987447872,2871.66110820431,513.224406894813,2644.74349665491,572.784725095212,7981.27221765062,672.314825652629,604.038381314143,2849.09385790121,8019.14460966753,194.765890870168,7762.10281431694,3360.51756427166,128.968454985494,8101.05852802207,7760.10983042348,7925.91879545492,614.04293639893,925.352571328746,7821.58725596235,830.640416017691,7822.93711691634,8100.99124577165,7495.72016983543,2965.74541142016,8055.70238188244,779.651395421588,3038.47318832888,1120.29348256621,704.606037913699,2745.50797650168,8051.16996744155,7865.79431531103,7746.90022550991,495.862068206624,7943.15259573368,8069.95035934515,2838.83952178,967.156723675602,680.627221591164,664.445815015791,8041.47412162876,356.8076721156,639.996892845297,645.952504274447,808.54362485889,503.998681594305,872.963956181938,797.381990573116,2628.1041164437,2838.74473637286,2749.80521649513,626.226984064436,119.318492559873,405.895665440742,127.653326056448,661.265210347839,2862.29899829756,730.743978924517,2692.20754993239,2527.55816392149,635.503000403093,2539.61342302433,7972.97752560489,2826.4342736075,949.222517582052,778.971484889754,7522.1045332624,7645.55204872946,3450.37875324501,799.331571021214,8145.6525443186,2383.59428980284,8023.2223170017,7732.12047229633,521.920700809978,635.661794735413,673.013617144599,972.325957972945,626.526699692932,2940.85445428802,2641.07304995247,7710.41104062296,278.048333953592,139.908835659083,639.089833528327,532.603743247706,112.473658861503,359.434489333465,3084.9531973548,1e+08,628.057044501812,4003.06356674551,8691.59249639414,8512.04704121853,3869.16412287537,8358.82164398748,1208.80102463339,874.000377860634,8667.84217583832,662.834571712352,685.502967227321,8641.0658620859,3927.50944515361,8598.93124782456,767.407418631495,820.809650809398,909.276709082158,505.706864950357,4238.73764958011,689.66663549968,1421.59328388946,4165.46364462996,8707.6662185812,700.872033164272,3872.68363495223,4193.839354872,768.891570404452,8533.37678329173,776.191311404717,3911.98606761009,8619.85716486416,3877.96068103731,3950.30847675569,3831.68816302626,822.221668063576,8433.75156505759,552.397258157701,8481.4937206874,8522.08989449697,1009.01706817683,8569.9707091117,8693.13832252768,8630.39030970089,8696.66855707724,730.446404991322,3913.1096248534,3866.95938612783,1001.84160375235,3901.30020157944,8566.12478557686,8440.44892029397,8498.91696891778,8555.80319636379,3940.35103058942,906.803684269059,3794.4607513026,410.613976164289,709.836497972934,8413.20289087524,4282.1091856227,777.508463231172,939.447590407278,3742.60060428413,1338.14165644923,733.78625179284,955.108922313519,1358.73007078147,978.78710407477,778.358572080356,8376.78908489241,4019.28870902242,940.957434242165,3421.89090722215,8488.49664990345,1165.34945423183,3961.29746762773,8526.18483482599,3560.12421094421,3974.4425568781,8570.13877104084,3936.88357258607,815.303559492154,4451.50436581044,625.881419478078,8860.34496681138,757.23142193772,3747.83337363384,1382.04561451312,786.918678539754,631.967941446336,8598.42340251936,8564.66274834051,725.570724433725,3913.99798472711,658.633474817917,8831.09453467514,9018.14904588773,1157.04278620989,4074.28776560415,1372.41068924186,8388.24227046722,4083.06151455435,925.281484748679,4052.02181890218,1410.86301523091,4077.68853002402,368.430861966597,8542.53678977787,812.540628996639,770.777148049226,3890.67337478443,905.98118891329,8538.68014085062,8456.47533292826,566.136364372325,3865.53498125819,833.310094254963,3958.7308890759,4230.77996610546,4039.02463515364,1205.38876326421,8501.49087664946,8375.62169117463,3836.42019148769,3970.44859717794,3990.55353000216,633.458836877887,4090.29254130371,8676.67857517478,1467.34065316741,3839.05505490972,909.07433092473,8727.8609159832,685.44742634324,864.865586762988,686.15359296664,8571.41260569985,786.27592891095,813.073460240135,977.019027055737,682.496075090297,8338.53981208907,670.226003986513,766.570020302146,1415.18320258997,8605.75731085623,821.87404991444,549.802556861795,4017.10123778861,3798.99324535416,1485.30764699881,8556.34317773208,1361.93087070295,970.564188763202,4384.21782620955,813.357818388871,719.638297895678
1135.90480108452,1076.7314137164,2262.39530780688,2243.93552572457,7814.75400941348,7976.55841861637,2564.94467700861,2539.85270671826,7865.43358830736,1090.24951888694,2354.98597461827,2664.22758049488,2804.75268620199,1074.23030858737,1087.91917717507,1282.70692590493,3070.21831355571,2581.76245276711,8088.86897036621,2542.09645818693,2318.0889025309,1072.41886933755,2607.89582994514,1084.09896018561,1078.23464183007,7728.89959739642,1075.61270212874,2339.2054892581,7840.15567876899,1071.7576436036,1093.84086721626,7982.48809942141,1095.90326863523,1292.78335227537,2769.41752404838,2449.2390201379,7751.03015812046,2725.9704061859,1307.9528954585,1074.10926697024,1155.62048742421,8073.19046028681,1075.84509221924,1080.47923394701,2706.44332159965,1071.15400809171,1086.17098356109,2251.03341825828,1367.43476529994,7795.59330285356,2743.9934363846,7752.59931002279,7830.87262373379,1110.23363450868,7926.06069457462,1073.95054608794,1073.95320277755,1092.99271280946,1071.26712399766,7967.83371997744,7852.30300286365,7536.17017015313,7890.48282376327,3044.53736377811,7994.96249993812,8071.71541203496,7948.8109025048,2240.42137183237,1072.05576534873,1079.36668767508,1200.80775806672,1476.21728555686,1133.89702140517,3840.0347357476,1102.21782289841,1285.34916090611,4164.27789762447,3253.66010881236,1094.25058101189,3887.26993039291,3613.62728273085,3680.86087871671,1316.90518914055,1595.95881088579,8432.74918687303,3548.76393762062,1553.14953983524,1179.93088268184,8837.91222160683,8232.75875399418,4278.92525420099,1269.19855547879,1633.5648876049,1232.82966952552,3784.8260569079,3648.47463571426,1100.14742043086,8534.81069694719,8404.02041662395,8303.33862803851,1576.80575178383,8385.33913687337,1392.0098712277,8541.40545979952,3752.99369989832,1163.70424334373,8557.80092348018,1324.45043653601,1204.80165907934,1216.31801285717,1249.50677903724,1585.74480400142,8281.81201444438,1073.07701913238,8356.4815247564,1083.43331020285,3811.56017606342,8750.64981131118,1508.26542715376,8665.25312569888,8330.23564258754,1389.20225351163,1265.96400872154,8423.18736637493,8191.86138756455,1071.19096437023,8794.95497565034,1666.17993946967,1322.82438918573,8610.39491420703,1203.98934984045,3584.12051478931,3579.70981089738,3398.6331295727,1212.17223397191,7989.75515609609,608.154701408267,7903.84085669598,230.585960737192,815.139359125271,388.60067506238,8072.51822112484,3197.4616083989,806.190881127428,7956.21561173809,538.437688412606,3009.56671153777,7947.01864472742,677.650691499613,8259.83524649666,3149.16579118788,7864.2962749495,8105.83975997851,847.942129784823,1102.36482836976,584.887858688837,741.693381748485,7924.36589815496,696.968892304794,8008.36704126841,914.230677846918,500.900838206535,3113.262915968,182.103073055961,1393.72141356839,925.009028198018,766.135828084232,480.403006040795,2990.28205530925,1243.19084271948,751.41537949662,2945.31126128352,617.584422696407,659.64296031804,427.744595363325,1000.64749089691,401.635938692533,8190.59906336142,2824.97470999176,7924.80322986083,3019.82073257182,812.533353126413,8359.74850962523,592.709678667325,2680.57925654551,8016.36778493393,610.497190428908,712.733436450994,2677.375227774,575.975774414724,3154.99676820948,972.382053082376,465.276445522809,1025.96381704373,3133.88842695598,640.088564847783,8111.20510562956,973.946607664863,2893.92552334057,1335.10271640091,1166.48349312611,8044.81459940185,7989.73855419739,3005.81147457623,3135.438189853,543.527235222279,2929.01097011492,604.94725286408,8079.82607476256,869.291112973327,547.40853898314,3064.87982757052,8137.871177898,645.14080195699,7921.3655531685,3341.45655732128,705.505572369986,8257.23535856491,7938.2075471444,8007.01186773525,752.059561757901,979.750618391018,7989.59558914106,890.75745544331,7969.91368817398,8218.73982469275,7609.10386697662,3132.43513977595,8233.24963010239,1168.37568473043,2931.19256061847,1079.0830994061,1124.65988348754,3034.28529740665,8176.18662684114,8035.94357388296,7950.13347937866,474.54377614898,8108.2057134754,8252.47810933358,3112.08219358054,717.320048161235,285.785343407321,869.784622317031,8202.86058621151,332.61002027917,140.242959799552,444.459433990621,362.415857124579,516.877411091156,878.042080641305,641.135466798114,2892.41721177049,2786.39545443861,2882.39034045432,890.709889485421,573.476573486421,696.746545677088,677.40268578963,393.747603585717,3038.60461919532,265.360914233882,2963.79251305784,2833.57695633933,643.467940686802,2829.24495303586,8158.54410358327,3100.20630106914,696.072987784866,625.426294047014,7684.40416023903,7833.29967954377,3361.55332557769,754.320454839685,8306.73550772235,2725.03933406434,8138.0226822903,7883.50899758743,732.212022363395,598.386822458516,834.513196514537,1365.79686099545,531.10176248184,3129.16814718,2915.80240144064,7778.5205179572,758.112892860719,707.651250699029,871.851655744879,786.477495666199,619.794602225415,771.774985345469,3334.56013326687,628.057044501812,1e+08,4278.2439419523,8857.72604812839,8707.68347146954,4168.84899865002,8580.16899271493,998.147819803382,1179.7033030455,8879.53519318126,493.618668769062,490.174953686359,8848.8502542542,4224.8124857318,8818.39631002704,930.183124593119,1127.84973812811,1208.8549904908,894.941771572453,4504.43083033413,1003.37829261855,1576.53073482774,4432.4753279186,8897.14477069722,992.345929567137,4190.76452411068,4458.32348217246,942.96176036064,8733.09377820806,1029.00887064181,4189.980908026,8808.54023192712,4165.9995172246,4229.1698105466,4132.25572544574,1136.40843356348,8652.56396061134,943.199723166687,8673.7897632933,8747.43381523307,1223.60253446372,8776.48702299689,8903.33909065696,8837.83088465569,8881.40580765696,1015.30646280269,4188.24410212724,4172.95529737654,1220.2672265042,4187.43211832055,8791.85002870453,8652.24148975521,8717.73968856146,8772.51507490126,4218.35186903383,583.308594108394,4106.90799290787,831.322692790185,670.906321537183,8621.24462031219,4531.33463094109,684.86554311524,1169.14504130052,4059.47997511097,1479.43576576618,891.173788811774,655.618552178577,1136.69975182335,1281.46171726909,1047.51620064827,8571.81021054267,4301.30265032481,1140.96358758318,3701.52372902894,8702.76263484216,906.109986816428,4254.88663912847,8738.72893117793,3888.0355109565,4264.55148193914,8780.06457596413,4234.01014615611,1089.8913466167,4688.64630390147,648.708753674876,9086.2994539656,765.622432866201,4059.63452289012,1176.24573510839,700.661547976901,959.243108575982,8791.64102049869,8781.60271328251,1028.7732397247,4208.42319329922,829.874501468153,9047.28602112196,9228.85625492461,1371.81049769018,4352.26367081048,1142.02239558581,8606.58515522673,4355.14142896586,1189.7347891457,4333.6915036067,1492.20982204841,4323.30354826585,759.095067282737,8752.41981369062,1083.05675632596,563.910427284735,4197.61500641655,665.196467728224,8762.16583413004,8668.23961456482,956.638507780448,4171.10460700299,1125.66547424752,4247.38288771313,4475.2795903318,4323.44970525976,1396.28479785731,8724.7940367233,8597.60101039358,4132.32190653657,4253.7140297489,4274.6572695981,949.114587471435,4366.21243737071,8835.26587300855,1269.95792271492,4138.96133102222,1267.97773662246,8941.50968162141,853.72646840851,574.309371338449,937.002120245767,8787.65923862044,960.683491014946,1023.8681460004,670.565281444029,998.071439417176,8556.92437709295,896.044826081718,1033.41165150952,1190.71247959318,8821.63392628786,517.462810039795,889.128909511517,4290.64747245477,4106.59080108168,1268.95727326704,8732.88670772807,1459.24263861766,663.339461424234,4626.27370540249,1131.21047007846,858.64946084175
4202.7894915116,4417.02025642002,3098.41507552852,3109.90598962259,4818.65106186383,4956.99288535318,2927.93780179987,2940.80172734707,4861.82088453889,4673.58863951909,3042.68052314903,2879.31181068958,2816.75479930038,4439.84900092174,4662.87015675279,5098.98234058764,2719.14551255499,2919.44525407949,5053.86332258426,2939.64201588387,3064.51193820621,4463.49199335047,2906.45509920703,4643.60577661536,4405.78052585854,4745.8688478832,4426.41379343633,3051.95638349891,4840.26988454487,4476.54075164402,4326.82381345995,4962.09056054323,4697.24679709176,3936.74681830476,2831.78700361144,2989.17683714483,4764.58679796542,2850.91474465934,3916.67874321383,4571.45489749846,4159.17627278629,5040.3005114194,4588.51561856644,4622.59397125785,2859.74203555021,4502.72591703345,4654.35027935233,3105.47266230091,3842.82596627611,4802.36910568881,2842.89402345363,4765.91512811346,4832.364864948,4270.77514307452,4913.6587546112,4569.67127768358,4569.70153716523,4330.20292792705,4519.23595442704,4949.49584777014,4850.62160033433,4584.18825598215,4883.21333509637,2727.38784268847,4972.82087265671,5039.02516254586,4933.16420623832,3112.10787131517,4470.0647037495,4398.08909768286,4074.57442237874,3722.32123514814,4207.568098058,2597.28160881703,4296.3295740815,3946.79859695156,2619.68619559822,2667.93501160575,4325.21393952278,2597.84870996208,2607.52913603706,2602.24113294612,3905.09539168102,3604.37259733326,5354.33710294127,2614.42820484836,3645.11881520574,4111.59547508937,5714.83270047639,5178.91205076371,2637.77541030683,3969.17485559492,3569.70848697399,4022.73213459486,2597.79940282583,2604.55145282206,4303.44376619552,5444.53562946338,5329.02729876975,5240.61492301331,3622.42519441567,5312.5885160577,3814.17694874635,5450.37871477051,2598.67784991595,4142.71615945208,5464.91306022312,3895.47251581032,4067.81333984169,4048.81666853905,3997.57319390059,3613.96499869197,5221.77115555405,4558.80328638182,5287.22519688986,4639.97979170948,2597.38950204644,5636.66163319806,3689.48374613846,5560.43234050284,5264.18963191127,3817.40229315787,3973.7510691033,5345.90925831544,5143.26635358734,4514.08032652379,5676.31673303869,3540.42709356721,3897.5358174139,5511.60963593521,4069.18089946896,2610.44887590783,2610.91669232535,2637.14217528449,4055.57355243295,4484.23674601222,4158.48888890337,4566.99839074301,4343.72508654932,4601.27285591654,4170.41523380045,4564.84307022745,1947.08186037334,4441.10189666811,4437.02660221972,4159.56555658819,2373.80675739982,4470.68121630742,3944.39783319038,4703.90134294902,2008.55826426044,4312.8289925159,4661.31494848285,3833.10387166361,3461.30851220192,4017.16389939211,4323.47450601268,4535.56314993792,3957.58906596621,4566.00171694949,4260.70037537015,4577.22987556338,2782.57197027801,4309.89077364765,5122.13423951369,4327.8765851062,4179.10269053101,4188.7881347782,2115.47391543592,4280.35101026474,4282.71577994567,2223.33928852113,4025.70944163466,4180.1112778788,4365.74903179162,5064.64674161272,4527.94787062342,4635.27542269193,2312.43672798544,4441.13821093764,2232.55939572198,4180.74277577282,4795.51350136984,4054.4384796955,2466.3733040715,4403.71043061719,3971.71867986151,3929.88934645657,2316.17770185531,4401.21929407563,1974.61351214754,4257.98004211339,4148.60972927435,3964.02647525577,1966.31546659159,4324.50591398588,4574.60004371019,4390.10887225072,2413.33804565054,4439.8396427992,3444.32742398657,4516.88080396628,4505.86364621637,2250.60347446368,2029.13899949384,4134.34328105575,2188.51115022435,4292.23626669392,4675.08160643187,4274.65462471772,4327.75577887515,2116.95963296312,4671.28701461809,3963.11754819071,4426.84199381852,2722.46566486093,3948.22774819872,4727.73325580647,4400.02932583514,4684.53476175315,4230.22412819695,4571.61030437144,4426.10511488665,3973.04372474567,4465.44705925894,4765.50494767311,4286.77569775612,2189.11878249323,4651.89479962988,3922.89044660948,3317.17746593067,4908.92238934438,3754.84651755807,2005.22857781527,4679.22779065452,4489.87457901913,4353.81563499618,4190.08334132616,4569.69372995954,4638.67486726745,2087.99033144122,4257.44462421616,4370.86013992691,4273.93726259854,4641.43952063153,4154.80599189769,4269.10623204869,4374.83355203539,4530.67943011489,4229.16668877312,4548.18757833532,4533.2529828318,2167.68904019124,2820.17433271415,2312.87410067339,3840.23695809733,4047.80990210653,3960.79799010022,3989.84821370226,4350.39458401116,2205.35676779211,4408.78432620834,2038.78340884835,2210.09257962165,4061.16202588568,2117.24858927516,4546.11696792893,2021.82572457409,4329.01670483274,4486.74730951261,4225.13969718199,4294.3496798497,3252.88638320603,4482.27105111778,4759.09623783972,2420.04503422212,4689.75548004204,4385.68251606479,4163.43648147541,4208.73168664643,4272.41902055495,4320.98020122179,4351.12306858224,2056.00347889009,2204.38913451659,4705.39665984136,3851.26318400101,3935.94860085648,4184.28630247507,4127.66368753899,4017.56621405148,3845.67173360867,1960.31575863302,4003.06356674551,4278.2439419523,1e+08,5372.51258029582,5123.11926670596,741.993769206298,4966.89518403963,4451.4775333901,4279.6794580594,5221.19229340267,3844.27047050373,3877.50253432738,5228.61030979132,1261.89313147416,5153.34529976395,4266.02469208491,4247.83643539633,3308.66097285173,3672.35919594072,405.419593995318,3613.25270783173,3301.34664434531,204.453561674333,5336.58661107009,3649.76881500693,1784.80117803474,256.921806675658,4296.4702502841,5142.53009683219,3653.13608675547,1064.32852040841,5237.8414566326,1018.48007104988,156.994583595762,1396.82663155448,3410.08759873075,5025.9893241382,3878.63090358516,5100.52957173704,5081.20689051404,3494.80066898058,5148.93088718855,5292.34832164669,5221.61281598041,5306.51227725002,4135.89518898322,471.323244311124,1518.08809874776,3513.31187982213,773.679453277956,5109.42363091457,5025.78380556837,5091.32455982969,5121.69294110251,1083.97304243835,3953.84657794632,1330.56798723009,3789.71780267731,3721.00528700532,5039.50368609648,616.098456292698,3731.58696306069,3517.17717437052,1546.44986386144,3431.78449863111,4242.1411492606,4247.15802501447,4473.07224689965,3401.68870513671,4268.91624399349,5012.64375259306,934.598878464978,3599.66120688097,1005.06991485751,5082.50448679199,4269.11972573323,1331.8296109643,5118.58438933436,1231.35924643502,673.389373082194,5148.11566738297,1197.75350029313,3517.12325247632,1141.88411131726,3743.03624416888,5324.54831749838,3659.24452370707,1581.47120889104,4612.07846647285,3736.714826961,3619.37336713128,5216.84736575585,5120.98027707086,4139.02076157269,856.784004037329,3761.36146908842,5379.22958112686,5541.72668887399,3291.42219718757,639.372496478086,4628.89435966222,5006.4240189414,885.437674037104,3385.73599842254,470.352847951793,3623.47206743946,568.356878186744,3832.065412745,5140.15288478924,3551.65623928069,3820.34014803583,1655.33803673344,3880.93910258423,5109.98863087128,5041.89685797154,3664.70340155619,1360.29672193514,4216.27852088525,573.980366736782,634.269525830672,976.901947141288,3377.45593746343,5070.53583312522,4985.85611011526,1289.54838872945,236.183210761534,701.124806774269,3640.94823123441,975.264577713029,5346.92296131257,4578.67197834993,1240.27173148955,4287.85457827008,5321.40002382824,3702.88209676645,3923.19442556683,4131.49553344159,5152.27735011253,4192.15864116182,3733.51057065916,4186.36507285778,4073.11925197401,4953.46427679928,4122.14446278285,3584.21323244867,4707.59525563524,5172.94129193303,3971.5104541713,3693.3875522374,734.214752625728,1528.23219644703,4655.42539274136,5193.62149317786,3591.21011667538,4061.9302202606,786.142130594801,3396.84025493654,4228.62109210588
8319.39310908447,8580.17785718611,6764.03360628686,6784.06718439664,2135.27066683245,2086.74069350153,6442.32347316036,6468.58762672385,2118.83426047482,8884.46994270192,6664.31940310369,6339.03057495385,6194.39463282107,8607.57829557264,8871.90693057478,9374.55935573899,5925.46746504561,6424.75698206692,2060.01491903923,6466.236330356,6703.90674713861,8635.88420306441,6397.51751607208,8849.2970478162,8566.66170582857,2165.59498461051,8591.46090693429,6681.22729327022,2126.89420457562,8651.47579776271,8471.2188963911,2085.1840341886,8912.15742638662,7984.34027985404,6230.6021270868,6564.01293080074,2157.485332338,6275.26754040848,7958.45095285448,8764.25842801041,8265.4045432948,2063.39250220114,8784.41879883853,8824.59112270117,6295.3961363336,8682.69932664511,8861.91230393161,6776.35780026758,7862.30487033145,2141.7709340263,6256.71925988102,2156.91797151123,2129.92335164934,8402.91289381943,2100.64233471712,8762.14884089973,8762.18463352317,8475.32187107725,8702.34275994992,2089.06019400091,2122.98647104737,2244.42520746098,2111.12158595723,5951.2609675566,2081.96167103077,2063.71622983152,2094.23709891525,6787.8870598929,8643.74044783076,8557.40264800354,8159.68830554981,7702.16169019263,8325.28855540285,5170.746139631,8434.11526446863,7997.27163637044,4862.55229113902,5742.47772684893,8469.26356912015,5125.50262346511,5389.2535165714,5324.07961238236,7943.4628816184,7540.81475863682,2015.95465353768,5452.36244904618,7597.12417721566,8206.11527505798,2039.84463278768,2034.5097977618,4754.92502523666,8025.973416222,7492.39345930037,8094.21379755714,5223.77655042881,5355.44325107296,8442.78393182202,2014.21523819426,2017.39078106433,2025.68870088409,7565.84120844136,2018.54716060488,7824.61726998077,2014.28354491961,5254.42643935293,8244.94106503766,2014.54839894925,7930.98618804699,8151.18039923055,8127.22638307195,8062.23584470257,7554.12862173519,2028.11828728868,8749.28675504917,2020.67737179639,8845.03696092449,5198.07706884849,2027.79064749498,7657.73688059484,2019.63232352905,2022.97641468313,7828.87162610855,8031.82911430786,2016.38655338517,2040.74089032916,8696.21221341924,2033.44491758318,7451.0972094296,7933.66334926066,2016.31194070525,8152.90202420974,5417.93368036935,5422.22490174046,5599.32833531292,8135.75493007081,3071.93149924428,8850.77698349889,3241.52920895965,8938.67701421149,9203.23864744427,8830.69751305434,3124.85373997576,6804.14932586058,9060.85213622989,3257.38239656133,8816.14598512547,6982.55145312348,3149.70106709157,8592.97227335548,3361.69992126705,6858.61895647305,3252.14761600735,3352.04944602549,8445.65284480109,8181.81163632721,8636.18264551359,8714.61716264304,3383.52758220769,8618.02104708991,3263.4994681967,8876.68323318436,9162.91459852013,7092.54522499125,8937.78504297896,9766.53908545415,8915.33950835061,8797.81828734784,8828.48279418776,6945.30386825788,8897.01818233706,8693.15403634734,7125.66244245283,8634.32863025408,8849.18560066273,8856.71443799262,9643.55380009138,9143.35893134701,3355.11769524762,7149.28129352872,3167.28491916595,6933.97325436338,8812.76314059646,3257.31760782795,8618.02647278133,7281.88787799321,3068.63087951572,8629.47049694126,8556.73484782634,7144.97701381999,9034.34555981238,6837.75161136007,8832.34439934105,8790.38966734179,8285.96933011267,6874.56638447161,8734.42444467919,3209.9029595528,8637.96407614364,6992.43584060064,8981.41143991669,8021.00766440723,3144.10218716385,3178.70831134806,7033.02560728164,6948.52665458816,8700.7839448696,6995.7938168172,8928.89922910759,3461.70611036533,8857.99018461394,8952.31756357544,6967.6094672203,3321.42178079138,8605.95952981956,3169.49531050149,6847.76509769477,8665.40197083603,3360.60867624576,3253.27708155977,3379.24984128589,8846.84409772191,9197.72676983641,3119.39076539829,8415.71173306548,3196.21140875984,3417.10595460382,3287.06336991725,6931.12055391696,3210.33708527856,8583.02237194817,7175.5283027153,9618.4870365676,8443.02936159543,6895.45699468816,3341.87906473038,3262.06772050386,2984.97041151582,8834.70953226362,3180.57750177937,3215.93163993517,7025.42414097995,8682.56550524034,8973.91357552691,8868.84507314943,3272.17800227386,8773.59668397497,8898.35494108795,9064.31965864527,9146.65587209398,8872.83344328643,9187.29901825195,9176.29971762088,7088.04108334037,7255.66874093003,7093.15003497815,8419.78477692177,8735.79514226874,8589.69055731332,8686.91420778827,8996.90362851767,7034.34041978405,9057.39361613899,6949.8512574066,7071.04241774974,8623.31245170811,7011.2793989451,3189.77922055254,6892.65005660503,8761.04216607793,9138.21451984551,3040.33242833853,2979.92437243914,6907.30688621429,9148.34740193078,3321.03509283145,7258.80424270481,3371.68425118608,3206.99559715345,8827.74835307388,8819.24160737434,8859.13180401625,8867.07729124426,9021.2104833218,6816.25882372097,6993.33121782513,3454.37657766263,8528.09134310965,8665.55167001138,8849.48993084181,8751.09793011728,8723.56755625626,8526.94101063147,6842.00906511163,8691.59249639414,8857.72604812839,5372.51258029582,1e+08,557.961330531842,5535.82414412516,1267.17113153176,8694.24605456162,8843.25784989366,998.26580287969,8442.98067133247,8428.95781928496,753.59967754934,5428.90780289846,1289.27242597036,8870.64790240753,8787.91294444712,7912.84234381921,8302.18071110035,5206.11089030034,8197.07665499773,7572.23847555248,5248.91378011499,381.28187873476,8195.75036770782,5570.38281976975,5157.24157501569,8831.34719295235,741.008207500126,8163.75675222831,5394.47584390972,464.115557421679,5372.45400172901,5390.64947254799,5514.53511341355,8013.24376634131,1464.55986503204,8501.85144679352,545.543974316942,1378.96173660253,7935.95487770971,791.172345856139,1562.99918192476,1092.89729479806,451.40371032767,8725.53016584978,5353.47292544187,5513.64972750583,7947.26755592489,5439.23603509375,1421.66255536213,1209.1599468329,1390.56847024192,1401.45963963042,5351.77001804734,8401.97548940989,5595.02358674089,8415.15398645166,8270.42241947333,1217.11398020761,5061.46631337,8263.68336002221,8004.24589074095,5575.38189676092,7699.06418063689,8858.37689323411,8655.68917493895,8628.71796914207,7990.71867692021,8851.99897539366,595.398092159374,5321.26658634071,8025.66877697921,5973.76919895334,1165.12900303952,8560.06474055502,5368.63492603506,1176.92164902017,5749.42587483054,5412.64150629196,858.119904491455,5391.20825491288,8066.97154149566,5105.56577336696,8356.79082251977,1593.92673875732,8218.75980859178,5619.75420973563,8758.30767837708,8267.2295395192,8202.01386171628,489.859264636871,1417.21560544171,8760.55974955864,5466.22569171839,8316.83340455979,1566.84048359787,2019.17332338225,7738.94203543565,5262.67123054136,8802.26617378344,1638.70074491491,5209.74305910377,7939.99982431807,5339.2076022155,7771.86597456796,5115.11106382156,8446.10591707188,1144.96282724714,8088.2641762372,8373.47937040733,5486.70406299354,8301.3922759496,1662.27245434264,949.682194140933,8313.45147138367,5470.38393176148,8741.14186447386,5445.5818261002,5078.11679777131,5341.88252556957,7758.22499928815,1498.5992940846,1334.61155545491,5469.53164356773,5484.16489173794,5379.71528078331,8216.08918264205,5232.4144045644,266.125722544508,8661.01356163253,5529.85535555612,8836.10890605485,1397.9326006539,8262.34122110886,8387.42769597449,8722.42510171978,1597.09589590915,8776.83519088064,8191.1484491148,8587.23775439495,8728.12150106654,1172.18373948578,8800.01448298556,8114.23851936085,8878.96953615529,1294.2257105482,8440.77964028131,8289.87667930252,5236.63844939527,5515.29211182317,8754.46115625756,286.943131501238,7778.25772170688,8450.70850588902,4997.50523612413,8012.01099581485,8855.87479073003
8183.97244711005,8443.56406621874,6638.00708977188,6657.88716246445,2194.01073911899,2159.6298136106,6318.91814243848,6344.95665462373,2181.98451373614,8746.56527759223,6539.07323157285,6216.53433670922,6073.23248563307,8470.84396595048,8734.05355346105,9234.77596233817,5806.99515712529,6301.50379686857,2142.77549243333,6342.62546980042,6578.34747880324,8499.02627439561,6274.50222684029,8711.53639514685,8430.10770110904,2216.93467621581,8454.79737306859,6555.84685873929,2187.84149103692,8514.55018452336,8335.09332086202,2158.59436448582,8774.14031279165,7850.58537496589,6109.09904811821,6439.5801946676,2210.72275037673,6153.35037148691,7824.83153515972,8626.8514394379,8130.24175627407,2144.77652033247,8646.92725571173,8686.93241333484,6173.29465272992,8545.63900835843,8724.09984850211,6650.23672361707,7729.19769097042,2198.85094486363,6134.97319170163,2210.29022505128,2190.06320456934,8267.1008237731,2169.0974042962,8624.75072594159,8624.78636796865,8339.17764928236,8565.19826433877,2161.18258004691,2184.99163871703,2279.61281239182,2176.46041856392,5832.51795289235,2156.46869623653,2144.97068999979,2164.68855802714,6661.67789022096,8506.84837940037,8420.88972443941,8025.04190411098,7569.94078953405,8189.83996767192,5061.6782288788,8298.15925837424,7863.44943829117,4758.3779949267,5626.01069478526,8333.14688703788,5017.10757071028,5277.13056290817,5212.83566440846,7809.92236964706,7409.53128117311,2128.17875082304,5339.41281664253,7465.50826684707,8071.24020097869,2182.67689667666,2129.81807082524,4652.64751491513,7892.00275523421,7361.40051563683,7959.89504844433,5113.93824828564,5243.7730230039,8306.78815483686,2134.69367359904,2127.2388755349,2127.05746007492,7434.40926989721,2126.83912319886,7691.7148717299,2135.2844092364,5144.15160060092,8109.87704096708,2136.84192601436,7797.51162442961,8016.57622955041,7992.74166649047,7928.07936263485,7422.76602128823,2127.64740990229,8611.94284847409,2126.54937906966,8707.29383995157,5088.60969115888,2164.56115800075,7525.76949612515,2150.16597516323,2126.63155633444,7695.94599646003,7897.82831509987,2127.82221008813,2132.50390912058,8559.09394195354,2173.33374019131,7320.35553735091,7800.17461462854,2142.69050295105,8018.28930045699,5305.43211555752,5309.66710950703,5484.54140433687,8001.2275903236,2851.02300747036,8671.65091639031,3129.92805617479,8788.27376876285,9039.06560624847,8665.42976733568,2926.45139396695,6541.79846951799,8885.33385469761,3039.91610461275,8644.84508328596,6793.01029190457,2941.60772487623,8416.41052695607,3166.48060822577,6615.68958940664,3016.1015119997,3227.65680582195,8269.97420424851,7998.14297962106,8465.59834295053,8575.79210769243,3290.75372893009,8441.19607410052,3107.35229312695,8694.81383488892,9016.68420555463,6939.10471007697,8788.25051972772,9585.85439885605,8734.84300987743,8619.59327536747,8660.4814828079,6699.78374092087,8699.68046087303,8550.46176275305,6892.3014175055,8463.05367976015,8672.63164817742,8718.89278456087,9496.4929048863,8999.55103262425,3144.68049076813,6937.87356401774,2984.84959929074,6731.87118952097,8631.79861043061,3058.59817837011,8454.68439381079,7031.19320160582,2804.04218975494,8452.53610932327,8382.16731692774,6940.17619332525,8868.81995334238,6601.11194512655,8650.56479443642,8620.77167267301,8130.91988076552,6626.40516085082,8593.25879118479,2993.31082717492,8506.85991287924,6821.75724475618,8785.09388879868,7846.73545179466,2896.44459299351,2970.65215371173,6822.90130442824,6703.24675824267,8537.53743158874,6752.23022863541,8757.37598906736,3341.41057108848,8679.21131311844,8784.97131248517,6735.8180376323,3187.95119011662,8429.70240406496,2951.49226852832,6704.63876702776,8482.15204508349,3159.5674734212,3002.16538733401,3296.10296305599,8671.81780658076,9020.57010690385,2894.46663934006,8254.58135382364,3001.74526920374,3284.09442395447,3151.42160960584,6712.34503529123,2967.74568845299,8394.82827681569,7088.83104826264,9443.35212046768,8254.7803034836,6649.03198414008,3194.32839952836,3027.56870852104,2689.8414448394,8665.3971845006,2960.56883603269,2966.13665279785,6776.71775075555,8539.56782348819,8821.1576184688,8689.31077708288,3061.00392660301,8609.43475824278,8745.89365058122,8899.04117140793,8998.73814459483,8702.90210587858,9013.38195725963,9012.32637019763,6848.65811393068,7115.26777570225,6884.84422283927,8245.90878499129,8558.24237928542,8415.42242201789,8505.26480492336,8837.38847315329,6812.56434737291,8906.51324159511,6709.15019549295,6826.15520896071,8460.60250220661,6772.56593295846,2930.1202032434,6647.65442152831,8616.50217033938,8973.86317533601,2818.58476783442,2717.69830685227,6824.05794314494,8977.40364794163,3115.75949818084,7010.69892539626,3244.23505567094,3006.79316748851,8647.67768182777,8651.17080954255,8681.55773644826,8667.02797799073,8852.60175158477,6594.31807279647,6752.27767959725,3452.12636379469,8347.88557386325,8481.75633637492,8664.77585779921,8571.09917874013,8543.43248503334,8348.13455878253,6596.1778347998,8512.04704121853,8707.68347146954,5123.11926670596,557.961330531842,1e+08,5274.84388178352,790.923665003895,8569.42963906315,8653.05909015246,557.951733729217,8286.59521710815,8274.33433994536,321.920171744827,5189.74794551091,831.492405023954,8689.88262348121,8598.56493359545,7736.38827403437,8122.38826425806,4950.21021918451,8021.55825707491,7412.85349093617,5001.34470914545,348.250050532084,8021.57936727368,5333.0843231271,4906.92351021727,8651.82473877803,287.982333936086,7992.56291115762,5164.55614063676,194.924086568126,5135.43634019657,5141.46255830685,5279.81423782586,7838.10299012723,1038.84598656635,8318.55857826232,125.311555789636,911.819740915745,7770.36709875623,304.352295780512,1215.01011706405,678.537217699568,289.521942878188,8539.21713480757,5114.60984385167,5276.77953658142,7780.9403745493,5196.51967205417,959.278363018917,773.964458872043,957.001324701193,980.479687744775,5121.32279918777,8267.8023205298,5347.4089544001,8235.03872162733,8111.03218955656,815.854869858091,4835.51827170493,8107.69383797257,7835.1168828492,5337.15155405043,7539.87843593321,8677.65233281153,8525.4239153009,8510.40610811599,7818.45728355647,8664.37953747593,224.701939573548,5082.79462196214,7859.52697911208,5717.09496531968,704.859183336249,8437.54816983621,5133.28155870171,731.820095279709,5494.78022682064,5161.73817320093,349.031522298486,5149.32670506987,7894.17657043123,4866.78932726137,8190.05067123085,1211.40701956365,8055.63033211466,5385.81740688377,8638.57978322771,8109.08420970556,8025.78436352924,170.054920229784,993.356070918768,8571.60978547721,5219.01508695712,8144.80703380506,1200.13812120411,1699.92942494591,7577.6511845817,5020.01056433718,8682.74679906604,1233.23772926974,4971.83977716381,7770.84670413318,5090.94060856697,7615.1506079824,4890.42222496394,8269.19089587361,717.063839569128,7915.39374638451,8220.26371902161,5253.46653323122,8167.57739934415,1243.89495275892,434.557218959815,8130.43657881718,5230.39960019091,8554.97010630486,5194.31522272088,4855.98225994601,5103.19991304093,7595.49798241451,1054.25668614344,871.454777682194,5233.71401905885,5223.47159296302,5139.76797346647,8040.76819952862,4999.73562292464,687.496680640583,8544.7014324236,5291.25299858646,8639.71567946357,1020.72452932015,8090.1051893913,8250.6434862578,8539.3867707769,1209.95437251408,8596.50271248968,8024.29759496704,8458.47755112009,8537.80712290492,698.162552110082,8614.13640711215,7942.6529740709,8759.45242903036,860.477652239304,8303.85120590429,8113.26337066024,4999.675168292,5280.91349272297,8639.52786753868,397.076259579937,7621.50572482414,8321.54173927921,4769.5790757439,7835.7461666896,8677.07622647033
4025.58619210492,4233.47982969564,2986.89076348821,2997.11981698114,5031.44938284937,5171.72090522005,2838.52603013608,2849.45273491496,5075.24209872768,4483.72134700006,2937.63551831306,2797.74646158759,2746.77745585409,4255.69467989626,4473.24391384495,4900.85647238469,2672.46611645277,2831.3423012085,5269.83447030835,2848.46549348107,2956.8547956869,4278.71317075332,2820.40244285311,4454.417479244,4222.54636822733,4957.57134866777,4242.61944809076,2945.78928135503,5053.38258293127,4291.42207530509,4145.81908108568,5176.8861159862,4506.85395984157,3769.18977094469,2758.84408288719,2890.98761833216,4976.57677429659,2774.37263901353,3749.94727783962,4383.96249099024,3983.40525211745,5256.10259859266,4400.61406834246,4433.89035992649,2781.59952880503,4316.93534753707,4464.91697183112,2993.17051539447,3679.27116826977,5014.9273587745,2767.83857142958,4977.92535384311,5045.36318348038,4091.44054205937,5127.8027374812,4382.22194369824,4382.25147197139,4149.09989506217,4333.02853973288,5164.12410281849,5063.8830909886,4793.23081592483,5096.93608292966,2678.38232629616,5187.75779792316,5254.81127106212,5147.57329469694,2999.08259688404,4285.11427221572,4215.06607382485,3901.73871806038,3564.46776863174,4030.21103490758,2623.99338499291,4116.22410991648,3778.83378753294,2676.69172955412,2638.24187858734,4144.25613296175,2629.07183401539,2612.38750505288,2613.61263671082,3738.84756197551,3452.8267192926,5573.68421395693,2613.00258972834,3491.30401987798,3937.44884631807,5937.46097489284,5396.37048453494,2704.99470032212,3800.31580620253,3420.17396840274,3851.80545202796,2619.21033290673,2612.78649023943,4123.12652590559,5664.77377248657,5548.11503977118,5458.76253982062,3469.86172695762,5531.50551730865,3651.91650978651,5670.67284627908,2617.02136666983,3967.49960360125,5685.34557371518,3729.63049805843,3895.22166513133,3876.91848468802,3827.6053073745,3461.87592831068,5439.71127490385,4371.61763637951,5505.87517570339,4450.87460941326,2621.37065531207,5858.6385628247,3533.30831393198,5781.74383692871,5482.59324856312,3654.99431761967,3804.71139033699,5565.17047017227,5360.31355519231,4328.0025246258,5898.62788732301,3392.65320961907,3731.6064760979,5732.47835223937,3896.5397479121,2612.44792962509,2612.48839717674,2621.23676553576,3883.42736670146,4690.20933046086,3999.70637005542,4781.03623294397,4202.70994819841,4380.52255714051,4017.35866530781,4774.26295566593,1741.18205541452,4223.61676004321,4645.28943712531,3984.16373500615,2613.45799596277,4677.61531043081,3837.92332339741,4925.12695775044,1994.97398511801,4524.69367519272,4892.36668637616,3740.67162758472,3329.18701178526,3922.34769901348,4243.65410292277,4779.62154622617,3854.22368752294,4779.73859104055,4031.64854522297,4479.95786650543,3094.0721341056,4205.94725396895,4889.45986266033,4096.93428641516,3967.22462671406,4016.06337746568,1991.2428173501,4028.78436038027,4202.22917832202,2189.31167884559,3925.92728487368,3983.92988776662,4290.73240341536,4871.77660366823,4431.67826162313,4844.1307637416,2379.16272348448,4661.6008287147,2378.00787143461,3962.5290112044,5009.31166317251,3963.03151847368,2204.46620952157,4607.42871567042,3858.30240884574,3828.86661117327,2337.99852333375,4206.58509319291,2086.30267924303,4021.99020330795,4039.78317315226,3864.73954465352,1926.72690809695,4224.42321350608,4776.1839902894,4301.40524608622,2668.87187638059,4195.01073084114,3349.18116925333,4723.71290308931,4719.38483426329,2364.82276581702,2058.29686144233,4036.3677742242,2015.4738371558,4098.67150129656,4908.11617565984,4049.14241432453,4137.07073324846,2163.34995081052,4899.24832418476,3845.77984357112,4632.2723115277,3061.63265349308,3814.65443541436,4938.37912834411,4609.93776369269,4919.00387137723,4015.27272714345,4335.1576862649,4634.08709839689,3877.21266497579,4682.78585255504,4996.1317079918,4490.78453816704,2356.87367851176,4848.6202339319,3675.35367889167,3612.93489785058,4692.18421848945,3529.70719735927,1925.20921160352,4904.62457033904,4695.98515817455,4547.78067616862,4022.90819376364,4779.88148285422,4846.96523561039,2026.02046974611,4177.89088340415,4220.39914346714,4047.18532651318,4854.04851552324,4028.4730054828,4166.37491137418,4216.36128894055,4404.26129686667,4051.46494435849,4324.21524468908,4337.78213775122,2098.09311771462,3095.19510740952,2402.20681285802,3746.16509579948,3922.44050506857,3863.87193992235,3839.90639353424,4187.99286355882,2298.39314795961,4294.38274509997,1987.49671876577,2034.18691888039,3974.16186110938,1981.71215942068,4750.41063545169,1941.42977191348,4243.30711463195,4291.40457697739,4420.76585079131,4486.19316944767,3559.51291807004,4272.98961753948,4969.7163450041,2182.6606113632,4918.19382535201,4597.32002821823,3959.37893308862,4012.84359518803,4048.92055209215,4071.58463887655,4170.18425622011,2190.63569792066,2059.81285683433,5087.72747249431,3731.30559766829,3802.13142023924,3961.95822818379,3914.81011587052,3887.74059604844,3744.58109648823,2104.25555430067,3869.16412287537,4168.84899865002,741.993769206298,5535.82414412516,5274.84388178352,1e+08,5106.32356056007,4409.02258856113,4021.54175165588,5365.32809428342,3737.45696554696,3768.766804499,5368.01822237455,803.660857174353,5294.35950567239,4027.19097837569,4003.92509094405,3191.28448864457,3536.57467530971,1056.74799320091,3503.39956778145,3189.90292305554,888.214488891645,5485.0648619639,3541.0363863903,1363.5733192527,896.570374048862,4067.62649705992,5297.33301482708,3551.42257939962,782.569479177615,5390.82093431376,668.48588929416,613.927729473554,931.467380979335,3272.35659472264,5171.24000923197,3671.12750376175,5254.19982736794,5217.11394710866,3380.23491573933,5296.15677240704,5451.12348192201,5367.32238153186,5468.10149240164,3892.34069137982,619.752457386439,1052.61469490225,3394.99434720695,416.886592524892,5244.75636460024,5172.92223643588,5240.12821962603,5267.69196913982,797.368791861716,3889.89258233439,797.63744867623,3647.41388655028,3586.45906286804,5192.00100575681,1069.95909451701,3592.47426822577,3408.78917085011,1092.56584352902,3318.89010131285,4006.61942091072,4192.860795984,4438.35213789424,3197.62875887488,4024.20384419423,5158.08188429696,686.779657037722,3495.98099227622,1227.06482144005,5226.76027094619,4236.56599949408,904.305616229421,5268.13232613055,664.487475766362,291.626403949615,5294.01859138311,735.848209824126,3403.20035068757,1716.04534464948,3625.49168674953,5449.2488379139,3511.93803426355,1136.90240348124,4565.77082302691,3598.68820563324,3506.12839938205,5368.90795380572,5265.63478565083,3893.42627381834,391.368485063659,3567.44557596903,5526.58420969861,5690.71568301228,3180.33173985159,493.535134743609,4588.25513086238,5154.47462146167,609.451318121807,3273.42044834869,532.324141300877,3515.82608873703,1101.68839213633,3718.62481469553,5289.49985308409,3439.91916674549,3728.74877796902,1234.4995846116,3809.54779691984,5249.26746625467,5185.51018249817,3500.4141130416,900.883756807312,3969.61000420896,308.279368402942,1193.53076121881,600.860544931952,3265.8784368285,5213.41340104431,5128.20476031651,861.785367741472,766.136843271798,580.710130163389,3528.26376406244,785.014292551765,5509.83442853799,4533.96141270168,746.667959521339,4034.44108541433,5476.46026476847,3514.75020927536,3859.56918230769,3894.52890878644,5301.18619108861,3952.55612210165,3627.45562037875,4139.24116532399,3831.87089762982,5097.09348531493,3895.83112053339,3476.79143505836,4664.81532557375,5317.84682309485,3888.14756947226,3589.07058817857,641.976522416203,1111.54624996972,4612.29108351739,5352.13232109269,3476.14751191034,4008.09946280484,1395.33312151555,3266.37421583854,3996.88601071132
8080.30049637091,8339.16155127379,6540.17726040206,6559.96066839221,2222.05046320903,2197.26474627386,6222.74462096294,6248.64013456936,2213.02002845229,8641.37547614368,6441.73537576145,6120.93772526846,5978.48471457819,8366.36779733781,8628.89496885522,9128.44632697728,5713.9666553352,6205.42674013678,2187.07920804635,6246.32169214641,6480.81211341034,8394.47461158548,6178.57607331776,8606.43426133724,8325.74172833176,2239.93665607545,8350.36445989853,6458.42428743868,2217.38114034204,8409.95719270899,8230.98941300855,2196.5818955524,8668.88208710115,7747.93790573795,6014.13410392545,6342.75619235382,2235.01789297091,6058.12188149434,7722.26762122434,8521.96477403566,8026.72806339145,2188.15139737167,8541.98905320036,8581.89236256053,6077.94893770013,8440.96379078926,8618.9661749705,6552.34734383925,7626.94998023012,2225.76177940983,6039.85356748881,2234.67721387858,2219.05429513709,8163.18890818021,2203.73032122486,8519.8694699448,8519.90502016617,8235.06232833535,8460.47168192183,2198.29871228727,2215.24975905675,2291.57165340968,2208.98088695608,5739.31596150614,2195.19795399522,2188.25812968965,2200.67363931066,6563.73304562376,8402.2758693231,8316.54886505817,7921.84549536442,7468.24130255878,8086.15088648724,4974.73627372168,8194.15917216112,7760.76048176504,4674.64494415487,5534.27045042954,8229.04842296341,4930.60524402948,5188.19921491485,5124.47556520204,7707.40713263937,7308.41318525131,2192.31085149619,5249.9450912335,7364.18381721496,7967.90322627233,2267.49513394423,2182.57500791787,4570.16516645289,7789.22229861839,7260.4629243656,7856.90021979579,5026.49358290447,5155.13577516816,8202.7637132749,2204.37985316133,2189.77333729268,2183.89094208262,7333.19899444645,2188.32734570757,7589.59370579382,2205.32242858965,5056.42238708111,8006.42399232343,2207.75073307103,7695.03707972704,7913.40579157855,7889.64470530486,7825.18443903515,7321.59879304816,2183.2437530813,8507.09464159776,2186.41065159795,8602.20238139592,5001.40698192415,2245.25473124762,7424.22708607088,2226.63523720017,2185.00237906127,7593.81047081271,7795.02928879395,2191.42412776326,2182.87458870746,8454.38335996583,2256.14641391041,7219.57417682071,7697.69132526989,2216.35355672132,7915.11360181614,5216.25500680299,5220.4535179825,5393.88464783618,7898.10440813924,2532.70274148363,8518.40219251722,2966.79864438922,8662.30483502713,8898.28595250619,8523.97257344034,2650.76747871904,6283.06419619249,8730.11405462118,2745.16368938993,8497.92097221421,6599.70449792623,2657.05813476983,8261.96200519083,2903.89781739915,6378.8549643914,2712.81622060553,3044.15478104652,8111.78949385286,7852.14654387326,8314.00640997041,8442.19553611401,3141.03995361221,8285.84378413789,2876.17762394048,8537.81059174883,8887.93919102806,6775.61738425351,8662.57326154815,9426.72417295039,8576.00140509372,8462.57173284627,8514.76701038046,6456.59371469766,8525.71086704863,8412.02124475213,6664.08455390034,8310.56417291101,8517.69263743318,8600.38345848153,9378.07709820768,8883.01932380952,2863.07788657981,6728.7525400952,2731.38340721671,6532.406829258,8473.08422245649,2791.76508226444,8306.64601761507,6789.67026112522,2468.61683318276,8296.69554592284,8228.6818571346,6741.79459926206,8726.39641282593,6366.46692342166,8492.92658393682,8472.56600522409,7974.58003250792,6383.1010787885,8463.94359713456,2705.51487981962,8375.87406473794,6651.71926193339,8611.87533257536,7693.2862593153,2559.34279260968,2683.7987276012,6616.79657209291,6463.46390055815,8391.93869049255,6513.39672234512,8607.37070955778,3166.39037279852,8521.75996785873,8639.90691115929,6508.65302099571,2990.11597441231,8277.86988222099,2654.17785770225,6552.1182907951,8325.15892502719,2873.86266929723,2668.50934592584,3156.75941123896,8520.98588601443,8864.87916220271,2602.49581571132,8099.83030737728,2738.83569112042,3082.69663015428,2941.22684732067,6491.98936656903,2648.79445579152,8240.6499290053,7010.3341616834,9291.26819399412,8102.91008191964,6407.17056979379,2982.31489865488,2720.75495379854,2290.63868624699,8517.0999206525,2665.83231931146,2647.07383932146,6536.84453365147,8402.31166333438,8693.0010319739,8531.22810137086,2783.22581018128,8469.18894251872,8615.32332946795,8756.00729404188,8873.83531225294,8556.60827133816,8861.59382954956,8871.78413691289,6614.47175518653,6980.58217608831,6678.05306410157,8087.45144551513,8405.24545551475,8259.84314431292,8350.13737948161,8703.09252585132,6593.17319279215,8779.78293087994,6474.45498994183,6585.96281510315,8310.08965718491,6541.48965491665,2586.02108988955,6408.24258278028,8477.06969119905,8835.04292506417,2522.78584120794,2367.41425202091,6730.08140835227,8829.96054460732,2833.73305268399,6770.6905055305,3053.46945573507,2739.27416637673,8488.54202336669,8505.7975173798,8524.21068693502,8491.05235680781,8706.51466326994,6371.77814501,6513.04573241553,3419.97568653535,8192.74140130358,8324.31246657267,8499.65385202892,8414.41667823538,8389.48239349986,8192.45973435532,6356.19611936416,8358.82164398748,8580.16899271493,4966.89518403963,1267.17113153176,790.923665003895,5106.32356056007,1e+08,8469.94611657835,8484.37487813895,505.296520623635,8154.77102466279,8140.58408038008,754.136029569803,5057.93906941549,374.564256150514,8530.50515798591,8429.80191124532,7597.34581040176,7967.26512160589,4775.80408840745,7866.72040320512,7271.1818618431,4851.76329615546,1074.58857455782,7863.03148369825,5203.0773465223,4747.68267185782,8491.86381360184,562.238790370144,7834.8686151458,5040.22632708068,872.44390653298,5002.63444921481,4986.86080258984,5152.01730993646,7706.71033417597,394.653326225354,8162.16905504628,786.240111464357,345.310114543874,7622.63472284793,599.57105080613,694.542299494052,401.125086009847,924.013183117184,8373.81462751526,4973.39133413407,5145.6407196304,7632.85224203564,5055.61170855168,470.766702212999,287.584858266469,308.742595936787,421.306891877076,4996.29298759001,8157.69500367558,5195.77480719613,8078.21935855803,7974.45077755685,288.973589423671,4719.34963857318,7977.12310164668,7682.69395732801,5202.67149500665,7390.16604985223,8518.12640032607,8426.10762730617,8410.63650098373,7705.76799528046,8496.81689869046,832.39149572644,4951.44592798013,7702.76439604322,5481.04604120948,199.396972477574,8339.51673524152,5007.23608857452,232.467394471038,5327.6106779951,5015.42441790195,554.714968651123,5012.11224280366,7745.28911611567,4683.72356222271,8043.23716083972,992.096853964189,7915.13983283322,5255.87050459388,8538.2288180747,7973.19511087611,7869.66876845355,872.764127962171,456.64348343842,8404.21447898525,5075.81626864444,7997.12470498906,746.872373592655,1257.40401202174,7458.79136206501,4887.96316756351,8582.43899129909,592.417752974145,4837.05794355788,7643.47444476933,4944.37410169716,7456.12517555915,4748.19228064778,8114.35070103833,289.401528440339,7761.81060237138,8087.48985876638,5129.04210511249,8061.20514321591,628.21859560126,390.023906268725,7973.2497670027,5096.94289199615,8392.00119887029,5047.76343373941,4729.88806825471,4976.62059597762,7452.94333649905,438.970019196903,128.911337572843,5101.47749695541,5040.78171457905,5013.64690681747,7885.0873953275,4882.13198652886,1382.91744073939,8443.6658979449,5159.70933881715,8462.19718415878,518.212457329388,7942.79725162958,8138.36369208345,8378.0956682528,625.007908032367,8437.78935770755,7869.2695061447,8357.5727955115,8369.13111702035,178.609721572914,8450.53264279442,7788.58728239533,8658.31330975701,398.193138330647,8195.32302951331,7956.8883117382,4863.56957449771,5151.16463254844,8540.92966447866,1114.32164907564,7464.81915681308,8216.9675368948,4628.86647369929,7699.91620907718,8521.44675640563
1064.1353404202,1035.01173206354,2130.92704254731,2112.60925669673,7681.06360698101,7842.91999732338,2431.779982183,2406.79239137716,7731.75958729319,1087.1180122205,2222.8827700999,2530.69791857178,2670.81655841796,1035.95142724384,1083.23448483153,1330.08315512881,2935.77069870288,2448.53069520969,7955.26597453564,2409.02659255547,2186.22414036747,1037.72508928213,2474.56426565328,1076.598680779,1034.83065016085,7595.18115958346,1035.30587965161,2207.20203615458,7706.47351078134,1039.04898623478,1038.86543353642,7848.85156189497,1096.16317579057,1193.11348210412,2635.57301921726,2316.60297343779,7617.31897706515,2592.24790978646,1206.65531360089,1055.8409945293,1078.46990085754,7939.58255122025,1060.14900665026,1069.87592089796,2572.77924109967,1042.43617916432,1080.24475219533,2119.65189470543,1260.67936272002,7661.89667087089,2610.21902609553,7618.88864270857,7697.18744965862,1047.42056460572,7792.40617028072,1055.4126515984,1055.41988351423,1038.5010900054,1045.06650983335,7834.19252426379,7718.62476292805,7402.38765192051,7756.81688893456,2910.12773726556,7861.32992044904,7938.10704019073,7815.16364637126,2109.12276793156,1038.36145601915,1034.81443514004,1114.10721911006,1362.18937320347,1062.73516447303,3705.09961287435,1042.93231799902,1186.51871423499,4029.3465814891,3118.9957129191,1039.04506705115,3752.33071534493,3478.74123373659,3545.95458265723,1214.69689869298,1476.46341592195,8299.25135446957,3413.9027280966,1435.38021342404,1097.26143930917,8704.53204796552,8099.20036453317,4144.00986409023,1172.29551205063,1512.72295606171,1140.87629485917,3649.89816072186,3513.57743095811,1041.85806318789,8401.34313068164,8270.51398738784,8169.80180046622,1458.05528770768,8251.82709910535,1283.35131960446,8407.93983450766,3618.07125647577,1084.60206881385,8424.34011601362,1221.50137326543,1117.39009785216,1126.95040198525,1155.1685084709,1466.64139481882,8148.26863266362,1052.89372264201,8222.96079485229,1075.3998218731,3676.62843810366,8617.24485518145,1392.56650253233,8531.82362273713,8196.70697716962,1280.75225711023,1169.46523321947,8289.68667646763,8058.29040851625,1044.20443773163,8661.56263995101,1544.28168264491,1220.03296085058,8476.94948766134,1116.72097788448,3449.24508500305,3444.8360644079,3263.85277441907,1123.49331567808,8040.66271482036,1269.15215941294,7970.82128549026,1137.20373814063,1588.53679231909,1260.21134525157,8132.70664777835,3603.33373252061,1512.5855172293,8032.72396368587,1355.99475418986,3302.75884338422,8006.52941866669,1090.76141327114,8332.21354522626,3550.16671708419,7943.96199752364,8171.80891215689,1095.51052013633,1431.16230080415,1004.44674933137,877.112147777143,7988.67443343714,1099.74742699717,8076.13245799626,1555.43715773073,1223.52113306958,3265.27077670224,1088.9809443422,1977.54856585705,1558.49275530007,1449.11551356261,1295.97720566623,3423.53142758256,1803.75774648052,901.578757036719,3391.9452549122,1000.2661848188,1436.38999932578,748.690386033778,1582.92122239213,1066.83917043857,8271.02450250809,3249.97373161436,7988.85125267786,3388.11999145375,1480.74066659546,8421.28917356983,920.702032239644,3157.41603652138,8092.88698003711,1120.88700603044,1052.20754605085,3119.61410771546,1406.60072076398,3505.33769586039,1582.01828724901,1038.9450051808,1130.90395768549,3526.79922331018,800.935302821312,8183.16175964492,1060.87448338483,3156.90425064463,1755.60723081316,1261.03576149966,8098.49420211833,8053.23054629177,3402.91828517394,3529.56298534918,903.862788577478,3377.88700546601,1374.65029510998,8152.71765791368,1509.26653805542,1346.78117479045,3466.40453305901,8202.19427507845,1101.31086945484,7991.88759317386,3448.54817847975,1271.73321434652,8329.66109199116,8003.06786500928,8068.58932677788,1456.67073688924,1705.2939319465,8059.49299409217,1027.04647202196,8042.32925821091,8284.11399234321,7681.07826754161,3485.53082118736,8308.91062169143,1651.39680755753,2759.01732839807,1785.37662432409,1605.18147274395,3441.15603842788,8245.38083987225,8113.62301014888,8001.69598083421,1294.78996163568,8176.19288727286,8322.86943203276,3550.43821353942,880.771458270274,1178.53141671132,1517.02619499775,8270.49255655261,1062.06725395582,1089.7036924899,1343.62840864282,1177.84030069774,1305.80491197187,1630.49877329878,1451.31248713737,3337.03420858454,2979.75105348209,3286.36649554784,1084.20318550168,1169.62200021461,1050.73220722694,1264.78159871122,1287.62118975518,3441.79576499251,1162.67987240087,3370.74129999957,3282.73497299029,944.877428005417,3259.72227146489,8230.24220065228,3520.63305665477,894.553765265263,1453.68376976929,7735.62460823795,7876.32799001553,3235.37179326971,1556.81406211909,8375.33551238398,3210.39566024038,8203.06716469401,7954.02180419255,1458.49418549508,1385.19451234895,1501.37112977115,1794.77534754937,1384.14013421876,3478.99179614578,3355.41555736192,7696.12618492437,1190.02564783479,1289.57595119196,1598.22301066772,1455.45735917135,1230.24023665268,1154.56706608636,3693.98121548106,1208.80102463339,998.147819803382,4451.4775333901,8694.24605456162,8569.42963906315,4409.02258856113,8469.94611657835,1e+08,1753.84350784781,8773.26686825319,1192.30717201246,1137.92161701312,8720.61955630007,4428.90377202504,8723.99774023525,1637.03433079272,1666.95898374749,1382.22757132219,1285.80433114799,4644.27784311842,1173.73193301933,1558.53197151923,4589.6648400492,8748.1168281578,1145.32983125711,4366.33925043337,4604.14089217748,1552.89298415776,8601.17616228658,1120.73505103897,4383.33073347606,8668.71828146098,4351.69434569716,4414.1658707467,4329.16196809161,1364.61546792481,8565.51149366445,1438.79148726187,8534.18728996078,8658.36637414019,1241.86124065895,8653.40392597044,8817.59052092862,8731.16477083748,8742.18232971098,1648.09699188153,4368.80820097994,4373.15750510771,1219.08500589044,4404.03294900888,8709.41200984517,8552.52539902329,8619.63751931798,8687.48397648582,4404.62289035117,902.778078014433,4336.02086000398,1251.81451355249,1255.5100063918,8509.38601397005,4659.58666957106,1286.23447556251,1202.38095401041,4236.29120373706,1471.65267143855,1620.39826176022,604.491626928085,322.13564522777,1590.07128309946,1669.92008308709,8427.60410149211,4495.6772501094,1179.3568444255,3932.29015404839,8593.77793185234,394.85003461843,4442.42195210745,8629.36703507346,4119.63962882221,4484.47617062145,8657.70726645676,4435.17379264652,1202.67471174326,4721.17381993879,1285.95413887134,9037.59229101094,1354.91460524285,4246.45275946444,360.790243046096,1307.18626687843,1182.78449562737,8648.46453315891,8700.52802623469,1677.6726611276,4430.70959597759,1410.78472101332,8973.88977285382,9196.72934615455,1347.81144747542,4548.10967921382,314.588150695439,8527.1853604353,4549.99855867314,1270.15432541946,4536.90996483318,1501.29565194027,4415.36153471055,1128.24332575724,8643.50742004178,1182.07638293287,1180.03778644072,4369.83051587196,894.805024779659,8693.68650020872,8549.77788297247,1381.80633559026,4364.47082737932,1654.51432743784,4468.44564219323,4566.84461183728,4532.6209660872,1387.37809670843,8642.11114562929,8491.01801419728,4326.86573315067,4454.05389507656,4472.4284783236,1161.37168147589,4544.5006548669,8680.8965758274,522.863401347036,4355.33882727492,1770.15752656979,8842.01594201525,1428.69985359197,883.644226357113,1589.87914269341,8712.88678506628,1640.889792809,1077.34846316216,607.451645387052,1683.78114979959,8437.45273067423,1660.0794344203,1147.47418488828,395.845094979452,8726.76956024353,921.207636292861,1156.58184542398,4467.19337796098,4280.1424143461,515.047131915616,8584.48236421676,1458.12661641889,745.026726347603,4683.91598392451,1355.26648564146,1602.91930675808
1244.41882212213,1170.87712979473,2378.55444554489,2360.23019757729,7912.58903660236,8074.19153672304,2678.9504472161,2654.03068278138,7963.2045665544,1160.11408811558,2470.47055809026,2777.56544463544,2917.18356147171,1166.47851632323,1158.89255981023,1309.64821912874,3181.06095363207,2695.65355667548,8186.36624820273,2656.25898121462,2433.84106608003,1162.63547253211,2721.60997438519,1157.05308835797,1173.29056071793,7826.84485730676,1168.98545691391,2454.80428818689,7937.95850973134,1160.82530597483,1194.81800811687,8080.11395894473,1163.30633158218,1410.57320661146,2882.07214843313,2564.04959238119,7848.94679267051,2838.90413272638,1426.12123781686,1154.29740942399,1266.26830759102,8170.70649547584,1154.35369864179,1155.57304832532,2819.50391471663,1157.85982370425,1158.02241508257,2367.27594568915,1486.69032688777,7893.45274134062,2856.81085148369,7850.51392051133,7928.68719893972,1214.8879621225,8023.75602583993,1154.31300247859,1154.31270397146,1193.73395478884,1156.44724585765,8065.47753586876,7950.09050383304,7634.37111525637,7988.2224195455,3155.5265861331,8092.57312126857,8169.23321533477,8046.47811694127,2356.74187336897,1161.69604300372,1175.03610426254,1314.86835290884,1596.3766725037,1242.16115598612,3947.11095806677,1205.25096977865,1402.93503075269,4270.07635158638,3363.49803138648,1195.33954530096,3994.15007176421,3721.69486197037,3788.62486835069,1435.27507186679,1716.2102210527,8529.85103995794,3657.13211702498,1673.44203141194,1292.61233994571,8934.58433802778,8330.08691898508,4384.30773718092,1386.29450703082,1753.72949182567,1348.54029278899,3892.13603007791,3756.38386362173,1202.71268543021,8631.80078688811,8501.15417573918,8400.58579066423,1697.08393303165,8482.49375023965,1511.56967853386,8638.38841199309,3860.44073856548,1275.0896807143,8654.76617382475,1442.97861478341,1319.09565139418,1331.23815805563,1365.90677016142,1706.01208356766,8379.0837493465,1154.49613408254,8453.66851936338,1156.75832459451,3918.75633542711,8847.41140424907,1628.51807524944,8762.10387854298,8427.45226522607,1508.73082819926,1382.95351994125,8520.29981673679,8289.23706981723,1156.85043038553,8891.6709359583,1786.23788889205,1441.31931439078,8707.30379574546,1318.236584156,3692.32388554538,3687.93361598575,3507.72742875759,1326.87462346571,7959.51541212741,799.917077234675,7963.98971948663,1118.68438809584,803.158635193658,958.817002708979,8061.67136764092,2986.52511195845,551.035361901442,7939.53093161961,811.356174449891,3402.98095579233,7930.12430503827,1000.30999637174,8289.4211958239,3188.09747955576,7845.79663224531,8195.2053098523,1162.58389263934,1209.98158534884,1066.01693271577,1499.1664381874,8041.4322541119,1037.63073227998,8044.65181218243,351.468268082674,1388.42270031605,3668.06451067773,1255.38644652488,1003.81338688748,334.899745202367,562.938870462607,854.077717299455,2891.40972076617,213.5578768948,1468.45937028913,3004.36055295546,1052.70242228916,704.381104012732,1396.20545452288,1304.97643950107,1381.9270017168,8190.91887636001,3041.4131428446,7939.83662698715,3313.28164432772,505.353852165987,8368.76285761198,1156.95347938636,2298.68478709424,7965.5241695112,969.764337800679,1057.58185551095,2877.87584236033,825.700182406761,3267.99184374204,265.312214610462,998.131179426482,1414.79594325827,3113.96457275232,1347.03891933532,8093.22978874458,1635.3398301347,3366.81948452225,465.203624561448,1378.62623221573,8007.20371753635,7977.04996346186,3264.79660547015,3198.65536191944,1106.27044929661,2783.85595715668,724.137211204964,8180.13880570211,401.060239366734,750.983988801048,3193.94566946541,8211.16394175633,945.414954965151,7902.37975058741,3882.32024829002,902.549608445604,8263.15391978627,7903.84258986064,8139.29883056312,553.80866966269,560.55213076376,7965.75095461133,1301.27663420461,7978.27962461205,8295.23117377232,7654.65385761487,3374.87578141699,8193.77229042323,699.094055500921,3682.72058966496,1004.85060183125,821.434734958542,2982.42327251723,8241.81572842125,8009.72530181973,7869.82474899385,860.19922690856,8089.47804143321,8216.74780888387,3099.95467295414,1453.66154278913,1075.5361490685,409.649545720092,8207.1996978712,966.157564238368,1221.44063228215,1010.69923012711,1263.63115819927,800.290373197504,635.739705974451,852.081922489689,2886.03056051129,3421.74066263795,3148.17783333398,1195.70631473585,909.925997540344,1077.63227896659,830.630159324886,995.654920871154,3241.48129240001,1243.9199937776,2970.09642873442,2678.64892731506,1215.40146854513,2738.71270040258,8115.68317303649,3055.8607629446,1420.9685324579,868.28925495919,7655.03710497416,7773.20642251965,4017.41107198729,743.4980311429,8305.70478668982,2415.30778961107,8218.28202562224,7881.66216775969,637.715525703687,778.779694245541,444.397863465463,439.060435847449,859.38520749883,3313.75453782146,2810.91948446439,8060.88174054525,983.179115194802,912.760812572481,499.707149740052,525.46508100109,907.07494743689,1071.39609529847,3451.2897884715,874.000377860634,1179.7033030455,4279.6794580594,8843.25784989366,8653.05909015246,4021.54175165588,8484.37487813895,1753.84350784781,1e+08,8792.92937954647,1215.11760163142,1217.42338231809,8767.67008487327,3976.73588632914,8719.95290405081,399.368195753164,183.496031584298,1364.79747840896,1022.24979619803,4544.03871129252,1199.20427727782,1759.63291771928,4456.18704597533,8845.54135598926,1194.70787866864,3820.1260041457,4476.03751511889,360.246086236835,8673.70995396476,1257.37027492632,4032.75379925297,8761.15195539697,3990.94817319891,4205.59644178206,3860.45670942227,1250.28597358238,8555.03969167491,755.828426589006,8625.88452301204,8637.66333700417,1421.68902364477,8702.21527639065,8820.83717360584,8758.13152560836,8841.65979605543,286.282436022486,4134.63140051001,3856.38877108941,1399.11143548337,4055.67459949138,8679.93257401445,8568.32137924649,8626.06813634525,8677.64407891009,4053.70182719423,1495.04594118006,3813.4233087414,932.637747504275,1151.6260960898,8548.08803740023,4551.56794145416,1176.95025759508,1382.34353685601,3738.4882859019,1675.74209860801,468.785392552833,1581.82680627167,1881.36673938597,1198.9418455844,209.544817070288,8517.61609798117,4156.61611567126,1368.03308056736,3724.89554703063,8616.07804620273,1764.74710408434,4003.98176810753,8657.75053445593,3609.78135105726,4140.33735028279,8702.40805004399,3996.05675183906,1281.08545830508,4811.35162357569,1157.16183796037,8955.87952954044,1139.59870401983,3746.06777028404,1840.66081607304,1187.79409928383,1152.21509683699,8738.02426385187,8684.67365459796,311.973023851627,4047.92835039169,842.341864535956,8947.30312217377,9126.32766206192,1548.98440056163,4253.37555984718,1870.76879747533,8507.92770920981,4219.9310052431,1374.86691666105,4263.62947865091,1689.94274777498,4365.4968740486,994.722355848034,8671.93109715621,1280.67602691778,1320.76201811869,3868.8878889046,1475.42161023758,8650.0386894067,8587.5423419263,998.540141539816,3894.84911583793,191.528118382756,4147.73401719468,4528.02500110694,4153.22715946579,1589.67623962835,8619.78773432417,8501.60988830122,3892.12520173604,4250.74996087786,4172.7706587001,1152.22539189316,4228.68840425583,8827.16008500049,1909.79314344505,3893.27735327153,231.46615397016,8855.1450525536,899.867730090119,1461.08476002367,377.370437952821,8692.11981790458,392.484087684335,1263.1436110873,1595.82583092086,412.298125808069,8470.36961512336,538.118829788792,1246.45593564613,1891.76928931482,8728.40093208494,1397.63973293621,1115.78558955343,4190.55356073342,3808.2088597598,1936.53362843426,8703.35772265677,1655.06560762189,1564.01384148028,4709.35346970903,1267.58015567917,491.435583638349
8379.767281711,8639.10481490286,6835.30331933075,6855.16556316198,2321.60404654072,2276.18299280848,6516.48662709029,6542.50406288137,2306.22813727431,8941.81385414987,6736.45683862667,6414.18331290272,6270.98690793469,8666.35819841459,8929.31408608928,9429.5663355956,6004.91744014304,6499.08624548645,2251.09934806206,6540.17477443521,6775.69667892405,8694.51315462675,6472.10611144133,8906.81846978955,8625.66154358638,2349.96990780324,8650.32719823214,6753.21581787512,2313.76846154927,8710.02201630667,8530.73987173303,2274.72422677003,8969.36257416228,8046.70994762789,6306.82794383929,6637.04914546943,2342.38350644769,6351.04695515631,8020.98166980298,8822.21481134483,8326.08952623571,2254.27532875634,8842.27131562036,8882.23806258168,6370.97639050257,8741.08074322876,8919.36989984812,6847.52199552076,7925.4427817284,2327.68429965331,6332.68330104192,2341.8527757619,2316.60208639293,8462.81397312845,2289.20306819371,8820.11612002254,8820.15172773795,8534.82020612634,8760.62109163911,2278.35627611889,2310.11278901218,2423.77809050616,2299.01144386122,6030.4260005279,2271.70385144567,2254.57961507309,2283.20547918741,6858.95288165355,8702.32767546541,8616.45254182506,8220.99358397751,7766.34393102262,8385.62902785211,5259.7456590108,8493.84196093686,8059.56124528418,4956.2687333388,5824.02031001007,8528.79534157741,5215.16051275988,5475.22314343578,5410.92791477837,8006.08730500025,7606.09310024598,2208.95639820635,5537.50053141039,7662.01480559375,8267.14620908637,2228.57016207448,2226.9964677748,4850.42635825444,8088.08623462969,7558.00976247115,8155.91122343218,5312.01833786107,5441.86613803285,8502.46240584553,2206.80644817318,2210.42528303007,2218.55350642187,7630.9465352623,2211.58352098769,7887.99718121116,2206.83243928311,5342.23698725998,8305.74489981574,2206.98381404895,7993.68888141968,8212.53628473571,8188.72531127071,8124.12706776099,7619.31478121425,2220.89008156233,8807.32057722037,2213.68661675878,8902.57997697078,5286.6842114194,2218.0207332272,7722.21640599113,2211.03436066068,2215.92955767126,7892.22410490406,8093.90601637064,2209.40323069389,2232.91340098636,8754.52266787199,2222.948887109,7517.00514017303,7996.34922766915,2208.30400596668,8214.24766070989,5503.52309376256,5507.75775966154,5682.6000570886,8197.20283484349,2634.66290335802,8826.9214614793,3027.40083015656,8960.00228098639,9197.07083343225,8825.16516400573,2723.84132114352,6594.12407359991,9035.97133334143,2837.03602710075,8800.58198091144,6883.96451038227,2739.24322781662,8572.78592982713,2972.63973822413,6676.59175765145,2815.90127146966,3100.5394689884,8425.04230876873,8158.02894421307,8623.63513024741,8748.55336679776,3203.79542911436,8596.69587382918,2947.69713587236,8843.77486329437,9186.10169550997,7052.5015816791,8959.99669099938,9730.32719179832,8882.31414529861,8769.57138527845,8818.02340917809,6758.70639812455,8835.05381530378,8719.49508818952,6957.87004976417,8621.10784287505,8822.96721868899,8899.78967759298,9674.08958590704,9180.70477070517,2935.54574200381,7016.39953608659,2811.44885322427,6815.40328263867,8780.5848328473,2849.03358489909,8615.30087194202,7095.15641981907,2567.04012723177,8607.30359615196,8539.61134985629,7027.84411496076,9027.80900366044,6665.33608555751,8798.89781333447,8780.36050294562,8290.69305252233,6686.43585021917,8768.60893300681,2781.51800882947,8683.25643627158,6932.6686772965,8924.15841355624,8006.00113168911,2656.22081932129,2766.9389166656,6900.63371617882,6763.62960944301,8699.99699085075,6814.05382440439,8912.21868191685,3227.65329427088,8828.57920930239,8943.06782678858,6802.74024703982,3046.57887265,8588.24837266022,2746.31746470252,6821.38386152929,8635.34065035439,2947.28652778525,2780.29264410957,3218.79629383441,8824.99764026709,9167.94725313885,2689.93630478422,8413.49063773813,2818.06294388138,3136.64178271977,3041.50745386771,6782.16840138482,2724.66881046241,8548.5467908446,7286.24895529686,9595.20683592124,8409.60584704149,6711.43173057908,3040.54383240693,2808.4194434208,2424.0672911237,8821.42858487571,2741.52328719256,2726.84117225481,6833.91033134644,8708.94562689916,8991.4465527235,8838.27596212179,2858.67344062829,8773.01490476162,8914.35259334706,9057.62143906441,9172.27454199784,8860.29695475081,9163.73857073235,9172.00551565544,6914.11356362894,7251.29631724719,6965.63226717462,8401.32953945342,8713.765954707,8571.12324823571,8660.11779759153,9001.88518027644,6882.70562898525,9076.91529302136,6777.1096330375,6891.59903567519,8619.47155857832,6843.52954726764,2683.4941888437,6707.55631042039,8784.95341954244,9134.17397918317,2638.66986744368,2492.92109812567,6999.75887740824,9130.71425138785,2899.61176585655,7073.29528545445,3109.09782441803,2827.92129997447,8795.99227339121,8807.70864928647,8830.72805700138,8803.15223762305,9009.10186138388,6664.49613471287,6815.14389491646,3543.51750231049,8503.94353768188,8634.10045948641,8807.42001344334,8721.38724709465,8697.72462382669,8503.69812036211,6651.26486466254,8667.84217583832,8879.53519318126,5221.19229340267,998.26580287969,557.951733729217,5365.32809428342,505.296520623635,8773.26686825319,8792.92937954647,1e+08,8451.9672644491,8439.98950840435,440.491841550349,5297.99523919482,339.418940466178,8834.52383630468,8738.13860391538,7902.43601275353,8280.24109301025,5035.50372560512,8181.13811318452,7582.82050231843,5099.54717701498,767.389444881767,8179.74081624654,5443.54266731164,5001.98827429257,8796.81141766277,399.910011638087,8151.43202701075,5281.30637668578,606.435866197517,5249.19072306494,5241.46369420222,5394.71017365614,8008.11939769929,623.478255306024,8474.80430674629,597.659778135601,441.379973059414,7936.14556259376,300.572486606648,788.087151069402,277.675308429874,614.297238638004,8681.32665469345,5222.86104647905,5386.62757108967,7946.94063603965,5301.44000946166,463.1986600972,404.498825854678,541.573885064489,519.021337030726,5237.86738881101,8452.56314423723,5446.56147439706,8392.0974173261,8273.93835152288,561.925513952998,4951.54253214454,8273.82184383681,7997.79267650326,5452.18506841264,7706.39165668288,8823.03472795458,8725.57551568144,8715.41654529214,7994.26215513346,8804.38170360005,701.832275155892,5192.16223281809,8020.17103740698,5783.8440594286,357.965642761745,8641.50443562045,5246.35896160081,376.363868896506,5593.59268079757,5261.13504942646,293.438654223447,5255.98603886437,8057.47180147566,4950.82708481122,8345.87812182247,744.414527842851,8214.94649651296,5503.94568143899,8842.41791396167,8271.99082313473,8184.53259394516,608.04809169109,516.543908932764,8712.08561483594,5321.6834980362,8300.32283404692,700.9632493346,1217.23558342385,7756.0189561887,5126.27623144931,8887.38338572447,842.919276129544,5078.74468304257,7943.90697991099,5189.58845677501,7776.46547724658,5003.10879553069,8426.88956001987,350.270806948153,8076.66604633679,8385.80477902129,5369.98894548858,8356.27339216047,779.542646479623,303.101380722761,8286.74050417351,5341.1461734667,8698.24474615543,5294.36649733161,4971.06762485499,5211.47472148746,7764.0407924648,594.431438833391,554.931512880555,5347.2885908563,5306.53112515645,5250.77100432076,8199.96379925447,5115.52880536553,1099.52454494362,8748.70736157827,5401.67724060937,8774.48711964493,570.176899220509,8245.39544961213,8433.73770342422,8684.69142281055,766.43797634704,8741.63103745408,8185.65154000705,8656.04240649082,8677.41414586227,529.220743009529,8755.29315605015,8103.47896009512,8963.74299702696,370.146788042286,8490.24388432547,8270.99676593275,5109.46079222909,5398.37698116648,8845.43964318572,861.034193767434,7785.44705568451,8514.44344713229,4874.68750789093,8003.33531504492,8824.36451687683
1135.33333465388,1179.12485203919,1928.82748166606,1911.89435093495,7395.94110211643,7557.36577939993,2211.0316368247,2187.34642686851,7446.49957682922,1300.05620476644,2014.31920648104,2305.1417761516,2439.27908448868,1187.15492155032,1293.7975063853,1606.70392632664,2695.00007432684,2226.93001389492,7669.42419404085,2189.46263882965,1980.14455989694,1196.08964152376,2251.67073372913,1282.78232653353,1175.3919991626,7310.29653712725,1182.356916272,1999.68662024397,7421.28181918233,1201.28329930161,1153.46200806834,7563.28191976423,1314.18974019899,1170.8473643567,2405.45776002807,2102.18939970822,7332.37243146212,2363.95436886403,1177.79011179858,1244.35013180933,1134.02712825229,7653.78034145835,1253.01911409773,1271.12010757273,2345.33199069981,1212.25304736786,1288.88850294108,1918.40056360796,1208.43826290888,7376.82671168449,2381.15972026271,7333.93772258123,7412.02098007465,1142.69844945204,7506.98442460525,1243.45939305355,1243.4744798147,1154.24163113828,1219.53567202242,7548.6610507773,7433.40017491779,7118.06083141031,7471.48969407662,2670.15180255027,7575.72791925712,7652.30856271419,7529.68197040396,1908.67532860276,1198.68268160949,1172.92296107714,1139.37254831536,1275.24411410834,1135.6410007466,3446.98587907006,1147.09343491511,1167.59427971784,3766.42228118466,2873.0514181519,1153.09571925729,3493.44896366813,3224.69103750879,3290.62681734486,1182.06845168418,1359.92639466114,8012.58546864832,3161.14792728264,1328.57813621094,1135.73886377495,8416.99194852472,7813.0037891807,3879.61323263925,1160.89214298356,1388.2989289058,1147.88434920186,3392.71494136553,3258.85708144767,1148.47088594133,8114.44776630684,7983.91388919357,7883.43653054489,1345.76873693664,7965.27006726024,1222.45849181569,8121.02986547099,3361.44139865618,1134.24570049474,8137.3939532568,1185.77300244728,1140.25556141706,1143.10069902462,1153.46123478633,1352.35057520832,7861.95445182695,1238.09657600267,7936.47073841188,1280.74322784895,3418.99009308318,8329.88497265764,1296.94723989886,8244.64425817222,7910.27831320011,1220.82127168157,1159.61335050533,8003.04262771314,7772.19316668012,1217.23164682522,8374.11073004975,1413.47079567922,1184.96721604375,8189.88832105907,1140.07147195751,3195.77624809307,3191.45525325804,3014.35918050609,1142.02711575989,7544.03844843709,725.239223054519,7464.60252136961,580.444549720335,1024.19359708989,485.151850246117,7625.52014338438,2794.83241381427,969.372859156945,7505.28037181002,572.743155077166,2617.37202906433,7498.33967851564,691.958438888407,7810.48444365672,2728.60736334158,7413.59254687817,7657.65546994036,819.688418538765,920.338510059793,635.727531060782,933.420511530101,7479.75448525045,734.551413436172,7560.28192680194,976.361911648116,826.412301935369,2786.01212071872,558.369883984016,1686.55527989612,1007.7381691453,795.223913847438,560.052519249858,2574.92646468101,1288.45696183104,921.150700970198,2538.81700803496,676.854149601325,705.491026516616,748.598149871967,1374.26982978665,824.026178679521,7739.64961505301,2415.33754987722,7474.08619424563,2595.79028394455,847.985566585788,7910.37977505961,664.387567777867,2304.9251504784,7564.32056968894,622.838546689342,728.178992375418,2254.44033589914,771.847521689673,2746.22216811299,1016.38259163821,625.758102151706,980.766032841684,2725.56801475564,870.028643187258,7661.41934127867,1119.3626094056,2512.56842212622,1437.63885130061,993.246994405381,7600.75824568805,7540.52665900685,2594.82409821946,2731.67752297005,681.69672792717,2514.56974805681,730.081490540095,7635.96495629246,932.53179581433,716.829006998097,2652.16925905183,7690.22503785221,668.397446825439,7470.21256097524,3004.65309060833,716.686877230133,7808.61952235641,7493.28020517754,7568.1516192331,804.990451941519,1148.96658977879,7538.73478551369,892.25031835876,7518.64354654575,7770.10776026699,7165.39798244963,2723.11337371398,7783.09994824165,1135.45865370735,2693.16043716066,1373.0138566506,1039.29852914264,2623.64278476401,7725.0300636905,7585.85626120429,7502.73198657155,557.283814352494,7656.94862803613,7803.7682354339,2704.36895970684,882.805260078919,618.239663018738,935.189348754335,7754.24387562669,499.19224736838,504.925238798931,692.101822693906,785.29541631747,622.948599681413,1066.73684404538,902.176010743304,2483.7126785339,2460.632086821,2473.66623599115,866.877580142289,639.727270175194,726.370278915142,700.62332109761,633.86305473229,2626.88802762265,667.030695077625,2551.98693415904,2432.1538467881,718.451931326599,2417.93011613914,7710.71817656826,2684.92315520327,905.481427621457,860.412043772787,7238.04298174034,7387.65937821677,3110.87754559246,942.984736031882,7858.21622981415,2341.24287641207,7689.42402780349,7435.66731990707,764.25263548549,637.851525130301,897.869965666407,1418.81017129704,720.007380349797,2709.94275828353,2506.33007843723,7366.89425092234,729.592080763499,708.417074614012,893.399948116075,788.804369995929,668.067895904502,751.039656971919,2927.59586053091,662.834571712352,493.618668769062,3844.27047050373,8442.98067133247,8286.59521710815,3737.45696554696,8154.77102466279,1192.30717201246,1215.11760163142,8451.9672644491,1e+08,169.853035850928,8425.14624866901,3798.73948736068,8388.52640538643,964.886240384759,1150.71410566485,964.018024689639,731.21023857443,4072.8024692576,864.765234650966,1367.93251331237,3997.1337837422,8478.96280003862,864.928362559554,3789.06265014536,4022.80928578382,989.870750821549,8310.07235486227,906.126418968771,3752.69984235804,8387.77290943543,3731.69008594956,3793.47926561502,3710.43939900192,912.453637721071,8222.42437010288,878.018382558643,8253.91862310183,8317.07841206025,1066.69033105173,8351.93835997241,8472.19745227584,8410.6863401407,8458.91726323618,996.08687429819,3747.42608379241,3758.58105724525,1068.14569789209,3750.99152157906,8360.73393669467,8224.93928049993,8289.7085867268,8341.21623186447,3781.10621282924,500.24413625032,3685.84337546954,727.736288091989,277.773723655943,8196.07189843963,4089.29273945239,283.371718647282,1014.71588642728,3648.86577692906,1295.77630600156,915.251466644651,802.411084910107,1314.39473710447,1050.42426745591,1082.5186719963,8153.1212191483,3862.62073850412,996.252642678336,3271.10771277614,8275.42364537365,1031.2967970808,3828.080660652,8311.64362157744,3471.00247406753,3829.56871912476,8355.01955973752,3805.65071202348,921.672242855052,4281.97006235046,268.698721025714,8648.32446418603,357.235800494467,3645.86657571519,1400.46727048316,304.960547633244,802.294991411988,8371.31738708971,8349.75684127081,1009.38700985565,3774.88011876389,571.977095527695,8613.04142621945,8789.7777879527,1160.00769330318,3914.43849551108,1379.51474376937,8174.68561719342,3913.63995200238,985.411159258398,3894.76090742605,1312.01132202172,3887.73660797539,676.698559938089,8324.82872105279,929.148024639109,201.950073682907,3786.51886884493,531.001971537991,8328.78657778365,8243.49916145589,806.434475546871,3749.70608634815,1135.3103364554,3812.78402581444,4040.95470599183,3888.92274329574,1213.03832936399,8293.17641980387,8171.25414380264,3703.82428587576,3819.08805999043,3838.46001244116,802.563988506211,3927.77699912026,8417.44162384011,1464.20972468091,3713.53023658036,1309.24478571323,8511.92635994288,551.643448589392,473.599403089126,913.748753099767,8355.32972157169,957.005905692088,932.306195810708,779.537461175024,954.355740370523,8132.73857971711,863.958626228809,875.608680493551,1451.77473299921,8391.73014610376,435.651763290125,748.850299342204,3849.42279998319,3690.4162982704,1491.45595924098,8313.63943617949,1291.10635616721,678.798218108317,4204.10797173852,906.936208617322,880.920555058097
1080.5133723687,1131.47890694518,1878.95246730079,1861.8045792448,7366.57232639341,7528.16699886782,2164.35418511382,2140.42618437529,7417.18481450554,1262.26401166826,1965.4867729263,2259.38785145165,2394.73657091349,1140.36861245275,1255.59927439754,1583.02237216715,2652.4743145851,2180.41313649843,7640.33932712627,2142.56426489887,1930.90357190377,1150.2035066664,2205.39998876587,1243.85045195584,1127.32695491198,7280.83460794843,1135.06341125201,1950.68056975334,7391.94020526089,1155.89740503084,1102.55650584857,7534.08923540928,1277.28767311567,1111.19522155359,2360.62071081041,2054.35953111518,7302.93471595566,2318.74602504447,1118.00119698645,1202.63798946502,1078.04726310463,7624.67976660747,1211.96771465282,1231.38307962439,2299.95340838867,1167.87644185337,1250.36639494631,1868.3936383429,1148.41022089308,7347.43732794108,2336.10664111449,7304.50171856741,7382.66946072511,1089.92411775447,7477.73335095718,1201.67810543327,1201.69436534322,1103.4532284085,1175.79806267596,7519.45328372254,7404.07148659593,7088.3818878919,7442.201367114,2627.44503385218,7546.54802941662,7623.20650683955,7500.45453981197,1858.54441462974,1153.04825380743,1124.57289673752,1081.53416150529,1215.62464886045,1080.95577572207,3408.80632405183,1095.15308572418,1108.02259250858,3729.60065627045,2831.74055441251,1102.13459101795,3455.48126594537,3185.42004452503,3251.69374222205,1122.21488661395,1301.46248032158,7983.83013710628,3121.53904153865,1269.64587560533,1078.6470298706,8388.59131930329,7784.06022975741,3843.22250586005,1101.52855095139,1330.28133258422,1089.183298589,3354.28112494463,3219.76275877962,1096.76828598023,8085.78502420504,7955.13208103687,7854.5604568221,1287.08931324354,7936.47094294357,1162.4435120426,8092.37302841146,3322.85761678397,1077.86237163059,8108.7517566694,1125.87357632048,1082.29244739073,1084.8066655209,1094.41993099665,1293.77062167419,7833.05791966873,1195.89378499727,7907.64470987593,1241.67275421314,3380.68031021785,8301.41078086751,1237.5849856766,8216.09661255292,7881.42765013236,1160.80202494096,1100.29727844971,7974.27850440692,7743.20995941377,1173.29433851919,8345.67407384391,1355.86007200517,1125.07702769632,8161.29270470355,1082.1332934225,3156.35302858858,3152.00906776321,2973.92007480301,1083.84747229777,7530.25833286486,742.934114395283,7447.83188183178,586.545439039988,1032.93166417659,516.814885967641,7611.85031420032,2817.18803375929,968.77970793743,7493.03259606412,599.817628345265,2624.26132211391,7483.70667234265,689.213861274288,7798.4751620862,2745.19917615397,7402.19054995712,7644.93342929056,787.712931312581,967.447748291947,614.737399995672,844.066203766698,7468.40621238881,727.001396232596,7546.24240752486,986.969659959922,812.656530546722,2779.49586648707,579.233505764599,1698.63458362206,1007.14511591916,792.175982856225,570.496641641516,2588.16162264919,1300.44476169265,828.50691786475,2560.10109933241,647.804788215862,719.208793334677,709.124750167667,1390.12369734259,841.438573120519,7727.9609476984,2432.95312469947,7461.16211558385,2612.71238008388,850.893281477082,7897.50838410764,613.227163684527,2328.9926613228,7554.44632049743,619.246156108366,709.363469751973,2274.24049839142,782.720135579547,2762.99181940812,1019.28119924485,623.301751374219,873.908639776425,2746.89003037912,789.260199096507,7648.4280032602,1005.0250026544,2521.8666555821,1442.00036453404,978.838400765451,7585.85934550263,7526.6180516767,2610.94436283709,2750.1222389377,634.280937156894,2529.8779606323,735.009259500573,7622.90920664557,926.177548454769,723.603516966873,2667.74072085632,7678.00237452436,670.151808591589,7456.77765242361,2997.08338910061,742.542750724545,7795.57984434296,7479.59030819389,7554.40619599903,814.056414454795,1158.68436970015,7527.79138811827,807.954177477949,7506.20412090594,7757.73064750193,7149.59251358603,2734.89078506187,7770.88779797778,1173.10875815395,2660.75739305489,1392.05375419156,1079.38613420725,2642.02231396182,7713.75436993597,7572.96860366617,7491.56977821895,562.96559928405,7644.1948536481,7792.6165204288,2727.56707935532,793.578633578939,626.882477513904,931.259571317158,7741.68498580277,498.900153097764,520.493569643335,717.092220885753,787.874388353998,636.439345298819,1080.61561225587,918.305474755885,2503.95794652244,2465.01190972555,2483.87765692553,824.80774468518,657.439607331731,703.574570583463,725.931727420949,663.784633895138,2646.37454987119,692.267870859898,2570.52655282761,2448.29693664092,661.696284559466,2439.06043496791,7698.94861285103,2705.6092016471,818.025601052921,886.31994132268,7223.20925539834,7374.45561026711,3076.28067759009,965.033767722628,7845.14440041431,2363.34794616071,7677.59401844483,7422.72777155191,770.993887006975,639.506698115828,890.100788894413,1426.00063799344,737.90944732599,2722.63716362948,2516.87864653623,7345.20206656832,742.14095405898,737.60676150329,899.025279174787,792.276345826553,685.384599811323,760.258588096919,2949.00284211815,685.502967227321,490.174953686359,3877.50253432738,8428.95781928496,8274.33433994536,3768.766804499,8140.58408038008,1137.92161701312,1217.42338231809,8439.98950840435,169.853035850928,1e+08,8414.31446780484,3831.63859080355,8376.40664040884,968.040598410234,1145.77149883884,978.69759701514,755.839309615452,4100.94209111,862.497523934801,1311.98163178965,4030.90961689188,8467.01810658075,839.65699042012,3819.65791713589,4051.29639044843,978.483355781451,8296.88491185052,867.92572561973,3791.100061567,8375.43397639744,3765.16513220543,3826.97698705913,3744.30324954537,939.634965669628,8208.03818906435,899.777613147814,8240.83999428633,8304.85694389367,1030.73131155995,8340.33841910635,8455.43570256721,8395.60179199212,8446.16566483761,995.274281273451,3782.99148262815,3789.06501429633,1030.32601761671,3785.96219016884,8348.52718999879,8210.91327527872,8274.40161994729,8327.63338012673,3818.41333107202,452.310021874337,3718.4798073402,743.951532872056,258.182824712141,8180.14214589873,4125.89333173685,277.693580485985,982.527752969482,3678.53995055223,1230.7457546522,916.868888166886,772.717915295581,1239.5465482186,1091.36044239191,1080.23186965894,8141.12610181066,3900.80729676122,940.663207055647,3291.69811459771,8261.79504610998,971.11799018997,3860.14066243958,8297.23208007089,3500.08887709897,3863.30637090605,8342.79212499925,3837.4968088875,913.33713855578,4295.42409143851,258.588307272934,8641.27569511407,347.051326856509,3681.50879761402,1330.99675263698,265.061361017573,796.836771826103,8359.51532873049,8336.30581049214,1018.92818601779,3810.28270702085,561.445202007351,8599.73441429419,8776.31114195136,1143.54894029623,3947.43473109485,1310.25569895371,8158.62629996718,3945.15218205595,990.451143937333,3931.20329782067,1212.44471573916,3913.21028117255,677.620419208276,8310.69102302144,910.690803105095,143.935409868583,3817.94269623243,487.618836045351,8315.19386452163,8230.94656521681,831.613423787708,3781.83556777292,1133.86270659191,3848.07716468764,4072.01004596715,3923.95095652415,1171.86258805732,8279.67861378957,8156.67860165704,3738.80344679257,3853.01466151652,3877.9604071518,793.18325580617,3965.27662377707,8406.03867757557,1385.2360146332,3748.50773998566,1305.51007143554,8496.70077961183,547.984456074944,435.143580404382,912.34729582267,8340.31841904884,958.175550823112,880.277659915437,742.498082936328,964.516897304027,8118.7743649103,882.520001729553,854.206511494537,1384.1072664141,8378.27182597636,413.846923744071,745.002045689042,3883.67809498234,3723.36018383098,1416.88093610104,8302.87084147796,1202.82320350632,619.34615246554,4226.3953856005,929.562708414636,893.687949382633
8322.11866872386,8580.59811347079,6784.31160805269,6804.06645053823,2377.11562548149,2338.58593521858,6467.32201377724,6493.18267107658,2363.90015010955,8882.37545458131,6686.01041405857,6365.64939344956,6223.37577601445,8607.76464360007,8869.91277017749,9368.76571543049,5959.15701916808,6450.02729149555,2318.24436525402,6490.86736022433,6725.0316076122,8635.83051008969,6423.21228127614,8847.48418410925,8567.19790963096,2401.82971407283,8591.78465850053,6702.67565523374,2370.36274207001,8651.29057159206,8472.58464436199,2337.37886175194,8909.84284975537,7990.25447477476,6258.98130042992,6587.16991151474,2395.18299758172,6302.91397747297,7964.62299623271,8763.13602379818,8268.62599144119,2320.76217116678,8783.13146688814,8822.9774507102,6322.71586206177,8682.25214872888,8859.99816831616,6796.4641297304,7869.44974525568,2382.37963863539,6284.66867392047,2394.71894653582,2372.80063563139,8404.88418480871,2349.45871278843,8761.04373970597,8761.07923868401,8476.65156402704,8701.73176903663,2340.38869064623,2367.22496194002,2467.5447364115,2357.75133632611,5984.47991343335,2334.88759490339,2321.00446085751,2344.42928246209,6807.8333705306,8643.62041754646,8558.01849671443,8163.90025458132,7710.98228292336,8327.96036425651,5220.35552304076,8435.80869451933,8003.05768084709,4920.13398594483,5779.63115218126,8470.64651218859,5176.22034244399,5433.7803617135,5370.07735229868,7949.78498887518,7551.39757729004,2289.96387242723,5495.49957610587,7607.08325759109,8209.88900737901,2323.53847140304,2300.09656328304,4815.54285165614,8031.47653778412,7503.52033799451,8099.05251266978,5272.11207716189,5400.72853959872,8444.40053995392,2291.62380839013,2290.33020244266,2294.50217125221,7576.14563294171,2290.76491108486,7832.15017089763,2291.88985996627,5302.03782352242,8248.35221178482,2292.63467051336,7937.43365849676,8155.47320801825,8131.7477850776,8067.38446942267,7564.56310127751,2295.97593568467,8748.28733473568,2291.74059188825,8843.25836288528,5247.02657691023,2310.26206065146,7667.03507612883,2300.44925323808,2292.94832303484,7836.36053286799,8037.27476903985,2290.04513012767,2304.33889506766,8695.65226574845,2316.5956301847,7462.6938284582,7940.08388607293,2295.82499364148,8157.17845658318,5461.82481960322,5466.02152139827,5639.35432799698,8140.19478589557,2882.63756242875,8799.8544164564,3224.80769461654,8928.61986434875,9167.56608247338,8798.04547692311,2965.07315376406,6637.47268102154,9009.66076528304,3077.35750857752,8773.57019896228,6929.84424354853,2982.26877105496,8547.73521890414,3218.48537994102,6725.03104958726,3059.72296480452,3310.86199853974,8403.49826712097,8126.48191164118,8599.52500775512,8724.28060336735,3391.58125771083,8572.82740334482,3177.3950374092,8815.36895518971,9161.33233304116,7095.1749119907,8930.99095271742,9702.33848389569,8855.52048566684,8743.97962214542,8791.35321087813,6803.08690916885,8811.64518082578,8696.44633353509,7002.86211368346,8596.83904132438,8798.8255560918,8867.09149429724,9634.30754785192,9145.47056647233,3183.71582211926,7058.49905401918,3042.73628672581,6859.63034998779,8754.9616051356,3094.90014706481,8591.30566939221,7124.39125171138,2826.09670798842,8583.74386661784,8514.87982720234,7061.99139289711,8999.54653434247,6714.01529808198,8770.19787145328,8754.00309845477,8271.59706817577,6731.79124100398,8738.39051103327,3028.34240698924,8658.23525225982,6968.51480936778,8894.06232149984,7980.553488174,2922.90964012286,3012.10388496269,6946.41044567865,6813.1519837279,8673.88411166554,6853.83233872399,8885.40520826519,3438.12058271208,8801.56614236192,8914.85780022461,6850.29406668203,3264.91840248203,8561.08914672554,2993.97772629311,6863.66601876555,8610.33598475965,3199.15449762852,3038.03299012314,3414.59103854231,8796.50826769672,9141.97741464025,2929.76431523586,8392.84681902306,3056.51552238921,3358.32729042927,3238.87380843531,6834.32112578745,2987.85698436453,8513.83868328237,7277.09842912114,9567.87781542771,8376.11889629429,6754.14352840064,3264.37882912157,3060.54915547625,2692.083211668,8796.06439654527,2991.73133277277,2990.52238472141,6881.30402186145,8685.53594979397,8960.26016628245,8811.51547289345,3104.79308999737,8743.60667367493,8887.18533369026,9032.16336711469,9141.93760315514,8832.49492860973,9137.09063539126,9143.01508713783,6956.38419166543,7276.71030123297,7011.36046664012,8380.07243938446,8688.08301665598,8548.30480566624,8633.29973038931,8972.15887596711,6930.89607801421,9047.75945116496,6818.18426258584,6929.05101119695,8597.85076840882,6877.75504714427,2954.05668461996,6751.81688214946,8761.8696802797,9103.92609981088,2865.68539173913,2736.47725633973,7012.31580519657,9103.68497278503,3150.01522807377,7105.80142009903,3321.09839203997,3059.64123662294,8772.54215581783,8780.58172879746,8804.73245697372,8774.77937387248,8983.02448916073,6713.14579928231,6856.38739974495,3640.12798699268,8477.88012350222,8609.78388204749,8786.68402880525,8694.91104295953,8672.7606980156,8479.29802434818,6706.31863629941,8641.0658620859,8848.8502542542,5228.61030979132,753.59967754934,321.920171744827,5368.01822237455,754.136029569803,8720.61955630007,8767.67008487327,440.491841550349,8425.14624866901,8414.31446780484,1e+08,5266.78111192031,713.338312191059,8810.41019274974,8713.25879519734,7869.85510781603,8252.22197270578,5060.61760287954,8154.05387351769,7554.15316479934,5106.78418359177,447.545231909912,8155.24119887763,5398.20752504319,5015.53410825833,8771.26959780204,365.474298300145,8127.37453097347,5250.22473920455,359.334074207892,5220.59281452147,5244.7118804927,5356.25488618464,7970.06250983923,985.140451730156,8443.54636755525,420.861776375149,803.835570125297,7907.15837957418,202.217340131593,1166.08212617649,630.576597223264,398.645558570527,8657.85798100846,5212.37977954067,5350.45051327683,7917.60621702423,5286.06357596326,831.175435778743,755.444684658247,900.670717072677,912.042144020889,5206.49913603874,8419.1974972528,5423.96031224402,8364.41201580089,8247.19159969989,837.437178873516,4936.70224626592,8245.12651754124,7971.33034357139,5410.81546347006,7680.5291116405,8799.61208566642,8678.46970150989,8664.8001936978,7943.4191051251,8781.26758264813,484.828266128975,5167.46920382133,7996.33608629168,5830.32436301821,653.809780721723,8593.84221816494,5209.3434730883,690.215531829603,5579.32532316067,5251.99677387993,254.238213677556,5227.91747752111,8028.21741546124,4991.644029607,8324.86314218403,1018.53791348693,8190.07990628035,5459.79585970604,8789.90955216209,8246.36519724551,8158.23869649394,299.022482595825,916.120762277092,8689.23785669257,5304.84979772144,8273.07463713455,1098.34445257274,1599.49241198016,7714.31770153137,5111.48231219677,8835.6706703518,1184.36278438993,5060.66419762928,7905.559178084,5183.9313141615,7757.22076882624,5002.77778585575,8400.48857145626,667.490934265611,8049.73348259772,8361.8711916414,5323.70299710788,8319.02723732191,1157.39583096174,395.611641846318,8258.84127434031,5305.66309431596,8670.33706484157,5287.60340890977,4963.93042422085,5186.25784355431,7734.23635997635,965.104706695458,826.879652121022,5313.08817771121,5328.12891811907,5228.31906922373,8173.50848608402,5084.20503489022,840.528540761519,8697.34607656421,5370.67828278687,8750.86411064222,939.339458212406,8218.31328939702,8400.40169506983,8660.00629968965,1154.20624860154,8717.09961626667,8160.21706932347,8612.38301105715,8656.45214770176,705.36115928849,8734.60206183466,8076.82788398158,8911.85764468152,762.296320108992,8453.09949276989,8245.54128701248,5091.73528797805,5355.59756159429,8792.63531828034,586.545520202869,7763.21449285662,8476.20222597963,4884.24892254892,7968.17640763798,8799.24564611346
3940.89265946201,4151.53750623259,2884.65626771553,2895.07949691334,4998.01869592188,5139.93517363534,2733.59254817735,2744.70485531154,5042.33563911677,4404.79888311158,2834.47461688586,2692.15541590324,2640.4815821044,4174.03283533801,4394.20093195939,4826.35751905269,2565.65322520242,2726.28869808539,5239.14265556431,2743.70070969547,2854.05331767876,4197.33931433148,2715.16913505961,4375.15669287409,4140.46507500894,4923.23326829933,4160.79282360507,2842.78047897152,5020.21569357072,4210.20608319016,4062.74502888775,5145.15910044263,4428.19583469922,3680.76377915041,2652.69916669796,2786.97108544924,4942.47494834611,2668.43790010777,3661.22500346341,4303.8720908225,3898.12439053688,5225.26035379798,4320.72183543296,4354.39024589869,2675.76786734875,4236.03384914221,4385.77785381554,2891.05517400142,3589.44055237306,4981.29628693954,2661.8134051538,4943.84021671966,5012.10013342591,4007.64389030902,5095.51254743796,4302.11075386717,4302.14063495555,4066.06892901945,4252.3237700303,5132.25178115757,5030.84160949019,4756.76366054395,5064.28566682758,2571.56941594925,5156.15395098558,5223.95483604542,5115.51135790648,2897.0795847983,4203.82002817424,4132.88934772305,3815.29136856643,3472.76839818926,3945.58128215033,2522.53768166526,4032.75877952008,3690.55541386616,2580.31929409385,2531.76022339403,4061.16153468477,2528.26819543748,2508.29151780481,2510.21337910476,3649.95332134305,3359.22821687569,5546.11606197899,2508.30756848757,3398.36913384201,3851.51638870456,5913.18130619048,5367.02578301097,2610.71431459846,3712.36416523422,3326.00491409924,3764.62533150216,2517.03516102814,2509.04211181039,4039.75287573069,5638.07168647662,5520.29826712139,5430.05718779549,3376.558196075,5503.52591378012,3561.64834715321,5644.02581537257,2514.45293113178,3881.99461478907,5658.83494802598,3640.5928669337,3808.67952954461,3790.10877882463,3740.06460233698,3368.43434910426,5410.81238193952,4291.3794739686,5477.64222452564,4371.57265456048,2519.53802844387,5833.68351379689,3441.08699319248,5756.11089011293,5454.12794486395,3564.7756259464,3716.82625085932,5537.51980882862,5330.59201458934,4247.23645114353,5874.01789752599,3297.99808561001,3642.59963069902,5706.4008196573,3810.01680344748,2508.0704277301,2508.07010181122,2515.4385398274,3796.71304367188,4736.91134700943,4054.35230824331,4862.79899570302,4254.24437948815,4378.51053981941,4068.75018662573,4838.07606734894,2027.21234142842,4225.94175481067,4724.27730583042,4021.04086684793,2995.28434003134,4737.17885756558,3898.64878392501,5064.84866804181,2390.08266141711,4618.80811041299,5032.56802711167,3815.20829978805,3388.67079150112,3984.57679987533,4312.90308488405,4905.61702994139,3923.81727548461,4877.91294882841,4015.43573426097,4551.82538678478,3447.94454990242,4277.40054923997,4859.92659388361,4076.12044578317,3981.0781531169,4057.68346891199,2281.57128630752,3992.12743859301,4269.70911881891,2542.92434539166,3986.84320509923,4018.41413365763,4344.39543612253,4878.72172340689,4502.16445520138,4956.12031428429,2729.18809104224,4742.42074883844,2752.79812334081,3973.39397995328,5119.87629981325,4022.51023238664,2301.31932480079,4677.71394221232,3923.80763998511,3892.9788348701,2637.91401684952,4233.90889953623,2482.16191524673,3991.26791593926,4097.12297848166,3919.25092375907,2291.89274141341,4268.16108656721,4859.09008830578,4363.53261158363,3024.81159329343,4137.2272928963,3411.976055662,4798.29939659729,4789.40408321416,2756.98224997485,2482.469480273,4090.32281798846,2257.31305258504,4125.96856609747,5050.60053726805,4037.02262916098,4161.18638047182,2567.1137064408,5028.0271747556,3902.94935022155,4701.51837496379,3399.96559846168,3883.94248392262,5051.59576578317,4701.37497866736,5067.07703356107,4016.67100473691,4319.9636132389,4701.08033859269,3941.43820404419,4770.02786188398,5132.18114398163,4563.92988818514,2766.43747772739,4932.6496750296,3662.98129640114,3882.93796597562,4711.42823646285,3541.72156157265,2259.58440389371,5037.96088918819,4784.09063904486,4579.18878608266,4069.9143276781,4856.63061660226,4943.13627354252,2408.79847812678,4244.46777751325,4269.54904363443,4039.13440211601,4971.4601895632,4077.57247956841,4238.9303419103,4276.87678301106,4473.66980120888,4087.01299469401,4318.34654468187,4357.81418314443,2425.8904433002,3431.15464411407,2794.12166227171,3819.03389188752,3983.35176722143,3931.51291755007,3898.17694307847,4231.3894228924,2693.32474200516,4363.37333654059,2342.45972941291,2285.35861607021,4041.34628245764,2243.21589797413,4848.55280375926,2271.33202797676,4311.53604733404,4311.69674319881,4461.58713860924,4519.0424089822,3842.15648205121,4284.68824429497,5075.87486823563,2318.71867574795,5046.08935755963,4676.50939240569,3991.81003552603,4036.84665894504,4042.23654773347,4011.97298462998,4212.97966388596,2574.5503611837,2321.58855662164,5295.50240840657,3796.75488467938,3874.9327155531,3980.11367913206,3925.32143443231,3957.16434201167,3817.20166111802,2550.41213942165,3927.50944515361,4224.8124857318,1261.89313147416,5428.90780289846,5189.74794551091,803.660857174353,5057.93906941549,4428.90377202504,3976.73588632914,5297.99523919482,3798.73948736068,3831.63859080355,5266.78111192031,1e+08,5242.16117479308,4011.91711119145,3958.93578236359,3244.43540173695,3587.97972924042,1572.17720823991,3555.33377820633,3240.6064707513,1363.13114088843,5374.20756389088,3596.53391674047,677.410830177099,1381.14033091764,4033.83883765393,5227.02663169852,3605.5764489438,448.030540617913,5299.88540204889,338.727162541739,1135.24311751275,194.830037605428,3306.01507840541,5134.8745332352,3695.98619416476,5177.55229776517,5165.27717181786,3424.10639957728,5214.42248696909,5431.28774754756,5318.50764850269,5378.75084707797,3873.1213640731,888.826876807953,361.252004736119,3435.95960889127,585.832434167556,5194.67673163782,5129.41566655379,5208.05223543267,5230.15434940053,410.979489768922,3953.4358499447,280.069394236395,3695.36683487374,3631.32274802948,5156.44502670176,1248.20636879453,3631.90655216015,3463.90430427411,446.965945460883,3370.30814967943,4005.49246561782,4246.44323638216,4464.2938080285,3173.30191096584,3998.1829020684,5070.11295560979,506.369575556377,3547.02398733415,1761.86584459857,5174.06477321566,4285.71505558139,135.423756775885,5224.46866011506,573.054261928653,710.162582829228,5219.51624927005,92.2145315304378,3451.51712778223,2142.07866714549,3698.08419308426,5373.67941852946,3556.62066951075,450.727227246979,4569.99176218068,3647.84531476794,3560.30654518088,5269.72044654669,5228.09471256872,3879.19224816115,513.30443008879,3578.56456415688,5490.70519448845,5680.51818765872,3198.47792049249,730.198802882391,4608.14801673185,5126.58967801557,542.42290460283,3305.83957995506,908.645197454738,3567.35659040226,1350.00900426781,3769.10320998669,5237.60030528342,3493.77923808105,3802.8537554455,499.83222332559,3861.01941562701,5216.1876917297,5118.97650495087,3557.36768852404,171.575497010982,3913.62426145214,826.030021562696,1406.34678572845,392.869155168153,3312.13497376386,5174.54042468626,5085.00336743265,223.946254970567,1370.25012262287,698.940357966327,3581.13401509484,527.381687156013,5385.3841679598,4538.45855422305,135.885269755528,3988.08501159398,5438.92270934798,3528.26721322303,3917.95899499458,3882.58657336478,5278.46077495435,3928.47188055926,3673.35687714863,4193.25156190373,3837.72201164993,5047.53184983415,3911.80497447362,3524.97644395465,4681.82922848912,5269.63552272589,3940.2863863162,3644.11883356466,663.628557430644,418.722536764254,4618.98796178724,5242.46467193424,3526.278642187,4068.03809618414,1716.94516981687,3311.30739757652,3991.92664117149
8331.09221575366,8589.94435520125,6790.42905744207,6810.22949993495,2344.64436846628,2304.11529687594,6472.6660546377,6498.59290433836,2330.79359800979,8892.12758101774,6691.89658392754,6370.72747624827,6228.06565434675,8617.148668226,8879.64871703976,9379.1135995465,5963.07161059554,6455.32674070338,2282.44612214735,6496.27169079793,6731.01046767643,8645.25330193067,6428.4420719741,8857.19089089391,8576.5254202685,2370.44906981925,8601.1464892453,6708.60155543696,2337.57216473938,8660.73460366172,8481.77810053358,2302.83673244518,8919.63046529913,7998.71156752816,6263.77015111441,6592.81592803768,2363.51974223252,6307.82325456415,7973.03827822708,8772.73133751398,8277.51929301429,2285.14569536145,8792.75339353425,8832.6520270088,6327.67881843688,8691.73847554332,8869.72120899416,6802.60966490832,7877.70721644564,2350.15034903495,6289.52816235884,2363.03568854842,2340.12655301829,8413.97973737613,2315.60249324408,8770.63626121081,8770.67180757507,8485.85084826996,8711.24454123443,2306.02350063234,2334.28231054833,2438.65208494072,2324.33357669779,5988.47208671251,2300.19554380758,2285.40514908644,2310.29504882634,6814.00508236839,8653.05392190111,8567.33314001386,8172.6331918574,7718.96768741422,8336.94260771474,5221.63412518283,8444.94917636426,8011.53555086628,4920.08446472666,5782.9740931929,8479.83718882862,5177.31461825865,5435.90291213557,5371.95588805836,7958.17593437737,7559.09655170269,2250.55044413719,5497.85250387532,7614.88365074317,8218.69290602022,2281.02695810996,2262.69292263013,4814.98617849902,8040.00027239106,7511.13081619254,8107.6839203545,5273.60240639248,5402.72529084658,8453.55344217874,2251.30004161481,2251.1877290327,2256.35733116647,7583.88987875475,2251.80197332467,7840.34466923894,2251.51015900609,5303.64845131305,8257.21480896402,2252.11746412448,7945.80427148048,8164.19304923404,8140.43059947947,8075.96565934841,7572.2861990365,2258.05365948348,8757.86280165256,2253.06005991041,8852.95954278576,5248.41487360069,2268.29866644548,7674.94288370736,2259.08679596652,2254.52986805325,7844.56217183523,8045.80781853786,2250.72118521081,2267.37931780126,8705.15679802795,2274.34558258381,7470.22787453868,7948.45886753496,2254.88183077884,8165.9009501829,5464.05277335206,5468.26514401451,5642.22239028814,8148.89080953918,2516.39722661724,8757.71792957521,2955.0018577542,8899.98555099342,9131.16275437204,8757.97283862312,2619.97677584317,6489.66981432997,8965.67314726362,2726.59323624324,8731.9809032699,6795.21676285233,2628.98541319211,8503.6879345583,2870.669737949,6576.43319558412,2699.58844290581,3020.31091286409,8355.33215147645,8092.30643739205,8554.96404683339,8686.78824073031,3142.6665600294,8527.33200486011,2852.53390618554,8774.06378548341,9125.19415264974,6974.25021902728,8899.90295412792,9657.74391812948,8811.7842530254,8699.31832170883,8749.71257918993,6657.9557540952,8760.19014315761,8655.56236675295,6859.65967990944,8552.45830438698,8751.9628285346,8843.78863037245,9617.4263995138,9125.0388046107,2827.40393375316,6923.08744027147,2710.7103002411,6723.43384894127,8709.91273585998,2752.16335792277,8547.50838081816,6996.23556369914,2444.63881103397,8537.51536165674,8471.16172779647,6938.40797827804,8960.82514329136,6565.97872090975,8729.35564534102,8712.46340113829,8222.06603378693,6585.02627916316,8708.36292162043,2674.32077012148,8623.95815873303,6853.0292285145,8848.58836522832,7938.57816065882,2529.57797483967,2658.149633657,6807.22369454195,6662.75233134125,8633.33898327585,6714.5516527525,8843.00804961907,3145.10307519837,8758.70127758238,8875.60769092451,6704.74153923199,2960.74691336313,8520.28867892908,2630.70015742604,6746.37953509429,8565.28632049972,2838.92188747143,2656.04960601565,3155.34075712562,8756.26877070284,9097.23705983841,2580.88600209705,8344.76546680419,2714.74525523827,3049.19836421533,2959.08762410844,6684.99561274293,2608.27097740582,8481.01606061772,7249.19503702354,9524.73176581162,8342.71021312518,6610.79205935289,2951.29456008111,2693.86490741217,2275.08164465257,8752.27240300946,2632.38427709607,2610.79923600656,6732.63881657733,8645.29582527157,8930.53412696089,8768.13901564449,2755.46566922467,8707.65940160358,8852.06746317111,8989.82311074417,9113.27980648735,8792.25597438014,9093.6517235307,9105.86973521647,6814.85688785145,7185.3754591544,6872.75691122847,8331.59044999187,8644.54225021165,8501.61494777466,8590.70345968849,8937.73546840959,6785.25886764894,9016.18948461254,6678.49065008393,6792.51157319784,8550.68157267066,6746.85508616769,2557.60233356803,6607.06654823773,8720.6044839181,9068.02240343368,2524.89815468239,2360.93042181078,6957.59172162865,9061.78059563151,2795.48207287592,6974.40670409439,3025.87260059628,2725.13213919629,8724.42861502498,8739.75913520456,8760.40335971172,8726.73227892057,8940.64603428907,6567.76006871679,6715.45235011289,3540.91480139945,8435.03827317238,8563.76941150144,8734.09440788444,8651.42449353967,8628.56000110388,8434.37638801989,6549.19680808368,8598.93124782456,8818.39631002704,5153.34529976395,1289.27242597036,831.492405023954,5294.35950567239,374.564256150514,8723.99774023525,8719.95290405081,339.418940466178,8388.52640538643,8376.40664040884,713.338312191059,5242.16117479308,1e+08,8762.91452783393,8664.25743799038,7839.41638894079,8211.72702257105,4960.55578348305,8112.86116565336,7521.13438711748,5033.68087994655,1076.6649162253,8110.52547220317,5389.36057827705,4933.26802084896,8725.00466482749,624.489952960767,8082.52177919339,5226.20954904938,890.731827378717,5191.5172745823,5174.63216896331,5340.1567067546,7947.74864082072,387.915227334676,8406.097047136,858.030869840487,166.225639933031,7871.34669819566,571.751656301289,606.406951089747,303.598760350051,899.923859766172,8608.99385358607,5161.12095056675,5332.54854908006,7882.12957517842,5241.03963295249,195.498118926006,301.847068295016,311.395343146504,287.086458145524,5182.59403931408,8400.13496790521,5383.80767926523,8323.01960931288,8209.40719661034,481.381365841382,4898.26025209383,8211.35638743582,7931.02170932368,5395.73822170232,7642.14532128474,8751.54364774453,8677.24543105501,8666.71085047469,7941.46600925366,8730.76635982925,936.649577510051,5134.36649737123,7952.12478969706,5686.46764676733,257.808128757221,8593.89283213649,5192.67633034191,275.659018627417,5524.59709449458,5198.63144152017,530.618973579089,5198.15626586956,7991.41269426513,4872.65293526387,8277.89529686468,677.587166404489,8149.04493959529,5448.61676091588,8793.46518554356,8207.49897481618,8115.89649835146,892.780987161352,274.705701713418,8638.64636478478,5260.45174809323,8233.23756266349,513.808692601022,1041.85306347691,7700.97019063316,5069.43853396577,8838.2676052235,604.765954753338,5021.27876244101,7885.04997168569,5126.42804901168,7709.66067803097,4941.11420622704,8358.21038428522,273.117913839006,8009.20918386646,8322.12017884293,5317.42184825179,8305.91555530619,516.441005025618,448.664152712945,8217.69097662394,5284.6599014135,8626.66246200277,5231.19471177935,4914.27951798037,5157.33749240039,7701.2316259189,308.395530116907,382.040320541967,5290.20501387237,5228.55605592017,5194.81866016704,8131.44755781892,5063.09686357545,1381.28901479834,8699.91918895108,5345.89657336935,8698.14719713946,386.844466793574,8178.09765177421,8379.93129816578,8613.43533120106,549.786244123614,8670.52512619439,8117.86660743749,8607.41649082087,8603.33686817151,487.173357834185,8681.99894314398,8035.71181795437,8914.37554273957,116.212377349617,8438.50985871488,8201.99819564766,5050.20746450073,5343.16162344993,8797.30471392069,1139.96789305281,7719.36298632552,8465.07068905417,4813.37385485087,7941.39582202311,8753.75039956547
1224.6345977976,1154.59918051194,2354.26465695589,2335.93375330198,7890.42174904861,8052.05392996959,2654.80412187926,2629.87074379228,7941.04668569303,1149.26704057575,2446.21868975982,2753.47470822006,2893.17462351889,1150.63988455345,1147.80392894389,1307.937908493,3157.20975688935,2671.5164661907,8164.24865431208,2632.10025108718,2409.57325550555,1147.26333883223,2697.48739339788,1145.53181512868,1156.80051325612,7804.66139889325,1152.88691435546,2430.54547851949,7915.79594975245,1145.71539049112,1176.92183652806,8057.97742067608,1152.99413325314,1388.06024071952,2858.04241260843,2539.84246858499,7826.76753124253,2814.84900763503,1403.46738784956,1141.18239614548,1245.91669960258,8148.58613602609,1141.61083008847,1143.58273818331,2795.43746001076,1143.28566337235,1146.74217364254,2342.98202060399,1463.58339826973,7871.28187066712,2832.76623050926,7828.33495590736,7906.52291424593,1196.08852937828,8001.60926529276,1141.15928361546,1141.15964142762,1175.89482401004,1142.21702509906,8043.33835455499,7927.93019556187,7612.15024034537,7966.06915064769,3131.66015149883,8070.43882643658,8147.11259523182,8024.33549246638,2332.44420079277,1146.45557943469,1158.40256120905,1293.55597898644,1572.7233216707,1222.44214749684,3923.68869159034,1186.85325265055,1380.49566313704,4246.8130371889,3339.75455670662,1177.41630023889,3970.75181422314,3698.15349834827,3765.11955846485,1412.54348847024,1692.20805552712,8507.79190249222,3633.55543508637,1649.54252186061,1271.69813581566,8912.58906118356,8307.99428915838,4361.09738491477,1364.02645505748,1729.65312720385,1326.72610235779,3868.68533261094,3732.86125811945,1184.42983440018,8609.75822492262,8479.0903106017,8378.50513745168,1673.12510332766,8460.4267960579,1488.31264947718,8616.3469094124,3836.97346802482,1254.53686351405,8632.72729896233,1420.18440229103,1297.71420100771,1309.66851114924,1343.8714822074,1682.03253029054,8356.99946168665,1141.10744496917,8431.59677031604,1145.15587887505,3895.31945493619,8825.40280270456,1604.75120270662,8740.0820140969,8405.37613072329,1485.49002652921,1360.72180048038,8498.23910880942,8267.13742010253,1142.51232113002,8869.66912811635,1762.10749165185,1418.53838339221,8685.27329232483,1296.86901639805,3668.76651980332,3664.37384895089,3484.06707248582,1305.37092755351,7944.84670757323,648.27248331482,7914.35803266642,844.128895151642,510.879708142442,662.98763626256,8036.14024272107,2982.21467662448,283.044449136394,7910.10775813774,516.717867157943,3241.99600907511,7902.99063585186,911.066669279531,8245.09521831872,3099.72588778102,7818.42964156706,8130.29288453203,1092.10754870127,1185.00733394398,928.312065734743,1312.95478579353,7972.37908683903,944.566345663054,7997.21070501818,226.208644973606,1120.37663186699,3490.15893482824,996.088903533612,986.470147315603,188.582506621583,306.051078122074,548.273625615303,2830.28945583409,518.806547866488,1282.8024953309,2893.49665255105,927.099840346715,397.688849653268,1191.73809219233,1108.07355230434,1151.13213303591,8152.51758205487,2891.76726499299,7901.73509367025,3155.00424311059,281.932925909336,8332.11258153259,992.633967787723,2324.15949146046,7956.7901788063,843.293369079905,969.560822305635,2725.17506062632,502.215980553376,3181.35043626932,233.786230656507,831.279732179507,1300.36364253058,3054.07969975267,1169.65031161007,8064.75212792368,1467.85244005333,3201.21197340412,751.639193399665,1345.8046732932,7993.40128531465,7949.38455836511,3110.46217213128,3116.21080490811,945.09439920581,2727.85250077332,414.103672779425,8112.238433178,193.881968996775,444.396587777467,3081.33133877512,8152.2867941933,861.59324900329,7875.14520566044,3711.34709924709,818.11617292594,8224.63770995968,7886.73564373221,8068.2448675703,254.142505804774,358.233515951654,7944.14810977466,1184.68392877631,7941.9005562804,8233.53456581691,7606.12626737676,3240.90965072111,8175.08084881018,774.726894582206,3505.76905005243,816.430519496713,856.528421377207,2926.6496523249,8183.77975229184,7984.31881595975,7877.59036234697,562.410489516939,8062.18969775268,8200.56713183276,3018.29081527436,1263.53003204468,797.552597139632,196.225694538535,8172.54473536177,749.289297295767,961.27618790054,707.658504204309,1006.57401248146,508.596891498585,384.44137286639,560.612805454673,2799.53195762385,3226.22733506498,2989.62736973277,1127.45490343401,771.357370628769,971.662847903548,737.582692108619,692.978348730987,3105.42158172332,980.881098048437,2896.01912830619,2636.16533303276,1045.4946044471,2681.09678752018,8102.84989489707,2987.7686157328,1233.98942447863,564.596427153985,7637.82072216846,7770.78073430093,3856.21117050261,434.926998390884,8271.00950361945,2407.68429407034,8155.5079614782,7850.53873717458,367.259798009514,438.338392854414,171.126506770767,755.069571363123,543.958708083688,3197.31732174404,2748.42629626369,7986.41060747076,924.636825261377,818.50225965469,242.796775681597,311.78828811237,779.231412854062,1002.04481204578,3364.48214080251,767.407418631495,930.183124593119,4266.02469208491,8870.64790240753,8689.88262348121,4027.19097837569,8530.50515798591,1637.03433079272,399.368195753164,8834.52383630468,964.886240384759,968.040598410234,8810.41019274974,4011.91711119145,8762.91452783393,1e+08,404.680914348235,1332.89378681318,993.873184630188,4525.51534979613,1173.11801802224,1732.00473211344,4438.76144575189,8883.29564696894,1167.41529138975,3903.0142369865,4461.28433907013,257.773563609628,8711.65044064397,1224.57130337817,4047.44211640445,8796.31237120326,4012.79534181921,4196.20523202411,3903.0605804442,1223.84361899459,8597.84362297066,763.603884929952,8661.51643298676,8683.36114010956,1394.32122165599,8742.90518201676,8857.52964680336,8797.21954452244,8872.62813180261,241.07597087306,4131.48830283529,3913.42443995495,1379.81023753687,4060.85872601013,8724.54648924888,8609.65205684155,8668.65020546696,8718.21283521633,4070.51925868952,1283.86930248553,3858.50034259917,907.08023598788,922.955253622796,8588.41918058057,4535.25680197958,942.346321866386,1350.55928679729,3803.03326619927,1647.12286103311,127.186624303457,1400.3817306246,1764.29284249993,1188.54351958058,244.145958325309,8555.8124448575,4168.78624722289,1333.86951833689,3698.31250296361,8657.86024934324,1604.8731552809,4041.35515028748,8698.35669286786,3654.2687503246,4143.15257047384,8743.10900398408,4029.33567281973,1252.24945141884,4784.45390135675,925.231565199906,8998.40913401525,914.48616933759,3806.2014892687,1751.62157649549,948.207365452791,1123.14882145144,8775.56546861165,8724.56966659275,249.11372670363,4058.3810869342,662.519684804642,8986.51908981846,9158.62313413773,1520.07438820127,4254.30764053768,1762.89952736512,8548.31128592238,4226.10594363168,1341.84367075801,4260.01314556521,1653.51110307731,4349.60802743697,940.791848284931,8712.11339922299,1252.96613590284,1072.6354650271,3935.61902324574,1286.61532791658,8692.82661802246,8629.53645806973,975.658223787914,3941.60075223231,409.000437707309,4146.18749376905,4509.29118238599,4165.55863295153,1560.39778877308,8662.85516100293,8547.57296158299,3928.44608327285,4236.49072912017,4177.05332523973,1121.17280484026,4241.15510601344,8849.89756268753,1823.63762401375,3925.52718869946,568.087562132742,8895.80130891999,723.656750456233,1254.23336577048,203.118987685008,8731.51633220692,145.432205077365,1227.89825830844,1411.56099017781,295.567778378023,8515.22144035408,269.292823061396,1214.8233487305,1792.87159275572,8769.32075159566,1188.26659257972,1076.83364579151,4196.02943725464,3868.03088986727,1843.72007023786,8733.62207827056,1626.56648875735,1371.30639619827,4688.12589198316,1236.66309737711,130.822655043598
1162.87686771006,1098.35530781779,2295.74542279884,2277.29916539612,7844.92388152432,8006.68712110836,2598.03531779222,2572.96658808633,7895.59040793043,1103.74130222127,2388.26305337414,2697.22491173419,2837.61622212269,1095.1864681872,1101.76588234621,1283.32658902401,3102.8316486305,2614.83742435297,8118.9699375782,2575.20826865197,2351.39602313414,1092.66740475957,2640.94632669546,1098.5830648032,1100.18132181727,7759.09191796857,1096.96376422815,2372.49555276032,7870.31899047396,1091.60914031886,1117.93226834949,8012.6153206406,1108.61186015645,1323.84557999393,2802.31475380777,2482.43502747087,7781.21665117604,2758.90905199384,1339.22018417725,1090.96033835552,1183.45431177673,8103.29525906258,1092.14089326458,1095.65689557329,2739.40055824815,1090.19604990384,1100.29970249475,2284.39190431905,1399.3534605519,7825.76814795436,2776.91490762403,7782.78539097113,7861.03832868024,1135.7044205877,7956.20208951909,1090.85945561402,1090.86113142541,1116.9970073085,1089.79085607768,7997.96460543097,7882.46319028337,7566.41448238574,7920.63324552692,3077.17452279239,8025.08661119309,8101.82057195351,7978.94656195666,2273.78754081257,1092.10486436849,1101.53188514673,1230.09084429962,1508.89756889018,1160.76984642414,3871.99707326936,1127.0752114285,1316.30387014111,4196.00590782521,3286.10668331126,1118.38332718149,3919.19668220158,3645.76727417989,3712.94688183571,1348.28516430608,1629.09938614964,8462.76925032746,3580.957004247,1586.15806004958,1208.61527173167,8867.84408397498,8262.8251511176,4310.57580727603,1299.90203918657,1666.79819790347,1262.86207649932,3816.83062941694,3680.58651441051,1124.82937891189,8564.80784910064,8434.04701719514,8333.38845052882,1609.89103664508,8415.3700093383,1424.14098469447,8571.40114806354,3785.02294105476,1191.84279563628,8587.79298090898,1355.92094763414,1234.18827003279,1245.98609113475,1279.86701155277,1618.85662021345,8311.86686598957,1090.33738888483,8386.51902901084,1098.03725592552,3843.54421001992,8780.60006166077,1541.09872794585,8695.22168677888,8360.27921332019,1421.31050048567,1296.61405224872,8453.20960124572,8221.93750278542,1089.8771647434,8824.89584973664,1699.47878440547,1354.27572033964,8640.37540656774,1233.35516377407,3616.28453003132,3611.87743452519,3430.95274335922,1241.74177651442,7907.67558054046,760.663210778731,7915.50766311646,1086.31024857769,823.522435383471,917.364004793541,8010.8597806445,2981.60537213349,558.079574779589,7889.52103875533,771.511934608312,3346.54504727417,7875.9290820741,933.061780484508,8241.09216789681,3157.12357034374,7795.87340023447,8143.81538491674,1094.77621088884,1171.70499935545,989.235301019964,1433.16182578647,7991.51191844685,974.156785345869,7994.48472462441,365.795604859887,1349.18644207623,3605.42782163528,1218.31000463493,1039.38722804264,332.813127452545,534.028306858745,812.970746126924,2869.38753916969,282.563976708446,1398.16272751557,2978.05294177557,975.445603994155,679.853090187486,1339.2402204058,1329.68109673899,1359.2672367036,8142.96131804869,3001.49435013797,7887.96372521826,3264.92160535266,487.584902567509,8319.67801123821,1075.65183404794,2297.89353327478,7916.67309335514,898.723796111602,987.577528317211,2839.4644996071,817.175018401633,3230.18402159638,268.265981572622,930.414617964554,1327.27570715901,3092.08784098103,1279.64883454267,8043.7443582434,1565.52653362794,3313.34068473797,442.635642915071,1318.25706749333,7953.10080948226,7923.79560074345,3221.40994625934,3169.42113005468,1027.06256859238,2766.09626382461,697.784476602471,8131.15669533172,385.843918087374,732.056353437591,3157.99474087165,8161.07071474774,880.776031886831,7849.56662464184,3818.17401608555,859.471679497976,8214.79338990875,7852.99078323457,8088.78330431817,537.348378653158,605.614970002195,7916.70904195708,1218.57236954298,7927.47500777436,8244.86258676605,7603.79702744797,3326.80608020939,8145.46201448232,738.59740833894,3617.58299162738,1044.62653550207,831.422843073125,2960.91902815676,8192.29571576282,7959.64520843875,7817.41403753914,814.970070471404,8038.16075928222,8169.77215785384,3078.68164441508,1383.72926275804,1047.84007764299,401.352363793421,8158.78556041538,902.519639924492,1177.92523915635,990.237142548365,1242.96275390191,761.625702472766,667.477717260382,861.273439729731,2862.19007712492,3365.16391411073,3104.14762932338,1126.68575866911,851.364323838867,1005.65976336267,790.459013609186,973.645894997974,3201.86560883256,1216.10844880413,2944.57481177125,2665.36215953764,1137.01731892995,2720.64150803437,8068.65311875903,3034.63152018908,1353.64437853602,872.004966052323,7600.77886383899,7719.99031590432,3957.86432744075,761.543700592269,8257.2347111497,2411.0247557627,8167.83151096548,7831.87678277278,615.294460134543,743.518623461264,426.945467640913,410.274222699934,843.714074195058,3268.65933370862,2788.58107368346,8001.39885201481,931.542054462574,871.835314869649,510.705647209884,497.309338945764,853.936825727094,1016.60872981487,3414.96352345937,820.809650809398,1127.84973812811,4247.83643539633,8787.91294444712,8598.56493359545,4003.92509094405,8429.80191124532,1666.95898374749,183.496031584298,8738.13860391538,1150.71410566485,1145.77149883884,8713.25879519734,3958.93578236359,8664.25743799038,404.680914348235,1e+08,1304.43084038864,973.574328869854,4507.36101407594,1140.46835403425,1690.39587353749,4422.09101739843,8791.58217839076,1132.16590995915,3803.00162342028,4440.6054924472,272.013687144875,8618.86218862831,1191.31996847187,4010.71696377563,8706.942092216,3966.73362303485,4175.87018438623,3843.15951292816,1193.4072991955,8499.60642131742,747.343875041123,8571.83157362575,8582.8816523936,1356.85487717667,8647.39463932198,8764.55161511756,8702.20707663922,8786.26983160943,285.530128458968,4104.80900912572,3841.90608267653,1333.18496167811,4034.49618840109,8624.40200829422,8513.08441400204,8570.02562918265,8622.62906161459,4031.12263912205,1430.41104504793,3801.03120305778,884.669658924963,1081.0208915078,8493.10344454065,4515.23198902554,1111.98415469218,1318.348420823,3719.31278474543,1606.15526520173,470.71839041005,1523.1068702353,1793.16590463095,1163.89831842421,187.459449825495,8464.10668366393,4134.06331288885,1299.0847927376,3690.33277020553,8560.5875360965,1693.77957004521,3984.46260996277,8602.1262231018,3595.18915849098,4119.53300866464,8647.45961575565,3977.54017351867,1218.69830608207,4763.93076581567,1085.02789963932,8903.86567244962,1072.42232448633,3730.58812706174,1751.01908284547,1118.22025148879,1091.35409022553,8683.57103116092,8629.55263931245,326.67702988791,4029.22719135893,782.955562300135,8892.21371310933,9073.20953051975,1481.50208278148,4228.57402236819,1783.9113183583,8451.71180089428,4196.71182027058,1310.53240184815,4238.74442079137,1608.9620077467,4323.37347544211,928.37787388343,8616.05204401392,1218.0941253944,1248.95544243086,3851.19601682956,1410.80719455351,8595.35544877351,8532.89474180608,964.152826860236,3876.78998079195,108.516103849832,4126.46762315069,4487.23875418076,4134.48412750343,1523.32987148952,8563.99998242435,8446.8501699467,3872.44525746344,4221.24510692338,4148.68537098332,1091.10743420433,4204.0671670361,8771.88304334355,1819.25433781617,3877.86565145745,225.257684518386,8798.35420447107,836.493819496022,1394.50656635087,358.638448088852,8637.14148080391,401.035384640109,1193.99399719872,1534.27841775232,430.109199177633,8416.34828266418,541.564401358039,1182.96812581891,1808.00217930594,8671.76049687029,1339.88111198032,1051.62539231521,4163.210183496,3788.51918681244,1849.82516877065,8649.22312749578,1581.24060867466,1499.42878581428,4665.16925962316,1210.28649119592,496.358058207735
1206.28729550252,1322.94235126579,1649.78982308648,1634.59662679373,7039.53522030501,7200.76988485903,1909.55900106493,1887.37366368587,7090.03279648389,1508.49711110239,1727.28524001004,1998.23037543591,2125.82999814997,1337.72515731031,1500.00827776475,1878.66007181324,2372.00626100494,1924.48180628947,7312.70367215983,1889.35354190561,1696.15802099789,1353.44038262603,1947.75198306528,1484.88920904601,1315.81047758274,6953.99683641437,1328.97751917999,1713.93456680727,7064.84525198949,1362.283702733,1268.63382505977,7206.67930096944,1527.42127817524,1134.73082512978,2093.53915871656,1808.11275865166,6976.04499006157,2054.01834135345,1133.41046797018,1429.95196368909,1188.28428934518,7297.07687661312,1442.68961101729,1468.60790520227,2036.32528952245,1380.37997503165,1493.29956137346,1640.42769310389,1134.03568452747,7020.44419403856,2070.38731318217,6977.60832413215,7055.59558893596,1238.5392435818,7150.44646570451,1428.62979256122,1428.65220829985,1270.54232914447,1392.02165279157,7192.07507992857,7076.94904886289,6762.01418962798,7114.99328706002,2347.95159140081,7219.11120790786,7295.60670820601,7173.11776074512,1631.71474515393,1357.87997894439,1310.98724439511,1159.96303989664,1154.28411098041,1208.39171392167,3108.15165880874,1251.88783677261,1135.6257120107,3423.75185477353,2545.02816302754,1267.72822367487,3153.98461640251,2889.29777058446,2954.13265318858,1132.93417596155,1197.85251615515,7655.51650327244,2826.88832658562,1180.13012333331,1171.23820395764,8059.56775631062,7456.13166082336,3535.8228154197,1138.16962019264,1215.14268621222,1147.27241155173,3054.65291245923,2922.88418936693,1255.71659732675,7757.28410466576,7626.87226026826,7526.49316075884,1189.6531478324,7608.24637888247,1136.65765003895,7763.86021181524,3023.84307197259,1182.07217803181,7780.20946796541,1132.69916491534,1158.09934605577,1153.19443149128,1142.47528217815,1193.42694268044,7505.03259986226,1420.6131101376,7579.47502180658,1482.06373980052,3080.54918661579,7972.53277788679,1164.0401910338,7887.36482570458,7553.30831271269,1136.29491492532,1138.78268234517,7645.98272690312,7415.36324265544,1388.36749813559,8016.72168938251,1231.3263647764,1132.73722052614,7832.65687906477,1158.47135740596,2860.88960897921,2856.64563049397,2683.02916263298,1154.88259263786,7182.54970726905,1077.90732053916,7159.3131141767,1292.68248082623,1593.03994573404,1169.36704207848,7278.85654279003,2463.88005405168,1399.81191565705,7159.43723521303,1174.59179835252,2583.6766386745,7145.05326056543,823.691140417442,7479.90894043388,2565.98461488242,7056.60262023303,7364.14228592044,776.121798799025,378.92028074338,904.006490977457,1354.8883557469,7202.29738803255,854.037536954173,7240.39221435358,1266.36094353259,1580.75943638737,2751.99482573052,1284.99938633982,2062.92865914597,1315.68152048911,1195.42525976059,1180.75137381298,2376.19957709765,1373.15558048254,1318.8014584915,2433.96929636876,901.13500657244,1204.99445187408,1266.04251318812,1963.90516494172,1460.09753481001,7399.14364605483,2384.20995397929,7135.3092059206,2579.82193392162,1190.90549927007,7567.77712299953,959.177077351337,2005.28286928852,7186.84097849307,866.913035490716,810.343527355586,2236.11527945106,1377.89255233851,2556.55377741788,1266.85477883169,1014.50745848914,1153.02949735654,2499.87421920264,1254.82516450312,7312.28011784367,1518.61836410151,2477.34554589132,1462.58556556875,444.847996107157,7226.15793202726,7188.64857750496,2561.42146708006,2548.14265581774,998.448821092591,2324.53397390923,1264.81310835972,7344.32761672068,1265.45746344133,1278.00079838308,2541.03416303147,7384.26462858359,821.096009175686,7118.55837570307,2938.66927921792,886.381555145829,7472.93672988496,7120.12980116103,7290.9947501808,1228.14985025685,1575.42213352821,7179.76680896697,1040.99828624875,7178.70453113935,7472.37180209985,6867.82239504202,2645.29731702757,7420.01321423504,970.863413578196,2659.5907306913,1873.29754221083,786.224564670917,2396.77899417228,7416.32542636852,7230.63254137468,7095.42977476632,1181.66691471469,7302.51850321358,7430.47223660225,2534.12709257365,1281.82521512164,1318.7911378624,1272.64231119828,7408.75414865078,1044.52062253897,1246.23959674661,1369.25108624333,1482.50543400906,1197.11097677304,1534.02121531045,1488.4243345085,2326.76545019133,2498.13121371486,2449.56779171012,822.997277241064,952.542002126907,865.99065834766,911.920935987094,1328.85189801919,2566.83355729205,1377.2020189338,2354.61466568108,2204.29752425057,1000.97025625525,2199.51546951223,7332.04816324753,2489.97012520211,1326.49744414871,1462.1417289908,6877.93721556531,6999.68297228756,3031.08763150569,1481.42830497546,7516.18248499396,2092.69882694334,7393.88270184378,7092.77222964269,1188.05710319544,1231.55900439002,1267.46559545418,1396.63484270673,1336.23156618033,2589.01559097114,2324.62161277499,7087.66155246526,741.346752026175,896.13987183236,1261.56185930064,1143.40333824695,947.730028965012,745.939488937989,2746.7332626522,909.276709082158,1208.8549904908,3308.66097285173,7912.84234381921,7736.38827403437,3191.28448864457,7597.34581040176,1382.22757132219,1364.79747840896,7902.43601275353,964.018024689639,978.69759701514,7869.85510781603,3244.43540173695,7839.41638894079,1332.89378681318,1304.43084038864,1e+08,588.571071309918,3535.68450582882,459.907926201252,897.858179981557,3470.82219277517,7929.89226924981,557.606871069871,3190.41076174588,3486.65642815227,1308.33230220245,7763.79271570242,644.726095191154,3237.5902538157,7844.77124334342,3187.76422474637,3259.41820351615,3150.56744837165,217.174980438017,7687.09579565615,858.594247502594,7703.93327950989,7766.24150497166,574.798232521184,7800.27380527588,7956.01537120145,7871.39117440606,7924.86894768385,1226.01151226752,3227.30281710114,3181.77113785241,546.037735078394,3226.50866507553,7811.42643715452,7682.27839838475,7746.72506545687,7805.96416145947,3259.53817538127,1049.46796659329,3119.3926535998,687.74924914743,885.276639408351,7656.86938637486,3585.29710223536,928.498691043473,525.843164444404,3050.14324850183,913.320257811969,1320.80437252841,1210.87607512965,1487.50228739506,627.752789919493,1326.79818757862,7595.26009782904,3340.24048304475,741.904784402057,2807.68480588328,7727.25285557426,1293.15381861154,3276.94605977295,7766.16576064161,2876.43525908359,3296.51292901048,7801.56939430369,3249.98178653534,337.012521879201,3732.46035951394,920.851844307951,8111.19719256802,893.546543718857,3070.78985840703,1556.25045468032,954.906774753571,480.563946664067,7823.0234102021,7814.30527884824,1247.61246863225,3239.28682414153,902.977868399356,8088.86362328878,8293.74184361959,516.269296049899,3386.91603920946,1575.86891166924,7653.93441947579,3399.0537363859,243.391184927204,3376.08266616484,1200.65690918917,3360.43140021556,720.121634762125,7784.948148298,431.412205770629,998.28868805355,3203.46426877115,970.75644613212,7798.49084696199,7687.15952472874,604.438227996984,3178.27634038141,1272.31641758361,3281.37462294663,3518.89707412021,3360.77942499072,703.040691158809,7754.26495881387,7619.92889795469,3155.80075422845,3296.98416901482,3310.88057150449,506.332128177527,3404.24252113233,7898.7449645823,1597.55007036481,3161.34592993382,1371.66584059852,7980.21893057923,880.660389369095,994.703678702941,1205.44353250558,7831.77925740715,1283.67505117686,767.113786700094,1177.12273839595,1213.57923741065,7572.74430373722,1264.94263724132,514.796158600704,1640.34108249214,7849.62954601329,1019.2891491629,593.43457644167,3325.07202266373,3110.04291130443,1656.2413203253,7777.17854751907,1083.16424835669,1109.46450440798,3657.67750597786,149.11910738285,1299.10460678105
1086.56799942305,1135.72625237403,1888.00870398677,1870.87091425664,7373.95676437246,7535.53397086584,2173.23162943817,2149.31884803131,7424.56370742976,1264.46593471243,1974.49025843074,2268.20528881309,2403.47059187208,1144.42287678519,1257.87953088837,1582.71617086576,2661.05899759723,2189.28038470837,7647.69457203034,2151.45556758997,1939.92843765697,1154.05925398918,2214.25141082984,1246.27332039801,1131.669765222,7288.22859926194,1139.23116299396,1959.69324829445,7399.32185531391,1159.64434753405,1107.57318352875,7541.45558029235,1279.31930831296,1119.09398353496,2369.37547662041,2063.30700094656,7310.32622524375,2327.52652479756,1126.00670055498,1205.61482739514,1084.44934204247,7632.03662970185,1214.81085454612,1233.96411196607,2308.74554759986,1171.4069336498,1252.70943625229,1877.45611051191,1156.76406534,7354.82388044851,2344.8764371524,7311.89305238674,7390.05212760831,1095.41618423228,7485.10570017234,1204.66901255171,1204.68503363258,1108.44107484689,1179.19352306454,7526.82118006892,7411.45180957447,7095.79808643373,7449.577544637,2636.04361082367,7553.91305795256,7630.56352248694,7507.82445833477,1867.61265248404,1156.84912289526,1128.98115672639,1088.56712840861,1224.40022776635,1086.97160044889,3417.03246247397,1100.42923528919,1115.8659649948,3737.70610537304,2840.22968000206,1107.16500035893,3463.68882275302,3193.74039215214,3259.98519888579,1130.27965724376,1310.49315773841,7991.15135328321,3129.88802251267,1278.60427177423,1085.41184923924,8395.87573668025,7791.40090173534,3851.28889308972,1109.24405987143,1339.36163944618,1096.56791487373,3362.52943964314,3228.06803316776,1101.98404398566,8093.09665168856,7962.45603694588,7861.89415904415,1296.08989743463,7943.79669014871,1170.91373927348,8099.68404395073,3331.11894679401,1084.39204819471,8116.06125479319,1133.98627305773,1089.37291330704,1092.0180130923,1101.9642648118,1302.78568291925,7840.39373546949,1198.97078408299,7914.97323938744,1244.12272395128,3388.91782398701,8308.70284454029,1246.44605569148,8223.39630366122,7888.75872633191,1169.25966584573,1107.98587025462,7981.6006304428,7750.55472310809,1176.73183790853,8352.96223691013,1364.97445674743,1133.17954853514,8168.59737300205,1089.20418992181,3164.68630796561,3160.34429358644,2982.33829032298,1091.01270922117,7500.93400243567,673.168454909981,7486.49893653748,961.392881292877,1239.14247244958,820.745402083265,7600.95594149085,2614.16116716264,1034.03159880765,7481.62723545009,801.847482145937,2776.68182241859,7476.17115189295,514.525164113001,7800.95672468334,2719.51609906729,7383.27688564959,7687.08981336205,613.287291651707,440.892970124487,636.614797873178,1192.16757663208,7520.16437144414,575.849423455946,7570.51112844195,912.08167394214,1240.88823448503,2988.8234439664,968.118633676445,1690.66363124653,967.405188892958,835.54432528304,820.592699368293,2522.84094274672,1031.70073331633,1160.74251884881,2573.13402586382,644.805817474478,841.936955375165,1052.5916406033,1600.99923802139,1136.68638852709,7724.16135373123,2537.14469637205,7466.60714534065,2749.87652021594,832.161797068956,7890.19678054832,775.436730451759,2113.45955746815,7503.81669105666,538.30515075002,564.550963430231,2390.78627734951,1014.2271693669,2729.62889295836,924.030273672382,687.916902701396,1056.81892676603,2650.48644811345,1088.94076613066,7635.86893390644,1363.43620039831,2678.74091639809,1127.60946075743,639.154716947551,7552.3615794537,7516.98387637146,2728.59492557227,2694.85313360305,776.663851221103,2460.95310897888,892.740557184013,7671.62549704265,916.052140016176,911.48232581329,2691.4253582753,7710.54398231551,453.259254639256,7446.80391565936,3203.55552310022,475.576060135376,7794.47565860267,7447.14723731661,7615.04026347696,877.122934677113,1215.18196199344,7502.51314357954,930.990898802097,7507.67779589319,7794.77345118061,7185.98233741751,2815.4592044154,7740.34767147343,718.732864910642,2895.23895248376,1490.35330033262,585.006547633828,2545.7662763683,7740.91175342072,7554.35773468189,7414.7390214274,810.964404157442,7628.51923345494,7754.10775660717,2673.03937169625,1129.30428006395,973.268732225023,917.630351096564,7731.18132603905,699.101634042119,923.967917855822,1000.13117927891,1133.07555757799,824.503227010913,1175.26695255191,1124.72141210583,2465.98700847159,2709.08862054109,2610.37725197316,690.72900504984,579.880598462816,631.435075456763,482.285656951854,972.383931350298,2719.24362320325,1046.64928324162,2501.01835537908,2335.14561409542,843.617136192514,2345.87324456584,7652.64522061205,2640.06661026025,1141.56758519907,1101.82941383307,7202.31073814714,7321.29808987466,3291.78415587335,1125.42750762626,7838.05904113651,2206.79707923412,7716.7198223209,7418.55089094015,820.320450529224,891.066639448947,917.329619827411,1073.38193763933,965.153246566943,2767.53795629342,2466.16486144311,7399.85505212221,383.296193095114,493.677972611845,899.366739670834,777.63397188948,569.664235690796,459.951255664308,2912.31326073344,505.706864950357,894.941771572453,3672.35919594072,8302.18071110035,8122.38826425806,3536.57467530971,7967.26512160589,1285.80433114799,1022.24979619803,8280.24109301025,731.21023857443,755.839309615452,8252.22197270578,3587.97972924042,8211.72702257105,993.873184630188,973.574328869854,588.571071309918,1e+08,3908.17469976949,408.801721865089,1173.48724320314,3835.7781344307,8316.69399646665,454.772214116658,3527.80527106394,3858.12438983266,971.830882182525,8142.88682622093,587.404421184061,3573.0509375442,8227.75473876447,3533.33496801017,3616.74453883748,3489.4789285717,517.306808035321,8046.40984050481,426.168146761382,8090.10257929126,8134.61681319777,770.504008956375,8181.02417736428,8309.86154911556,8242.86875397395,8308.19439084174,887.253546733271,3575.86309770089,3524.88296545367,748.911514917339,3567.43034227001,8181.49917982158,8051.43316828036,8110.91995820506,8169.72748640152,3598.85004972226,924.52130371569,3454.27287437407,141.915947751184,698.511445959492,8021.08755060784,3946.74171733261,746.072720639849,688.693546135841,3394.06649521147,1097.16882655358,967.242033165616,1041.76572623589,1424.28952947956,740.30010831483,975.540741836565,7983.71489540351,3680.47116246187,743.490509971029,3105.16842397308,8099.40055562195,1219.75456316135,3618.59104999878,8136.88122981725,3216.95187733927,3643.04491031669,8182.41796579807,3594.24644685027,526.827328412673,4136.28344842207,682.64857392784,8481.4899579064,717.279178988258,3401.37335993736,1469.82814914217,762.716071029175,308.992458187601,8207.45013679714,8179.67975952003,900.715120211918,3580.40514829591,661.801757155202,8448.57573621529,8643.16331550143,919.407715885612,3739.37912358195,1475.99154862519,8004.70554070127,3742.68181946248,671.367967183703,3719.432623207,1211.79408570374,3738.88360900855,338.506363846646,8153.95832200538,532.660881341743,806.343582425582,3544.66682448581,868.204667288949,8153.9710226742,8066.55899042768,214.998234317481,3521.49211698896,960.390774586417,3629.4552590929,3897.74410642188,3705.04113787113,976.225551299588,8116.59227580648,7984.86896106891,3492.1326113462,3641.81902599434,3657.64011940146,337.031451923245,3751.13210535503,8288.11126827095,1535.28882825963,3501.46962329193,1032.38985898354,8341.73793016978,653.136537890499,882.225542904767,863.820631974335,8186.43360727724,970.385478851974,684.447801614482,1044.37285749274,860.474606851798,7945.1530936732,914.886758139408,499.235269875248,1535.04565920891,8220.13725472982,845.384070381616,322.195516209777,3673.52277888111,3449.16817197807,1577.56007910016,8165.1245197666,1127.62726793361,995.422065346541,4056.25312603099,505.607972740259,954.475131162515
4446.47901878861,4664.73965443826,3294.5543792303,3307.04142811463,4629.65983075688,4764.42787694946,3106.13900051684,3120.61087337197,4671.68088943283,4925.19269671844,3233.6580812826,3050.92830855185,2978.43380983762,4687.95170548732,4914.3289977729,5355.40989252794,2860.05807154441,3096.55612273969,4858.97171606937,3119.30829144019,3257.57988456461,4711.98327541938,3081.85148736423,4894.80019347256,4653.30820682103,4558.8878949194,4674.29189314226,3243.83346931065,4650.6994274772,4725.24291786881,4572.94637215179,4769.3996602829,4949.16664996885,4174.07123095096,2996.03355054247,3174.60752784986,4577.07976257658,3018.2548279269,4153.44659535043,4821.6183092837,4401.9375259767,4845.72648874825,4838.92877806666,4873.49486218807,3028.44976755602,4751.84378533463,4905.69272289359,3302.22635498084,4077.43603346771,4613.81942831959,3008.95930368506,4578.37100195405,4643.00527904323,4515.83438565661,4722.18008645074,4819.80836043193,4819.83906693945,4576.38778984225,4768.61090432187,4757.11670519501,4660.77660256248,4402.03364145766,4692.51561243607,2870.42206672699,4779.86626254488,4844.48113664213,4741.1929469495,3309.43172478116,4718.66252301728,4645.48442670549,4315.414416924,3952.99639300613,4451.35691306647,2665.25320374238,4541.88071378026,4184.39724403869,2653.77110963572,2793.01884712125,4571.30674530654,2660.92553080388,2698.50156343711,2686.47897679437,4141.53638502495,3830.60626403252,5153.01962300489,2711.80410145284,3872.96047151487,4353.29658892342,5507.09426496072,4981.20983748097,2659.87399457427,4207.37337813492,3794.50722146651,4262.30947899323,2671.45714743809,2692.04493168248,4549.12970970952,5241.49311400194,5128.20954028438,5041.59971473148,3849.38144339554,5112.09913807651,4047.90057259051,5247.22736517394,2675.59422339845,4385.11641671668,5261.49248587897,4131.63878310109,4308.49249750286,4289.03784269454,4236.51259128631,3840.58466660337,5023.15199293658,4808.77903410269,5087.24846863353,4891.12393950375,2668.29893359768,5430.21340853035,3918.98613679868,5355.29390614956,5064.68491734769,4051.22716548683,4212.07050437706,5144.75739641515,4946.34433579012,4763.37540801526,5469.20749354051,3763.96257392658,4133.7612364787,5307.33826088325,4309.89268026486,2704.34634193407,2705.24969626447,2748.93083784203,4295.95866226242,4253.2381546629,4402.13163777197,4339.78335183577,4580.94727494282,4858.66560390856,4412.70376420093,4331.68734477921,2130.66128485399,4694.48846617955,4200.64718632282,4409.42518497121,2409.22574755325,4236.42077165105,4162.68942207423,4453.17665602903,2140.82568497823,4070.27027974978,4420.6900017153,4036.48271103191,3703.23248162562,4228.65186352328,4512.22704776644,4299.19033298236,4173.03822735308,4326.41890424544,4520.7477384421,4793.24072143348,2752.92387523697,4535.84418994689,5384.87246072181,4585.452450173,4432.20767720563,4433.86271445372,2282.35632602203,4543.46522447487,4472.25976540118,2367.44904043534,4236.80777333611,4430.71265003158,4569.6279363807,5317.88776523015,4754.20698607085,4390.43078891196,2432.62235933016,4201.66574412627,2320.41364656451,4435.31084187376,4551.09713117502,4259.13511562714,2691.88752064504,4169.18043051136,4193.94290798023,4142.43224293362,2463.39729727389,4651.66497135233,2068.62180717657,4518.97680640535,4370.3992122035,4153.29022050276,2111.30174810728,4527.36919274588,4337.74989033021,4576.7559074463,2449.74924503208,4702.9096946414,3650.08032749001,4277.22687177175,4268.95887379563,2345.6603134397,2149.6008733129,4343.2419502309,2373.27745775805,4542.04444675158,4428.47595287769,4529.98822761116,4576.97143549995,2235.49634934548,4427.68510563377,4188.73423732507,4192.16245589542,2665.16986420902,4183.60209596808,4482.13433394271,4156.20998226943,4443.74384482707,4486.74530376732,4831.97963005069,4190.56083597815,4166.71465305988,4224.21206130874,4519.89493376803,4066.519642491,2254.53214243427,4413.07147311573,4193.76971720773,3317.98369362856,5165.08005656362,4022.6176610367,2166.01783985588,4433.76052711175,4249.96546813428,4124.10727409102,4433.27337046038,4330.87561949342,4391.12403692502,2238.41929846809,4447.93432790312,4610.69094763178,4530.30656656072,4394.45467790942,4387.51534864876,4493.50766615514,4616.49208076844,4763.07036390522,4476.9043198132,4805.51717492323,4784.06374376117,2329.52041918045,2844.8146299038,2414.15874591952,4040.77772050642,4278.90648163191,4170.19105936286,4230.68944078937,4595.39761276909,2308.50458364389,4638.77182590247,2196.16850081355,2399.54295862926,4260.80032077168,2306.12414646918,4299.21771769297,2178.37821597103,4521.24323992674,4740.36923375344,4001.79542253578,4068.73975458495,3206.64002522198,4737.28980108089,4514.24645884469,2635.11142839565,4448.13344877001,4148.31296052595,4414.44835829309,4458.96562131156,4526.9298312517,4584.85160823457,4598.11812943497,2138.84901564139,2378.44347969353,4443.88291374124,4077.53657448696,4171.18143349402,4437.28873998788,4382.41305353098,4251.03269413144,4062.76484556755,2037.81801452248,4238.73764958011,4504.43083033413,405.419593995318,5206.11089030034,4950.21021918451,1056.74799320091,4775.80408840745,4644.27784311842,4544.03871129252,5035.50372560512,4072.8024692576,4100.94209111,5060.61760287954,1572.17720823991,4960.55578348305,4525.51534979613,4507.36101407594,3535.68450582882,3908.17469976949,1e+08,3827.46776839903,3496.74818942216,326.29539095159,5174.01499072391,3858.23382667684,2075.28015312993,236.353765598991,4552.99301242472,4959.68326920219,3855.53629287553,1381.0171060111,5065.80202337818,1341.68851680239,546.533742269571,1713.16877528286,3652.46643754835,4825.52236233185,4137.1079178492,4924.95675732324,4888.74322197888,3701.68760670049,4971.69741944858,5080.54953599476,5029.07791142279,5130.7697430714,4395.36305253181,811.300393635555,1817.4338498343,3720.27965342455,1120.36831273099,4916.96296008646,4830.20258289431,4889.95917950674,4921.06580210296,1389.33822635514,4160.50868692862,1640.97458819479,4025.23851230541,3954.44738947625,4840.9174957498,728.37200331101,3968.74826659424,3721.32071677929,1853.93796164328,3625.12584216538,4500.14159353966,4454.61646963755,4655.005728801,3682.01209697587,4528.87202971998,4844.27126292268,1242.79501284392,3798.33508786293,1059.67291596654,4890.98102257643,4456.30620770185,1631.31427866604,4922.97455572961,1550.32573901635,1012.17559508775,4968.9167994301,1504.37774717203,3732.33066342537,808.408690280319,3970.6644432797,5140.22180391185,3896.47964203488,1895.21144840402,4800.268088523,3970.61536746495,3836.42422883154,5047.47908995149,4920.52063276433,4399.63532562447,1197.54494220519,4011.61360316939,5173.92397848619,5324.81472494925,3511.82047925449,961.48091451352,4814.85274598574,4801.67220465328,1173.84476647164,3611.22281461213,806.360917920418,3806.02494650004,563.771853167929,4053.63152673487,4946.25327364541,3762.304112162,4038.30060595759,1948.61542261683,4092.93281716341,4906.90091235214,4859.73955993845,3910.02957320658,1670.06674692793,4479.16531621002,927.493928598418,618.891066645298,1291.3346886818,3580.18386658082,4871.17137846159,4791.48541951347,1605.15997682197,433.287660651313,1049.95070657349,3856.83302263026,1269.47787110025,5188.43709975734,4761.49357059438,1567.06878094575,4548.36984961704,5117.37981111574,3953.56560209843,4129.66491243374,4390.1759007946,4944.61097774636,4450.61529362819,3936.04167126817,4387.12556059047,4332.71954885659,4763.98339163503,4381.01328527162,3793.75937308855,4893.49509296245,4977.37818526018,4190.50831508129,3908.32249501036,1031.55836268901,1833.54493804614,4839.45567256863,5029.47008001672,3779.32602413198,4261.88891657708,550.98030299453,3633.14050740414,4488.38298110395
1137.2834353842,1208.9061696254,1823.13106046338,1806.64946559684,7271.57746686442,7432.97474395542,2099.57065395127,2076.26724317276,7322.12707777937,1356.07100794867,1906.55560735227,2192.30127438731,2324.79169903534,1219.61272268155,1348.88508182891,1689.69450359656,2578.13594347413,2115.22100187474,7545.0156101625,2078.34872748355,1873.1672100788,1231.25076491106,2139.58832008202,1336.16747246839,1203.83211730509,7185.94853512361,1213.24733504497,1892.25352266729,7296.91370817534,1237.90599676504,1172.06902032141,7438.88992872556,1372.20127388816,1135.53671374009,2291.35469643248,1992.61638927534,7208.02032361392,2250.35028901807,1139.78268293432,1290.94016393788,1129.87952791354,7529.37413876729,1301.27637824211,1322.59515113058,2231.96223151397,1251.7426103088,1343.22888012535,1812.98039629092,1160.83891575718,7252.46649711001,2267.34498390975,7209.58532564383,7287.65449698123,1153.9334976037,7382.60166295556,1289.87294139155,1289.89102568744,1173.28340204702,1260.78711974537,7424.27142739996,7309.02994709133,6993.75095774945,7347.11291051466,2553.48379054658,7451.3339287052,7527.90258517023,7405.29545093919,1803.51800636889,1234.58272828349,1200.43653315596,1123.25375124016,1213.38285769455,1138.25360401652,3326.29461873691,1161.7257849456,1133.64679034124,3644.8433196594,2754.9521775594,1171.49519407386,3372.61037713175,3104.81286270855,3170.48704537693,1142.52052522417,1286.04180848242,7888.12976379169,3041.54041675596,1258.62255913635,1124.867889941,8292.49151940458,7688.5743381798,3757.77986127463,1130.00603282106,1311.25744608386,1124.44825598087,3272.20493228774,3138.84101602829,1164.03853372366,7989.97979034907,7859.46177118164,7758.99746462193,1273.59564836764,7840.8203138595,1171.30034782465,7996.56112124292,3241.04058846452,1127.77798831623,8012.92331164909,1144.95483811006,1123.17919616754,1123.33796621451,1126.50686861408,1279.36962727191,7737.51827678856,1283.42582053656,7812.02468836747,1333.80273581865,3298.39105765544,8205.39331177223,1231.53959055826,8120.16161677689,7785.83568553997,1170.05883737245,1129.35753897546,7878.58811005252,7647.76947006901,1257.93671654125,8249.61456209492,1333.89353664884,1144.42066320203,8065.41171289157,1123.18874469018,3076.01887682111,3071.71626839335,2895.45646313156,1123.21905452377,7402.4151028291,864.482728574279,7387.53718138836,1105.60924311864,1412.18319483431,992.609867535186,7502.31844061238,2605.00339496863,1195.45744673641,7386.17940151903,1011.68835108578,2708.17507555862,7375.83055394159,541.527018539307,7705.03899311662,2712.14013576365,7286.91139352259,7594.24442537686,469.624819318088,473.816923923458,626.39313440086,1100.48361525174,7425.62165228734,570.225872982352,7469.07798540802,1091.78277575428,1360.51598410482,2841.63761317815,1084.67590316893,1844.88762722331,1132.08605092433,1017.90323293301,997.782303659209,2516.11918761063,1199.60350863318,1061.28584348933,2559.29146972738,618.304779094211,1027.94164805956,1022.75117270837,1750.62107088193,1249.26354585776,7626.98697135156,2514.29120688175,7367.40476218969,2722.40047303501,1011.56192604783,7793.50530796363,688.775543930383,2117.78952432514,7418.23459821388,622.985941003755,518.853238381099,2375.52998051079,1189.74588360989,2696.48858395265,1105.09010644235,764.48368745572,970.858692999052,2634.16904629174,1010.53788826836,7539.3506079497,1322.79530686685,2595.55790265442,1279.46348376565,311.497254290787,7450.49763192566,7419.31372315364,2701.99922948175,2681.76836930891,725.447328988271,2458.46436258516,1072.64331580966,7571.58259281362,1084.85752477406,1083.46165266789,2678.84414241414,7612.10988348921,566.151150956551,7352.55560582186,3041.24693822087,666.040215839069,7695.94587612262,7343.86829664417,7519.72447943135,1058.92988116707,1388.27312551205,7407.07735097435,802.123727778027,7411.42909880671,7696.97703180088,7090.79704588843,2779.97056317277,7646.5105450398,880.614542425131,2715.50420481657,1657.26784080193,764.930795608843,2535.48128825799,7644.99256963401,7458.98878871989,7321.00436995114,994.765717945084,7533.06076315503,7656.31644267735,2670.13258030239,1023.05946861376,1128.0899164197,1090.73411166315,7633.31738384722,838.499264124082,1042.55436646664,1166.80230595039,1272.20628727629,1010.74958989495,1340.12387089593,1284.48110032991,2459.11501069584,2592.92978253484,2584.30751761858,519.476613812167,718.505408749801,574.528355541642,692.422705820628,1142.35223945984,2697.84466711865,1172.6332571243,2492.04161387228,2332.70420815142,729.797691147875,2335.85155403106,7555.7392471933,2631.41468305252,1057.28103417251,1273.59111231349,7103.45591704655,7222.03864624286,3085.26103282417,1290.41246311029,7739.31266381983,2207.70765148484,7619.39917664693,7318.0598130962,1006.35197350025,1072.03445281084,1086.18693924038,1230.979668691,1139.18506468116,2734.13483250147,2461.10168862195,7298.60829348469,484.116830364016,676.918495227209,1079.08202448832,972.592491227869,737.695230105319,458.317074233466,2887.23678391446,689.66663549968,1003.37829261855,3613.25270783173,8197.07665499773,8021.55825707491,3503.39956778145,7866.72040320512,1173.73193301933,1199.20427727782,8181.13811318452,864.765234650966,862.497523934801,8154.05387351769,3555.33377820633,8112.86116565336,1173.11801802224,1140.46835403425,459.907926201252,408.801721865089,3827.46776839903,1e+08,1021.81624458917,3773.24220619234,8216.75949485059,180.997718851547,3493.72562383872,3787.95673993043,1140.17703439366,8041.38593134911,316.762798142135,3542.55299911682,8127.16953852529,3499.32941699262,3566.56159595362,3459.61912346623,516.839725960674,7948.17046006918,701.562426260052,7988.35154801021,8036.65053504807,525.523937546916,8081.34986092088,8210.48797417306,8144.23257824324,8206.61785133619,1072.64702260183,3532.05140117253,3490.54410083452,485.49524550003,3535.83677344988,8084.09217415351,7951.67753841505,8010.94784526448,8071.3743873275,3565.07872838276,927.80889433066,3423.57898011366,455.419740904645,819.641357482448,7920.21849632737,3885.09890483788,882.29870130521,383.913483007273,3359.70259502782,952.002064721841,1160.26739041266,1043.82845129254,1284.67660176612,852.951458747006,1157.87616929202,7882.32142147196,3647.47588882626,531.721777003216,3042.67063765778,7999.41417716497,1104.27087577212,3584.87643973635,8036.55637874182,3185.22623088653,3609.34139869933,8083.22908985981,3560.00963381609,219.878669875795,3987.8133218421,824.182286651146,8388.38111857462,851.479966159705,3374.09507380235,1338.62627221296,903.142886594192,136.131314448345,8106.23799585933,8081.12934748015,1090.02468289793,3550.31633534442,827.517761627792,8351.36834560113,8547.88021604092,700.566192016476,3701.23973188589,1355.08959634308,7907.50311354125,3706.34139141407,462.98143604362,3681.78836644186,1143.73283285567,3645.56182314879,432.254945316186,8053.91535082587,201.323176812009,903.495605158016,3510.02934612113,875.490579805487,8057.02999973748,7966.56384617592,492.632838669039,3488.56724069506,1124.68116239857,3595.6681001271,3806.87979846117,3671.85923842742,772.222741656103,8018.97075889164,7885.33718086894,3462.62466243667,3590.79491092135,3624.87816243814,134.119905845351,3715.12252661376,8186.30868388681,1393.07465178914,3472.75310306231,1193.87576121128,8241.94647498869,828.869335431669,863.148201799485,1054.37540738135,8088.77304716524,1134.63557120109,480.39158864609,1003.32520536184,1060.72672371774,7844.17107670779,1118.30645931479,186.982213118916,1408.90027687816,8120.84226803137,906.496982350346,272.804631181792,3631.48494421408,3417.23913960421,1445.01614089506,8063.23068219973,1036.28216518654,965.496282739837,3936.54041244315,461.282536582283,1144.73524243506
1333.1109005167,1511.82547000862,1326.9303210701,1314.35058452362,6635.22199413388,6796.50089360139,1554.63996510799,1534.48249803925,6685.73303747446,1749.14582769315,1392.61930890814,1636.13106242594,1755.49935788756,1532.10505182883,1738.8852746266,2170.85364200729,1990.58960980387,1568.25445568462,6908.46733563718,1536.27724179857,1365.94938790259,1553.30984550551,1589.56894771843,1720.50668606111,1501.914502422,6549.66168123679,1520.14619722498,1381.13688391345,6660.53872933083,1565.09681159551,1433.79401352604,6802.41199635857,1771.87792740171,1155.37782210958,1725.09305978225,1463.37385913721,6571.71537643067,1688.05293327415,1144.8320146273,1652.45102364145,1299.94188376628,6892.83589470315,1668.42590210784,1700.55675184018,1671.53750736046,1588.92105074835,1730.74705096027,1319.16582719265,1110.42861706396,6616.12597482303,1703.37006790769,6573.27910641652,6651.28660549623,1387.23381408893,6746.16329072592,1650.78537663254,1650.8136275463,1436.65163783344,1604.05480321818,6787.80361495016,6672.64576508971,6357.63438855901,6710.70031928706,1967.40901719659,6814.84746565173,6891.36529065021,6768.84093543622,1311.97676497084,1559.23970931455,1495.16132589644,1239.63297845262,1071.27951690978,1336.82254006332,2711.59157667339,1408.26058381619,1160.83949982317,3024.36207931226,2158.30019410905,1432.43452225335,2756.93205850816,2495.59852207867,2559.48786891463,1138.96843195725,1056.96637622779,7251.38798883064,2434.19073255862,1058.98736399046,1265.3215958935,7655.57693944033,7051.93914746435,3135.68893975354,1173.41267045828,1057.80934887123,1205.69690672063,2658.71010990642,2528.68370341351,1414.17553644376,7353.18939828928,7222.73435888287,7122.32285897019,1057.46688624662,7204.10240608703,1099.09868792766,7359.76771319329,2628.2780370395,1287.77171497417,7376.12246965455,1134.22509224319,1235.06795664345,1222.46068604298,1190.16004419199,1057.15329193185,7100.85547753212,1640.65487121963,7175.32172244814,1717.05668655328,2684.30164789472,7568.51159418125,1064.74175870284,7483.31425876733,7149.14658762483,1100.31449441945,1176.05277662182,7241.85108156569,7011.15806538402,1599.31990182839,7612.71588332451,1060.41314117758,1135.23224765187,7428.58763212142,1235.9880679685,2467.63455648891,2463.45859323449,2293.04342845852,1226.90737484269,6859.4701726579,1575.95924420312,6809.4166456575,1673.09723518604,1999.90495721398,1612.38605819949,6957.24014818529,2499.95975205022,1810.56095332033,6860.15543918483,1627.92856704035,2508.46220652678,6836.25932898085,1291.69673558193,7175.08526290213,2578.75761896082,6761.24149054501,7033.9381830605,1138.95944616894,1129.75516717417,1316.26952716001,1360.31373621819,6876.1046917771,1289.6540989958,6921.30069681714,1706.92151081701,1952.4949479112,2612.57193542217,1690.44243397601,2484.49215845924,1734.96822898861,1601.25047709823,1602.96971926912,2382.92971753972,1826.54034125822,1330.25238299464,2476.90497732613,1304.58528386397,1641.14909655761,1553.16559076696,2386.65701882968,1855.96887769729,7102.83612452621,2382.43679155708,6830.10758640269,2572.87761998729,1618.21365726933,7260.64150931049,1274.99679768531,2147.043220261,6895.86054740624,1332.81119823616,1237.45411552862,2250.45587921759,1791.08701194877,2533.03604504095,1691.45433918837,1448.30442931559,909.983667831041,2520.66395083672,1329.37754051847,7005.78172088452,1305.18996451106,2422.93030417384,1862.47217959109,852.285897593953,6904.17730111459,6884.05238346785,2536.78384135734,2569.38079726735,1340.82271968536,2352.9045447211,1687.56500983719,7028.19550675338,1670.11156574749,1694.26755341161,2538.94606992426,7058.61064616711,1302.6946811663,6815.40270478566,2769.25237936484,1403.7634434444,7161.39803597556,6813.70463734958,6936.2548853523,1666.53471930251,1993.4285593444,6883.21837913651,1030.39693996106,6878.19031932841,7156.56846325507,6521.11429213363,2609.69503274966,7120.22094351405,1533.9621724374,2427.43210279693,2326.3138326027,1369.32303034191,2397.99877011525,7110.6355426812,6931.45028227928,6802.54638834361,1600.18536646759,7004.23780280386,7136.85710030621,2596.3656203428,1328.9195715474,1708.0101374872,1678.62767165498,7100.88493276357,1465.88851663673,1638.56836060753,1804.25457051712,1843.33242891783,1649.74424709104,1957.8337249148,1911.50329742446,2365.24205417756,2424.85838227549,2427.86885266044,1099.90384053413,1453.2416717528,1257.11075750029,1436.7100718879,1767.6170160101,2578.12198982144,1786.06756856327,2372.85250925979,2231.56461335347,1268.86303478465,2233.47887622737,7033.92329268778,2498.12202711932,1378.769657986,1894.63747787719,6555.10315389428,6685.9734804343,2713.36630634078,1921.08327713303,7207.15542228598,2197.26354687824,7073.15875378121,6781.74248856881,1625.16441843138,1640.54941966732,1664.68689905989,1827.146120885,1774.09134617529,2544.79169701869,2293.0542503302,6705.47443864712,1245.48841875207,1419.23872072071,1682.60867082129,1579.51662338298,1436.57032099111,1240.97788598701,2764.10765543289,1421.59328388946,1576.53073482774,3301.34664434531,7572.23847555248,7412.85349093617,3189.90292305554,7271.1818618431,1558.53197151923,1759.63291771928,7582.82050231843,1367.93251331237,1311.98163178965,7554.15316479934,3240.6064707513,7521.13438711748,1732.00473211344,1690.39587353749,897.858179981557,1173.48724320314,3496.74818942216,1021.81624458917,1e+08,3457.01888855321,7606.48573088263,965.149088260582,3192.94599021226,3444.80113799592,1679.27361618766,7435.64499675835,933.100578448993,3251.21561561824,7517.80890855716,3184.07494891725,3253.41526618049,3157.91017159347,995.387127330445,7359.27748722639,1378.88565731072,7375.58111206525,7449.96380130598,638.245007988085,7480.71376931939,7615.72087832026,7537.31672167692,7595.12718103541,1619.39152198879,3226.20561322382,3173.69691196569,667.051732567948,3231.48390905935,7494.90320791366,7353.75802933318,7415.39928043866,7480.52974579076,3265.23344452759,1320.20236701744,3126.1410169475,1236.64625877879,1203.86101500389,7319.57649296634,3573.05945649162,1257.06940497037,771.539212597604,3048.06868021407,211.115984492948,1720.82829729357,1532.14681449004,1500.78703941287,1204.79998716293,1724.2564321205,7272.79112045322,3350.57991310356,752.322023874511,2779.81536801722,7401.56149722505,1457.84395186615,3265.4367551975,7437.31043902195,2884.41714047702,3296.77374832413,7481.15564391041,3238.86728796185,893.209368288122,3615.3506482002,1290.40934701331,7815.42400908009,1222.96639400176,3096.96793357865,1610.74402005652,1258.45459692145,1023.88729014544,7499.23036430658,7489.68165851571,1671.14216422721,3249.91037363967,1275.38590037712,7764.00566428582,7967.2169951142,701.474406850187,3373.42824109778,1639.45486031672,7320.60484854585,3373.28869657254,891.165446644924,3380.1409832965,743.711795536796,3297.76483175709,1241.89775406645,7455.33177953917,884.149939957535,1308.74096788439,3199.68865889538,1252.26516361524,7475.0148469344,7365.11883842481,1190.6309199453,3177.26257666048,1666.04557831159,3290.0436034704,3483.18123479298,3359.90117853864,428.02186129565,7431.9385679465,7292.37779555481,3165.64686011362,3298.80755719615,3333.74345097623,1035.69781223449,3407.01493951139,7569.73133567766,1526.58982802068,3175.59443931875,1754.54870612368,7647.39083640677,1255.8661129996,1288.06835769895,1602.88385181362,7501.12626775259,1668.02854551877,919.127406810732,1479.37779597693,1641.67852583881,7247.23593894752,1701.98077788638,926.742664398515,1700.79231397588,7524.93711287534,1350.98007949493,1128.38115792887,3310.51472867969,3116.68880833825,1610.63451459898,7454.54859266637,573.144420969929,1347.18524633904,3580.70710287313,967.263009154315,1724.03994849728
4358.14076682109,4574.56953282416,3226.29550270307,3238.37830785655,4708.81735307686,4844.85619679255,3045.09360572162,3058.92337975067,4751.24756886771,4833.21651836826,3167.48715135048,2992.50457154182,2923.94553373838,4597.60529778581,4822.42117393641,5261.11655464723,2813.72900852987,3035.94568647536,4940.22395339634,3057.67788196616,3190.56470738454,4621.45775788191,3021.92429821447,4803.01665435618,4563.22611371731,4637.32794067457,4584.04883007622,3177.29946007638,4730.06333135788,4634.62002392954,4483.50664257216,4849.87263232528,4857.04157462832,4088.56050823854,2940.53068994461,3110.66874042365,4655.70774746428,2961.52753588773,4068.17992455257,4730.31719793395,4314.01622351263,4926.86642372901,4747.51111310724,4781.84901583013,2971.18042912992,4661.02857718486,4813.83963699539,3233.71820387748,3993.11133562171,4692.81951733678,2952.73685414733,4657.01223252695,4722.29406652047,4426.87764380386,4802.22276930622,4728.51952526433,4728.55002335917,4486.91967936468,4677.67651825314,4837.47908641483,4740.23827176266,4478.74385664516,4772.28071277723,2823.26273564994,4860.43274333697,4925.61046161573,4821.41056553266,3240.69209369925,4628.08782689727,4555.46304897474,4228.35081442394,3870.3736898785,4362.97396115136,2647.19902273612,4452.70085941254,4098.76609833474,2648.75960922383,2752.86494661218,4481.88056579699,2644.7573961268,2671.57155925793,2662.15035624105,4056.41282860872,3749.88325256362,5236.53237817965,2682.39824089992,3791.55211229907,4265.84940868602,5592.84128573682,5063.45361706148,2659.46917077619,4121.47841037781,3714.39363699819,4175.8059478729,2651.21088637119,2666.45904871286,4459.8886160132,5325.60866661295,5211.5473398957,5124.305222892,3768.35078162285,5195.32188972368,3963.96100062122,5331.38088815909,2654.09113950411,4297.35680190866,5345.73990537822,4046.63539480649,4221.50039079955,4202.24907218265,4150.29101017736,3759.69737426349,5105.71832902426,4717.56537689177,5170.29148811893,4799.3640015906,2649.11233586332,5515.51361377944,3836.86711412315,5440.13938801702,5147.56231730082,3967.24365718618,4126.12229199646,5228.21218403098,5028.31329974354,4672.47806771338,5554.73675584954,3684.38389493491,4048.73198375569,5391.88211433363,4222.88607550072,2676.28569724513,2677.0206563026,2713.94225658579,4209.09714927327,4364.68142116153,4322.93139386147,4453.59487142248,4501.31233058149,4770.25816974412,4330.25535153573,4443.90753886256,2103.72728871242,4612.02388623502,4317.69421505046,4322.6593421035,2452.39315731213,4353.43733982261,4104.04866510012,4576.77603451883,2128.54617622006,4193.85673189648,4532.89518085022,3991.94052870443,3625.73469278763,4174.30028567992,4473.27836229239,4405.24017720349,4117.35271343155,4446.41088073217,4432.50617100613,4731.24897912907,2843.24582504739,4463.33343874687,5295.3658865979,4500.34224710415,4347.92780864784,4351.41119144951,2261.41155438303,4457.13590099603,4433.56612532174,2349.16713520987,4183.67159402336,4346.71953713247,4515.1269316454,5226.81785886052,4679.98506614692,4512.4487083314,2425.21704130635,4320.19485652675,2320.48851571936,4350.92998223998,4668.46156854266,4209.67007870117,2639.65479467313,4283.52014815448,4131.95795394635,4089.04776762617,2437.6261370193,4566.97472039012,2082.16151173617,4431.0333339043,4307.0954565948,4116.73420823835,2095.32343440113,4477.61046832305,4454.52372940574,4540.3054839481,2492.04057681517,4614.18846742272,3603.08108010719,4399.34428381008,4387.62742611837,2348.02359501552,2148.91869967865,4290.90140123054,2338.92383411833,4458.28901142247,4550.7666361441,4446.24926037953,4493.65922432244,2228.53583372192,4543.85493857464,4124.31311423515,4309.88899657712,2766.279242482,4111.79407790885,4604.53998046911,4283.64668502763,4561.67462274105,4398.94191191353,4744.87054292096,4304.13779149035,4127.36391205369,4344.6915027135,4638.00678850288,4174.31211737512,2278.9869799275,4531.92337000807,4098.15871681174,3374.00854184191,5079.07473896693,3929.18355099721,2144.41181680975,4550.38206598874,4371.35601941108,4236.348853395,4352.5737385735,4448.41992646446,4516.26576016858,2217.61004848477,4408.2736266924,4529.68901225352,4445.57550768821,4517.18558022596,4313.75838209392,4423.14067635132,4535.86499038787,4686.81295357705,4392.7208696371,4719.45271144491,4699.35730001738,2305.48798976667,2891.89001982585,2420.3129447916,3998.20627079186,4208.85155582987,4118.9835650267,4154.15073239827,4510.64898422627,2305.76965321072,4563.59822080379,2174.09008228466,2367.64174237324,4215.93500643314,2266.85153002505,4426.37198702368,2154.55556973711,4481.07869932975,4651.80857488687,4111.48085709366,4177.55461705608,3295.46563687078,4650.42037226578,4635.27227610378,2587.82303083871,4561.15392311824,4267.15083624262,4331.75600637375,4373.93254138939,4443.74256898971,4496.06251719935,4515.53530991689,2153.22449734541,2350.95297626447,4568.45010538309,4013.4646180777,4099.15068948941,4356.40456673658,4297.00403540904,4180.24519334652,4005.77468933265,2055.54204910434,4165.46364462996,4432.4753279186,204.453561674333,5248.91378011499,5001.34470914545,888.214488891645,4851.76329615546,4589.6648400492,4456.18704597533,5099.54717701498,3997.1337837422,4030.90961689188,5106.78418359177,1363.13114088843,5033.68087994655,4438.76144575189,4422.09101739843,3470.82219277517,3835.7781344307,326.29539095159,3773.24220619234,3457.01888855321,1e+08,5213.94610958663,3809.93913209174,1893.60535833551,183.099500354834,4467.71283602663,5020.87776543586,3810.86943682229,1136.14827150768,5115.08539833981,1110.90393592208,319.61662514071,1504.09232163507,3573.7386512856,4908.99519779036,4048.59611466979,4979.78689690259,4963.30960990335,3652.95932566921,5026.79291989154,5172.91557996679,5102.95028764947,5181.33952525843,4310.29138669656,548.925099500233,1632.75892554406,3672.50096943095,876.487135544553,4991.36918942168,4907.62175936042,4974.25633048761,5002.52063859693,1154.08624255444,4099.18339266788,1458.93253936765,3953.95947625546,3876.71098271889,4922.71193156549,505.720869691292,3887.46543831918,3675.89085929203,1667.011889949,3587.58924910633,4414.2958330916,4390.14896165415,4609.25891441818,3568.00355244682,4443.36407766639,4893.63231192431,995.039720481754,3755.90454145278,1130.31688017262,4964.11473691084,4407.14854192689,1422.89218740292,4999.84711481449,1393.8434267297,781.702987055899,5026.84963687641,1299.20616997813,3677.71623956624,1068.10666574715,3898.95898700628,5201.60182164536,3816.87440528614,1692.37127584356,4750.65488378373,3892.94682209669,3780.15929220573,5093.90267650169,5001.92008607812,4312.79822776273,964.776037005171,3925.93759073141,5257.80720834488,5420.92882306694,3447.6877405893,707.156383606182,4766.79969768367,4890.96395041031,945.79545927708,3545.09620960254,535.007477920598,3776.82354913474,521.389619019204,3992.05471599352,5020.57830879953,3711.90871077571,3971.58596374389,1757.45827804136,4026.64300175655,4993.26409325389,4922.78418419688,3831.93886728441,1468.79749200814,4390.21369444934,687.875113478532,525.842865304824,1056.54363869476,3534.16568722617,4952.68565706044,4870.32583198153,1388.51539942817,350.631815141915,768.519119104254,3801.29590383585,1017.49372584012,5220.68669918272,4715.9832452216,1353.01086298712,4464.65781352923,5201.12847927688,3866.507099704,4068.70824849106,4304.0609565596,5034.20626682073,4365.34315155372,3890.12356395995,4328.69095401012,4246.93250374801,4837.57667182483,4292.94249718874,3742.60655961457,4846.15531594531,5053.39171498589,4119.12431685825,3852.7440586507,788.408577271692,1633.58874011709,4792.33529656997,5068.69060709604,3746.56911027261,4205.93961573923,673.637971112852,3560.30693305971,4399.59092662697
8357.33296111682,8616.43296820847,6814.72449679757,6834.55662861542,2333.59317194756,2290.49933149213,6496.42092728272,6522.39426986096,2318.94301581318,8918.88454627383,6716.03098460327,6394.2951124554,6251.35875628347,8643.66233158789,8906.39501690886,9406.26143485461,5985.81205584963,6479.05026855642,2267.03871141552,6520.0689120654,6755.2094708026,8671.7926533321,6452.11659604311,8883.91790933599,8603.00160909242,2360.73987980036,8627.64543963053,6732.76365731225,2326.12087284678,8687.28802290901,8508.16526920367,2289.12625089433,8946.41081529665,8024.60653738683,6287.13338446903,6616.78255835354,2353.46630214101,6331.27169316599,7998.90513860911,8799.38482230983,8303.70648745919,2269.98831052928,8819.42445764527,8859.35784808035,6351.16519127858,8718.31989395417,8896.45899936057,6826.92462464165,7903.46782349441,2339.40010457185,6312.94139111357,2352.95779254163,2328.82161694194,8440.30177822995,2302.79040599376,8797.28790118253,8797.32347885571,8512.24189087929,8737.84345736162,2292.54656457787,2322.6392735296,2431.8783106625,2312.08632311366,6011.26809820726,2286.2861679015,2270.27129180933,2297.12105966427,6838.3382286375,8679.60036899105,8593.80079199215,8198.71317601235,7744.54453210167,8363.18915267193,5242.45193347717,8471.30111718504,8037.44448285727,4939.90801824691,5805.30330734396,8506.22250981438,5197.9954619579,5457.34360951207,5393.21719660638,7984.02642526257,7584.47913958654,2229.75774041509,5519.46203478871,7640.33511367277,8244.82036254329,2254.50086238845,2245.0014853305,4834.42553467818,8065.94000974093,7536.45322181212,8133.69589489469,5294.57713247531,5424.07357830696,8479.91364506088,2228.98016458882,2230.83269552494,2237.55838831986,7609.30322372568,2231.73317101633,7866.06280782369,2229.09323843531,5324.71214072542,8283.38149612791,2229.460209662,7971.64108154905,8190.2642667715,8166.47702167796,8101.94395749476,7597.6851786838,2239.59126240066,8784.50317188817,2233.435765097,8879.68291573179,5269.3140343911,2242.92560099413,7700.46718243143,2234.88963520884,2235.3121609406,7870.28512799047,8071.75380975653,2230.07380325462,2250.33428211584,8731.75026292874,2248.38071736987,7495.49823985284,7974.29861729868,2231.46295242994,8191.9739433877,5485.57078008316,5489.79463407293,5664.20757992952,8174.94607899567,3067.22326220889,8866.70180752124,3325.25619589794,8976.36023167625,9227.99247269223,8858.61169138052,3135.83511692091,6770.37781649767,9078.12898706308,3259.60864919964,8838.37167067996,7020.30686610967,3163.21480462358,8612.94831252302,3379.95966332759,6847.75501196156,3247.61738893109,3425.73471367678,8468.14447537182,8191.87617050025,8662.09188904317,8767.72061031578,3474.42615163663,8638.43666914753,3318.08453844381,8887.09606054692,9206.22107574643,7159.80789553621,8977.69838470763,9775.76479890109,8927.17521609269,8813.78318589537,8853.89991776727,6928.4390697693,8893.72575199037,8743.28776195527,7121.63844714262,8659.57201352175,8867.87745924244,8905.48768765004,9678.52529994184,9185.61863757985,3361.37137926343,7164.24936879656,3202.61878289135,6959.57769182781,8826.06072430056,3263.14282631723,8650.66648170737,7251.514931541,3030.26060896929,8649.68137844331,8578.77940354656,7162.15838925513,9060.24820514401,6832.55428171107,8841.96116721072,8815.89427068266,8327.81005200091,6856.74655203459,8782.56853111792,3209.84456833695,8695.96857584945,7040.41409110491,8976.68891778401,8042.65888175448,3126.48396210753,3191.77870819693,7051.598234526,6935.74024090783,8732.29198183605,6978.42607229169,8950.63842515988,3539.38945318634,8871.78142629508,8976.86471098901,6966.68958014105,3388.09689824791,8624.98350338884,3178.03112441245,6923.53130072525,8678.92970123488,3373.91617143388,3236.23851959644,3487.00670980312,8864.04186093924,9212.39190340157,3110.85467146479,8452.26185639657,3220.93871502066,3482.41645101584,3356.82634387106,6944.90197307532,3184.36988312103,8584.28370933249,7278.15298559418,9635.44157982062,8445.54619179613,6878.12188809704,3396.52587833751,3250.87751569756,2921.91152214886,8859.67783233909,3178.32781184073,3185.98346711502,7007.72131617147,8732.32411525332,9009.69382596065,8882.21926270086,3276.78482311822,8802.01551492948,8936.96378297397,9092.56584157471,9186.65653405643,8895.8740195806,9205.17345948783,9202.6818111547,7077.16025025827,7326.06956034393,7113.32425601461,8444.37336470819,8754.38790678376,8613.10197765759,8700.82923659945,9027.74778907705,7043.50507312594,9095.96888221665,6937.41515920449,7051.67227568695,8657.6620493799,6997.00438061211,3157.25847691989,6876.76470963327,8809.69471709309,9164.1173313714,3045.22982515526,2947.89995015489,7018.44205716102,9169.47870853914,3325.07908202178,7232.76139733354,3440.62925348799,3224.21970307243,8843.40304724779,8843.6418501959,8874.59853480202,8859.32760044908,9045.91373416965,6824.60701045771,6979.67030614835,3617.01212617866,8544.02542660815,8678.97268615849,8861.28032286462,8764.94618121937,8739.98883533864,8545.18357550621,6831.35953567239,8707.6662185812,8897.14477069722,5336.58661107009,381.28187873476,348.250050532084,5485.0648619639,1074.58857455782,8748.1168281578,8845.54135598926,767.389444881767,8478.96280003862,8467.01810658075,447.545231909912,5374.20756389088,1076.6649162253,8883.29564696894,8791.58217839076,7929.89226924981,8316.69399646665,5174.01499072391,8216.75949485059,7606.48573088263,5213.94610958663,1e+08,8217.73815506459,5507.68937258556,5124.23533855146,8844.02475107399,561.527828473863,8188.84371071522,5351.11478555134,268.087120129622,5325.04888742351,5352.5662274437,5460.98036692454,8028.53689817864,1297.61979009795,8510.56127015873,390.310387612406,1163.60661648095,7964.15876431518,538.147181735439,1433.07734732306,917.348849596448,310.983858314498,8733.32304187268,5315.88354582225,5457.00590878944,7974.48935085094,5392.53839300661,1201.98963462661,1043.07201492268,1216.79750084492,1227.95209417818,5308.01587207387,8453.40327420472,5537.83235300388,8429.40307045173,8303.92659557357,1081.61416661972,5031.76802133406,8298.75415675304,8030.35949139495,5518.0923204453,7734.02245905817,8871.69406965523,8706.61248485275,8689.34344086013,7999.98044508802,8858.25107059822,448.366042315429,5273.45749425293,8055.53252860119,5951.4950744304,977.347944632047,8618.33866929165,5314.89626602759,998.699343189171,5694.85628644306,5362.68584457081,607.735823035634,5336.84695676501,8088.31911810942,5098.0076273922,8386.66747612004,1359.79406445807,8249.60605736066,5564.58077214983,8815.76927026808,8301.88325761109,8221.19222382302,240.457582984065,1240.62484193826,8766.57739690001,5414.59930761828,8338.01978756915,1397.56396173919,1881.80365208608,7766.02479725354,5216.31389294151,8860.88034733501,1490.63675848481,5165.02165215203,7961.25193921357,5293.20711767987,7810.30061990818,5098.09197198591,8464.4486080582,974.734421001887,8110.57020008041,8413.67933136246,5429.17146882733,8351.28396068454,1485.61258846987,725.977181490182,8324.86850704125,5413.96899530605,8746.15041565523,5397.57545169459,5057.57438561059,5291.09535786798,7789.28537784028,1309.45622956421,1148.34867810277,5418.71541452429,5444.87433044187,5332.2478426249,8236.01777467927,5185.80228097044,498.106757477084,8722.10153182316,5476.52270172661,8833.6363612248,1235.74204685427,8283.46483636443,8437.10686816119,8733.14632942129,1445.59996434179,8789.75732468794,8219.52234136193,8640.40292632823,8734.19306732861,984.983672271976,8810.66954724161,8137.75774367105,8937.4160958149,1103.04476396448,8488.16895244956,8309.0179071419,5195.3320532141,5460.70680515561,8816.3329298095,294.111515652457,7815.64361873082,8504.89712893554,4981.01420222035,8027.74753861968,8870.32914320876
1116.95786741198,1195.03474604149,1789.68929871961,1773.17168357782,7244.86183979778,7406.32918985743,2066.80590346858,2043.44302687791,7295.43370163746,1349.11385094392,1873.3072402135,2159.77293476181,2292.5959315467,1206.40717895142,1341.66740065326,1691.03120079587,2546.54274656584,2082.49621242082,7518.41708226101,2045.52981951477,1839.83954024765,1218.72626710517,2106.92573686301,1328.47489226531,1189.63011205033,7159.19456346995,1199.65083990066,1858.97092343952,7270.2092688654,1225.75333162923,1155.50478026817,7412.24688984717,1365.80974072723,1107.95488854056,2259.07587635366,1959.58015986026,7181.27631530741,2217.96874033555,1111.74732963206,1281.39419419365,1108.25264006788,7502.76912292738,1292.17912660275,1314.37490326994,2199.53433783425,1240.32682865194,1335.80222282595,1779.51634652431,1131.28533240976,7225.74238390698,2235.00612146848,7182.84202167366,7260.94597731919,1135.66758099673,7355.93453990088,1280.27969465086,1280.29858158366,1156.82135642646,1249.82925759845,7397.62216585026,7282.33083288295,6966.90780618668,7320.43042913151,2521.83426215196,7424.69616923598,7501.29695766956,7378.63807828725,1770.03348192695,1222.24589603993,1186.00734435343,1099.19520884302,1181.88690645579,1118.07189228906,3296.1634137108,1144.2367710698,1106.2983926474,3615.20515231099,2723.74740198219,1154.88224277359,3342.55510067509,3074.29671754452,3140.08893564934,1114.2311545367,1253.27236907727,7861.66758938957,3010.90731449688,1226.22679828821,1101.85470848245,8266.17662367,7662.03422302804,3728.30116349351,1103.1917844579,1278.22131229189,1098.98856908095,3241.98310777377,3108.38645071853,1146.7655937281,7963.5560100266,7832.9886243573,7732.48527640838,1240.98351477333,7814.33999248504,1141.22423377063,7970.1397907871,3210.76557941228,1105.66687613467,7986.50805581973,1116.45884947385,1098.93348874074,1098.57323368962,1100.3980895838,1246.68216475865,7710.99762041364,1273.54302693352,7785.53322236996,1326.01981603019,3268.21336936144,8179.04782854164,1199.62917343558,8093.78561362393,7759.33401779023,1140.0396595076,1102.65493357336,7852.1222918447,7621.21295691131,1246.83643150147,8223.28468345896,1300.66664345149,1115.96863711837,8039.0157901039,1098.98079485556,3045.44990620941,3041.1393471763,2864.54073733941,1098.6377415161,7378.3908099613,873.537757468799,7361.27798405432,1100.58738974542,1411.87961062273,998.378315791917,7478.69120853413,2599.09044305722,1190.03614942749,7366.68842827397,1019.59759173561,2687.1756983539,7355.93802091277,526.905942042,7682.83067994246,2700.65175295927,7268.26749610816,7570.56688459228,396.185236541831,597.295162447765,598.209418617092,1002.50629985084,7402.82461019452,545.923675320449,7446.96129483714,1096.11667092179,1337.40055065438,2810.42247226893,1082.86161021965,1853.32797144289,1130.75416520614,1007.5053482811,993.648530069189,2499.7243046298,1208.06715351405,958.278898426405,2548.16412479543,584.086572227015,1027.8106367987,992.699940825501,1762.06167801414,1254.40274709572,7607.63718818807,2500.19010242411,7348.62213285327,2711.38102246668,1006.93747719586,7772.34001819061,638.068447378778,2113.765073816,7399.84574603025,614.533525548454,483.18735318481,2364.328760663,1187.58854135815,2682.66153425936,1107.56244730801,756.473684424151,846.832053606981,2624.13838453918,930.431795507092,7518.58985799027,1211.29292716058,2576.1030012992,1286.61227847975,311.477848839831,7427.17302541065,7400.01763722219,2688.90059927525,2668.58926888428,682.971458005282,2442.91187103056,1069.31302887687,7549.47549408947,1077.91429967962,1080.33433082821,2664.44979262314,7588.92328614743,558.837036730582,7333.40183896752,3011.17287475613,677.419069298438,7673.61557395459,7322.49685530717,7493.5536495941,1062.3748948241,1389.98680729476,7388.2776413178,683.78577054179,7392.43471000763,7673.70316156795,7063.81003884567,2763.18488870268,7626.45528940708,947.837545580048,2671.90564545983,1666.5324286984,840.554507022687,2522.60169292292,7624.88660083266,7438.89248778661,7303.08412250826,988.437421633593,7514.79257727857,7637.05756150377,2662.34340499973,926.043141560556,1123.53678898903,1082.80300718993,7611.48942945186,833.794089369273,1034.76692674683,1168.48945432733,1262.32101461613,1013.77163353659,1343.60031143614,1285.61392250089,2448.09338297588,2571.69462706461,2566.00357594409,418.274736422506,725.285344790909,534.05365856221,705.820392970148,1148.857783066,2687.24681063898,1173.97669816991,2479.94740271299,2317.44638375785,669.031827574552,2326.29030234588,7534.91545679942,2620.94073941905,960.406362973658,1281.47591777032,7080.47776240013,7200.2076020057,3030.70011032214,1297.20096533511,7717.31910317074,2198.83568369374,7596.67771530544,7296.38142633548,1003.3149757746,1066.40973653969,1076.72982335737,1243.18119705455,1140.23088254757,2718.18110756237,2440.756520954,7270.19255746121,488.318881108467,689.531746616551,1068.94631261745,968.750480415725,741.18565255544,457.612057446639,2878.39935586829,700.872033164272,992.345929567137,3649.76881500693,8195.75036770782,8021.57936727368,3541.0363863903,7863.03148369825,1145.32983125711,1194.70787866864,8179.74081624654,864.928362559554,839.65699042012,8155.24119887763,3596.53391674047,8110.52547220317,1167.41529138975,1132.16590995915,557.606871069871,454.772214116658,3858.23382667684,180.997718851547,965.149088260582,3809.93913209174,8217.73815506459,1e+08,3537.39296667224,3819.94640086949,1128.66166532774,8039.44598708997,166.73050651545,3587.29231592867,8126.73035237017,3541.31768555846,3603.51828612172,3503.23773793874,618.153600976831,7941.26942001361,736.24686224768,7987.64602001374,8033.86223380879,484.84048889314,8081.05481509339,8199.57755072312,8138.7830955742,8205.19089099833,1062.20839026203,3571.31960250763,3530.86283877367,442.188675369027,3576.60302511847,8080.92124700681,7946.51972597953,8004.22687344391,8065.66696217204,3609.00626321839,905.359657237898,3463.88677748422,475.484299316969,801.856018456192,7913.250188518,3925.00444382629,870.281035481815,341.569903615368,3401.9834383327,877.631331592202,1150.92733411501,1040.19554009798,1227.21005717013,935.335305752397,1149.28371113833,7883.75613109622,3691.77053592608,393.649697768206,3056.4388875778,7996.1798130092,1067.774629146,3625.27478416936,8032.06562360373,3223.42797779392,3648.6507020205,8082.27224684176,3600.17701470898,303.796282434301,4004.00476733285,805.079159284654,8388.7325381855,836.255622837001,3421.36364105849,1288.34202263808,882.007081148556,179.494220346758,8106.66292413409,8075.62734159462,1088.09292882086,3592.13263313628,816.471787489132,8344.60082248346,8537.34117245502,708.394748740275,3739.85508139606,1304.70928747555,7897.3403666417,3743.39977735637,538.872298074034,3721.72523289654,1018.65779369352,3674.22159874674,422.099624887292,8049.12669736624,223.624667404319,878.2480098639,3553.44677088344,859.382914861144,8049.96719619042,7965.41071262737,557.645528559202,3530.62189553048,1123.5686625677,3636.4992111314,3841.97374988011,3712.67480940924,726.850392308872,8013.1509738766,7880.02097051603,3506.8063738028,3625.70940182254,3670.53369051231,164.782702676997,3759.44896679785,8187.64435181788,1326.35183963337,3516.23760422414,1184.11780486805,8234.64072053498,822.086340220337,844.670512046889,1045.36143942262,8080.14796529739,1126.70878425402,332.079851712156,990.909050974302,1055.97365516525,7841.57462431568,1120.48156352168,123.723696958622,1358.35997758932,8116.72279748129,899.79593402776,269.351507339656,3671.31352000415,3462.49100096041,1382.99017670343,8065.00728871499,926.080068394652,936.411050972047,3963.40344369927,565.423646513166,1146.10109458929
3788.42413318984,3992.17300218287,2803.63739066187,2812.70348714273,5203.2691547032,5346.5254208074,2676.15502476458,2685.21813039843,5248.01908647868,4238.56698876748,2760.40624265717,2642.98125906407,2603.39674439189,4014.00116023453,4228.23031257299,4651.19422512669,2552.41758310655,2670.2336659831,5446.59343079897,2684.39656502699,2777.18657047137,4036.6291127253,2661.27653656108,4209.66084397873,3981.43348119502,5127.72084605307,4001.15234450856,2767.51064060945,5225.68474402383,4049.12670194166,3906.13797553751,5351.79615082108,4261.39440784848,3538.81590126998,2612.53403033777,2720.22168981855,5147.16279855509,2624.5216483384,3520.1784490836,4140.21567248491,3747.21642915321,5432.59422391122,4156.62150921551,4189.41995568791,2630.17927359111,4074.22475471366,4220.01638041603,2809.19986419349,3451.86292551976,5186.379740955,2619.4482297176,5148.54217014435,5217.48966783232,3852.85442461265,5301.69779916506,4138.5010727264,4138.53016038625,3909.35492957333,4090.06206552079,5338.77287877878,5236.41407497228,4959.39362750403,5270.17854374908,2555.98173467483,5362.88895335076,5431.27765490219,5321.88049981144,2814.4462976799,4042.92340291327,3974.08727691791,3667.58351501475,3341.41848170593,3792.94525885016,2579.84109729876,3877.1302598913,3548.16240357587,2664.5826068972,2535.49291508487,3904.60553564947,2589.6665659513,2545.35869328884,2553.38105920181,3509.43481886421,3234.7676922819,5755.89257773298,2539.4332423604,3271.43072997177,3702.37906024247,6125.20017498863,5575.50327215416,2703.78599512617,3568.99505780309,3203.74048982411,3618.99989757363,2569.49091598925,2549.2793715151,3883.89388514303,5848.45904899973,5729.89672314822,5639.00933766775,3250.986427797,5713.00709586861,3425.48444802692,5854.45151551717,2564.08569152286,3731.6909497796,5869.35538053108,3500.51746983561,3661.23782262201,3643.42349485012,3595.48535875257,3243.38065329386,5619.62169795459,4128.05593156223,5686.93990646036,4206.1669209506,2574.34914209156,6045.25885261722,3311.57011013607,5967.23225034517,5663.2562244627,3428.4505778903,3573.2599966843,5747.23736625927,5538.78593802871,4085.1154712085,6085.82093090729,3177.65551118966,3502.42888333646,5917.21964240722,3662.52113427212,2542.44088353537,2542.03653961479,2532.66721670723,3649.75723919106,5011.60275238949,3997.2071522027,5162.83399075131,4220.88831881141,4290.26573645837,4033.38545561778,5128.90714582336,2287.37890445921,4126.82815948053,5025.07655806511,3971.12901399538,3331.85568853499,5009.84476739915,3844.97096858429,5423.30567396881,2749.90084254357,4922.63627185088,5406.00206204713,3772.46661153149,3336.40617030348,3936.70700835177,4280.91730245138,5291.44984817457,3875.42303050193,5198.18958246618,3902.60658189913,4532.27786908426,3758.04436957879,4259.06071059344,4701.52859395076,3953.31303735058,3904.23845969462,4012.5933520044,2555.00500850849,3832.16120541058,4237.31033016183,2869.39783376719,3935.95459617033,3961.9396514867,4308.01171034478,4798.57392561836,4478.25310953468,5287.8068017146,3051.31399469485,5043.5827059963,3108.40527432909,3890.65302283398,5458.17227337783,3976.57112188623,2353.29331269866,4959.79514722608,3875.68145540283,3841.79726672076,2936.46039768536,4173.87505941817,2836.02414477637,3860.41965300057,4043.71869286086,3875.63183475455,2628.38045279137,4214.57466919719,5162.75855991803,4329.12743748074,3355.68553572144,3947.41699498029,3367.71322469245,5067.94359612373,5064.34131497086,3116.18153536834,2841.35116661285,4036.4758429294,2500.87954797635,4062.037012608,5419.71519391668,3928.55797890663,4094.03602734794,2927.03888803489,5387.84502705489,3844.2534412981,4981.58835753279,3720.33297107746,3834.73507541817,5382.52075058515,4983.5780973737,5440.54621908647,3930.72242232876,4201.37223971683,4998.01334510301,3896.95074194681,5076.09870493158,5497.70048375291,4877.96319966398,3126.8792585909,5231.26346612577,3546.99373259524,4143.04387617544,4624.51777084675,3446.19695635138,2565.86647205971,5405.65932206423,5084.23446048666,4825.840900093,4025.80285518572,5150.91484281602,5249.20122678449,2753.42908628497,4212.23799281223,4233.05626918764,3934.64326366522,5307.82678204463,4026.17338043655,4218.92385061863,4244.08144541872,4449.24033672036,4033.06006303217,4212.50932184287,4286.69383062589,2725.50952932568,3734.44463781721,3138.0449129709,3775.27228627739,3932.31352375833,3884.40815512717,3843.0648414528,4191.46977273797,3051.57014811196,4340.28131609781,2663.76198088066,2514.15312705384,4001.35892707281,2498.44876947676,5147.02227588316,2594.2376569357,4275.03826515941,4245.74691625183,4725.73170080711,4774.81816479984,4124.71221497271,4204.95827574018,5404.29609720753,2429.84454777689,5413.80343600257,4978.88829407533,3930.32960340315,3981.2043348806,3939.20613376069,3821.1039443943,4164.48493130625,2933.86578704538,2575.50079229211,5692.37563547741,3744.64257428649,3831.39635164563,3901.65263716121,3845.09059284482,3910.63558487625,3770.87522245393,2930.8195484722,3872.68363495223,4190.76452411068,1784.80117803474,5570.38281976975,5333.0843231271,1363.5733192527,5203.0773465223,4366.33925043337,3820.1260041457,5443.54266731164,3789.06265014536,3819.65791713589,5398.20752504319,677.410830177099,5389.36057827705,3903.0142369865,3803.00162342028,3190.41076174588,3527.80527106394,2075.28015312993,3493.72562383872,3192.94599021226,1893.60535833551,5507.68937258556,3537.39296667224,1e+08,1895.51623467193,3898.89795962016,5376.0881360439,3550.78080788588,995.098937615535,5444.19601662223,908.377677680625,1666.88531609174,558.270995054043,3235.94482184281,5291.21816679549,3613.01991638718,5325.20355004472,5309.93481020032,3361.33142692374,5356.78389597198,5601.3907899411,5471.70125779496,5528.45090598808,3755.40048585824,1431.64095043649,385.074596934023,3367.53686354932,1204.33186925254,5339.64195095595,5284.76994071264,5364.43234981665,5388.73867529241,958.603681084308,3949.15187876621,633.833494069259,3629.72079981639,3613.18901747208,5316.13593028279,1768.14030834317,3613.13334198497,3407.69447607993,336.651718212286,3320.16756130564,3914.35609296124,4224.56170939217,4406.10955414451,3083.74073412266,3865.5186263622,5207.78877043904,1097.23480397018,3494.60543430972,2170.97829664677,5322.72463624879,4262.80880536099,641.904645623044,5378.99019028143,859.538931443004,1322.30641279912,5363.54898732578,730.771215164921,3387.63488664831,2568.1083184375,3693.12479830996,5515.10942058787,3541.07587327657,409.303920233752,4480.48734591373,3634.23630511952,3501.77494527393,5408.0819735745,5385.82890924155,3769.15706980349,1142.872099369,3521.71009030987,5650.80613638795,5856.71396786595,3131.06936622674,1335.08021317826,4536.30641997173,5287.96676126177,1168.51567767049,3239.68574827546,1495.51871218398,3524.45947704155,1813.44687451997,3710.63845248109,5389.78219975425,3433.11588506278,3803.68323964623,231.214144993127,3848.94305844549,5371.21477978481,5263.38581430192,3497.01230984202,527.389239885788,3751.1903319881,1419.97143583658,1886.7986316768,1051.53805581155,3256.67559870361,5328.15127214879,5234.628777822,670.203210607778,1890.64550061085,1278.02410004096,3522.26937526035,1089.66065119215,5528.64200376788,4451.20609358877,722.714810542738,3816.15942473797,5595.59885443669,3476.89103285264,3908.28137127017,3778.65206637292,5444.10981123141,3814.27411003847,3613.93200848205,4174.34718049259,3747.73265858852,5194.42397961405,3836.13436428038,3466.98707730482,4601.87301642996,5419.84067851546,3926.55128279044,3589.29040526115,1235.15509112302,370.903080707561,4534.71797117042,5385.14942777565,3475.13720286822,4056.04865690117,2174.64769914089,3249.09905659306,3899.56757530799
4365.33312059377,4585.69192547915,3199.43099303996,3212.09099861945,4600.26597287116,4736.90956925265,3008.44293141012,3023.10694247007,4642.88513767925,4848.44825615834,3137.69251050852,2952.51627531569,2879.14257444023,4609.11780526077,4837.49256231839,5282.05071573805,2759.62153749646,2998.73371785105,4832.69851933748,3021.78700442083,3161.94470441395,4633.36893540641,2983.83676818079,4817.79752343185,4574.15453233824,4528.45798298465,4595.33236916305,3148.0083300779,4621.60658727319,4646.7489372474,4493.03581063213,4741.94823017111,4872.62401896122,4090.06932773601,2896.94741809083,3077.83190408155,4546.91969467377,2919.4359271499,4069.21708331239,4743.98268160287,4320.3432413389,4819.28218131353,4761.4443135984,4796.30956107666,2929.75618545035,4673.58959591259,4828.78291020437,3207.209232193,3992.35338447475,4584.19685544456,2910.02757853702,4548.22999327575,4613.80272053898,4435.37276994537,4694.08699535692,4742.15687521354,4742.18785083319,4496.51008085181,4690.50672587281,4729.49976217139,4631.82683378353,4369.16946165189,4664.0118593966,2770.06304287535,4752.55510496441,4818.02068628328,4713.35997416866,3214.51440232073,4640.10888082254,4566.25799754113,4232.92867924661,3866.46779209642,4370.25969165656,2566.70764826031,4461.67178545763,4100.50867938075,2558.74909013478,2692.26373836223,4491.38051755963,2562.7916495674,2598.4760270929,2586.80790780552,4057.1746838392,3742.59527174459,5130.29054638332,2611.50374494248,3785.4692336174,4271.20451333472,5488.07480301169,4956.46726147262,2566.47008209089,4123.73552981541,3706.0476287862,4179.26293778856,2572.47544322894,2592.19421242806,4468.99069571888,5219.74333078496,5105.19905309764,5017.58245696214,3761.601732387,5088.90427741888,3962.4802959039,5225.53978128922,2576.38314747973,4303.35095296623,5239.95897969235,4047.16681070809,4225.93425741625,4206.27487584326,4153.18980965539,3752.69676694743,4998.91525007694,4731.03070288474,5063.76663795372,4814.08985155242,2569.5223590151,5410.4340866192,3832.0516032069,5334.75081087135,5040.9397879524,3965.84508832135,4128.48366234522,5121.93494235513,4921.17390220688,4685.22448266923,5449.81652903224,3675.11941142639,4049.31294290366,5286.2936897495,4227.34912046026,2604.18767032228,2605.07229055061,2648.24082373813,4213.26868647628,4265.36090907911,4352.82093224193,4348.85980330806,4529.21222291993,4796.61577954687,4360.65152028964,4345.1533095024,2110.10710007827,4635.93500351725,4219.1547898538,4352.7853770928,2456.6909730348,4250.50610106809,4126.21182291256,4483.0671872068,2145.98282834801,4092.80466742449,4441.94210303024,4006.46852641458,3654.08210827905,4194.35946452629,4479.04538504729,4318.7785026136,4139.05750489062,4345.18604032899,4457.84574291792,4755.00609358569,2828.49370015696,4492.76019415141,5325.36397713367,4522.37429648385,4372.44381863345,4379.30518888938,2267.5770231238,4479.79806487737,4439.30178691524,2373.00525389047,4202.40113520587,4374.88477934911,4533.8652822108,5260.30719522519,4712.14528415008,4416.44158174836,2445.72553372163,4219.10500655747,2338.70688293438,4375.8567588676,4575.19011393504,4225.33416116473,2648.25568283701,4184.60944441165,4155.02789545208,4108.12611193443,2458.98052479704,4594.6646588063,2099.07155070581,4453.00805710938,4331.56041431909,4113.73564530913,2116.2997898248,4486.93888649966,4355.67047777903,4537.10764915506,2496.18338171277,4636.73309074439,3613.72256728294,4295.72956737286,4285.34271968948,2367.93462992912,2169.919749487,4307.74117277423,2347.12964515732,4485.43359685614,4455.61422669475,4467.72645970656,4520.06279882216,2249.38590654338,4450.49051680991,4147.41560598946,4207.19938763448,2743.67382438654,4140.4849603325,4508.45034044593,4179.55820625034,4464.91483388712,4424.99481634939,4769.95882543348,4206.63571151975,4132.02710202431,4243.8677006059,4545.72553176546,4072.79831521107,2291.65601095843,4433.32331872365,4126.86249210639,3358.72537017225,5112.18424533538,3957.83154761578,2159.80502006129,4458.86567203109,4271.07740811258,4135.99672006953,4380.10968818379,4349.53153922177,4417.91718468505,2243.06668607758,4414.97967371985,4558.12416628964,4468.03548273668,4420.7676624187,4339.62309633567,4451.11713794592,4567.64367592422,4716.57969455801,4421.48690102283,4745.840222596,4728.24813570165,2326.1683780509,2895.38568646756,2433.07797391376,4010.43247945389,4236.69186120892,4137.87222339642,4183.15063487677,4542.02231099253,2330.12506279438,4594.90843624789,2193.56499485769,2377.01893643205,4229.85933156354,2284.61215919028,4324.9606920858,2172.87918932443,4488.31104180403,4682.97773936965,4006.90911592368,4076.4318585541,3262.35973835203,4679.98114136014,4539.69549228007,2598.26986964376,4470.76968452879,4165.80829671393,4358.45153992679,4399.59736046027,4464.94520228808,4517.82429914165,4545.07235233323,2165.45406149031,2357.3768401639,4482.5321637535,4037.63623339245,4128.79894971762,4380.42225010972,4321.91841323901,4208.27290779581,4028.76951435398,2079.46471643311,4193.839354872,4458.32348217246,256.921806675658,5157.24157501569,4906.92351021727,896.570374048862,4747.68267185782,4604.14089217748,4476.03751511889,5001.98827429257,4022.80928578382,4051.29639044843,5015.53410825833,1381.14033091764,4933.26802084896,4461.28433907013,4440.6054924472,3486.65642815227,3858.12438983266,236.353765598991,3787.95673993043,3444.80113799592,183.099500354834,5124.23533855146,3819.94640086949,1895.51623467193,1e+08,4486.82284283583,4923.3151520473,3818.69756395647,1186.64663686706,5021.69322674409,1141.59013322668,367.741782442235,1524.61661092391,3594.71191616519,4804.02412369726,4074.24370567303,4883.15249297571,4862.07567764509,3656.13548025222,4932.12033276068,5066.45033214183,4999.9111911518,5088.53245393513,4330.31840968974,614.444974004205,1634.34128241715,3674.52623602283,924.117651752437,4890.23164894165,4803.70259687834,4868.63869550813,4899.12290314087,1196.1711420537,4116.43231060151,1466.04059239272,3976.07315025873,3897.62666198518,4816.59712477524,586.056345280075,3908.25490483649,3680.5707750349,1671.92421069056,3575.84858788086,4437.39597397861,4411.93469912492,4616.50573368508,3599.67381887082,4463.91483946394,4798.37774068002,1047.19592670232,3757.62018809163,1099.26125454718,4862.15546457173,4420.18535211363,1438.94681407219,4896.68882630647,1391.59193941535,820.523445136558,4930.92588579241,1312.77588658831,3688.94469004173,975.463411418155,3921.38377376338,5109.4003865633,3837.20793724442,1713.57806340886,4758.58325980113,3911.84949739985,3794.91528880633,5002.06706444521,4898.35316115805,4336.04490525386,1007.11589389591,3946.2042597843,5155.94050231919,5316.58729672015,3456.0359893223,749.346915563756,4776.18267378261,4783.9078521232,970.4777889707,3560.5150310426,608.929430172633,3757.49940346105,491.603718609757,4012.71130857456,4918.57202996815,3721.14194165004,3991.3057166645,1763.93847102844,4043.78378329862,4888.57795842363,4823.93517499265,3854.97025931689,1481.60020221184,4409.17884556231,739.161088685229,553.962554785827,1093.73517472839,3531.93860398601,4849.34232936828,4765.94325726107,1414.95614365361,376.476607112946,846.437650413498,3815.70032285019,1068.31935460342,5134.35678002653,4719.30554605151,1378.67376001576,4482.39326602824,5097.69800777265,3887.46648226362,4086.67993914083,4325.40888542262,4928.35633237106,4385.51803199159,3896.32026382394,4347.42846053896,4271.02059037813,4734.43920324365,4320.32281532898,3753.17947935924,4855.36726777976,4951.46672423324,4140.60562664323,3869.61748575412,828.878790731068,1647.69526562968,4798.08721590153,4979.79966325142,3729.75127490374,4220.23425092515,618.249382146077,3579.82438334819,4424.97990315594
1088.93524880296,1014.85142570076,2272.40526573732,2253.59534877278,7851.71211243964,8013.71621453487,2579.86321939825,2554.41550987258,7902.455158037,1014.98098167692,2366.65491914937,2680.47855606138,2822.70673384546,1010.90413720396,1013.06858760561,1200.09756828598,3090.91352557091,2596.91497935217,8126.16049158353,2556.69140137817,2329.11543031473,1007.6389399758,2623.4050784434,1010.0325158202,1017.08094786744,7765.74820526609,1013.1328096183,2350.60258972228,7877.14569941855,1006.19585995935,1038.01254990845,8019.65305354804,1019.75861660426,1264.47130883533,2786.96179275312,2462.44677556699,7787.9072320808,2742.99426490767,1280.94636028892,1003.35184045313,1111.81178803913,8110.46354586429,1004.25296923024,1007.31621326842,2723.22708787996,1004.06996837613,1011.66196893472,2260.82867527888,1345.06137157845,7832.52718681545,2761.23544796678,7789.4783959247,7867.85100506619,1058.36221651896,7963.15707888322,1003.28221054246,1003.28335292157,1036.92968059838,1003.25685960489,8004.98096343647,7889.30821084683,7572.76350366144,7927.53544961916,3064.99076655467,8032.14247688366,8108.98675933792,7985.93505443359,2250.01376504347,1006.88013516063,1018.71511939291,1163.06871349418,1460.7944046991,1086.5811849547,3866.34115522669,1048.52888843718,1256.37609388758,4192.27609811311,3275.95943717619,1038.53426444514,3913.84189962499,3638.5553455916,3706.21760428997,1290.64338028954,1586.60561653582,8470.42716239949,3573.26156017723,1541.77936671846,1139.55246615988,8876.00552776741,8270.21606104646,4307.45547516812,1238.73750043488,1625.86366982533,1198.72110564197,3810.81294369924,3673.62703351759,1045.95620515501,8572.59715091858,8441.66736369063,8340.87507340098,1566.56910079871,8422.96578879767,1371.35833053616,8579.19883064027,3778.79168824866,1121.08569327813,8595.61144264978,1298.80230350314,1167.54084944782,1180.39363799145,1217.12604519734,1575.92417467172,8319.32447142174,1002.95892202641,8394.07664085819,1009.51918956704,3837.70305183499,8788.6570343849,1494.60394879765,8703.17436525773,8367.80187992569,1368.35901479214,1235.19591632028,8460.85503907107,8229.27218951653,1003.46706590815,8833.00612640519,1659.82978797796,1297.04505985838,8648.25998521119,1166.63191279564,3608.85488497958,3604.41492694105,3422.06500001151,1175.77378190682,7939.0742181508,675.824078875041,7919.87578782114,891.412950936246,626.819898253964,730.789769083193,8035.46987305025,3053.25055564502,389.418088066278,7912.42350305352,591.964620269488,3293.68167561309,7897.56884528709,889.624532981169,8258.67283082973,3171.65115397277,7821.19104313628,8145.43447407749,1068.04639192302,1187.28697692305,904.350046973679,1287.50498245565,7989.28030952091,930.465525091476,8004.68166739656,308.045616515753,1153.53528964136,3531.76764992238,1037.97530348568,982.802717491985,221.811923692077,397.560583508596,624.627880608622,2902.53711434538,482.925900943818,1255.73447137292,2980.44547099933,898.319746605228,517.708729030803,1179.67907581826,1169.68940833579,1189.13173307816,8162.94337063153,2968.2074815892,7903.24368575578,3219.62401458183,385.650068663373,8340.51119678821,963.271241856613,2386.18557525242,7954.09682983549,828.174241089369,943.988898455377,2802.99634393498,614.34758560211,3242.03877621006,231.97170231113,817.367516667908,1238.57028118903,3127.41463723261,1133.15172487679,8067.89127793584,1419.3898490443,3253.73118227633,624.848464824706,1320.79970698289,7985.24427678941,7945.13208732545,3183.36838918012,3189.1060170718,911.649760259779,2803.77779216732,510.041159601454,8130.55106592478,256.066692999041,534.451671850616,3153.70383536619,8166.74420748821,836.773674470734,7871.74994200611,3747.20030954024,830.194314377129,8234.17142058853,7884.14553208183,8082.79229475142,372.445558912184,466.766835413521,7945.58561430355,1139.36721128028,7945.04043668497,8249.34953603602,7610.80451610925,3301.2426419532,8177.34555609807,815.538711061659,3525.17787089749,920.262792000526,887.818237284891,2997.63951595883,8199.45656531722,7985.88352256808,7864.45680640968,628.314527533537,8061.70118671766,8205.04524627676,3103.32491739718,1239.29672862705,853.693442608976,280.50886373936,8181.78694081761,746.604525582323,997.338281743143,800.691566755691,1057.30953857421,579.657494541693,504.338304858981,670.502170363928,2880.53767168663,3277.60922851124,3062.76489513563,1100.21739512004,774.80770697641,950.492274180506,753.611113375451,776.532999891629,3179.11784260381,1032.66881013292,2969.55982431487,2712.96574321202,1023.20927263082,2756.77097181247,8105.44288483466,3064.67264775307,1208.89715589844,677.670071262659,7628.73452123499,7759.70151515687,3879.29758100168,578.903376906179,8279.32635243531,2480.83677787781,8171.22350981569,7853.53512598447,484.160890350086,538.340882534675,260.763864952048,630.423480975087,653.046128112292,3255.62473922949,2819.37499220758,7986.78307577784,915.911448671533,840.753154956474,418.119649443171,393.597046994165,790.787592373249,993.535816672166,3428.51925659459,768.891570404452,942.96176036064,4296.4702502841,8831.34719295235,8651.82473877803,4067.62649705992,8491.86381360184,1552.89298415776,360.246086236835,8796.81141766277,989.870750821549,978.483355781451,8771.26959780204,4033.83883765393,8725.00466482749,257.773563609628,272.013687144875,1308.33230220245,971.830882182525,4552.99301242472,1140.17703439366,1679.27361618766,4467.71283602663,8844.02475107399,1128.66166532774,3898.89795962016,4486.82284283583,1e+08,8673.53581190429,1183.74489975081,4072.1314741952,8758.41947861026,4032.48779975065,4226.78022414533,3921.46617846646,1197.00951491755,8560.34673625714,769.498398177149,8624.12735600909,8645.82062828516,1350.07355742758,8704.51907076119,8821.4569605763,8758.94330401873,8835.14345158912,290.98164976436,4157.1695490522,3927.17316758068,1330.27592423572,4094.11123708893,8687.02032356582,8571.85910663312,8630.4760666396,8682.11227302829,4093.72352902591,1277.00301770781,3883.8722146281,883.224815245571,938.383182043294,8550.57236173662,4557.73576527091,962.150130584244,1311.85839431876,3808.22959684472,1589.38968467191,328.371956914962,1380.68807590075,1677.97569774138,1180.95865939623,210.901828254089,8517.66787760323,4195.67431378315,1286.18075216802,3733.56192627428,8619.6014816511,1564.77521332667,4059.45431335894,8660.44794441988,3679.85949906911,4179.55435565367,8705.08861184451,4051.53596484091,1215.53945452795,4801.1472670089,946.93421474402,8966.45615584409,939.573738342892,3817.25113178756,1643.74222434341,965.691656942539,1088.34223417442,8736.72422991875,8688.76726532311,343.079370647876,4093.47816499103,684.726195015122,8951.36201025808,9129.57278272239,1479.08852525494,4284.45465731107,1668.46971871863,8511.3588084323,4254.33138308763,1308.46671825361,4293.41107863342,1577.65049231483,4364.8671335007,908.912381439326,8673.75784220672,1214.88031343967,1085.28692997668,3939.12093030927,1271.97463264096,8657.05822078972,8591.51415408478,968.886728789682,3957.34576027032,279.223669692444,4183.90676490405,4527.73997472456,4198.07853930598,1516.42886976389,8625.64091636027,8509.2163163101,3946.39533068775,4271.58694357226,4206.56332628559,1085.32033492253,4264.14951826704,8811.86942247863,1715.25656411838,3952.32534428036,463.885244095078,8857.22812053318,740.688580265334,1246.029755146,287.840157606891,8696.21310683507,288.12693016034,1179.29411816295,1392.56078996822,426.505797792368,8477.09895614241,436.049043962954,1176.5973830004,1696.37273767576,8730.88150974736,1187.183082174,1043.10770436156,4219.51723516363,3873.12319657768,1741.13217072579,8696.24075276111,1554.40743114258,1353.19316339249,4704.88143442096,1213.11448624813,338.693684270506
8219.38107739693,8479.69062728238,6667.84847300345,6687.81836197642,2134.61729912666,2094.83255401387,6347.23146411736,6373.40110600301,2120.88243717741,8783.47151848636,6568.45859914623,6244.32012003136,6100.24632881656,8507.04320155944,8770.92875774193,9272.82253205865,5832.46046394801,6329.72874361923,2074.34641314912,6371.05823040068,6607.91569973133,8535.30005735347,6302.58905946052,8748.35550027715,8466.19822601667,2160.45637222877,8490.95392164141,6585.31061944353,2127.59020584328,8550.86480253834,8370.92580076056,2093.60243580275,8811.11461841433,7884.99594071126,6136.30991403391,6468.49120763878,2153.49123529139,6180.80076756692,7859.16113618956,8663.45672153389,8165.49555483443,2076.84680990198,8683.58363779939,8723.68986032907,6200.85174690485,8582.03492090182,8760.95029280473,6680.13342980211,7763.22147566041,2140.10623795325,6162.32458400958,2153.00534120349,2130.12510658522,8302.7446888257,2105.96904531228,8661.35064609565,8661.38637912038,8375.02135297257,8601.64499488956,2096.67227034904,2124.33112045653,2229.69932485983,2114.51850090348,5858.13863568176,2091.06820261568,2077.08809890179,2100.80596888542,6691.62614827436,8543.14275830632,8456.95549146927,8059.98601376695,7603.43651601465,8225.26537211578,5081.80818008187,8333.88969784959,7897.90022913398,4775.77742354057,5650.3282592484,8368.97401390468,5036.86028412586,5298.98071165359,5234.18962108229,7844.20483275544,7442.469931468,2049.65940219343,5361.73055376737,7498.64429999032,8106.32139269847,2095.13010332328,2056.94761419096,4668.99659849141,7926.54231905994,7394.16681265451,7994.64290199277,5134.50083550913,5265.36748420724,8342.54252224563,2053.57432660162,2049.48780572578,2052.11636184758,7467.43604635116,2049.59585363649,7725.61652499828,2054.00425360766,5164.9596791581,8145.07157232564,2055.16586648751,7831.75469859189,8051.49503272521,8027.58890700909,7962.73009202007,7455.75163419774,2053.329510316,8648.51001601193,2050.10293010779,8744.1023400464,5108.96387905939,2078.65865195533,7559.11442057913,2066.03560717035,2050.92254311787,7729.8615012979,7932.38590469725,2049.55684754486,2060.86769860393,8595.52483953746,2086.5752649381,7352.97288633939,7834.42615206975,2059.78239121986,8053.21322922272,5327.49630252642,5331.76309947393,5507.90164166058,8036.10036288403,2720.78584517785,8693.59845578243,3045.19264663472,8815.04619588256,9065.03764732427,8688.97519255214,2806.60116935174,6524.75189574972,8907.94334558118,2920.23495756644,8667.71301601215,6781.58906934583,2829.2377010866,8436.2237793567,3043.03597322612,6598.4381070033,2899.72766618968,3131.1858564205,8287.93792248688,8024.36393673587,8485.25526690037,8596.16433699561,3198.17968104041,8460.83830324476,3002.71741589639,8717.37048540791,9040.31934879962,6931.78937561197,8813.94424637188,9611.19265640326,8757.04027540961,8640.47894457342,8683.39810090879,6684.73567707571,8719.68288596903,8570.1085973991,6878.58635309665,8482.63395989071,8693.85404923047,8745.4968806789,9527.78213542255,9028.29579070621,3022.32350164805,6927.96520481465,2877.77670355374,6720.7637269779,8652.7965588973,2929.76603618151,8474.69557169742,7024.87211941326,2674.92150992447,8471.74793316438,8402.05487620716,6934.63150279627,8893.28958352111,6582.97187365754,8673.36262353106,8642.25881316684,8144.77284622889,6608.85497350559,8617.25700855174,2870.89625388854,8527.01771232072,6816.11977680406,8806.21988560857,7867.01471299303,2766.14775844308,2854.84105263802,6811.83009168894,6685.62307211949,8558.93211616235,6739.56612415098,8780.06486612582,3245.99250193544,8701.05222139994,8808.8451953383,6720.30789203704,3087.35558790837,8450.91618666198,2835.83664983861,6697.52458058648,8502.68549819304,3030.64225631697,2876.62997836625,3203.08455365177,8695.17005086645,9044.05306688618,2774.04919764473,8270.74418098341,2889.99822306774,3180.64786115235,3056.67724263834,6695.2882937906,2834.78933018788,8421.09615649009,7103.89378065848,9467.75702773899,8281.68565415769,6633.4226872983,3087.83639118243,2905.07735874605,2547.92225118207,8687.45016398641,2836.58267785096,2831.81332419322,6760.9881906814,8559.7447287045,8847.60607089689,8710.96621195116,2935.38461958128,8633.44202653542,8770.13676999322,8922.1391252323,9025.351578692,8726.08188672405,9037.42190478022,9037.66645920576,6835.26168646482,7118.25936601295,6874.46788297915,8263.28033121628,8579.14048243265,8434.13044421636,8526.47256202893,8862.84165965247,6797.47716091619,8932.40631949027,6694.97258747046,6814.24161265055,8479.51672419414,6762.1410198496,2793.46353388512,6631.80797256418,8636.20215067685,8999.74719599133,2707.74435783433,2589.38134446544,6829.62064196227,9001.68076110307,2986.51108553434,7002.89494243012,3143.56741994712,2895.85152512801,8667.89982841257,8674.63989241532,8703.22032680517,8687.41081242824,8875.69725211544,6577.68163321383,6738.66487128157,3377.87607439531,8368.49571290042,8501.95109666485,8683.77927051632,8592.34736735376,8564.56097430402,8368.03243018813,6575.58844501885,8533.37678329173,8733.09377820806,5142.53009683219,741.008207500126,287.982333936086,5297.33301482708,562.238790370144,8601.17616228658,8673.70995396476,399.910011638087,8310.07235486227,8296.88491185052,365.474298300145,5227.02663169852,624.489952960767,8711.65044064397,8618.86218862831,7763.79271570242,8142.88682622093,4959.68326920219,8041.38593134911,7435.64499675835,5020.87776543586,561.527828473863,8039.44598708997,5376.0881360439,4923.3151520473,8673.53581190429,1e+08,8009.79966984728,5198.24927234222,338.590697034978,5169.10260758296,5162.65116047169,5318.7984434574,7869.09649621445,803.049256350467,8340.8832855867,295.139265320351,706.727307746692,7791.84673480895,225.851006398555,970.210320083338,452.32478734508,397.995835676507,8559.3519294694,5139.9459186912,5316.98986661219,7802.64205566536,5226.06967539404,776.899548790822,549.460062041881,714.311436608196,749.944522424243,5155.02515709703,8295.09200085185,5379.3602177609,8255.11387058662,8133.5757465569,559.287897392662,4863.03079212006,8131.96590083383,7855.0142088348,5377.02700826584,7558.82987603028,8698.59038850437,8557.0089542652,8540.54498916424,7857.81435814638,8684.67143832732,414.393112895961,5114.30657163057,7876.00667423456,5704.58835330582,464.491957237089,8467.81972414535,5171.77980550923,478.859301119266,5522.50408505103,5190.28485011676,252.075459510866,5184.27078897038,7916.55355951614,4865.6199956344,8209.25529020764,1100.52477915572,8077.25838875087,5424.87153600977,8670.19479426777,8131.53742711345,8045.0118839636,351.647421989313,774.075133142341,8591.0457775943,5249.43480367245,8166.61509584363,983.185279455864,1489.53363412898,7611.00840853366,5051.86167106376,8713.71255669262,997.557073596143,5001.74019712753,7802.070647943,5115.64626453788,7627.89948576973,4908.36790039124,8288.44263498899,462.69251594566,7935.54729763291,8242.2239405512,5295.95055615036,8196.8104187474,1020.56476381615,259.028675335121,8151.56486335036,5268.40340903803,8577.19138992701,5222.0429698792,4878.52828500459,5138.71274042793,7618.6652057907,833.699661358034,629.288834990374,5269.28705981647,5233.1665469527,5173.51171271665,8059.9642838581,5035.80091023525,869.913289716218,8575.13281413224,5328.49890035397,8658.2922626538,768.611254934796,8111.91475051904,8277.75640557013,8560.13271273648,973.971715777629,8618.0960933704,8041.77624540011,8488.88764770008,8556.43872597169,483.142328586019,8633.46574973981,7961.68341727139,8790.48814296435,646.392900306398,8332.81010187369,8131.8378211999,5027.89631036168,5320.24439661896,8670.61842148983,603.738243088548,7636.36155474893,8350.53782404164,4786.27794489569,7864.87991836042,8699.30468828275
1139.25916946978,1227.16724633866,1757.22868660133,1741.0205865393,7196.10240638348,7357.50261233236,2030.25528054531,2007.1726000163,7246.65285357194,1389.2384382961,1839.41139406341,2122.19616984453,2253.76192224163,1239.41023679056,1381.52992288163,1738.08768335713,2505.81499787209,2045.76271804433,7469.54592637972,2009.23397061674,1806.49325470346,1252.59574238695,2069.91563027848,1367.85234356284,1221.32157488869,7110.47223965096,1232.14563228338,1825.3066583051,7221.43905722614,1260.08588543712,1183.86354298245,7363.41791826664,1406.49355447495,1114.65248198668,2220.53875910882,1924.40072844792,7132.5443238688,2179.81380905041,1117.19582487643,1318.78534543633,1128.20110428034,7453.9040943966,1330.06504556719,1353.20210435516,2161.5576619811,1275.55683911165,1375.45246925249,1747.2452595688,1132.14991159062,7176.9911407855,2196.69028113195,7134.10934747448,7212.17969410205,1161.41079066204,7307.12853778661,1317.61819060475,1317.63797232564,1185.33120363065,1285.60369939057,7348.7991191977,7233.55549884886,6918.27280876453,7271.6391276651,2481.26709142932,7375.86217616437,7452.43250718124,7329.82276481117,1737.94225090654,1256.34995720559,1217.39224437809,1114.30263484561,1175.51073320365,1140.62435705446,3252.05980009081,1171.19800457623,1113.62088946837,3570.21341625075,2681.98615983169,1183.1687601896,3298.30817744729,3030.96059016219,3096.50986185297,1118.95840179476,1240.37027053237,7812.66933280885,2967.81903297687,1215.50176817855,1119.12118916534,8217.04461018615,7613.10822838913,3683.0422415647,1111.90197708704,1263.53735265301,1110.98658183311,3198.05387929662,3064.92269900972,1174.05833921364,7914.52253511196,7784.00047831209,7683.53327064905,1229.03521342812,7765.35846844782,1140.33064961433,7921.10407705889,3166.9404429313,1124.70036405039,7937.4667951285,1120.58712501352,1113.64061987209,1112.14680198132,1110.85902014487,1234.28471125924,7662.05348780605,1310.55682772405,7736.56200197455,1365.3039083097,3224.19874434775,8129.94329753134,1191.36973261119,8044.70865862154,7710.37224781507,1139.34313681632,1111.64815702854,7803.12739058937,7572.30229762391,1282.44261808532,8174.166112637,1284.52968691872,1120.22531382017,7989.95691682108,1113.76903209356,3002.22482286044,2997.93110395723,2822.0829777077,1112.6159441393,7330.98427093204,940.678958636579,7313.57682662152,1144.09925523958,1468.05442209371,1050.08723377548,7431.48946565216,2592.55408612142,1247.34168978844,7324.38325509655,1079.96814496766,2651.31145377641,7312.63628214052,582.912628435764,7636.65701396085,2681.25775597061,7226.90523122641,7522.59634207707,398.10766213702,715.228919331359,631.804366399773,942.026513965707,7354.00712133558,589.138734808511,7400.78473387245,1157.87704381578,1377.64759661852,2756.80637145907,1123.22863394198,1914.67635854634,1191.37367796586,1059.30581214823,1043.68010804312,2484.25578676962,1278.22181319777,895.931433095916,2526.40845272046,613.809616957982,1082.66972662822,997.467463827616,1812.80265939924,1298.021538438,7564.34038480827,2476.73160911407,7306.12468221732,2683.61023722547,1063.29410805206,7727.01672152727,631.483655391932,2115.78630584523,7361.54587973146,674.817452912416,519.429838109897,2343.80917894628,1241.76270014969,2658.51217421826,1173.43517595356,807.529431216171,778.976050199833,2604.89292646479,889.013233161615,7474.7711899273,1165.88054210661,2541.44665412152,1352.79966547974,319.936991592726,7380.96601844353,7358.28172132119,2663.0105121178,2648.91065281466,693.199173468554,2426.77860720369,1123.96468846213,7502.278823366,1136.45492436128,1135.35254328696,2641.04711414836,7540.57462139315,632.105825205531,7292.37170434216,2951.17484026733,758.233004403059,7627.4128309052,7277.90707164034,7444.4512969066,1121.03196576461,1452.24945062903,7345.93411448358,601.831703349229,7350.67222672255,7625.47784081369,7014.85173228335,2735.02248182284,7584.52446748334,1053.21391110308,2600.13777183211,1728.19343995888,954.686479139839,2505.37116049937,7579.60249821584,7396.94530274126,7263.44070641598,1040.27123928947,7473.8713926554,7594.55708735572,2646.51000720995,866.857252283218,1168.49614302116,1139.37972671303,7566.09996764952,887.542660213493,1074.45141343672,1218.94816621028,1301.77650945767,1070.2961065036,1403.77205880835,1338.30157456194,2431.88425584362,2527.92597003872,2540.70885596801,366.950239044037,790.257890446579,554.834673799265,784.160981471611,1200.48012447003,2662.13843195508,1216.80375068864,2462.5234608315,2305.78495364787,646.787016798407,2311.09240900137,7492.41470091033,2603.32052017156,907.95090339433,1336.5035217881,7034.65434011843,7154.62063086926,2942.59211168007,1353.52487967937,7671.4274972307,2193.60524993493,7548.17106694369,7251.16555945145,1060.2004605486,1117.70154204168,1133.634612413,1315.06686515698,1194.8393679957,2691.52253006548,2421.68565813556,7217.85486686122,573.994954253271,765.999019892919,1125.49833945568,1027.40596726191,811.575520177867,530.616526270513,2856.12982320352,776.191311404717,1029.00887064181,3653.13608675547,8163.75675222831,7992.56291115762,3551.42257939962,7834.8686151458,1120.73505103897,1257.37027492632,8151.43202701075,906.126418968771,867.92572561973,8127.37453097347,3605.5764489438,8082.52177919339,1224.57130337817,1191.31996847187,644.726095191154,587.404421184061,3855.53629287553,316.762798142135,933.100578448993,3810.86943682229,8188.84371071522,166.73050651545,3550.78080788588,3818.69756395647,1183.74489975081,8009.79966984728,1e+08,3593.16785647107,8097.48494331222,3548.26006326871,3608.40456475861,3513.95669778281,719.633642893578,7911.23926245172,842.019934269395,7958.64008623498,8006.05316707167,453.862898704458,8052.51265988961,8166.6951165539,8109.16667367938,8174.54102881305,1122.15812549138,3574.77417419418,3542.14923204832,416.813226270475,3583.75476120045,8053.0114534647,7916.9267724461,7974.47361992736,8035.9095139865,3614.50343896536,913.160955368646,3476.20360990124,597.356419133975,828.638168035765,7882.9873337331,3923.01025921476,902.298093378062,318.755438522362,3414.70555771807,844.682021772187,1208.06684324086,1059.72614408476,1173.89711453141,1017.10012541975,1209.83020996821,7855.88305615787,3698.04001126182,281.553986981022,3054.42805954344,7967.40904181641,1038.21218814817,3632.66646115241,8002.83834567084,3238.17512044643,3656.32109184101,8053.72167770196,3608.65417779277,387.575931945249,3978.38713508917,839.657438712415,8361.88746523616,865.956329101033,3434.83975902116,1244.12841927137,912.703827247336,330.322411421813,8077.36166092686,8046.08334099889,1149.20536315349,3601.19185440372,857.943869490602,8313.81614197656,8505.34805367599,684.962821784169,3744.92645176414,1263.53418447187,7865.60003150558,3746.494840449,585.213603744085,3727.43438680804,967.206744279459,3663.26512505917,506.401677884623,8019.13558374505,293.638670727952,902.855052823553,3564.43139165234,870.176111993782,8020.25412711756,7937.4527230815,690.765692771515,3541.10369389125,1184.32737790363,3644.8479363291,3832.95387771586,3719.38835785921,685.056296006545,7983.6107744607,7850.96782086217,3515.95834821297,3631.14484964905,3678.58046217288,309.275717766965,3764.39630825947,8156.75900598263,1266.01647376302,3527.43664167683,1246.40938640083,8203.49821996348,866.493915748768,849.359927167216,1103.92028531735,8049.32065019928,1181.19327653346,199.548727205979,997.202326974844,1116.64769802106,7813.8427329234,1179.07694337901,170.95077492609,1315.44904572538,8087.56696022149,926.414610458453,379.38949783741,3674.55982271488,3474.08613084268,1326.44035773536,8035.25856255549,889.555080334619,938.672227657299,3947.19465144014,667.740617682964,1205.55512477877
3955.14630031364,4169.7858076355,2863.11974498412,2874.15540205033,4900.51706552432,5042.80743636586,2701.72100017544,2713.70945366604,4944.95070082988,4427.17463736609,2809.83273557488,2656.791036533,2600.12018389527,4192.6752162605,4416.41663546564,4854.36855012868,2515.81460195792,2693.82831940216,5142.27601769256,2712.62708177988,2830.6555080977,4216.38394212414,2681.79135543036,4397.0822049965,4158.51726126422,4825.53515451244,4179.20396459889,2818.67172329936,4922.77249449704,4229.47019605446,4079.37923120388,5048.04512662649,4450.92134905033,3689.16789430748,2613.59846329839,2759.11364775669,4844.82731751885,2630.88394928362,3669.14021729097,4324.68095078404,3911.49269906669,5128.35722648184,4341.7990789785,4375.99547891504,2638.90760065278,4255.73310827464,4407.86562055762,2869.89586542938,3595.49063583051,4883.75066433224,2623.61833709687,4846.19616997742,4914.63556665943,4023.22657507381,4998.26774206671,4322.89139684159,4322.921756889,4082.7653039123,4272.29382091281,5035.10379876464,4933.42639417108,4658.63230149824,4966.95856375932,2522.64326251578,5059.06894160657,5127.04827622729,5018.31926025526,2876.27181931905,4222.97543321157,4150.80652554122,3826.8641294474,3475.53214029433,3959.93033739451,2447.72191105803,4048.82568240207,3699.20165086555,2497.38583991062,2475.4834054428,4077.7660688034,2452.16040661976,2440.13767017249,2440.00453172987,3657.58294142383,3358.44182508372,5450.04860438851,2442.19195489311,3398.84980708615,3863.88797370995,5818.03888086583,5270.49414397024,2525.34542499029,3721.54290551201,3324.10436217136,3775.04344344115,2443.77411945974,2439.81554079419,4055.95314016042,5542.23962854652,5424.16433141516,5333.68968589859,3376.33871508475,5407.34870558886,3566.94559465607,5548.20892174833,2442.10953850976,3895.02183611525,5563.05572840502,3647.98330733899,3820.10412654386,3801.11322895005,3749.90656976545,3367.95030320672,5314.39484587625,4311.98752942373,5381.39810922971,4393.44317883286,2445.51821879743,5738.34422947088,3442.89775540755,5660.57756765664,5357.82291794688,3570.15848073158,3726.11280790518,5441.43023478775,5233.96517730984,4267.12223452436,5778.77875029166,3295.1291097658,3650.04150319076,5610.74218511048,3821.47142705203,2440.83726092248,2440.97550714744,2454.22610234068,3807.86759010076,4662.30379643522,4044.87999456466,4781.47900485376,4228.13685193663,4399.13884262441,4045.23873435513,4761.60855119147,1996.81447830467,4252.45551652623,4646.96907885474,4008.40106872254,2807.9295262498,4668.41538636244,3882.31957652102,4967.91900232439,2255.14600376291,4544.14338615145,4919.73934236976,3802.42427541814,3377.6509633667,3963.65845592589,4289.05309638213,4774.21897165415,3908.87364048507,4791.54113689275,4045.69118188289,4519.42286836062,3272.14350062165,4235.81494641358,4907.37482208342,4112.14294288976,3995.38591556211,4045.8824408058,2223.13289042977,4048.45980310223,4250.4690042775,2425.07948283854,3970.11787628242,4019.81936742503,4309.04755725677,4876.22346007002,4457.66830250374,4872.96702650584,2585.84705507759,4659.77098080069,2557.83398224131,3992.79365061138,5030.5812724065,4002.60572406505,2342.76568451014,4610.156423655,3905.35446184777,3879.10079667486,2504.38660573412,4236.50391185645,2327.76549248697,4030.31358259285,4077.66154643622,3907.86908778634,2172.4665483197,4254.57934818219,4784.82409450696,4351.46239104069,2833.5256692518,4197.23708555054,3401.34920371793,4734.50356764709,4716.08450102969,2587.52961418563,2347.13387822059,4074.8663819819,2215.00729898871,4128.72526186878,4939.25769098288,4067.96011220676,4164.40857985794,2415.6045878132,4922.93641004081,3889.07052517169,4631.10501555571,3214.06476902932,3869.5777814531,4965.28713067785,4633.55976073643,4949.52472489359,4032.52255407855,4358.05419435003,4623.84689779471,3928.99050108269,4689.02815984128,5023.57832191958,4474.8447856487,2589.47034129546,4864.67123494383,3702.4255281457,3698.08965771723,4733.59632066735,3572.2056409775,2165.2320504206,4929.90735439108,4714.15254546493,4521.10307445155,4056.71530334603,4781.7792980351,4870.90061368401,2298.69412324011,4222.96776991261,4246.89443954398,4068.807223341,4885.91274698062,4056.90573724994,4199.23693162459,4257.34084207903,4440.99363826629,4078.60480624351,4347.46642702194,4363.71173593032,2329.59575147834,3241.87733749013,2643.00331179289,3807.42692601374,3965.18050748292,3914.82038585522,3886.4131827381,4211.63943900264,2519.95201454909,4326.38059820098,2231.0855814555,2252.34570928112,4021.74361727026,2173.97445365959,4781.8410339682,2169.79660864133,4293.36020989354,4312.93136109197,4395.71757476364,4457.24299664198,3666.6540772682,4298.14174345331,4992.57920628284,2339.81534642582,4933.87775880817,4599.78877915702,3999.61544732014,4037.74066915831,4071.10427267728,4074.08498004479,4207.11382847317,2406.03331589117,2269.93722762378,5092.97814083282,3783.79521087102,3858.21193790274,4004.18249301603,3940.19815213707,3942.61985273485,3800.18897493888,2376.19966387596,3911.98606761009,4189.980908026,1064.32852040841,5394.47584390972,5164.55614063676,782.569479177615,5040.22632708068,4383.33073347606,4032.75379925297,5281.30637668578,3752.69984235804,3791.100061567,5250.22473920455,448.030540617913,5226.20954904938,4047.44211640445,4010.71696377563,3237.5902538157,3573.0509375442,1381.0171060111,3542.55299911682,3251.21561561824,1136.14827150768,5351.11478555134,3587.29231592867,995.098937615535,1186.64663686706,4072.1314741952,5198.24927234222,3593.16785647107,1e+08,5272.13995247237,226.066823468275,941.408208904469,525.912215544316,3304.43686200723,5112.1840208329,3704.71505639963,5151.68956483026,5151.12343964281,3422.32553013635,5193.76814553793,5401.00789132351,5299.87429285492,5347.48519555641,3914.53678035251,619.336181705427,751.952522907817,3438.8169174387,425.077575184887,5185.6884856964,5108.18482580041,5187.76258292003,5207.85921849643,82.4093266569986,3897.39081625014,637.960986677392,3685.32940333597,3597.18100746748,5128.11752787728,943.994141282985,3598.39085040655,3458.55243391141,784.480438900873,3377.52662521023,4034.86263115468,4188.06925197271,4421.0654924508,3189.66372264404,4043.76961673962,5045.69745008209,186.315771836717,3536.76034713153,1614.30828435692,5152.08908498136,4229.43199378283,457.107373357558,5201.20221958208,810.377616777172,608.680566634393,5200.67977319885,423.700854769015,3444.48563664044,1973.53928327971,3658.33891863845,5369.63258990431,3525.94666028752,691.380279156366,4537.79171787378,3614.65077257686,3546.7139846783,5243.09250175897,5208.96645098317,3915.87055454488,445.477433718477,3575.39059976261,5467.10444528683,5658.04260844736,3201.57460862851,566.997883687295,4570.17117075577,5100.73373320093,355.134594682778,3302.07591008543,680.655327126046,3571.09678217331,1113.37225611256,3750.79132187479,5212.44414063904,3486.45749524686,3754.84082791644,805.139372258767,3805.7781874569,5197.52288403795,5100.90181679782,3551.58760189129,549.432861167189,3965.21953267974,685.185948654546,1138.38899638234,355.744553749042,3315.10271328042,5156.0888547011,5064.41633547391,363.081155613159,1173.6671356722,453.249174053536,3566.97699513493,228.877658656319,5345.21637372187,4508.40435220031,448.013688293922,4050.67043338956,5411.56192506658,3520.08063629169,3862.94224987291,3915.29856791941,5252.70862269584,3967.32921054172,3662.57963994877,4135.54379339038,3868.14682231984,5025.26435806977,3928.51962268376,3510.89461124715,4647.41098466151,5251.96671252531,3886.95483178719,3625.15737502165,374.537063877949,659.749550557918,4586.08856357608,5206.82024374232,3533.95404455057,4014.32435427231,1519.96388688472,3307.60333671817,4016.67329432194
8283.10977990873,8543.20335751587,6733.09497796826,6753.04252556164,2190.82535600269,2147.90918565616,6412.84760823208,6438.98630015103,2176.15463749171,8846.74428060873,6633.81747831281,6310.05932697929,6166.1614493741,8570.5338036577,8834.21118091818,9335.73402232735,5898.71371618412,6395.36566540842,2125.00800315674,6436.64618971212,6673.2297309516,8598.76791009628,6368.25832246877,8811.65536300953,8529.72191045138,2218.15584787333,8554.45752714283,6650.65030602864,2183.33434186831,8614.32017187962,8434.5275736841,2146.55642541686,8874.36616170984,7949.01703668209,6202.18060417256,6533.9651127925,2210.81755497223,6246.61700986752,7923.20555472047,8726.82278498993,8229.2702127614,2127.85706719167,8746.93391935783,8787.00885668516,6266.6435827712,8645.46539204381,8824.24041676257,6745.3661815658,7827.35345335809,2196.65738293579,6228.16338845166,2210.30490555732,2186.0399833923,8366.403150269,2160.0676969524,8724.7183641367,8724.75406908367,8438.61974221427,8665.05987064472,2149.92835112854,2179.84974589915,2290.32285383444,2169.31293978032,5924.35884279516,2143.7623945051,2128.13096964864,2154.44916119967,6756.84606086333,8606.60431674423,8520.48669477524,8123.85193182444,7667.71770516902,8288.9890827075,5149.07942927283,8397.52217994775,7961.90971588691,4843.48400413304,5716.81957297314,8432.57740021842,5104.19507589588,5365.94823269735,5301.24711550157,7908.26280247338,7506.90583327274,2091.83291518867,5428.61152397625,7563.02569971626,8170.14702306146,2125.88620813862,2104.2434202802,4736.85555663149,7990.52613353197,7458.65002295696,8058.56620057024,5201.69785833501,5332.38160870903,8406.1678118327,2092.97170181148,2092.42496479846,2097.65866615142,7531.84765714424,2093.02496709983,7789.7832352151,2093.21918007912,5232.11393921975,8208.86376314403,2093.92574899795,7895.82397643841,8115.36836948145,8091.48319107163,8026.68165777139,7520.17459984031,2099.41332282322,8711.88783500232,2094.28451382294,8807.40549624977,5176.19683713894,2111.94184850901,7623.43776347565,2101.76812888019,2095.78030975316,7794.02427905479,7996.36449757156,2091.98545941552,2109.14968073325,8658.9445768068,2118.57756299699,7417.49676921421,7898.49300138415,2097.06955618559,8117.08506386235,5394.42441786958,5398.68532904839,5574.58344549576,8099.98717874285,2893.69540101128,8779.38729933,3152.60447739419,8888.95295294887,9141.7251853837,8769.03370101879,2965.06300489661,6652.48419101839,8991.43169294358,3090.39072609575,8749.81483069796,6895.49997365427,2995.99781914072,8523.94003202197,3204.97200715812,6725.52507783473,3074.07191602938,3255.01047446735,8377.33780841955,8106.73908438605,8572.27080901703,8675.45193773351,3305.86375479307,8549.04487984343,3144.8983592057,8802.4317692156,9115.83173637008,7034.48560976876,8888.9717889948,9693.34903374061,8842.07526300057,8726.45037451987,8764.65588994819,6810.44298847841,8809.37462170209,8650.71695921163,7001.3796993445,8570.05989130185,8778.79932142322,8818.88031691581,9597.00188479481,9100.18119142945,3191.12931621246,7044.00381453811,3031.42708654002,6835.62308855341,8739.10784571713,3095.2728253118,8560.44519292414,7143.94240131758,2855.9960633401,8560.14086601019,8489.65165689439,7044.88499372248,8971.89597227686,6710.22135915788,8757.93515744506,8727.34579270793,8233.85522793971,6736.15703738861,8694.12671883739,3039.96976256764,8604.10667908941,6917.23446659328,8894.93481907009,7953.09552250151,2952.74826838802,3023.1462853692,6928.43619243461,6813.24028002988,8643.48392010066,6862.37562727955,8862.61081297673,3360.78117172267,8786.16268839149,8888.93235319357,6844.22487336224,3215.06131161931,8537.0519873522,3007.53433370195,6796.94473510667,8590.34412108377,3201.54693327436,3062.35970660278,3306.16828283892,8777.92336262615,9126.36354006132,2939.10948719389,8359.75620815259,3048.05954021992,3310.75301453074,3184.88852611691,6819.43043145378,3012.91586315991,8502.02083682876,7176.4252906458,9549.16119806451,8362.80415107013,6759.07717344253,3223.55076268784,3081.01611924178,2746.76068471364,8769.99757439576,3010.21800157308,3012.84590127544,6887.41518358973,8639.91043186722,8922.19594070924,8796.41803162707,3103.56211324068,8714.40487370656,8847.01983918393,9002.26354710035,9099.35961697174,8807.7692112343,9118.29837790003,9115.24716689347,6958.83404724881,7208.50594003933,6990.28194841989,8353.19211835363,8665.96870059043,8523.03636151881,8612.89232294347,8939.49055811183,6919.39157463716,9007.38198964141,6818.30929962621,6936.54763954626,8566.26814893546,6882.29478769061,2979.69779597896,6757.24983158044,8717.22493687476,9076.69109299683,2872.52001425741,2774.73347247505,6907.87028446205,9081.90160337573,3155.76435849317,7123.1765596533,3269.04475128086,3051.31943609073,8754.71005367065,8755.1339217777,8788.03991389453,8776.96391983929,8956.5630252013,6700.90452844957,6862.72900418351,3465.52110767328,8455.39994545986,8589.97015363094,8772.05499896516,8678.05324668222,8651.65539310017,8455.67681070695,6706.75216363825,8619.85716486416,8808.54023192712,5237.8414566326,464.115557421679,194.924086568126,5390.82093431376,872.44390653298,8668.71828146098,8761.15195539697,606.435866197517,8387.77290943543,8375.43397639744,359.334074207892,5299.88540204889,890.731827378717,8796.31237120326,8706.942092216,7844.77124334342,8227.75473876447,5065.80202337818,8127.16953852529,7517.80890855716,5115.08539833981,268.087120129622,8126.73035237017,5444.19601662223,5021.69322674409,8758.41947861026,338.590697034978,8097.48494331222,5272.13995247237,1e+08,5245.43698387586,5255.81963666066,5389.30498790697,7946.58957382081,1092.06114820096,8424.09922279138,214.48884198629,981.50268461204,7875.53688081003,368.963658550009,1232.40677544422,719.398578292872,170.633170867021,8646.72680000027,5225.45974591257,5387.50838524605,7886.20098243737,5307.1370572874,1029.07557100128,836.551317030099,1012.95063723426,1028.25645831655,5229.12312691014,8365.84286149119,5459.2265466576,8340.61201121531,8212.99718832462,859.123290143197,4942.62360462971,8208.35149400002,7940.28596289176,5448.90866731109,7643.01887821576,8783.7813497793,8624.49902727506,8608.56962949643,7925.72119621282,8772.2913834563,345.309891601807,5191.82747972544,7963.43337540422,5829.43122508536,773.040130219817,8535.82823424062,5242.34819163018,787.511360643567,5610.42022973097,5274.79882990082,440.301305297499,5259.82612836989,8000.30039304408,4981.28115449461,8293.80148601268,1241.61687986182,8158.01383286524,5495.55991777838,8737.41269360398,8210.07389446235,8131.13870805604,114.051149750792,1043.61878242627,8679.44542397209,5330.4848925088,8249.6280392806,1219.38722161767,1699.36214126663,7685.47517957602,5131.23052804189,8781.37894338337,1281.08690258206,5080.34302800737,7879.23309361668,5202.30872834509,7715.54179912264,4999.66028853145,8375.19951652063,764.422439230508,8020.95148949138,8320.56198271475,5363.64839610733,8266.17379587299,1287.85870808451,530.933653148588,8236.22443883629,5341.33663519218,8662.94557387227,5308.05257808768,4963.87704542864,5212.42865290623,7701.32183596351,1114.65960457976,942.028165250647,5343.28521924978,5338.67581841637,5250.48277017925,8145.96551493577,5108.12946713632,587.153054024225,8642.83936011586,5401.57087103865,8748.84273815378,1042.26406456816,8194.73555467011,8349.38848034807,8646.37978872344,1242.99689610673,8702.7054017213,8128.7203798802,8557.1778746437,8645.53579302575,783.756112356166,8721.44453039217,8047.50352308273,8858.35604085581,914.492049167633,8402.49505194277,8218.76899412943,5108.9146199021,5391.31531079053,8737.5516473463,322.94050620057,7721.99250737659,8419.78725086407,4880.32512699723,7944.20946051319,8782.96187059647
3912.39417313966,4128.06360677428,2814.30864315595,2825.39873854248,4893.75217020144,5036.82842103231,2652.27584872753,2664.29648041602,4938.43668775572,4386.59308211597,2760.77397119786,2607.25948953287,2550.58649245379,4151.05853889679,4375.78937869003,4815.47349735481,2466.70827964715,2644.36388081667,5136.81743807676,2663.21106723261,2781.69023068516,4174.87570700488,2632.30065102033,4356.3723907901,4116.74281018907,4818.33503950701,4137.52528171208,2769.65207559478,4916.13389692153,4188.02144451213,4037.23219352658,5042.09408975885,4410.44008264707,3645.03634358483,2564.0513573439,2709.84945953394,4837.74063704972,2581.33339007301,3624.9002307255,4283.65711088252,3868.52202543037,5122.82718165032,4300.85018585934,4335.19500311103,2589.36006601179,4214.40294081124,4367.20191824131,2821.11807807217,3550.84663512568,4876.8897623087,2574.06748940924,4839.11749928297,4907.95094237459,3980.80911880753,4992.04814285498,4281.85969664777,4281.89019008613,4040.63441149706,4231.03788753899,5029.08351370068,4926.84780175533,4650.40614551374,4960.56693948873,2473.46919198287,5053.17657886153,5121.51148832612,5012.20856448571,2827.52570229893,4181.49719271408,4108.99620649657,3783.4609531616,3430.21346226699,3917.20197280861,2403.41299799719,4006.5321327274,3655.12419154607,2456.487944186,2427.03467159606,4035.6113329137,2408.30761773912,2393.8779625669,2394.28112481598,3613.28009873123,3312.44761036666,5446.06671346103,2395.45148779878,3353.09033741995,3820.67544261668,5815.5969368983,5265.67409631876,2485.78246405838,3677.58532002539,3277.90957245959,3731.36970619682,2398.95251905967,2393.82906175267,4013.69390205948,5538.66474099341,5420.06541010771,5329.17178738872,3330.44865679465,5403.17309004451,3522.14285102368,5544.65987201726,2397.00277420535,3851.96789846269,5559.57067680558,3603.62810004043,3776.66590145872,3757.57614590354,3706.10003612447,3322.0114613175,5309.78554309942,4270.90783235847,5377.10309186738,4352.71776521827,2400.94206231246,5735.58721706898,3397.39230178811,5657.50369194445,5353.41831464197,3525.37366278414,3682.17964577219,5437.40951470974,5228.96676866657,4225.84316414213,5776.18278662357,3248.76443001596,3605.69753488339,5607.46016120667,3778.04029701801,2394.35431697955,2394.45984081485,2406.51666966036,3764.36573392056,4666.166687508,4011.39268445048,4787.34836579398,4204.5915159992,4371.8248146021,4021.17454556302,4766.91973496504,1969.52408078396,4218.42908764578,4653.51108077702,3982.34497640146,2811.20959832513,4668.49522410207,3845.83024841962,4978.89744983196,2248.99071292441,4547.10907350147,4934.20640985015,3759.83174684292,3335.68442409824,3928.88527041985,4252.9993538001,4800.53333320578,3870.98610081546,4799.89352715895,4012.2241191031,4496.42849060172,3271.44605701194,4215.79234321147,4871.21676745715,4075.6373233003,3962.3686557665,4018.39887083733,2201.88137469297,4005.3698801559,4211.67917501866,2425.17348102989,3933.33912343666,3990.5762307129,4283.63513708681,4858.44606930701,4439.56536585319,4882.41526249827,2587.57341793744,4665.83783920932,2572.57643140016,3958.79452964757,5040.63232083623,3966.8560229331,2306.6467525455,4610.01296562246,3869.69785400518,3840.00189816157,2509.0976938194,4209.13188109305,2322.85089106662,3993.213201886,4045.13530135754,3861.77211177377,2166.74135654761,4217.37201017903,4790.12062232963,4306.63831487952,2840.33050054967,4148.31120427575,3353.2963062951,4728.47480029504,4717.04995870993,2593.10793306305,2335.32092874873,4038.37356834884,2197.01139008321,4098.92126755841,4956.00159131296,4031.96614243331,4135.1031198978,2412.10917767916,4936.71021076899,3851.4523938266,4631.83629763311,3218.83741442891,3833.72357083826,4975.15582883319,4630.21357260869,4963.81575894133,4001.97230203031,4325.12356583061,4630.87639801176,3885.42990743299,4695.20529087035,5039.02814783094,4484.8022065869,2590.21161971801,4867.28699808417,3660.93705361768,3697.14253585156,4705.60721063297,3527.25169057233,2151.09703114093,4945.9305954133,4715.89897591066,4515.45156390349,4028.31611492254,4785.99093095283,4874.86498648802,2292.29679757777,4185.78583835522,4223.27205658723,4033.18423868648,4893.82174026738,4026.21811840137,4177.30396235838,4233.66616553379,4419.03119473566,4050.59578237827,4316.9276994173,4338.21299016033,2320.46645752314,3251.28043011463,2637.63282245822,3764.10503375421,3932.49338274691,3877.28001659861,3851.62833514549,4190.15486644948,2528.777701686,4306.59281887324,2218.75008204468,2226.99475308084,3985.09417161895,2161.38048338592,4780.91871026272,2165.65004837717,4255.17986575889,4289.127247833,4392.95210551608,4453.47848687664,3665.85674470735,4272.24955642022,5001.67383261636,2311.13670373615,4951.99119552587,4605.0359629295,3967.62262535608,4009.04940087865,4035.27716713109,4024.10974497234,4180.63302755305,2406.83122791325,2249.51907820367,5114.04184406219,3745.13083246619,3823.8304116671,3970.63371818384,3906.97012099757,3907.13527072777,3762.23412364503,2376.33079371606,3877.96068103731,4165.9995172246,1018.48007104988,5372.45400172901,5135.43634019657,668.48588929416,5002.63444921481,4351.69434569716,3990.94817319891,5249.19072306494,3731.69008594956,3765.16513220543,5220.59281452147,338.727162541739,5191.5172745823,4012.79534181921,3966.73362303485,3187.76422474637,3533.33496801017,1341.68851680239,3499.32941699262,3184.07494891725,1110.90393592208,5325.04888742351,3541.31768555846,908.377677680625,1141.59013322668,4032.48779975065,5169.10260758296,3548.26006326871,226.066823468275,5245.43698387586,1e+08,887.740191334814,441.662160489429,3256.55497582786,5078.19965383215,3664.25475904417,5121.33364477039,5116.05072712279,3369.57117944239,5163.22035450962,5370.17105158127,5264.75038175158,5322.66971219797,3875.57278797684,602.744726802761,648.303363486686,3383.86694338238,354.670504525981,5148.23418738766,5073.58727422003,5150.56824975897,5175.51120872944,221.861804898876,3875.58435449794,520.912680147705,3645.47721917501,3571.65743726449,5094.0823380262,987.25312955379,3573.75379577303,3407.14513743367,663.452327205328,3313.48128132374,4001.10725389027,4166.50049009549,4385.24595744434,3145.7752392972,4002.89199322124,5015.60277026027,261.040774360289,3488.36576534166,1563.3780947109,5118.38580398362,4203.31766696303,377.796299489629,5166.66001918764,651.088236677863,519.778218309697,5168.15146308716,291.841955737175,3396.36114131378,1935.43093431425,3631.6940541601,5342.02063550696,3499.82611554966,641.240161610109,4499.50979408013,3587.69006113362,3503.32279293512,5216.69714926203,5175.47226299257,3880.19537313379,349.290441734152,3544.42553323627,5438.42972169522,5631.45405684302,3147.76718699223,502.046392425655,4533.50622158356,5067.13722473011,329.39907179085,3253.52202444563,655.686363333154,3507.55983321625,1104.52038233619,3714.35320516535,5180.56832050163,3437.65618178799,3730.04689346569,733.934035959862,3783.48086121046,5164.10160857761,5066.34294438025,3507.7514826627,433.920958809443,3922.94720692846,612.973163290197,1158.82984332054,299.391815573531,3256.89671369978,5121.17939639241,5027.84679602596,304.915886177684,1130.69875504836,438.899917257284,3524.12124034701,305.003382329291,5329.43313175337,4467.74196769938,342.974919191973,4001.8269342414,5380.06264584887,3489.80211360076,3841.76501787104,3878.78349157899,5220.64954337578,3932.81383003806,3617.67054580431,4114.13528574537,3832.67512232605,4989.25798267977,3898.69177401352,3467.30047226533,4610.00992416036,5217.14948283632,3866.84747581132,3585.82719112936,376.299775360837,588.170711577003,4547.73939724342,5186.62629613296,3469.13833512389,3989.91696685807,1498.12909356252,3259.19693833977,3985.95458469539
4134.7103560576,4348.95699012226,3034.32636654017,3045.68667089113,4842.29473728927,4981.75221683355,2866.40943469542,2879.02924301764,4885.8216881892,4605.64651654316,2979.28954490862,2818.80947095338,2757.87440825762,4371.7926403262,4594.92129965365,5031.38602529986,2663.8964163603,2858.08389630138,5079.35653657174,2877.89111561724,3000.83426800626,4395.44368507692,2845.35871373333,4575.64513429384,4337.71418438103,4768.89085310244,4358.3532629511,2988.44136577667,4864.09345661684,4408.49726600591,4258.74234087693,4986.88944599562,4629.31997138924,3868.81750374303,2772.47962484194,2926.57219116579,4787.77109431706,2791.10009449448,3848.77104851034,4503.45398132232,4091.10676282901,5065.69318516483,4520.52364956083,4554.62095532036,2799.70570834386,4434.69289108062,4586.396159118,3041.3032367611,3775.01344974419,4825.87587745623,2783.28744157961,4789.11087714223,4856.12290379239,4202.69044564552,4938.077495851,4501.66944764933,4501.6997226004,4262.12185837919,4451.21004231277,4974.19681422439,4874.53056251912,4605.73402857231,4907.38802891134,2671.7544634574,4997.7026703791,5064.40834598547,4957.73722427626,3047.86400105679,4402.01879161581,4330.0207785009,4006.53882734502,3654.72500763216,4139.48820693979,2556.57362821457,4228.24552069355,3878.85908954147,2586.37534198647,2615.63551076429,4257.13228299624,2558.18880717772,2562.00079973114,2558.10535525731,3837.20096768409,3537.0790387927,5381.8908176176,2567.59142059174,3577.70904150358,4043.54242137917,5744.5000033784,5205.30023184993,2607.15459211976,3901.21413156486,3502.52461413585,3954.72844576969,2555.88328865974,2559.7404355448,4235.36014202665,5472.65149446648,5356.41890679516,5267.42448498316,3555.078516809,5339.87377750926,3746.40852424205,5478.530181682,2556.07407945077,4074.65161300416,5493.15266619341,3827.5895691473,3999.78139885717,3980.79579490585,3929.58835919572,3546.64288457206,5248.4533879229,4490.79597766068,5314.34471563106,4572.01697778808,2556.05603671103,5665.8994772631,3621.96175189056,5589.2367264172,5291.15684466286,3749.62869092721,3905.78625058441,5373.4092110833,5169.40515160956,4446.05215082915,5705.77429000229,3473.3442514657,3829.65037478538,5540.12843952032,4001.14820746934,2564.32091014255,2564.6997189984,2587.42085828362,3987.54860534493,4522.3093271734,4101.60518821999,4607.35329491737,4289.37116727788,4534.97729655024,4113.85103040238,4604.79920997227,1893.17822620296,4375.84052058592,4478.80420210395,4098.43931637352,2400.96669197615,4511.67527200483,3898.62305932909,4751.51256951033,1985.83460144856,4356.81804447969,4707.64516886134,3792.22687145107,3408.57361577264,3974.037621949,4284.35960879901,4581.93009608387,3913.37406059183,4609.74796451201,4191.98317463574,4532.82204443281,2834.52499013671,4262.5085778032,5055.03977487325,4259.21781371208,4113.26563066709,4129.2824721744,2074.41145254777,4208.49551773759,4243.72032939951,2200.47516174317,3982.23033543668,4117.45541702911,4325.97505745973,5003.01003867705,4481.8078446377,4680.55044471846,2304.83399941362,4484.99542675865,2235.61708366414,4114.44029053757,4840.26337649486,4012.91990850835,2399.89334767165,4443.05774447454,3924.06206148533,3886.13995874058,2296.96341231934,4339.0622197099,1975.48607275483,4187.50660495489,4102.01942909282,3919.36924708282,1939.35538558746,4280.73227050654,4615.77109213252,4347.94828477775,2443.18390677237,4367.68590588748,3401.75088245745,4558.09053921676,4548.1739387532,2252.47139550201,2016.4244914467,4091.49044827557,2138.19351793509,4229.81158739134,4723.6661279461,4206.88062866047,4265.81992275809,2104.97827590416,4717.97703397693,3914.00041531794,4467.72058558368,2780.91126939568,3895.93656604207,4772.7212521849,4443.63401212622,4731.10549911182,4163.66674258087,4503.22825106464,4467.00937584783,3930.68554372789,4509.71866147984,4813.11741441882,4323.48538167603,2201.35811922874,4692.93369783655,3851.07108540985,3354.88001724352,4846.19688970231,3686.24614224119,1969.93009269381,4726.32406142479,4532.67308202294,4390.22230180887,4131.47082976409,4612.26113815889,4683.4839063958,2060.48666007839,4218.60117546295,4315.05597533256,4205.87542092638,4686.68965597605,4102.76207324738,4221.9370541926,4319.12415569876,4479.58898583426,4168.71046144691,4482.11279211243,4471.6732496631,2136.37774692735,2856.76103119469,2311.01426584709,3799.18152691086,3997.34196226198,3918.27141588182,3934.16456777991,4292.75085253351,2202.38507541329,4360.05990795934,2008.12954604959,2160.16523761615,4021.52199818654,2071.17980202932,4589.58348800206,1987.82946607067,4289.23630388143,4424.43774585438,4260.18468717238,4329.22053517322,3300.14867678314,4418.55332699937,4803.8351811273,2359.26053619133,4736.06108753319,4427.86246906961,4099.76691363969,4145.37467229413,4204.97810462801,4247.88798142393,4291.54149354853,2059.87546373704,2159.23740453465,4769.26804054358,3802.28345582616,3883.87680596309,4118.44825143218,4061.25812567884,3966.32282903848,3801.39076356217,1968.31692902135,3950.30847675569,4229.1698105466,156.994583595762,5390.64947254799,5141.46255830685,613.927729473554,4986.86080258984,4414.1658707467,4205.59644178206,5241.46369420222,3793.47926561502,3826.97698705913,5244.7118804927,1135.24311751275,5174.63216896331,4196.20523202411,4175.87018438623,3259.41820351615,3616.74453883748,546.533742269571,3566.56159595362,3253.41526618049,319.61662514071,5352.5662274437,3603.51828612172,1666.88531609174,367.741782442235,4226.78022414533,5162.65116047169,3608.40456475861,941.408208904469,5255.81963666066,887.740191334814,1e+08,1268.67352696228,3354.8731953202,5048.06471262486,3810.64504277747,5119.58455207792,5101.60890363933,3447.1283711494,5167.58193350147,5318.13224319683,5242.79450959546,5326.28466284669,4064.68120175418,359.070088981881,1395.51460465405,3465.35492229195,635.246541228868,5130.26751730938,5047.58186137196,5114.41158054296,5144.43333897455,963.911984674631,3911.53886905359,1202.65349923319,3733.8131916879,3664.67352486899,5061.71344872931,634.471275910401,3673.44552912811,3471.62078521472,1422.38774005887,3383.49266568871,4173.07075725792,4206.37310328376,4437.85421175647,3329.88291598248,4197.67339827072,5029.34862517641,814.865998826703,3553.41214926925,1023.58771543604,5103.218459453,4234.49751544911,1207.85697246976,5140.70048247876,1103.76552995477,537.674231707068,5167.23012948676,1069.849477112,3469.63481059072,1272.57447975357,3690.68528123097,5343.83108202665,3600.36155587801,1455.86664295183,4574.34254950273,3679.22473287515,3570.91370799637,5234.27829160274,5143.84094528552,4067.95371007876,719.988324206,3695.05726273907,5403.32266584346,5569.14934289892,3242.45784288025,515.837458341648,4592.82624395497,5029.10806495521,764.800023194239,3337.35581130859,352.068365398638,3574.47007352869,630.699787828219,3783.07075154133,5161.61936906698,3504.89131015868,3772.62184460994,1535.33111823006,3835.66495225529,5132.34032421677,5061.12756159112,3604.3971366066,1233.52653943739,4142.96419844596,436.94600123625,705.52492159005,852.267301481745,3330.2023230547,5092.74903210114,5006.53114448074,1160.62254792318,293.838603054223,576.714636880488,3592.77613527554,863.828179014555,5363.42230726008,4541.09637599792,1109.14188256234,4214.86214178096,5345.4349340775,3636.65793820097,3881.35507607622,4061.20252478958,5176.30819302432,4122.00028032309,3687.21922630059,4147.96234682881,4003.04009744484,4973.48719555823,4054.07742518232,3537.3898116211,4671.57693411052,5194.95790494483,3924.32550520319,3646.55868560959,620.94268421394,1404.30646808666,4618.25870036819,5210.74041306117,3541.36526798627,4022.11957626595,904.943960744772,3344.17180676265,4159.77159938926
3818.5218792217,4027.40599577001,2786.93681721252,2796.80595101022,5082.63833305525,5226.08234645426,2645.94145038845,2656.14664916339,5127.44524341302,4279.06867901027,2739.63709410714,2608.22243826712,2562.15916805898,4049.73891958538,4268.52847271463,4698.81778857385,2498.97999004796,2639.25295229071,5326.28968223953,2655.22308233374,2758.04667209857,4072.88173865341,2629.1013189611,4249.58981335227,4016.41514749987,5006.99775468338,4036.59395696578,2747.43955570843,5105.08225968759,4085.66010814596,3939.29997124988,5231.36026248448,4302.34064534435,3561.34069840127,2572.92815207566,2695.24651386161,5026.46295270675,2586.92035435666,3542.06785746134,4178.72203875204,3776.17177916321,5312.27063491437,4195.47007416469,4228.9412093265,2593.47791388661,4111.31450104108,4260.15180161002,2792.99388483627,3471.32536186936,5065.72784831001,2581.01570239792,5027.84398710348,5096.87677516605,3884.66430534489,5181.19435793611,4176.97145113314,4177.00114967203,3942.59679978888,4127.49779961828,5218.31926770564,5115.82530013017,4838.4860001912,5149.63350302761,2503.71349967068,5242.46824709492,5310.95220552027,5201.40406822761,2798.70131812958,4079.31775645442,4008.89587670093,3694.2176271031,3356.5942478981,3823.16603588713,2494.77370569897,3909.56306298053,3571.00174168135,2569.26787076362,2473.83681135416,3937.72941311802,2502.97326432811,2468.67452004074,2474.10950613845,3530.95290665734,3245.30043999416,5636.04941320451,2465.31805055403,3283.62186576843,3730.04656943692,6005.94077422274,5455.38682058004,2605.36675876525,3592.5258698085,3212.81396448458,3644.13841091055,2486.37936486825,2471.24428320639,3916.4981674856,5728.75986242389,5610.01352492762,5518.9878084213,3262.26133174257,5593.09799263663,3443.96599866913,5734.76171848847,2482.12846400887,3760.20579005042,5749.68896897351,3521.72449657743,3687.68014343564,3669.32175610897,3619.87679851868,3254.3092403381,5499.57102621608,4166.30615038953,5566.99099341926,4246.02590903114,2490.28311481934,5925.87137032206,3325.50065054575,5847.72045267343,5543.27133188503,3447.04370302786,3596.93076113044,5627.38085150596,5418.61535245939,4122.44355607349,5966.49836045723,3185.45990010476,3523.70280581212,5797.62862998176,3689.00232610986,2466.91674799974,2466.68705463355,2464.74733394814,3675.84989775955,4865.37073482957,3956.30504319135,4992.78526595912,4159.34870629842,4271.62872577163,3973.33187591497,4969.97345301812,2035.778963832,4118.83622595692,4857.29440851781,3921.66615369309,3035.91633399189,4866.38016485097,3805.94141846144,5204.85803889834,2425.23178032268,4754.30281096904,5169.95347959457,3728.56692542454,3293.28169974925,3893.75575275767,4228.35794145748,5040.94683362536,3833.50611292463,5011.40750239941,3904.12072088567,4464.85943193075,3488.00625426303,4187.97888561578,4745.64329347631,3964.52025366609,3876.34633291093,3959.59645081669,2294.75889771795,3876.94998598812,4186.18804779002,2565.16222925911,3895.58831487758,3918.04138151203,4253.81430714867,4768.95336665238,4410.41011079153,5093.82696962808,2754.69633068255,4874.26891534565,2788.9637962044,3867.40108252441,5256.55904216342,3933.09450001997,2257.09834097978,4811.25280177666,3831.69162970284,3802.13003060259,2651.18801594286,4132.30571371062,2524.4439909245,3877.66567130837,4003.47022948908,3834.29294838421,2319.98980374457,4177.03341950079,4993.02661101777,4281.40601679708,3060.18466459462,4015.71864428936,3323.69658868411,4929.79931146677,4919.70879887254,2795.60089953416,2521.44010403559,3998.76554871628,2257.70013171629,4023.71984998096,5187.21624263536,3927.3766820247,4058.82535227649,2604.22900617181,5164.98716958346,3808.12775518369,4832.12210392517,3446.25774360727,3790.33111409351,5188.07942706066,4835.82382686371,5201.43809942191,3909.16807380957,4210.16793878584,4834.17859546677,3855.14485414753,4903.71028411117,5268.98513333326,4692.02183331342,2812.06212877446,5067.52364957806,3547.76991638982,3890.4116132771,4605.65080783954,3432.99880039048,2279.19698545649,5175.36449354666,4919.43020491799,4706.19796995644,3973.00916683687,4989.20442737463,5079.89058708644,2437.95692311441,4160.61093862498,4173.26540121025,3929.94903074487,5108.84718578709,3982.01949471941,4150.21291219049,4182.52565637851,4382.00184411192,3986.6266614626,4210.39985875567,4254.68194741974,2441.11054099237,3457.02547673315,2827.87021130115,3732.41332265664,3888.91800373632,3841.92727924708,3800.98398804032,4133.45649842503,2729.83776126918,4272.78477570305,2362.93854630454,2280.96789420398,3954.54007385067,2241.83052087089,4985.2573830617,2294.17860598157,4226.42762171762,4208.38185450233,4587.17854847328,4644.5197575046,3868.5067349506,4180.29075908203,5212.39568060118,2288.11496107243,5181.94721292798,4810.09205212179,3890.38690899189,3935.61803386151,3933.942267959,3890.61233706627,4114.49467759237,2617.7558844606,2327.54092078354,5417.2512008553,3703.40518336146,3782.11332342388,3877.37041465124,3819.55916477854,3864.60022125986,3726.82249709688,2603.93946569199,3831.68816302626,4132.25572544574,1396.82663155448,5514.53511341355,5279.81423782586,931.467380979335,5152.01730993646,4329.16196809161,3860.45670942227,5394.71017365614,3710.43939900192,3744.30324954537,5356.25488618464,194.830037605428,5340.1567067546,3903.0605804442,3843.15951292816,3150.56744837165,3489.4789285717,1713.16877528286,3459.61912346623,3157.91017159347,1504.09232163507,5460.98036692454,3503.23773793874,558.270995054043,1524.61661092391,3921.46617846646,5318.7984434574,3513.95669778281,525.912215544316,5389.30498790697,441.662160489429,1268.67352696228,1e+08,3206.16919691938,5233.93799425125,3588.02056127403,5268.26592223703,5263.06177172376,3331.08383142706,5307.0420329749,5533.79306310981,5415.92479449262,5470.00373223811,3762.88238249959,1013.26708509261,283.440447582386,3341.78089907859,723.867295304454,5294.79578109089,5227.57612111132,5307.07673044483,5330.65199745361,490.21566355709,3868.12890472731,281.512317780706,3595.89420949351,3539.81037302712,5252.31218312459,1378.27669614325,3539.59492847564,3372.18742121083,312.022089242203,3285.94834048969,3899.14549405415,4153.18457530854,4368.86640490582,3061.75190798803,3886.23263426527,5156.98688353517,628.872256594203,3457.10810136123,1842.77750967707,5269.01342406112,4194.76211254043,176.38915874416,5321.04234806605,577.321009409099,859.980878867532,5312.94569790076,252.805310987602,3356.01365005912,2268.58269190217,3612.21938096163,5477.73524587262,3465.13066552652,274.888586612565,4469.2128952539,3557.86923709941,3465.08434422315,5357.79563636422,5329.66303592098,3768.84245060245,652.764474697369,3476.67106402694,5593.60112988139,5792.27048959221,3104.0527060753,889.107725843301,4509.83369675657,5226.64847243502,697.169589164644,3209.59881836704,1056.19376541223,3487.29405472348,1467.65215711999,3673.25743426673,5333.23994920475,3399.64860658773,3719.75134142279,369.739761058738,3772.17767449135,5317.82454540917,5212.51368723575,3457.76459819922,113.25535084957,3795.73581592363,969.160694498792,1529.89887797775,556.84756379439,3223.50572662028,5274.67659736767,5180.06826342319,195.660520015661,1501.6825714849,830.9487119956,3485.81779529517,648.853076273674,5470.28701472532,4439.75644046352,209.058554321724,3871.37269494886,5537.59608882208,3427.46861711272,3831.35137311392,3773.53893033882,5381.15891462685,3818.84998836741,3580.75493684099,4102.48986518447,3731.97313457967,5140.07445102456,3809.20599316653,3430.4667156789,4582.70148311373,5368.36393381077,3849.87663821297,3549.94592780288,795.974708704638,273.76251174351,4519.95772966652,5328.7612920603,3442.7967602057,3980.92118937432,1849.19511706613,3214.24237988815,3884.6940737283
1108.13677794944,1206.37956840668,1703.38305825143,1687.10591785172,7154.24305596226,7315.76217231818,1977.68708296826,1954.49334790179,7204.83127232528,1379.10780741071,1785.93409726985,2070.06777957718,2202.24807844421,1219.66457481243,1371.00328040008,1740.43803950088,2455.40383268851,1993.26904904129,7427.88523362357,1956.56463937711,1752.86534873095,1233.9118720317,2017.53782282012,1356.60291616589,1200.01510305516,7068.54777947895,1211.78865701542,1771.7644147046,7179.59869834829,1241.98010250664,1158.81925748929,7321.68174466816,1397.22154134567,1071.25191407395,2168.87187111952,1871.32397579812,7090.63678441343,2127.95723454222,1072.99963747477,1304.70279739672,1094.93448701792,7412.23240192918,1316.67032416276,1341.14813665671,2109.61536913509,1258.59344613446,1364.60791756606,1693.35693083429,1085.26416102284,7135.11738325805,2144.91257851506,7092.20300411687,7170.33240899258,1133.63742963246,7265.35150656465,1303.4630978224,1303.48411128037,1160.44979749829,1269.34813196949,7307.05239023056,7191.72417862193,6876.19680725813,7229.83603585778,2430.75338517316,7334.13495730759,7410.75977765615,7288.06227603737,1684.01464046405,1237.95799032016,1195.72866161706,1076.96500119849,1125.12635648705,1109.7376159895,3204.27550547268,1144.67464256044,1070.62843269794,3523.30143141364,2632.27920541298,1158.04679859034,3250.65863717373,2982.49070407404,3048.25063635473,1074.31503024613,1187.66278658539,7771.23962585701,2919.14002281824,1163.47749582705,1083.54435560639,8175.86399379496,7571.54653225438,3636.41105674767,1069.83987650189,1210.34219438467,1071.26223284234,3150.10855429533,3016.56276462439,1147.88140838818,7873.15780370508,7742.5521971549,7642.01888105226,1176.61541233569,7723.89804089754,1092.50992010788,7879.74349067778,3118.90050534269,1090.62993094252,7896.11648614915,1075.57918189626,1075.98596249793,1073.61014130696,1070.01825738038,1181.72715496572,7620.52475525468,1295.95711612999,7695.08270479248,1353.91684905759,3176.33187696148,8088.71098307729,1140.23120024058,8003.42474249335,7668.8756753278,1091.62451367459,1069.77989630367,7761.6915156313,7530.71281721286,1265.96706835231,8132.96017482958,1230.98613351377,1075.29500395998,7948.6393118736,1076.17837308805,2953.66053089646,2949.35259638218,2772.8969932693,1074.39146172112,7308.96503190324,974.637392746359,7284.34566586597,1201.42248457466,1476.34983608609,1077.3821832948,7405.13606382977,2561.30394973729,1290.71619734518,7286.03767144878,1068.13011965178,2716.19180640847,7271.34931862037,791.540572534553,7608.56122754481,2670.73577764255,7184.00897732892,7490.12657353593,809.584055956103,318.173418403997,883.4541968771,1364.34200533378,7329.69613301026,832.13185100339,7368.61106013957,1149.02693940773,1516.23550061021,2909.91461483553,1213.27821457125,1936.46437374274,1203.05692159608,1091.97623575589,1085.36572198221,2476.20424920267,1261.64236635513,1332.71442020861,2536.17216237997,883.691308646182,1105.36865700163,1237.94408787958,1841.88625793412,1377.60788433408,7527.26675693188,2493.5926895802,7262.33292837707,2691.29604848699,1085.76532872799,7695.40596365605,960.003679121502,2077.94994534737,7310.01638945856,820.177802521251,799.611396578875,2339.46754407866,1270.64657964241,2676.38800804111,1147.62012674701,954.431668458934,1191.1032663226,2606.92554057952,1240.65580327073,7438.71729805306,1524.765617892,2616.52007459136,1340.74751160877,577.113916090441,7353.78070832268,7314.85184590146,2673.66361390948,2657.32008890886,979.471625718754,2416.90332754436,1159.61072498813,7474.23185840165,1156.83385204092,1171.98869891062,2649.0100459717,7512.02249542991,759.507889173794,7243.67965815873,3099.91325441846,806.571173818774,7601.60391017062,7249.55361075726,7418.84304492904,1115.02604214179,1457.66790822473,7306.05617912613,1074.253344219,7305.59918419189,7600.52843506711,6992.91397685225,2765.28521223695,7546.51018293555,843.321047252442,2805.65545874427,1756.15058103417,653.370832835454,2501.11510135301,7544.20234698717,7357.55255591715,7220.44033117366,1088.16076230884,7428.72669158027,7559.07776336553,2633.00671064514,1296.33579907955,1222.60356560577,1162.42758624587,7537.25958340525,958.562423808164,1178.70268818102,1275.9623121731,1395.26389215156,1092.8280471917,1419.79890124858,1379.60442381034,2427.79786095767,2638.79287618358,2563.13706534115,863.750103616914,877.194954043184,861.662340311932,817.145309875554,1227.20433496594,2676.94201950546,1296.70396255503,2459.74351712734,2299.58803597693,1015.83423860809,2297.32396214962,7460.67767339644,2591.61863626132,1331.19133151896,1348.67764116899,7002.65063124546,7124.58958766208,3191.93814148285,1371.40275401983,7644.75130269029,2170.89702803611,7521.4303880886,7220.71548403217,1089.61087904315,1130.50792425038,1160.5342291838,1278.9046972645,1235.94836432857,2708.96860976277,2422.08061408471,7219.97603446948,693.873411961268,820.755239978228,1167.06256158161,1036.2924558584,867.922806841973,728.893155015642,2861.49461914172,822.221668063576,1136.40843356348,3410.08759873075,8013.24376634131,7838.10299012723,3272.35659472264,7706.71033417597,1364.61546792481,1250.28597358238,8008.11939769929,912.453637721071,939.634965669628,7970.06250983923,3306.01507840541,7947.74864082072,1223.84361899459,1193.4072991955,217.174980438017,517.306808035321,3652.46643754835,516.839725960674,995.387127330445,3573.7386512856,8028.53689817864,618.153600976831,3235.94482184281,3594.71191616519,1197.00951491755,7869.09649621445,719.633642893578,3304.43686200723,7946.58957382081,3256.55497582786,3354.8731953202,3206.16919691938,1e+08,7799.31612151712,736.674075410081,7806.8553755992,7875.0253084428,667.793227023683,7903.50604524736,8071.48864064159,7979.56321593234,8027.51290327004,1120.707590567,3314.38839093977,3236.4760983067,642.004374216609,3301.66295093128,7919.69068941804,7792.24347062391,7858.75344851539,7917.44610846277,3327.39497596532,1038.43977503373,3180.58373433811,610.421349620117,841.593074513072,7768.63360132026,3681.13072469075,874.507870064008,635.515003287034,3102.66704962907,1005.30957170736,1214.46799523557,1170.08134792607,1489.74666570633,465.941208979231,1215.83598497611,7696.1897311031,3411.59721395647,821.612754993887,2935.55985715856,7835.84678693873,1298.2530664681,3337.21959453632,7875.89420642065,2943.26956217877,3374.81135476547,7904.9847046368,3314.83601793903,434.411489267586,3880.11911032095,884.669186444988,8216.14182268504,850.614127227835,3119.58969419547,1542.07013250846,908.573951982193,512.354392414441,7924.09016882432,7925.60685111385,1142.34424914669,3311.45657316005,825.458695225454,8201.29287667901,8410.20718747097,597.25086693691,3466.51725915975,1562.63858330583,7768.15172133544,3475.62776634333,322.76135923514,3460.64112232718,1269.37901977918,3476.34371218234,685.833258637398,7894.14487244804,524.651672180539,973.29557387311,3253.21071356794,953.598316783762,7911.61103041624,7792.35330165457,513.789259515437,3236.46460929962,1155.50053760649,3361.55374323766,3630.57530770697,3430.31471461865,800.401847850027,7865.41462882891,7730.28868752367,3215.56757397768,3400.61835477987,3384.68450223653,540.975043709524,3474.7150732021,7996.75019016131,1594.49090607495,3221.25870943453,1263.59584208701,8092.65542064083,805.298832656589,988.870974113411,1098.82543961077,7946.25094242424,1181.02372338561,819.990150408988,1157.7897668162,1114.76791325886,7681.52530196373,1163.95261006294,591.005518177708,1625.34982088401,7958.9670559969,976.352576135089,606.755142111622,3406.06167163522,3162.55822396834,1646.94212473018,7876.90510867218,1155.85991421365,1101.62270798275,3785.74567786042,87.8373093399536,1188.83161025954
8177.90531321734,8437.70791020152,6630.33943077259,6650.24483573933,2168.67747279388,2133.82994305699,6310.82190411782,6336.89701724901,2156.49184983135,8740.93946190153,6531.27719816406,6208.29118626156,6064.77532245936,8465.00922644079,8728.41854429879,9229.48933822347,5798.11209823023,6293.38291001716,2116.72930123279,6334.56256794685,6570.60287236179,8493.21351473005,6266.34284888287,8705.88477378071,8424.24092965448,2191.89659336599,8448.95005275576,6548.07286519891,2162.4268917505,8508.74946974691,8329.15061410166,2132.77982464955,8768.53466590078,7844.22670737234,6100.69639923365,6431.65105330745,2185.60569402732,6145.01409818195,7818.44930737382,8621.13656088937,8124.12926193347,2118.76063248925,8641.22748581323,8681.26254124963,6164.9879815966,8539.86228293964,8718.45750654554,6642.58466634191,7722.72659326374,2173.58089218011,6126.60947041695,2185.16764313753,2164.6779973722,8261.10270048292,2143.42966287833,8619.03426235368,8619.06993127999,8333.23824248664,8559.43654191581,2135.40462037291,2159.53916277471,2255.33663769037,2150.89330204813,5823.67742227587,2130.62388793604,2118.95772273338,2138.95970922791,6654.04037656087,8501.04169437183,8415.01566144026,8018.8388296351,7563.31668610946,8183.77775100984,5051.36213228955,8292.18656217489,7857.10248091058,4747.34870893865,5616.81489201695,8327.20260649725,5006.69213643558,5267.27074598615,5202.84367597869,7803.52643120255,7402.74637531112,2101.82562400607,5329.67796725134,7458.78026482111,8065.07719694543,2156.84506520106,2103.55873201476,4641.34747639776,7885.68165288764,7354.5659858369,7953.63467355969,5103.73639724972,5233.84504158227,8300.82248906219,2108.38469407045,2100.88449290846,2100.73772557834,7427.64976038436,2100.48657634007,7685.2083359443,2108.98039075502,5134.01472836772,8103.74719643118,2110.55133646669,7791.10423268959,8010.36576196338,7986.51029949318,7921.79065986869,7415.9946472492,2101.34295800844,8606.21670421867,2100.20378210786,8701.63907894193,5078.35276571268,2138.54192248491,7519.10180123915,2124.00135664968,2100.29661776961,7689.44347837001,7891.51246470789,2101.46811707008,2106.29301881387,8553.3275445863,2147.40491754092,7313.47817048897,7793.76968352616,2116.45342864292,8012.08033016919,5295.62945235499,5299.87294573496,5475.08662946956,7995.00367858727,2279.62572702889,8593.34913799244,2771.12902163764,8735.44938791025,8968.40690275021,8593.32472665573,2406.04240075376,6296.17923997701,8800.93742477061,2514.92746571749,8567.40027761379,6600.81451528114,2425.2982965957,8336.00393064405,2675.14622898489,6380.96870179427,2488.17448956913,2840.89206799609,8184.9322952697,7939.41314725708,8386.24266623343,8512.11533950954,2949.97592139488,8359.49998054467,2658.95170014632,8610.89758137369,8953.24119223615,6781.17987908181,8733.60365774945,9497.61373405497,8647.68785504812,8533.27836370181,8584.13527373816,6463.34940723749,8596.08658431165,8480.9931927457,6667.68676338748,8383.72790211296,8586.26262963052,8676.37055658762,9456.91521200189,8960.80712528931,2633.61070797425,6732.56662699062,2513.37749390638,6531.9663251073,8544.49718822857,2559.05019047332,8378.71834109931,6812.30809351896,2215.80340826857,8369.67624644918,8303.24848936409,6751.22775781745,8796.70780891342,6368.877032939,8566.37036395344,8546.22921921728,8043.25193183306,6389.14011927317,8539.88081050972,2468.77203560823,8446.24292612927,6660.13095027894,8688.83352883382,7774.94078696414,2307.48786713206,2454.10792323506,6616.74342485004,6466.54265027484,8465.78692116852,6522.02000047224,8677.93631289168,2964.45395071077,8593.72506460812,8711.2627245147,6509.94500632028,2779.39101283963,8354.01753513445,2422.67269648051,6554.85217134384,8399.49467745894,2639.01839469211,2435.65254955152,2970.70754232234,8592.95511244065,8934.02623102037,2364.06865233378,8170.44058727912,2513.92287196898,2867.7848565798,2743.73117761312,6488.6038389677,2395.97171039385,8327.41147653434,7065.77612242632,9362.01132869321,8190.09153989118,6415.86177807048,2768.44719246779,2484.16142119678,2024.67114123728,8585.72917889531,2429.19348553968,2400.01890795507,6540.24092088367,8471.80437235074,8765.86919152778,8603.1768604889,2552.95375235164,8543.35454202816,8684.73064118943,8824.00102099973,8946.46236387011,8627.67358575342,8930.70335892906,8942.31246754957,6622.73371156451,6999.29477796672,6680.78612342967,8160.26840480166,8478.84339998615,8332.46587147593,8425.53531445191,8773.88388833342,6591.84061611729,8850.80691460527,6484.38256914564,6600.11215305813,8380.68785472382,6556.9615447793,2331.12895234224,6412.82079857544,8546.29245766614,8906.02906763287,2296.22180713211,2121.37077131775,6764.72180468906,8898.78955136905,2596.54714099794,6788.59253663121,2843.87966937353,2513.03115870268,8557.93208655202,8574.91470173702,8595.09560340516,8566.45691404036,8775.46959414766,6371.01742401832,6521.50588876546,3348.02808901958,8268.9258989774,8397.5489698332,8566.0285531583,8485.90990647714,8463.11330388185,8267.48628138107,6352.84057007562,8433.75156505759,8652.56396061134,5025.9893241382,1464.55986503204,1038.84598656635,5171.24000923197,394.653326225354,8565.51149366445,8555.03969167491,623.478255306024,8222.42437010288,8208.03818906435,985.140451730156,5134.8745332352,387.915227334676,8597.84362297066,8499.60642131742,7687.09579565615,8046.40984050481,4825.52236233185,7948.17046006918,7359.27748722639,4908.99519779036,1297.61979009795,7941.26942001361,5291.21816679549,4804.02412369726,8560.34673625714,803.049256350467,7911.23926245172,5112.1840208329,1092.06114820096,5078.19965383215,5048.06471262486,5233.93799425125,7799.31612151712,1e+08,8243.51200573234,1038.16807931047,299.53308654806,7708.84047620487,820.226143807125,380.050249975777,470.883037615221,1106.12913683046,8442.4951902327,5036.25056879127,5227.89124329401,7720.06169359253,5122.54899331044,390.039861764407,301.917153790475,186.386794245398,169.231151574093,5069.25172898927,8232.96223806873,5269.84100424776,8156.1344774045,8042.51382695346,371.182470671062,4780.42264889576,8045.80629379031,7766.60757635225,5291.1271749292,7474.26955618036,8584.9391591028,8515.97981280292,8505.16224198953,7802.24950698189,8564.82755941155,1115.70977555406,5021.30148286592,7779.15149111407,5508.05235416725,398.179950140725,8430.87794175202,5086.39928741628,379.083314799822,5403.42929959299,5081.91397539977,790.607942979937,5088.18154553811,7831.18550612322,4725.69222358106,8107.83520599729,864.104010726233,7981.62457044718,5342.71093095702,8634.2497476983,8039.73016470093,7949.058712696,1107.25665576777,220.809030938761,8472.14926729312,5145.42944693332,8067.44855716361,461.981899450594,933.326758335482,7553.37533430178,4955.64786975541,8677.950196767,258.82888019138,4903.25571172399,7735.86632374605,5005.48981049167,7527.00435839931,4804.70780876879,8188.94634785771,377.376112302514,7845.46362356469,8152.80626140756,5217.32622953011,8140.52917129123,289.18819688358,668.496341475656,8055.39834728879,5178.64147500205,8464.26960875554,5114.04574488744,4788.40920425112,5047.92711035976,7541.15691414253,178.571091720667,311.429380570493,5179.2836743703,5090.69463964373,5084.50654547949,7964.17982788834,4955.20627787495,1562.69170923433,8538.89068259032,5237.2566610496,8532.91996096097,333.080261591392,8012.47193422207,8213.44161656946,8447.33475276721,268.644088844334,8505.53214624596,7945.53643861927,8444.06919721284,8435.5892995406,527.423447681219,8515.20029540669,7868.19433748706,8754.41211935377,335.559389395796,8273.82155607545,8032.60284465645,4930.58275570045,5237.76873945164,8637.00563868785,1324.91374726934,7541.87213760449,8298.46736110285,4683.5624607982,7790.69944373696,8589.19046046678
1072.75665562931,1066.04311988281,2068.33296438372,2050.347311466,7598.32739992991,7760.07646905501,2364.71114021992,2340.03631615905,7648.98920141038,1140.83280383147,2158.73822429645,2462.47385877641,2601.1535901815,1069.25383010066,1136.14430074433,1405.81798351235,2863.88154389548,2381.25712878753,7872.35093842736,2342.24218484617,2122.67542120575,1073.33722381904,2406.98010815848,1128.0280385757,1064.73043329828,7512.50407203448,1067.27633492181,2143.30891209395,7623.72010694694,1075.9159247611,1060.61637385426,7766.00419854464,1151.60719577547,1175.46162225664,2566.25238741239,2251.054898373,7534.62650126043,2523.36558881663,1187.24314268239,1101.34744783903,1082.50881094131,7856.67735614052,1107.10888339314,1119.64148570364,2504.10047219913,1081.77517156986,1132.50514733563,2057.26127724012,1235.12054709864,7579.17352370056,2541.1524847283,7536.19507977933,7614.44031502494,1063.25103550749,7709.59557793155,1100.76531277698,1100.7751566944,1060.60644063899,1085.93086573446,7751.3546510922,7635.86318214062,7319.8491452897,7674.02980205033,2838.43047214702,7778.47451116584,7855.20277329348,7732.3381543033,2046.92498068471,1074.60747968025,1063.93509825392,1109.48978645009,1327.73869979414,1071.8615890977,3629.00532073412,1061.47001475996,1169.76263727034,3952.07875931605,3045.85577847012,1060.62702676571,3676.04930278892,3403.63557984732,3470.53835082836,1194.28594736968,1434.61929389952,8216.13129377446,3339.11176249004,1395.95140673299,1096.38468507799,8621.19434253335,8016.19707829103,4066.38213889499,1157.5665530967,1468.93300258097,1131.17586983757,3574.03046413432,3438.30889001188,1061.14747867177,8318.16595418638,8187.41029881374,8086.75654468541,1417.26382981121,8168.73412767531,1255.5509441305,8324.75902263242,3542.33825338271,1086.92867448107,8341.15029463795,1200.27041059673,1112.09887942495,1119.78296977879,1143.07584176565,1425.35320200548,8065.23608796572,1097.30185327053,8139.88448961584,1126.54570207529,3600.64992663351,8533.95202959254,1355.93229522202,8448.57574523449,8113.6459480484,1253.20023184936,1155.15635845511,8206.57205031496,7975.31183270181,1084.59532063934,8578.24689740528,1498.92269248831,1198.97707521445,8393.73103722054,1111.56579720236,3374.28068718879,3369.89305078778,3189.85309738717,1116.99029948388,7713.3521174604,578.854397893466,7703.79156717807,919.149194260792,1023.65020010915,766.361209545379,7813.73563386899,2737.93590654153,813.778345498407,7694.85483835923,688.989773274375,3056.72472425074,7691.68041155989,690.189130751287,8013.72331251906,2893.38897934899,7597.95151569976,7902.92197158925,836.103894767956,652.571463899605,811.423930053941,1312.36518641638,7738.9643514923,740.783549360595,7785.57412208521,668.463082965428,1276.345204186,3309.04929237571,1009.68727797759,1445.31187601456,732.128375477798,637.769292458185,717.210128470916,2670.40157652943,776.71878297642,1285.57736169749,2738.53660659601,806.929220826171,676.451743459545,1171.67872601157,1407.03225619382,1152.34430495972,7935.0741283605,2748.60781374152,7685.09327786189,2982.18446310229,611.611756449344,8101.35542537968,936.358250441397,2196.28036439948,7715.87002200502,677.486426073344,754.313648315804,2592.47417744621,841.765045082802,2949.09558804034,683.74128604184,781.88597856825,1214.89272754229,2817.67453503174,1176.07935656736,7846.22807477598,1470.84271867087,2976.40576876288,881.35661909551,916.052615062935,7766.01899306509,7734.57548932441,2948.10756674435,2881.294116694,909.520170027506,2588.41259481519,722.306880452461,7889.38076346335,694.815000918793,748.018524690257,2883.77780533761,7926.19068203967,602.217196545364,7661.95972464628,3522.45842297201,534.779904340568,8005.93201160431,7661.1634476275,7834.62673346438,667.747616550919,970.588465788448,7714.77741064775,1090.77817121742,7725.03488499399,8010.82051294412,7399.41670701674,3053.89378263376,7949.08625171533,418.43434465896,3228.56875064799,1257.6173681125,382.901745139538,2705.70271005957,7955.37192509434,7766.99892106027,7624.52468990498,722.114382206357,7843.05139964394,7965.6567564756,2825.81545364766,1259.29756713261,903.028490975714,686.740669288383,7942.82402064473,735.652085135412,979.896660944288,900.536209509608,1090.40384438499,694.838901090911,948.871555513769,942.649777035873,2625.62017253135,3025.25162637984,2829.02752785371,893.278470062082,639.898003019655,810.397892083414,461.7667692799,870.970868810657,2927.20525524103,1045.0472066415,2669.49109540793,2462.78347301009,1004.11100003545,2489.74159584945,7863.64672200058,2795.60168190875,1251.93448962963,918.525419879564,7414.02249025322,7529.94872681577,3606.04808195018,922.292068525887,8049.20205226316,2300.57946103368,7931.75713687084,7632.90781374754,634.484337131238,744.888264121257,702.478906888922,834.50673549298,819.180554382737,2997.06401548491,2604.01082933558,7663.62279081749,564.099247522448,548.53698557874,691.842553336162,572.626110666835,620.177782537268,681.295671844621,3127.70098925058,552.397258157701,943.199723166687,3878.63090358516,8501.85144679352,8318.55857826232,3671.12750376175,8162.16905504628,1438.79148726187,755.828426589006,8474.80430674629,878.018382558643,899.777613147814,8443.54636755525,3695.98619416476,8406.097047136,763.603884929952,747.343875041123,858.594247502594,426.168146761382,4137.1079178492,701.562426260052,1378.88565731072,4048.59611466979,8510.56127015873,736.24686224768,3613.01991638718,4074.24370567303,769.498398177149,8340.8832855867,842.019934269395,3704.71505639963,8424.09922279138,3664.25475904417,3810.64504277747,3588.02056127403,736.674075410081,8243.51200573234,1e+08,8287.48501762797,8327.66427196148,990.075346533901,8375.70537228296,8511.48441105991,8439.48987573207,8507.08805694781,653.41504102069,3756.3059483509,3619.6514131241,967.045872515712,3706.00499499077,8374.19339293181,8248.7933812004,8309.06123111974,8366.47565727966,3731.07047245375,1126.40604219193,3552.23463372252,374.587794610479,822.381328386564,8220.69742851624,4156.04299601487,852.23478584175,930.179919866763,3488.50371605683,1298.79371618063,739.222578973608,1202.19594856053,1583.91137381689,751.885780378605,729.793296506226,8178.41338293081,3819.15176306541,974.284677672818,3334.41911974601,8295.32592188787,1408.23860986508,3726.52242821784,8334.61485155713,3321.94514991678,3785.27221498668,8376.85562085819,3706.73932428932,792.494983901,4402.23792135639,833.509825490151,8668.38336126737,822.211719927853,3490.6720971813,1600.33329897171,872.03611539261,638.007107556648,8403.05260652707,8376.0539786114,652.78262955146,3708.55599393612,628.954071481597,8645.33147440153,8840.91289596872,1134.04069551411,3893.90781696893,1609.81218593674,8203.28496703416,3883.08475107776,913.074772239676,3887.04267338227,1400.14407013515,3971.46399601503,586.080997635541,8351.53351272913,798.094115593949,988.063462611409,3636.8923533588,1074.72630210738,8349.09512474273,8261.26089875135,334.753625469849,3624.62509945077,730.786975263305,3779.45326233915,4128.14943306101,3832.10881193027,1186.17749097186,8312.30142787294,8180.66813163093,3601.1900297539,3846.96931538633,3810.22112154411,647.873241329326,3893.57015788156,8486.29085324278,1672.10774154215,3605.90436580455,787.24837050169,8541.42521384343,651.480481083664,1095.0975336274,636.773500507049,8384.78929049829,760.727161353789,894.696433257688,1230.5455941378,619.708471311188,8141.1099252433,707.944332446026,777.036191404925,1655.54064090941,8416.25146071197,1013.91575645581,649.68685851761,3833.47365672495,3548.24833064554,1704.28509019689,8362.33047708511,1315.72241927738,1198.85577209943,4303.59525573833,749.571381959672,730.028824613349
8151.86926247286,8411.7475306606,6603.78165954232,6623.69458714942,2148.0315877029,2114.60670698103,6284.14053515566,6310.22593126242,2136.27472520026,8715.06349500376,6504.68167608504,6181.56905836696,6037.99530536556,8439.05661647917,8702.53917248652,9203.74106460661,5771.22218120338,6266.69464492516,2098.58195386782,6307.89056273344,6544.02239881349,8467.2688955692,6239.64386128626,8679.99925696811,8398.27670500672,2170.56036396581,8422.99287670788,6521.48378020145,2141.99395678481,8482.80923675767,8303.15900057918,2113.6116433347,8742.66617916534,7818.08870039652,6073.93095994635,6405.01704534731,2164.44304781199,6118.26656379593,7792.3031936896,8595.22773353259,8098.07714828612,2100.45899068543,8615.32421325924,8655.37028451966,6138.24848728377,8513.93080098108,8692.57542107242,6616.03152533056,7696.55008032264,2152.77699230473,6099.85451125817,2164.01742020343,2144.16678278479,8235.09122791347,2123.74577795613,8593.12485271175,8593.16053151911,8307.24781497382,8533.51054318993,2116.10074382597,2139.20945232587,2232.61751481431,2130.8938381692,5796.7981594216,2111.57217795105,2100.64163138642,2119.48152616543,6627.49155997558,8475.09928666255,8389.04879796963,7992.75485943426,7537.0885022243,8157.74344593903,5024.15595738094,8266.18418812344,7830.96851065555,4720.01727651432,5589.84883189051,8301.21042749295,4979.46719883751,5240.15610502372,5175.70162259916,7777.37560906211,7376.4648007529,2087.34338893838,5302.58991101076,7432.51747654276,8039.00728320899,2147.07883513383,2086.88451655542,4613.97434165342,7859.55661274692,7328.26812455723,7927.53070238729,5076.55231921235,5206.71617249096,8274.82263473977,2095.06875706534,2086.07890853888,2084.82019422353,7401.37655565371,2085.47207787113,7659.01978017413,2095.74061978882,5106.84346440424,8077.68895815877,2097.50128089321,7764.94948248463,7984.27920456935,7960.41643898789,7895.67684410126,7389.71752942911,2085.19248871105,8580.30374017611,2084.86879546743,8675.75240183748,5051.15796639196,2127.74903596998,7492.85905116266,2112.20474525539,2084.67263801999,7663.25628564788,7865.38924147755,2086.87799180368,2089.19010902777,8527.39983642974,2137.13349889125,7287.16632213348,7767.61577683296,2104.01498677558,7985.99429659207,5268.52688976256,5272.77219088438,5448.06048532712,7968.91242146498,2842.8475410477,8641.33176225687,3101.45164834114,8754.37389603837,9008.297766272,8634.22284193117,2917.53426543112,6515.73593170076,8855.69021755017,3032.99182179985,8614.87821777383,6759.67624923981,2936.6298614211,8385.01175994193,3152.81379983862,6588.9979258332,3007.05700908287,3205.46133195803,8237.08972598494,7966.94789225778,8433.63149540773,8538.2492288787,3261.73788132105,8409.50511207645,3089.08477716957,8666.79954583732,8981.10095238836,6899.00239788539,8753.87048372676,9558.78763571493,8706.51112360455,8590.31293507827,8629.53958147413,6673.64546055056,8673.3932514441,8513.47380910293,6865.69250756436,8431.01668847711,8642.88714903835,8682.90468266775,9463.93159130727,8964.41492416236,3136.53581144375,6908.96606513646,2972.74126836146,6702.28346505189,8602.71845422215,3050.68773971215,8421.97292442341,7008.00121093742,2797.98460013263,8421.12257909327,8350.19165234109,6911.18440546983,8837.46358305064,6573.13820178205,8622.59304447377,8589.22649880405,8094.93817948691,6599.89601088958,8557.20631102959,2986.62327663677,8467.04225792808,6783.97775364095,8759.85427777183,7812.93651697521,2891.69629748383,2963.9332980649,6793.56361613263,6675.48366830393,8505.01320653875,6727.13064786498,8727.07453101627,3311.84907395739,8650.34790155055,8753.90630182042,6708.00693198159,3166.56397682517,8398.17426290519,2944.41165553295,6664.46745235815,8451.39413790775,3150.09771125157,2993.72397168188,3257.80220865028,8642.7731908004,8991.70152531177,2886.43157957956,8220.28979717005,2989.64459621534,3264.31102666328,3126.29160837044,6683.08143759298,2962.45784519777,8365.41648895437,7040.61466082926,9413.64928070327,8224.72569741382,6622.34155948963,3175.76599065152,3021.38205562992,2688.56624489924,8634.45697018968,2956.36560107469,2958.95542982246,6751.04858115039,8502.77100075607,8787.61246972882,8660.47916673257,3049.99621259495,8577.81664806138,8711.77670923481,8867.19719108683,8963.77331003589,8672.47323153929,8983.94101986763,8981.02964179677,6822.0579039223,7074.47625943525,6853.66531313443,8212.89014558879,8527.6757590519,8383.48420998812,8474.64126140274,8805.43308661972,6784.63917522323,8872.49590322194,6681.54839969232,6799.49456534023,8427.35898359449,6746.52420179551,2921.16741319879,6621.9697784419,8579.77608161557,8943.07795881121,2809.16833912365,2715.44246120589,6773.9591481553,8947.61761478784,3107.85157175962,6987.32490677394,3224.09214540661,2993.62806252968,8618.06635452751,8620.59848598019,8652.33323135745,8642.05827304594,8821.48174135582,6565.43573738635,6726.19947599934,3398.56308701554,8316.32714919439,8451.15156236483,8635.58307522501,8542.01335142304,8512.70309607291,8316.29505556117,6569.69843119713,8481.4937206874,8673.7897632933,5100.52957173704,545.543974316942,125.311555789636,5254.19982736794,786.240111464357,8534.18728996078,8625.88452301204,597.659778135601,8253.91862310183,8240.83999428633,420.861776375149,5177.55229776517,858.030869840487,8661.51643298676,8571.83157362575,7703.93327950989,8090.10257929126,4924.95675732324,7988.35154801021,7375.58111206525,4979.78689690259,390.310387612406,7987.64602001374,5325.20355004472,4883.15249297571,8624.12735600909,295.139265320351,7958.64008623498,5151.68956483026,214.48884198629,5121.33364477039,5119.58455207792,5268.26592223703,7806.8553755992,1038.16807931047,8287.48501762797,1e+08,934.278822360386,7735.26521293273,370.724512550467,1209.33917438615,684.288330959215,324.605256678377,8511.02692662433,5096.32169853103,5265.15751969759,7745.75824929324,5179.80903001961,989.72288628791,769.007710098864,954.810843547632,987.017175679327,5108.51811324318,8231.14036797012,5333.50165092836,8202.92024910307,8078.93179865414,787.179141171634,4818.81869271681,8075.23840956822,7800.0428187546,5325.7703883498,7501.95748532027,8648.68532251731,8489.04570498573,8473.52908536991,7790.951956991,8636.82514236815,198.768978008703,5069.61214482536,7824.57382117043,5685.90114103003,712.00320907185,8400.10930078837,5122.19619114935,730.883086634502,5476.86908981224,5144.13564994803,411.900044168128,5136.18839726436,7860.40962233235,4836.48168767077,8158.15365207649,1268.89793185235,8023.9316742985,5375.43459802587,8602.87053201209,8076.32247365739,7992.54280756909,237.367735941502,1003.62506099742,8543.91729371624,5203.112558232,8114.90917560615,1216.77020128109,1709.11471354762,7545.96799937417,5003.18832713541,8646.39972951853,1230.2247301298,4955.93088189849,7739.36131033492,5073.06691223985,7576.58793965155,4867.65621739017,8237.38368027134,724.292488037384,7881.12014966053,8186.18920669963,5244.47249275468,8131.26828686621,1251.6240732415,457.556814471373,8097.78975231311,5218.79373286342,8528.3442054111,5175.83532685911,4836.29588839336,5089.37841662708,7559.93493403507,1068.47135921632,867.421819524764,5221.81934370651,5199.15765963885,5125.26216723305,8007.55929571129,4987.76641680812,692.577413347663,8508.18389861371,5278.18816024567,8613.20398374481,1027.37841069,8060.32225168284,8214.75271730387,8510.89475829487,1206.03755247656,8568.08152824251,7990.1984917471,8421.71474361975,8509.49666178036,682.261058061258,8586.03298380362,7909.06468596396,8723.19268656136,881.328342813189,8268.1279294744,8080.68001840463,4983.37819500573,5270.45346332671,8603.0717084395,405.103499208465,7582.56911487542,8283.94310842607,4745.68384481805,7803.94178308818,8648.45801378589
8261.68420561107,8520.13017596055,6724.280291902,6744.02668284221,2349.62500221771,2314.81988228305,6407.44389199667,6433.29071157281,2337.55080120825,8821.8761588674,6626.02296069156,6305.82823852661,6163.6416972449,8547.29356228899,8809.41462243298,9308.23007726959,5899.61073963812,6390.15856825013,2297.19160113774,6430.97662918218,6665.02637535316,8575.35625095879,6363.35836309341,8786.98813252908,8506.73154775155,2372.46194899836,8531.31541829443,6642.6805484637,2343.44114793407,8590.81459193489,8412.12988900027,2313.75360905813,8849.34106576289,7929.87376422036,6199.22457981594,6527.22976453312,2366.29216506067,6243.13011466807,7904.24701033729,8702.64821154005,8208.19931983776,2299.32498620126,8722.64164964221,8762.4837344563,6262.92004509532,8621.77278645917,8799.50094237401,6736.42760046927,7809.09209412811,2354.46385264307,6224.89597839688,2365.86211567347,2345.67038382009,8344.43827156961,2324.50545772368,8700.55613913849,8700.59163452185,8416.19629203203,8641.25032111003,2316.41599370035,2340.57762247754,2434.23616662401,2331.97483012463,5924.91400886152,2311.55947728807,2299.53119906435,2320.00822270805,6747.79200465587,8583.14528884691,8497.55322377141,8103.48977217577,7650.65810133309,8267.52506916636,5161.58544379996,8375.35868522845,7942.67464317965,4861.83518812039,5720.23516949188,8410.19200360537,5117.51246552246,5374.73869343784,5311.1119805678,7889.41177869345,7491.11116991819,2277.68601233238,5436.38754102252,7546.78317801803,8149.47125961898,2321.87936327463,2282.64583371393,4757.43816235526,7971.08841191911,7443.24612656017,8038.65270555116,5213.271824725,5341.72597860957,8383.9494097938,2282.02706998893,2277.30104834231,2278.85952262908,7515.85308233768,2277.24835799154,7771.80005740173,2282.46675914752,5243.15830809738,8187.92857608743,2283.64334248819,7877.06278182813,8095.0640840682,8071.34253161347,8006.99006425032,7504.27341234889,2279.77941715258,8687.80103263303,2277.47316773029,8782.76271063092,5188.21997105045,2306.3364796635,7606.72087123347,2294.28627601777,2278.00039283407,7776.0095583227,7976.88561798813,2277.51699789763,2285.85184593065,8635.17146525179,2313.82387199263,7402.43034955688,7879.7125069335,2288.21885112358,8096.76905705787,5402.75075593771,5406.94267087482,5580.09080862775,8079.78814661082,2454.38677017098,8680.77504564003,2928.49608728551,8828.73555070874,9055.77797134602,8683.84107282448,2569.21077120526,6396.69723692499,8887.3955813593,2670.26483845987,8656.20278463252,6722.97347585204,2574.95719517762,8427.15300743129,2832.57280154167,6491.66739591002,2640.70785815873,2996.03650693572,8278.93671497824,8017.12199963719,8479.46335214064,8616.51157394717,3120.96418269462,8450.88518347987,2815.15820533379,8694.53604194169,9054.27295618841,6910.55547668352,8828.98363918448,9577.78823394494,8732.1208276649,8620.98133642202,8674.41831883566,6569.65609543675,8676.85393079612,8584.65259409193,6775.94921202447,8476.82814142428,8674.5622019436,8774.17143155559,9544.98722561963,9054.64252892116,2781.36344414211,6844.57386248884,2664.94357565967,6648.20610954829,8631.04337574195,2712.47311896024,8473.33633227295,6903.45368012651,2377.31625166361,8461.07793215081,8395.11229800672,6860.70080532033,8886.00665434243,6482.60887899943,8649.54927542472,8637.3387398541,8148.00824546039,6497.48654372548,8638.07719764456,2622.60411579409,8555.08065853255,6784.93887516655,8766.51793168718,7863.32206099919,2467.74805399518,2604.74316873455,6730.74255830614,6577.82305814169,8559.22056669833,6625.75938552041,8766.43647183283,3124.29246333033,8679.6005674535,8800.12593358968,6622.87121734369,2933.54492727146,8443.95636988718,2574.79038623452,6685.85426369145,8487.82936862329,2794.2290528624,2592.02613915003,3146.1725123547,8678.58528187536,9018.42446059193,2523.41824960964,8270.19443358457,2668.4586053755,3022.16004547551,2917.92280359151,6606.65066952637,2551.31904887516,8402.00777621735,7194.34080039066,9447.14622823507,8264.90748350739,6523.04289184518,2922.17195742622,2636.96884053229,2194.39423792271,8676.64926986333,2579.73315992122,2554.56975839885,6646.26356973312,8574.50163513123,8858.73546014983,8688.98468921766,2710.25773570073,8633.71937781025,8780.65619173983,8915.66799761271,9042.01675150882,8716.63120665865,9015.94700851727,9030.93953480297,6729.10421318092,7123.77841759244,6796.2851669712,8255.27289290536,8568.04834646486,8425.45339844653,8513.30132785493,8864.63525479946,6705.75074392974,8945.16808506796,6592.70792673097,6703.38215906247,8476.5367857375,6659.47673289423,2494.34220974216,6519.78316491242,8649.28639754663,8993.59949105608,2462.9876887476,2288.87703975745,6903.08899140824,8985.2327555899,2750.80898421098,6882.83485016979,2999.51845258768,2673.8752998848,8646.07051241547,8664.28862489093,8681.63173469862,8644.06662343152,8865.42816535511,6487.85614222069,6627.74515711748,3536.92229994804,8358.05671302009,8486.20478741098,8654.12443100744,8572.88666857469,8551.93071133239,8357.64379136154,6465.53939067662,8522.08989449697,8747.43381523307,5081.20689051404,1378.96173660253,911.819740915745,5217.11394710866,345.310114543874,8658.36637414019,8637.66333700417,441.379973059414,8317.07841206025,8304.85694389367,803.835570125297,5165.27717181786,166.225639933031,8683.36114010956,8582.8816523936,7766.24150497166,8134.61681319777,4888.74322197888,8036.65053504807,7449.96380130598,4963.30960990335,1163.60661648095,8033.86223380879,5309.93481020032,4862.07567764509,8645.82062828516,706.727307746692,8006.05316707167,5151.12343964281,981.50268461204,5116.05072712279,5101.60890363933,5263.06177172376,7875.0253084428,299.53308654806,8327.66427196148,934.278822360386,1e+08,7797.46882129512,663.609470566915,572.642723987707,395.111578099456,998.09959149298,8528.06135783062,5087.3347628252,5254.04977098213,7808.32160879791,5165.65171601566,166.980307286918,308.693140166889,271.367749371712,233.076754978413,5107.42547235353,8332.21424960728,5303.58584089357,8245.40249909772,8136.66144514087,478.212307549939,4830.08993243494,8139.64586855257,7856.40555358868,5317.34944776018,7569.59045666808,8672.33114640227,8610.14945782353,8601.93292524913,7869.35939162509,8649.53252685129,997.716317519638,5059.37497427276,7876.34131903898,5603.6037739968,297.8811214612,8528.123874442,5116.1096998587,326.944051568313,5443.85819318883,5123.78782018148,620.666496516831,5120.81880718925,7916.78931538514,4804.54413388215,8203.84914746186,689.022457043131,8075.54239017265,5369.76016238928,8728.01137236116,8135.26015594801,8039.31564613722,979.442948001768,225.8550165859,8557.33589943384,5184.58846766394,8156.87998030859,492.940867286318,1021.77982989194,7630.74439218732,4996.60166721102,8773.19611829556,511.966204978434,4946.3263279755,7813.25125475459,5052.36041563261,7635.5619806261,4870.35885763877,8281.14321836592,332.604907226921,7933.9199428443,8251.33390711245,5239.22659211723,8237.49752199162,416.73214741696,520.522872561441,8140.53628986046,5207.04813611914,8545.8342518708,5157.06729736694,4846.04841256525,5082.72499081457,7628.89376905537,213.573800336178,335.978063376159,5212.67905466767,5153.16851866846,5122.01291341134,8054.89856654301,4989.74906918881,1472.75516251823,8634.86458033513,5268.82830186111,8615.22188338809,398.650183238838,8101.96376173891,8311.47093717939,8533.51352513494,474.244402343338,8591.0361685997,8041.85772321202,8540.22764138199,8522.17002937498,474.990128003172,8602.22335967362,7959.66976104299,8849.10192055084,191.473219967891,8369.83325646017,8125.00437720019,4975.91436213104,5264.80483724356,8732.61006293874,1221.51493172883,7645.63524809115,8397.41218519271,4746.54839261735,7868.25648954498,8675.08686960193
1140.51973579919,1266.784001403,1585.52551576124,1569.93215714602,7011.16462566886,7172.65933143554,1851.29476372967,1828.65339250854,7061.74489874353,1463.04621870506,1664.9717768466,1941.69779425456,2071.55770400003,1282.57902579212,1454.14496220082,1846.88259659819,2321.45458876137,1866.51902971418,7284.76699701142,1830.67435596004,1633.07874202934,1299.33331767079,1890.25102096989,1438.27619021069,1259.15094902629,6925.48346036559,1273.23665346536,1651.29549767225,7036.51625174279,1308.74558971957,1208.41910854147,7178.57806039593,1482.8686857483,1059.14978330268,2038.71876653792,1747.68264130023,6947.56874705281,1998.50560576748,1057.31535599923,1380.43720731903,1120.63789281734,7269.11624266652,1393.87402486615,1421.16493775698,1980.49463159411,1327.97292153597,1447.10601601641,1575.9175083008,1056.42548807667,6992.04202974402,2015.16427730726,6949.13470527819,7027.2514219382,1175.79365976243,7122.25599107655,1379.04149076459,1379.06515492037,1210.4804470411,1340.31990084906,7163.95079663531,7048.63983629096,6733.16740003441,7086.74583832042,2297.0685806751,7191.02951012455,7267.64381500786,7144.96342839639,1566.9736976585,1304.0599191913,1253.98380923838,1088.90132979712,1075.5785048004,1142.83347466842,3065.36465554355,1190.29433538527,1060.31755549771,3383.30679874744,2496.68521604277,1207.44069030047,3111.56578280408,2844.59807455977,2910.02796949711,1056.56154062452,1119.73101520878,7628.08114255495,2781.59117356722,1101.63155452848,1101.62607111571,8032.66920038773,7428.41026064732,3496.11194096447,1063.50434550689,1137.47579034027,1074.32937867817,3011.4227059811,2878.49589059541,1194.4445509722,7729.98914730537,7599.39671389905,7498.87440886934,1111.34288734096,7580.74454166896,1058.62870360218,7736.57420221375,2980.35077811475,1113.73438809807,7752.9456392355,1056.10694942612,1086.7817878072,1081.17422895822,1068.69259152959,1115.20092550149,7477.38274103212,1370.57486780248,7551.93232263883,1435.30840416858,3037.53536549643,7945.52313019984,1085.3384345828,7860.24412660274,7525.72818413566,1058.30823493579,1064.25471592418,7618.5340240214,7387.58148755638,1336.44617858895,7989.76874219851,1154.13225959572,1056.19123834164,7805.46358836658,1087.20531243191,2815.92105415542,2811.63647004265,2636.25370054549,1083.10949358509,7181.95573155039,1158.8268254081,7149.31037032206,1319.98628627859,1649.12937745793,1241.51955824364,7282.7069927144,2566.8829162231,1441.10560151988,7180.71599093907,1268.93141332147,2638.87217463421,7163.80626361323,872.359421314523,7493.31902803093,2670.39551648775,7082.14233026679,7366.84959239808,720.127679085751,736.089234433048,911.834456267224,1076.67072258574,7201.79921894561,874.15370768971,7251.24352107528,1338.07074127147,1622.63149616699,2745.40398901784,1323.62176775759,2102.89393415711,1373.71740411799,1243.28770752063,1236.15146400958,2475.46058031161,1459.63298715389,1041.23956883014,2523.84929952912,897.730089711294,1270.69456115772,1201.87097585233,2002.74106305804,1491.07507976636,7421.73098174853,2472.72940535917,7156.63123568921,2666.36193544476,1250.74426750125,7582.11845607626,881.573345514266,2124.11596768747,7218.64029902163,925.274231259722,815.121015556787,2335.84541917756,1428.46740286302,2646.83948071227,1342.16529669062,1047.39584907324,824.998125888517,2593.92681479312,1010.859757334,7329.54270565118,1244.83571981753,2534.86926190657,1502.02888981048,368.383542746621,7230.21332155607,7210.45124559034,2649.47620838586,2645.48577051431,947.991889804656,2418.13418981904,1316.38140230504,7352.79554731547,1320.32058162914,1324.09877700144,2634.54770730248,7386.40227781318,892.388441333371,7143.29996412274,2920.10884371309,997.54376456302,7481.61607683161,7132.93255455966,7279.76043620079,1300.81522556221,1634.34292131168,7202.50240070341,724.900343064729,7203.85776757201,7479.22092167058,6856.2257772258,2725.82195713173,7442.43070384361,1135.76959437365,2561.19997771525,1935.79628816016,1000.5737429559,2492.35327479588,7433.68725570242,7254.28433568757,7120.24063420591,1238.36299757756,7327.86883681413,7454.41061723215,2645.78997972959,1019.50899696565,1349.7935207289,1321.66165807468,7422.75363612265,1090.17147331419,1280.49954610666,1424.67922435327,1495.01265605138,1269.79814129662,1588.92419303688,1532.59851136871,2429.98018101613,2523.12827374623,2533.78698544937,670.916397339785,1031.56978010203,843.091834473272,1010.84939871793,1394.09868738448,2654.92664646766,1415.02942619951,2453.44612284189,2303.16770972439,882.519346134638,2295.16797637146,7352.70697358727,2589.87582426136,1068.92679188886,1519.04080243286,6883.58257856766,7006.78165750742,2877.75053400169,1544.74643539324,7527.69403775735,2198.11222451286,7398.00295501077,7105.70717665859,1255.03314259456,1297.70264738621,1313.57791988093,1471.96344174537,1399.29555705236,2675.410113573,2406.99500574193,7066.02777318726,831.697819968771,1009.36124433179,1327.92618604822,1217.68831901326,1044.28090374805,811.630134468532,2849.64794725499,1009.01706817683,1223.60253446372,3494.80066898058,7935.95487770971,7770.36709875623,3380.23491573933,7622.63472284793,1241.86124065895,1421.68902364477,7936.14556259376,1066.69033105173,1030.73131155995,7907.15837957418,3424.10639957728,7871.34669819566,1394.32122165599,1356.85487717667,574.798232521184,770.504008956375,3701.68760670049,525.523937546916,638.245007988085,3652.95932566921,7964.15876431518,484.84048889314,3361.33142692374,3656.13548025222,1350.07355742758,7791.84673480895,453.862898704458,3422.32553013635,7875.53688081003,3369.57117944239,3447.1283711494,3331.08383142706,667.793227023683,7708.84047620487,990.075346533901,7735.26521293273,7797.46882129512,1e+08,7834.30960883558,7969.45895291636,7897.14192920273,7954.34284229021,1291.09711371454,3412.83316126719,3355.18941733194,135.18471788574,3414.22413114076,7844.42680334932,7707.66228767355,7768.55696729011,7831.10086323071,3441.05485505765,1054.74845544814,3298.68710588284,825.039506515945,946.942309042829,7674.74570036871,3764.50398702728,1011.2960447275,226.695243024595,3224.93638066248,600.917549693235,1389.22549480149,1214.46633700577,1239.79371328552,955.446323953468,1385.82498708622,7629.6322903763,3527.270094368,342.675631921352,2949.39567600025,7754.59436568629,1168.88492916674,3451.15587363582,7791.74400170712,3060.37087005654,3486.57135622999,7836.48413793555,3426.7463524555,416.726847210056,3827.88169369481,1008.81864348966,8156.20065712774,978.831102945792,3252.77104139483,1319.60343988952,1029.17430554025,570.634127344471,7854.98035995417,7840.65743031141,1326.00854743376,3429.84734825257,981.627520025649,8113.34133272869,8314.7906039758,450.426640935172,3572.26385625749,1352.66800632298,7669.9268082186,3572.4649285602,521.814882640198,3565.36589142948,946.998548655966,3505.52676732342,814.552535388524,7809.25539005845,375.087465194203,1054.20149434578,3374.60887265967,987.562525314782,7821.08049715383,7719.70662973425,797.573258060829,3356.95892710983,1332.96969105599,3476.52243298457,3677.23367580449,3545.49091126124,293.791230691882,7780.67837359942,7643.30181347485,3337.41268684349,3483.14181257649,3509.86259249739,577.807481817109,3589.96066005125,7929.15461444731,1293.18136576989,3348.83059743866,1414.15616075937,7999.87996255774,984.010196800547,997.132508836503,1273.26530459692,7850.76741233887,1341.35499444053,454.427907805304,1161.45935089982,1301.05386687238,7598.92928399358,1361.37841438578,434.183896265595,1404.05706308865,7877.80923524434,1063.14867867996,697.205747516074,3502.57293100743,3286.80565938338,1363.74994814763,7810.05204217211,805.801567104696,1080.48493242977,3790.11851777809,624.01715428095,1379.4168080039
8262.95130870003,8522.2079241375,6719.36495965343,6739.20964893087,2268.23222101518,2230.18600472172,6400.86335390721,6426.85254271759,2255.11118636484,8824.83778506354,6620.60927005804,6298.67594606148,6155.65564694101,8549.45354272664,8812.34099416985,9312.49104431759,5889.96242640006,6383.48213626219,2210.50235754375,6424.52576346851,6659.81237179871,8577.60061575731,6356.53215629665,8789.8507960507,8508.76853228973,2292.89922294862,8533.42709390818,6637.35244419951,2261.52033842745,8593.10519441543,8413.87520423018,2229.00691220907,8852.38002698757,7930.01903417779,6191.45100502665,6521.29895245081,2286.25141327975,6235.61515660015,7904.30153565221,8705.26822404488,8209.29200090204,2212.91194359288,8725.3196264514,8765.27639868984,6255.52039320353,8624.15546889991,8802.39919344597,6731.57281021207,7808.80421442813,2273.47360880324,6217.27408769185,2285.78762835404,2263.94178239567,8345.97064745594,2240.85041342052,8703.17007033893,8703.20566892683,8417.95428524347,8643.69058384497,2231.94894029101,2258.40665335799,2358.98434513417,2249.02795281022,5915.43186529841,2226.57694244558,2213.14432762315,2235.90826026578,6742.99364555431,8585.41297325754,8499.56220703728,8104.23401049643,7649.78029192729,8268.81107739745,5146.31383435967,8376.98877402192,7942.86501162646,4843.74714855238,5709.36363007908,8411.93127251406,5101.84929200697,5361.26265798042,5297.11631538517,7889.41349014137,7489.6128022371,2185.95401943652,5423.40244224627,7545.50447629821,8150.36966349682,2227.02949457335,2193.60008542516,4738.27767645298,7971.37834254739,7441.55613622565,8039.17642508154,5198.45025557823,5327.98200620076,8385.60651296508,2189.21089661875,2185.90996785727,2188.78370006597,7514.45276119886,2186.08724958563,7771.37558938101,2189.58742176895,5228.59256952255,8188.95452903026,2190.61062175285,7877.02037158333,8095.77987442099,8071.97789637534,8007.40473734553,7502.82728816882,2190.00855047256,8690.37782086187,2186.68001183619,8785.61333282742,5173.18148897188,2211.89116212871,7605.67489389794,2200.37756550068,2187.55513349364,7775.60057705372,7977.19577091701,2185.89674781268,2197.44192140683,8637.59378647972,2219.15520029891,7400.57489967411,7879.6795760879,2194.72932352386,8097.49060897164,5389.49929427487,5393.72459954949,5568.20468586956,8080.45220201591,2744.3419157158,8729.50327161955,3093.27031060789,8857.21240175138,9100.11034208667,8727.00001442671,2829.85084843386,6546.0407918778,8941.63647204277,2942.46939612639,8703.80927374299,6825.8138947361,2848.44191279074,8474.92223192044,3078.49500355437,6627.28100814282,2921.02098739479,3178.16028265536,8328.29385006304,8057.56536182959,8525.82263089558,8646.74829089017,3257.32244562315,8499.37181342271,3041.83235808761,8749.06564124416,9085.99020947794,6987.20896196127,8857.51282381142,9638.07927311817,8788.87343676638,8675.07824917573,8720.8208025726,6709.77351605766,8745.92054168349,8619.07298087427,6906.7280431649,8523.25232086637,8728.73182703833,8793.51198227845,9568.17055754791,9073.8278543791,3047.90435783955,6961.12213616034,2908.02983910108,6759.33178540474,8686.42734588786,2959.64933380457,8516.9955077682,7041.44144984189,2687.42334228849,8510.59628341733,8441.4948207228,6967.90675019938,8930.09589784437,6614.36051396893,8704.61150590372,8681.73825367741,8194.11704268323,6635.84725576059,8664.59138551453,2893.008811067,8580.8203226582,6865.16220950762,8831.31423934104,7906.73834789803,2780.75972535948,2877.462698065,6846.64469430882,6714.15066269729,8600.65509731351,6763.19462255597,8816.02050770878,3300.8100539785,8734.3297961753,8845.53135082929,6751.43858254868,3131.10996027326,8489.32742069061,2857.97653549936,6754.84757405157,8538.54772976004,3061.38401665929,2896.17030462548,3273.53485052338,8729.05611341319,9075.22392941053,2794.62722469876,8316.31795759455,2919.7546977522,3225.14088596369,3104.16910728323,6731.5853739387,2851.12751456081,8449.91023024187,7180.99130417328,9500.28576822245,8310.9552267828,6659.86195240197,3130.20538184978,2923.4926317693,2552.01514166516,8725.02300662654,2856.79036358679,2851.39604121829,6785.60078268779,8608.31407817953,8889.14668835758,8744.11565079451,2965.91411132944,8672.73740919526,8813.29269181069,8960.28827369047,9069.23541322313,8762.76705397636,9069.67943419171,9074.01977160916,6862.211782843,7174.23081082471,6910.95432157881,8304.46653025649,8616.31904455363,8474.09508468999,8562.46846775575,8901.76214611256,6830.90668441024,8974.82609644059,6723.27345963833,6838.60275897213,8522.34729852361,6787.5163684689,2811.18602268442,6657.57324819256,8684.71643717144,9035.49013828504,2728.83090492986,2599.14649619621,6907.35682942492,9035.36425717308,3014.0540329794,7020.80464707163,3189.03599939727,2922.76719612331,8702.48236037394,8711.11999244493,8736.86724410532,8711.67953783,8912.43396893691,6612.56212638746,6764.35854155591,3511.22994750733,8405.74592706462,8537.6987097483,8716.65800038222,8626.45083861367,8600.866561128,8406.00195938935,6604.72650322267,8569.9707091117,8776.48702299689,5148.93088718855,791.172345856139,304.352295780512,5296.15677240704,599.57105080613,8653.40392597044,8702.21527639065,300.572486606648,8351.93835997241,8340.33841910635,202.217340131593,5214.42248696909,571.751656301289,8742.90518201676,8647.39463932198,7800.27380527588,8181.02417736428,4971.69741944858,8081.34986092088,7480.71376931939,5026.79291989154,538.147181735439,8081.05481509339,5356.78389597198,4932.12033276068,8704.51907076119,225.851006398555,8052.51265988961,5193.76814553793,368.963658550009,5163.22035450962,5167.58193350147,5307.0420329749,7903.50604524736,820.226143807125,8375.70537228296,370.724512550467,663.609470566915,7834.30960883558,1e+08,1009.25897918422,467.26812502936,413.395847548195,8590.31082352581,5142.36542864084,5302.31977185217,7844.99045604089,5221.90594719417,700.977218868979,573.651655954315,735.658662641073,751.713563773237,5150.3751774724,8345.08075659436,5368.54369631588,8293.26579405065,8174.79456998053,659.832277492835,4866.55223617707,8173.33369343895,7897.35941667445,5363.86098830682,7605.69538681697,8731.14430326951,8609.16195788045,8595.79127639773,7884.49764672102,8714.25409869822,467.407081716134,5108.45905359033,7920.79305728831,5731.49678641489,493.108462396608,8523.35229322167,5159.37431874192,522.345589072932,5517.51624214883,5185.17708456678,135.215978476342,5173.46117289763,7956.37980166169,4890.86166646026,8250.18180208642,962.684939367214,8117.51205770366,5413.93253032037,8722.88227693861,8173.398141964,8085.2879643523,346.395526964523,759.507403887947,8621.53718874971,5242.66315964116,8203.50554165935,966.199037156432,1473.15218937967,7647.38270911299,5046.31828263375,8767.65790592141,1025.68886036465,4998.00380514933,7837.93676426822,5113.76793952375,7679.2384291003,4922.68716070261,8328.08060725215,500.432802973556,7976.55544046783,8286.56359046922,5280.62732894006,8246.63804805287,1010.28689545344,234.27971682213,8188.25842740478,5255.52789290817,8605.72527332767,5218.80996222419,4887.90432484593,5128.75491445707,7661.52650098036,814.790476023027,670.325595245252,5260.7691321,5242.8225901705,5166.88505558542,8100.51428413485,5028.13804238669,894.780661087064,8629.43319963437,5317.5378213925,8685.1572937601,792.546939852486,8148.6528649967,8326.59250457963,8592.31407835644,994.740445726404,8649.68504117077,8085.64020836871,8541.41443274807,8587.45990016333,556.921744260978,8665.07015064358,8003.35516441001,8844.08430977825,612.468293430967,8381.32531947047,8172.2687014776,5026.95926578822,5308.90676533761,8725.11536731062,627.976715097491,7686.50544757132,8403.21661617982,4799.07929156525,7900.12919248335,8731.44799050815
8442.50507697731,8703.78624169387,6883.1435268057,6903.24375966221,2150.66746143935,2091.9293649545,6560.28915113436,6586.65225181345,2131.0956272229,9008.61217963356,6783.08987000478,6456.59676345288,6311.37216344854,8731.23667330702,8996.02802199892,9499.47238108939,6041.24958857416,6542.65589506281,2057.81394800436,6584.29213961036,6822.81353550374,8759.59381285203,6515.31195931229,8973.37989614022,8690.24528321574,2186.16296038656,8715.0899257858,6800.05623801763,2140.72689195508,8775.21344984284,8594.62449560371,2089.98821980183,9036.34600563327,8106.75451077063,6347.73036164219,6682.42846586697,2176.73777719402,6392.57856842678,8080.80819677823,8888.1952494299,8388.40884831559,2062.23590233269,8908.39055593596,8948.63190527642,6412.78843898168,8806.49276053172,8986.01651987678,6895.50878517383,7984.44634711315,2158.33743588419,6373.95479136943,2176.07667271787,2144.32939564494,8526.18802419388,2109.07711262731,8886.08199513092,8886.1178499925,8598.73522397395,8826.17103323199,2094.81334524015,2136.06588203654,2275.90915804938,2121.81163646688,6067.16390624594,2085.95481737859,2062.65768701145,2101.21580414922,6907.07628711166,8767.46420317134,8680.96917540842,8282.47662813506,7823.92867638308,8448.41217445794,5282.26338348674,8557.45031973508,8119.71415830408,4971.80046990037,5857.36142126231,8592.66546992283,5236.70984273101,5502.17034752275,5436.59511259134,8065.78692103314,7662.18405297349,1990.20575146665,5565.65570379092,7718.63468823626,8328.99930599556,1986.71417929414,2022.56970619696,4863.28492038565,8148.47832341712,7613.63916974286,8216.86480806487,5335.64797743254,5468.15351799825,8566.13553763915,1981.41253701809,1993.63222585366,2008.89557035544,7687.27359376914,1996.08281819684,7946.67234903648,1981.026849126,5366.4981897819,8367.90410193645,1980.16437098106,8053.28246647948,8273.95103506807,8249.94697297402,8184.81877574886,7675.53154572424,2012.80900688286,8873.19750314869,2000.21126872056,8969.11257651574,5309.7780697454,1980.36721580541,7779.39647550151,1977.92313869595,2004.32574736019,7950.93651053238,8154.34668065595,1991.30004682871,2031.59364351066,8820.02963457119,1983.1053475264,7572.23591273177,8055.96559368473,1978.32710277779,8275.67624279014,5531.02303258604,5535.33985737533,5713.45462937045,8258.49338049996,2222.20338597612,8853.00819071319,2711.29046119761,8988.0360876589,9225.75262442518,8847.36331842754,2334.99479611819,6532.1428552858,9059.92476473392,2466.32108308567,8823.43642773573,6793.92711332343,2381.75822638022,8592.46764500206,2579.14415763459,6595.03863242423,2455.30077895357,2754.80288359801,8438.32712342463,8210.43418424589,8638.9826731119,8751.66344167307,2880.40735747738,8615.16049783933,2589.73517886134,8873.85512468529,9196.55294261248,6962.19837096557,8983.62018910349,9763.61031440766,8909.67772496069,8791.34381817591,8838.57900411399,6686.09189841789,8864.3176372006,8720.7800645025,6882.73110689873,8636.83231286999,8842.84794041625,8923.82028998068,9715.71427626386,9212.31754297806,2556.23940286139,6940.5827161513,2464.91136104202,6732.50412662646,8804.25073351698,2455.53427483883,8628.64535257936,7059.68163711617,2174.13902102738,8625.14051475417,8558.57153247772,6965.12915112393,9052.54402662087,6579.55809860224,8830.11368143965,8800.99863996542,8283.40794278015,6610.36610669681,8786.15969429182,2399.95987041347,8680.90775698159,6856.16503896004,8961.69183651084,8035.51391817229,2252.61926976759,2405.10029120793,6818.84087636641,6680.65626307258,8717.24460343966,6748.4510693357,8934.52602356535,2881.25693825118,8854.01341514538,8967.96209772773,6718.94675543351,2692.34768315407,8612.24891066831,2381.92645660614,6731.2248463544,8659.33985543916,2545.89714576731,2396.43572870998,2888.26728462406,8852.66938189696,9194.7826420678,2314.66449263448,8415.43014259169,2459.56237109611,2769.81174259363,2711.24194081334,6687.01791504675,2315.96173936345,8603.40793803563,7251.82225889341,9621.79261030736,8465.13811284449,6639.85923886012,2680.58730044134,2428.05247469733,2009.89368842308,8839.51372274083,2365.55821825857,2320.28250799964,6758.78888076715,8712.58367193719,9019.0458201426,8863.54527583175,2467.54140761302,8798.42174692532,8934.07047214696,9077.16551259073,9196.68280906977,8884.04271556499,9190.50981127541,9199.16683983553,6843.96656546983,7191.55367827524,6884.01599449124,8412.35884786799,8736.35525610609,8585.88750671727,8686.31068083918,9028.47484137793,6796.86572103359,9102.00156206826,6706.39486980645,6830.64467362587,8628.73955808646,6787.48322624187,2261.58836556429,6633.59551439656,8787.27832250275,9163.62394306378,2285.74150172697,2108.90939034329,6936.28982662212,9156.79792985179,2498.75260736713,7028.98505022211,2755.55075464966,2466.77585979639,8815.33882294987,8829.86350762498,8854.36082585114,8839.79310287243,9030.53083752666,6574.95527824166,6744.91972403882,3279.27282431742,8528.75493544451,8656.81962036397,8823.46197206789,8745.34936011011,8720.97112976912,8525.57940070579,6559.88090949166,8693.13832252768,8903.33909065696,5292.34832164669,1562.99918192476,1215.01011706405,5451.12348192201,694.542299494052,8817.59052092862,8820.83717360584,788.087151069402,8472.19745227584,8455.43570256721,1166.08212617649,5431.28774754756,606.406951089747,8857.52964680336,8764.55161511756,7956.01537120145,8309.86154911556,5080.54953599476,8210.48797417306,7615.72087832026,5172.91557996679,1433.07734732306,8199.57755072312,5601.3907899411,5066.45033214183,8821.4569605763,970.210320083338,8166.6951165539,5401.00789132351,1232.40677544422,5370.17105158127,5318.13224319683,5533.79306310981,8071.48864064159,380.050249975777,8511.48441105991,1209.33917438615,572.642723987707,7969.45895291636,1009.25897918422,1e+08,599.401641812555,1208.89420658823,8703.97397767709,5311.85887884454,5529.53454105617,7981.58414154533,5405.20721660349,612.034229199086,561.131242774986,420.121309553252,361.299528918094,5359.15467458167,8478.63686017051,5565.4182237593,8418.50117394598,8292.93012592236,562.026524203711,5048.76690950408,8296.46104774574,8026.52537682631,5596.62355219168,7727.58317452971,8842.95476930246,8766.05523839453,8751.99141877935,8081.26066698329,8827.35095974508,1325.27067534491,5308.94524012095,8031.97687974781,5746.14667470509,638.514346215078,8676.75505924202,5384.15369580097,580.604933835823,5696.43328592866,5363.04838852145,980.225197791813,5383.36112885879,8095.39014066513,4957.91956374821,8356.00205046499,939.71123437323,8232.1076042238,5647.19763659455,8884.93915169412,8288.41009934946,8209.96339009189,1265.14421813797,392.406362035689,8734.10991986518,5431.34039998922,8323.71720427085,330.476153455466,705.690280708798,7821.19732518011,5236.63210263756,8926.80542174292,349.164513413683,5185.8207243232,8005.11050851703,5280.82806770619,7767.15825264392,5064.8606296518,8446.65779311859,566.942734998236,8107.32684141547,8397.88054789732,5524.29605579196,8388.7468574503,373.609464378914,903.33150693893,8321.97786049592,5479.16182093364,8730.68822271327,5393.22716556988,5050.019814204,5335.53066733301,7801.01541968855,422.19114848067,604.791118559401,5476.38597592057,5351.30285551692,5369.41247098113,8224.57089393608,5244.56571991351,1668.96135238103,8786.68257537509,5532.74424992084,8800.50140137572,292.350984117091,8268.56077288831,8460.24243959706,8707.62800228401,222.111288514539,8765.11920474643,8199.02924228985,8691.980379282,8695.72148358449,794.725388146582,8773.11697567954,8127.40094220593,9003.78894992726,518.674494314559,8523.30750360083,8290.87746454622,5212.92528038815,5542.77334927971,8884.8389557217,1470.33814872873,7788.04075591676,8543.72239583183,4935.0435689079,8061.18875108116,8848.42766649476
8341.55349132996,8602.01476815806,6788.6173976404,6808.61303067834,2182.71972327189,2134.41476545489,6467.54727125615,6493.7569117055,2166.37979219944,8905.95260007926,6689.09528631822,6364.47291397704,6220.15456269876,8629.3823172369,8893.40374914885,9395.51824898558,5951.8567347559,6450.01747639513,2107.69351807046,6491.41047850914,6728.60571803906,8657.65446001774,6422.83529095466,8870.8194504014,8588.51491525116,2212.83094587106,8613.28425012289,6705.9702209855,2174.39444926344,8673.22754733189,8493.18862261448,2132.86159334545,8933.60901024517,8006.94607599125,6256.28124477123,6588.98763817959,2204.78193965294,6300.84818340481,7981.09266611517,8785.87819647157,8287.6343475567,2111.07843304134,8806.01531985218,8846.14162582341,6320.93283348878,8704.41420640949,8883.42041628512,6800.91822342275,7885.08195870501,2189.1777047099,6282.34063521603,2204.21873188185,2177.40554168482,8424.96757415706,2148.27262677526,8783.77104794995,8783.80679918925,8497.28653634015,8724.03457493718,2136.72849597187,2170.50919138967,2290.9840822939,2158.70628720706,5977.58755325791,2129.6454106785,2111.40271475171,2141.89020574931,6812.4256952422,8665.50137128806,8579.26705111917,8182.05660698618,7725.17146146198,8347.4414094166,5199.22732626656,8456.13097299718,8019.85957610972,4892.06018618437,5769.32688334595,8491.23570887481,5154.12738223784,5417.07287048232,5352.0910835553,7966.1254911452,7564.06854041581,2062.77567057322,5479.99985326711,7620.29167178755,8228.42233030084,2083.94420653929,2081.99452763857,4784.82024291497,8048.52192044827,7515.72243413496,8116.66962117313,5252.09239081957,5383.36172633152,8464.78886245114,2060.51865108982,2064.33580047606,2072.99232933303,7589.0564883401,2065.56765656191,7847.44829452316,2060.54942406331,5282.64812767165,8267.19741132794,2060.71884455807,7953.66625037001,8173.55999702774,8149.63790799133,8084.73491130558,7577.36189040504,2075.48326136418,8770.92385466174,2067.80645531243,8866.56419811736,5226.47264825842,2072.62017712206,7680.81285342089,2065.10404223619,2070.19581720621,7851.69653711496,8054.36960623407,2063.24990803465,2088.30436047586,8717.91121592963,2077.91276309834,7474.49105221136,7956.33966224112,2062.15607832414,8175.27933429107,5445.66985655192,5449.94870313551,5626.55688012188,8158.15506697776,2543.05243889917,8789.26592870547,2929.29621176825,8919.39613798529,9158.78453733919,8785.84603207322,2634.77258531961,6553.68715519401,8997.5374780307,2750.24539698219,8761.7439418899,6826.08517621698,2652.6909587292,8533.4693376294,2873.53286905754,6627.16039048711,2730.10707730456,2999.74765990727,8383.11713529457,8129.84456942629,8582.19899385235,8697.34391870002,3108.24586059522,8557.09556090004,2850.06045411692,8808.6170976,9139.13421555248,6990.38185510034,8919.30507198108,9697.76381579367,8845.8008516197,8730.33792223919,8777.8035455391,6711.33728187314,8802.74146433962,8668.24492079879,6911.50334254935,8579.33940635513,8783.98618728042,8856.88979973929,9638.0658275236,9141.33597140804,2845.03998434502,6966.09187105129,2722.20794104618,6762.40251154662,8742.54432260869,2754.43749099316,8572.08337638132,7061.34597741895,2482.14397003875,8567.00122011878,8499.41184939367,6979.64176088352,8988.16854154312,6615.48927959415,8763.49497750466,8740.28559996178,8235.25541797165,6641.33297622717,8721.9221222897,2691.79361162294,8624.37191457733,6876.16482858737,8892.61736225474,7969.25967617252,2565.21430783045,2679.21303051713,6848.5212899335,6714.76349827692,8657.44401329955,6769.37868204157,8872.67416209733,3125.73517498626,8790.47051162636,8903.71578922221,6751.75198554611,2949.33762843562,8549.2449317869,2655.79443152543,6760.05274126109,8598.02942780042,2850.70692087345,2692.16907340346,3104.89861398388,8787.92219021788,9131.54370302762,2607.0900333401,8364.55739458599,2726.70933376099,3036.59968453146,2941.91725755314,6726.77747058437,2634.82136566516,8521.54742320137,7224.51371655873,9558.54276881134,8382.00605548573,6665.47374619716,2943.56932532906,2719.1513780857,2340.77538444388,8780.41902185586,2653.90163478698,2639.31755095919,6789.25584928813,8658.86016072276,8950.95775977078,8800.28088673151,2762.9807703722,8733.19483820663,8872.55019564955,9017.48208910217,9130.38589156498,8821.16889761942,9127.26364140629,9133.98704437346,6868.09086701173,7195.90895392823,6910.45517784332,8358.51174764003,8675.62414438295,8530.03854375407,8623.11140037183,8963.04393108532,6832.0605967081,9036.99943472236,6730.20944725814,6847.04525831115,8575.13453939692,6801.62052595576,2591.86866595271,6662.49463829528,8734.33832197502,9097.05395624068,2549.35003307614,2408.91305764412,6934.17841014786,9094.04839594061,2805.49143313666,7036.84532597492,3012.33720821448,2739.60138469416,8756.71731596715,8767.37627508471,8791.91692242136,8771.9663604296,8969.40940179547,6610.88721650142,6767.00160933858,3416.56731270332,8466.34836292855,8596.94148077783,8768.16500493829,8683.12307423069,8659.46973297996,8465.80470228392,6603.15849065903,8630.39030970089,8837.83088465569,5221.61281598041,1092.89729479806,678.537217699568,5367.32238153186,401.125086009847,8731.16477083748,8758.13152560836,277.675308429874,8410.6863401407,8395.60179199212,630.576597223264,5318.50764850269,303.598760350051,8797.21954452244,8702.20707663922,7871.39117440606,8242.86875397395,5029.07791142279,8144.23257824324,7537.31672167692,5102.95028764947,917.348849596448,8138.7830955742,5471.70125779496,4999.9111911518,8758.94330401873,452.32478734508,8109.16667367938,5299.87429285492,719.398578292872,5264.75038175158,5242.79450959546,5415.92479449262,7979.56321593234,470.883037615221,8439.48987573207,684.288330959215,395.111578099456,7897.14192920273,467.26812502936,599.401641812555,1e+08,722.75878682389,8643.91267167904,5230.36978807984,5408.79339981908,7907.74392463646,5313.07033889586,437.944750690883,266.497666158184,359.747513799197,383.531869186632,5256.47498879464,8408.80379122682,5461.85522789036,8353.64140421412,8231.60350307122,369.427593975265,4966.48939818217,8231.8608843917,7958.32112403874,5472.3327259005,7657.48345162115,8784.02477266527,8683.90120475597,8669.04415530826,7974.31553992949,8767.41538258048,801.771695632545,5210.806632434,7974.85085868292,5746.40028131583,249.116592751792,8596.65983168661,5267.95842917742,204.84823408369,5598.59705056766,5271.30355444204,429.637295593616,5274.09845536883,8021.7938737607,4932.95104436437,8301.8408183254,853.453878273997,8172.4019309047,5526.73034760925,8798.67820023894,8227.68052397358,8145.7060887364,745.273378370688,397.988329663123,8675.59317543148,5335.03468060092,8260.59396319805,603.356453803735,1115.88648930895,7726.81896278956,5139.8551344841,8842.13700255383,670.748468403798,5091.54433634226,7915.00504317027,5199.56972659901,7715.16413296316,5001.38242309821,8387.20720477525,188.935924555608,8038.59734132579,8340.3239740294,5396.22816625155,8314.16592104434,660.366856290776,369.351670258436,8250.62561419429,5361.85702199208,8664.08961827747,5303.62443684189,4979.47325857991,5230.82799446217,7724.17358982599,475.996229110969,414.890602252875,5366.49270644224,5299.52472354971,5269.45156943754,8160.88478703638,5138.32903569329,1212.7733882995,8702.34987985288,5421.16134795145,8739.14452125317,397.754082152874,8205.65359117699,8391.33145771113,8646.6773831627,610.353602609471,8704.36526839992,8141.77487713412,8613.77934283192,8639.77626351784,454.377841512082,8717.71324447387,8064.0684591877,8919.00400559049,270.876431064975,8448.95032545356,8231.18886996677,5121.82243694863,5420.9736647962,8799.6131290067,987.762502602243,7728.25950508293,8469.72698596514,4875.7248214344,7973.43337626313,8787.35584106486
8362.83834144458,8623.64010399426,6807.26762273466,6827.30568886456,2157.49258181029,2106.16246824226,6485.47587975395,6511.7474234869,2140.20537440222,8927.94792002325,6707.53010150366,6382.15252306751,6237.46992281494,8651.04213007457,8915.38433684685,9418.0551085566,5968.44175714007,6467.90436735769,2077.3561288011,6509.39547118522,6747.12690209758,8679.34964032956,6440.65698844286,8892.77341026218,8610.12315615255,2189.20178115713,8634.92381188083,6724.4420633269,2148.69273545518,8694.94210187153,8514.67446516713,2104.4986553027,8955.63663996055,8027.75788527781,6273.68956048313,6607.19843526325,2180.74200756505,6318.36952063723,8001.86611643513,8807.73067463204,8308.84579127633,2081.03045069185,8827.89204882063,8868.06632060317,6338.50451976587,8726.1673330361,8905.38925134759,6819.59458522565,7905.71054097438,2164.30811537315,6299.8152563845,2180.14964003066,2151.87732351196,8446.36396632046,2120.96393069716,8805.62098152021,8805.65677594374,8518.77770216684,8745.81181459332,2108.63906569189,2144.58036159985,2270.87783601826,2132.0632122369,5994.24583572143,2101.04986367284,2081.38199400585,2114.15614534203,6831.12641285504,8687.20632328843,8600.86354758194,8203.1212510046,7745.54996997825,8368.7342127392,5213.29878059058,8477.56842140423,8040.6904438158,4904.84620327512,5785.37086853415,8512.71901258171,5168.02122432558,5431.95437491559,5366.73890145501,7986.87660976187,7584.18332997876,2026.37005248709,5495.10159640033,7640.49989086665,8249.55195027113,2041.60875135604,2049.04133004247,4797.11184339869,8069.39485021419,7535.75565163866,8137.64125243905,5266.36755237564,5398.12280916356,8486.23765869079,2022.46657554802,2028.40917738711,2038.79147062325,7609.2129901755,2029.95587806815,7868.01903064692,2022.39413222571,5297.03888554184,8288.3807584371,2022.30870434333,7974.39870894871,8194.61264665982,8170.65664062394,8105.66051685679,7597.49890822375,2041.65994562003,8792.75824521779,2032.68600804215,8888.51312436026,5240.64968299687,2031.41577554236,7701.11996280235,2025.08895345586,2035.52723104131,7872.2738336292,8075.25107722459,2027.00300080575,2056.08598693713,8739.68094277637,2036.12320526648,7494.45378236401,7977.0761301524,2022.94588138268,8196.334413256,5460.65217214179,5464.94599822948,5642.14974304361,8179.18590027592,2847.7474296556,8856.26994989818,3100.94550852511,8963.15591863046,9217.26861323098,8841.99444045177,2911.05776314656,6721.977337412,9067.64718305623,3043.05618652736,8823.73158715476,6938.86872376423,2943.87296577627,8599.53492611373,3148.64119400272,6781.89983894596,3032.76465837878,3190.4746424546,8452.35018763771,8187.91544977387,8645.69671903525,8745.49339330479,3253.56611867786,8624.2512198163,3086.86749925869,8880.5025940865,9186.86002184143,7074.31237837523,8961.95016513603,9771.78665430317,8919.73064100559,8802.36716143071,8838.19648128325,6870.70985325717,8890.8222965656,8720.0663282136,7056.68556490292,8643.94669797702,8853.39015781967,8891.19780909716,9674.80811764949,9174.3348282798,3136.86366121566,7093.56849968163,2977.46310012382,6881.3895022133,8815.990618523,3036.53588510908,8632.13757158852,7215.32358933377,2818.68905162704,8635.28243694274,8564.84891805008,7096.78431938817,9046.70647906199,6764.21801259316,8836.54300944233,8801.34573339177,8304.53954673308,6796.72873616153,8765.90933970083,2988.55611366522,8673.81641854018,6964.57450961568,8977.89817399961,8030.97352264697,2907.59537316432,2972.19431984812,6975.1862105777,6870.45014227052,8715.95512216383,6923.95112821637,8937.33029316397,3305.32893998182,8863.23838099334,8964.00373649806,6897.05487794408,3151.08505452154,8613.74965781245,2959.11872402884,6833.93775719639,8667.72513642468,3144.65288527271,3023.6097684947,3256.94870898816,8853.89993286926,9203.20216091694,2893.96084681528,8431.21784261544,2996.54042003476,3243.67426787166,3142.7756686657,6865.86766159598,2964.43210161484,8587.21888389943,7223.88907089652,9625.6577340764,8447.03321726229,6820.65907179437,3161.05809267603,3034.06828529309,2718.56323298479,8843.29113561957,2958.28690252731,2967.05103239882,6945.68452643722,8709.48011645488,8996.76192011432,8873.55782907813,3051.43035206938,8788.11276691004,8919.43605190719,9075.63516315984,9173.41422269919,8882.25550346422,9194.48967003933,9190.58677032517,7017.60912677133,7254.10287176435,7038.92741108324,8427.73069946768,8741.4688054862,8597.16166814358,8690.86608675155,9013.570149891,6968.84833656498,9080.74068597115,6878.79796529659,7001.47420370468,8637.15975927743,6945.61537738442,2938.02188971309,6816.41226745545,8787.26803385841,9151.77147714775,2834.99873304474,2740.1205646766,6950.98695399799,9156.88754259012,3098.54994796973,7190.70257371812,3204.54186114625,3004.80427001702,8830.26263659374,8828.89898480067,8864.54554061642,8860.3750837244,9030.78095112483,6750.34454129272,6923.11335636747,3426.71975816595,8533.09579769192,8667.02747469267,8848.13366121144,8754.77870964726,8727.58705063763,8532.25272926495,6759.11037156032,8696.66855707724,8881.40580765696,5306.51227725002,451.40371032767,289.521942878188,5468.10149240164,924.013183117184,8742.18232971098,8841.65979605543,614.297238638004,8458.91726323618,8446.16566483761,398.645558570527,5378.75084707797,899.923859766172,8872.62813180261,8786.26983160943,7924.86894768385,8308.19439084174,5130.7697430714,8206.61785133619,7595.12718103541,5181.33952525843,310.983858314498,8205.19089099833,5528.45090598808,5088.53245393513,8835.14345158912,397.995835676507,8174.54102881305,5347.48519555641,170.633170867021,5322.66971219797,5326.28466284669,5470.00373223811,8027.51290327004,1106.12913683046,8507.08805694781,324.605256678377,998.09959149298,7954.34284229021,413.395847548195,1208.89420658823,722.75878682389,1e+08,8724.84840025638,5296.28939866399,5469.25042829796,7965.58313396695,5381.71646760608,1032.53810354445,865.462661254069,1027.07541565655,1029.26056252145,5304.83973146211,8437.49547926493,5540.39624872566,8420.83613347018,8284.48988109841,896.622594622616,5006.56743458607,8280.1054411374,8018.99940652509,5532.40124684605,7720.39101336754,8859.97691493937,8697.96852333843,8680.55406974471,8007.35242353714,8850.57633635692,463.964360765929,5266.59779216027,8039.8552443751,5896.29608101251,801.644494606666,8607.60376197702,5321.26622658424,809.603445982115,5693.18580139888,5349.15489945304,470.53751125871,5338.78928275317,8080.01956981344,5037.08064590749,8364.55758672576,1209.20128784208,8229.53694019227,5579.00812703652,8810.62849791971,8281.28076867222,8210.36674668217,215.705773195007,1039.88244167002,8757.71157748731,5406.55647161925,8324.30199457738,1188.95210162361,1652.77699424012,7762.93393434009,5203.56764186613,8854.11792655048,1281.14678497541,5154.03699435524,7958.03384482176,5273.46328441458,7789.59341139257,5063.31134629425,8452.59674704131,778.542877317247,8100.38824822192,8390.29293601419,5446.5208943109,8339.03804979028,1285.29806862026,588.861699381233,8318.43954855841,5422.20543342552,8742.52869567476,5381.86660932056,5025.5406572516,5287.21263573353,7779.28208805791,1117.58244778825,983.336545409444,5423.0081786455,5407.99551200056,5323.49862356619,8224.94992024937,5181.94384192544,560.563139766855,8715.28662529767,5480.90574083549,8830.4133718616,1027.93431387035,8268.99565126604,8420.88468084389,8723.68838181052,1236.76942294577,8779.09694863749,8205.10033173815,8629.85489637689,8723.2623140902,848.003003165265,8797.03751180316,8125.74990496091,8931.33798426398,911.893176374701,8475.69348280873,8296.68915321499,5182.07446511462,5474.32072099772,8809.86778958124,354.577923303889,7798.39993900201,8491.90494637306,4938.9572457795,8024.7872873428,8858.9585204691
1179.17733016899,1136.47753906935,2241.84795301862,2223.78074929271,7764.77454090254,7926.36956909818,2538.91097181414,2514.21540184914,7815.38755488643,1165.41906388206,2332.58058517876,2636.71106132698,2775.34559157442,1135.59042591194,1162.57733490047,1369.25904231391,3037.78060622785,2555.46813390724,8038.54000673659,2516.4233310975,2296.40259147955,1135.40821390138,2581.2043700568,1157.80707826166,1137.17231396738,7679.03501090792,1136.02761509098,2317.10431742968,7790.14273231392,1135.62657146522,1146.88027295576,7932.29174769311,1172.15799858175,1315.36929236075,2740.46481678413,2425.11350110816,7701.13570001335,2697.59523038036,1329.08035563983,1143.91034930332,1195.40587044925,8022.88080834106,1146.61902141801,1153.10600173079,2678.33476478081,1136.74354848712,1160.41387228857,2230.72677342284,1383.37434435179,7745.63924037398,2715.37609956878,7702.70274076821,7780.87188507344,1158.90876765611,7875.93621726396,1143.64820630711,1143.65262026402,1146.2913100666,1137.90968838238,7917.65593045303,7802.2741282073,7486.57362097371,7840.40422465469,3012.36634038879,7944.75040417909,8021.40758104302,7898.65731685123,2220.34221555413,1135.48995153144,1137.74615387758,1233.88006191345,1484.3433868476,1177.55133662803,3801.44960739737,1152.89662617047,1308.67300018686,4123.85659313394,3219.45673873393,1147.1663232085,3848.39601260363,3576.54443307935,3643.31024533128,1337.19998737041,1597.23951988621,8382.0157553211,3512.15132644952,1556.70662288669,1215.92558089687,8786.74485236791,8182.25619475252,4237.92836492654,1294.18199464308,1632.98036842793,1261.87284159236,3746.58870116639,3611.14691321881,1151.38018513025,8483.96385140587,8353.31943505011,8252.75324588653,1579.08369020842,8334.65938258173,1406.01698867051,8490.55138449338,3714.9620774226,1202.17528953934,8506.92892504964,1344.0587347844,1237.34385377168,1247.37779621336,1276.62834206594,1587.55317232575,8231.25173458172,1142.13756476188,8305.83475838833,1156.95817513885,3773.15300779768,8699.57231715897,1514.40666978215,8614.26543647472,8279.61908866755,1403.42462838388,1291.28964753268,8372.46470917853,8141.40751176013,1137.5074125991,8743.8316145456,1664.06960623378,1342.57947998144,8559.46590806175,1236.63866833156,3547.24920320361,3542.87045774402,3363.18696801814,1243.75805010422,7815.7703431302,659.399329346345,7806.12904133313,954.47910593549,715.502768006537,765.159853045636,7912.22246654139,2845.31223385189,453.040676163572,7787.11814631936,610.805352997751,3184.19356375457,7780.9999403968,858.361157978125,8125.38305117039,2998.16136982243,7693.80361246335,8022.12125381094,1019.76503160416,1087.12105574502,909.671472627749,1348.71829488897,7865.85462143034,897.423343014785,7883.64518141493,243.601810087879,1238.6729598603,3450.26725392616,1091.3762919305,1121.09911075209,258.757358957655,348.879949441118,652.714187528992,2717.28702040918,410.794310215161,1315.13100095008,2808.37988668155,900.870261106721,497.91068469363,1252.22397791578,1273.13083745648,1252.59851565752,8032.13763219414,2827.508127026,7783.75109489384,3095.24465553185,304.514069238724,8208.68030232039,993.647635032342,2186.5046560301,7823.81965822291,805.901165360161,914.787585541035,2662.22243631982,670.450806503629,3078.85110382463,199.468560838233,849.567415980819,1251.40187688064,2939.98525232957,1208.61597610857,7940.29162121802,1487.51099709496,3148.19861265068,667.569241833602,1241.52696871101,7862.68977749737,7827.51446940398,3048.26678700404,3012.79798875664,954.19728608879,2614.95194608527,544.199313245294,8007.83402435154,244.984096557189,587.108560454221,2993.60356597973,8042.17500426437,806.501019112293,7752.7351390677,3667.54837327622,764.708829955008,8104.32663255906,7757.76561886008,7964.2887684696,365.864069552843,546.501213880121,7817.6426640513,1144.13367379344,7822.96968193287,8124.39555500167,7493.79400047691,3165.41322811772,8046.38422829998,672.490754913413,3465.06835799758,992.623915567616,747.164589461177,2809.963674795,8072.40806558501,7858.6255727059,7738.13565782058,659.726054855756,7938.22791759593,8070.57136060414,2917.56214156265,1298.13053465927,915.090469957247,251.587048824304,8048.00486991166,796.905853149143,1051.40548315845,848.970173706033,1124.81378760854,613.242790979846,586.981837248632,743.251631050317,2700.0789697055,3196.98790995895,2928.33964804768,1054.62747410404,758.629611200111,929.511562857563,690.340933149083,830.917717584542,3033.37295442976,1094.84482067908,2787.24874332694,2515.26319785209,1051.07599682737,2566.99032891592,7970.81970333892,2878.60042280818,1273.07614747462,747.130867177235,7511.03563315374,7636.13472758992,3807.92266777327,636.572074147675,8147.82293426563,2281.73778898701,8046.89037101332,7729.19637011487,426.812930066958,565.451229902648,271.920470701363,637.276165845205,693.20095508188,3110.39900506769,2636.56243799159,7874.30957659712,847.907537121322,768.367981376651,293.700617383734,308.059888688328,755.042122933256,935.868060395545,3264.81179912223,730.446404991322,1015.30646280269,4135.89518898322,8725.53016584978,8539.21713480757,3892.34069137982,8373.81462751526,1648.09699188153,286.282436022486,8681.32665469345,996.08687429819,995.274281273451,8657.85798100846,3873.1213640731,8608.99385358607,241.07597087306,285.530128458968,1226.01151226752,887.253546733271,4395.36305253181,1072.64702260183,1619.39152198879,4310.29138669656,8733.32304187268,1062.20839026203,3755.40048585824,4330.31840968974,290.98164976436,8559.3519294694,1122.15812549138,3914.53678035251,8646.72680000027,3875.57278797684,4064.68120175418,3762.88238249959,1120.707590567,8442.4951902327,653.41504102069,8511.02692662433,8528.06135783062,1291.09711371454,8590.31082352581,8703.97397767709,8643.91267167904,8724.84840025638,1e+08,3999.35360317561,3769.91753754954,1273.14326159721,3928.14905401531,8570.21135762084,8455.20097951046,8513.02963460016,8564.23621452433,3936.52415833752,1302.38631506979,3716.16407148364,803.171452081675,918.320824024919,8433.30341962789,4408.62296801176,946.92131474837,1248.74132919946,3655.77619245141,1536.34636662983,268.870345052108,1428.04701941797,1770.70539525645,1085.09941934278,180.716799306805,8404.9794418578,4035.50028053738,1227.8525205358,3566.99349793605,8503.55762656654,1616.91863817702,3901.64972854432,8544.00070427489,3507.7011233829,4010.27552283476,8590.13068417364,3889.72398528023,1150.73078410541,4657.38341311089,920.11525179201,8847.82267089782,898.81752323614,3662.13174694884,1762.11688154849,952.352780615318,1016.72541944935,8625.14714788777,8571.3013139989,124.477138363847,3924.35567026181,604.59319574247,8833.70941553699,9009.56630518853,1417.45798230026,4122.29514893703,1779.98147385681,8393.62214478389,4092.83357325803,1243.73044103616,4128.70257703995,1542.77143763063,4219.02478033421,854.066073778414,8558.2574723799,1150.14999087229,1097.49814464732,3790.758920458,1286.10277419193,8538.49211716211,8475.74251773573,869.495333052004,3799.25413889295,290.658415107768,4014.89346087204,4382.17452692052,4032.34797204607,1454.2874864986,8508.03797207255,8390.42129039811,3789.2760443934,4105.64680301258,4045.92683802621,1017.33980587225,4108.48387604703,8708.18202796474,1825.15694187791,3787.80295923105,435.220574004328,8741.24269910057,664.750189869124,1269.97737845942,123.263029728176,8577.47018450343,212.559093788651,1130.95024475148,1435.24219362382,203.728271487139,8358.9590126226,327.627464495338,1110.4700796844,1813.25198117821,8615.95719865254,1208.20241762171,976.532634747852,4062.31970298291,3723.2691508398,1854.24837851414,8587.50223879392,1515.42565477194,1385.53848995794,4560.14427181362,1133.2809457023,304.412107933093
4046.05052851863,4263.25449617527,2925.52543909064,2937.13653502057,4803.43880902849,4944.7786359852,2753.89678096651,2766.79197309543,4847.56589059187,4523.16311166244,2869.26904392785,2705.2749545364,2643.09822089993,4286.39022082231,4512.30988732807,4953.57947426266,2547.55086995531,2745.39040983905,5043.63342543909,2765.62895274083,2891.29184736066,4310.34912529552,2732.39035240011,4492.80229214443,4251.86292135315,4728.99562061869,4272.77458055435,2878.62400732203,4825.53954992301,4323.57135865415,4171.8265056007,4949.98301155177,4547.11720992062,3776.09649173475,2657.99137642209,2815.38214418992,4748.1465245005,2676.98872427908,3755.72472470707,4419.72852815706,4001.81198324102,5029.79818034115,4437.00918491838,4471.52367771535,2685.77165530828,4350.10275286519,4503.68261100599,2932.65638281077,3680.74573689098,4786.7904905842,2669.0167379447,4749.50542506261,4817.45890946781,4114.9976372819,4900.52690212212,4417.92185371228,4417.95250441746,4175.25229391738,4366.82979760029,4937.12420525202,4836.12021494838,4563.39774691563,4869.42526396955,2555.51129248948,4960.93707895056,5028.49712517304,4920.44774023642,2939.36188171674,4317.00929393743,4244.0673180891,3915.97869258968,3558.38025491553,4050.89724829967,2443.0134396004,4140.90919316304,3786.29998032359,2477.41889866685,2498.9002604078,4170.19438077096,2445.182259879,2446.39340012157,2442.99895315723,3743.96560494888,3438.59670972401,5349.73212858171,2451.58771365246,3479.97705849911,3953.54154647781,5716.0828588488,5171.11549148809,2500.23288913919,3809.01295934656,3403.39396165867,3863.37030267746,2441.73029299427,2444.38127772253,4148.1223876926,5441.47932670607,5323.97687327682,5233.96925106026,3456.93018877227,5307.24613666194,3651.65658615777,5447.42069944666,2441.60635424287,3985.11416246351,5462.1984804428,3734.19645219757,3909.11818038683,3889.84135928058,3837.83658263919,3448.33833940382,5214.77736388604,4406.91313415795,5281.42823541476,4489.13037857038,2442.18271551067,5636.71487488869,3525.03242982381,5559.28129178319,5257.9754040817,3654.93156246551,3813.65786248541,5341.15649603459,5134.79024501313,4361.60651169846,5676.98185467427,3373.65877719291,3736.29113733252,5509.66719489441,3910.50586344005,2448.52260682182,2448.87440164992,2470.82780867604,3896.69802031696,4520.95930322607,4061.20906511945,4623.81559737535,4244.73943419313,4475.26530402001,4066.48217048178,4611.9675296509,1898.18512161097,4319.88827652515,4492.17188068941,4045.47569696593,2479.7724675536,4520.2248741531,3866.91193788489,4786.73386892375,2028.99491633261,4378.78390034889,4737.18118406813,3769.55729267436,3375.45623793374,3943.19836797419,4258.53079559671,4597.96922502479,3886.63921958429,4630.0564558959,4127.42838071107,4502.64122301581,2929.55383631141,4226.51812408937,4995.10489025438,4194.80150089355,4055.73753113124,4079.00236441621,2086.46293849085,4142.2304810947,4218.24390182386,2234.99426279512,3951.69443105021,4065.76323376932,4291.55087832929,4945.0408033107,4447.74286312605,4707.78931501863,2350.03905039892,4500.36692596095,2282.93158475148,4057.01363308512,4865.05633489382,3981.96649578953,2358.22013608157,4456.15183394303,3891.91561412113,3857.86332180263,2315.70380580374,4287.0315889552,2038.79000063887,4119.4178168296,4068.2974877291,3885.56513881363,1971.12937049237,4245.91304541483,4631.78095638071,4321.50991160852,2513.87709203311,4296.58100754035,3374.33571116453,4574.6378624488,4560.49123148495,2313.06652318023,2083.52153583122,4059.61810045332,2128.15990460236,4177.0394058267,4757.00487483199,4144.45285013641,4213.10991182944,2159.60422840393,4746.20986804011,3880.25805589731,4479.74168519839,2869.66451226458,3863.67033080088,4799.18290309662,4465.9948283611,4763.27699366926,4102.23481911022,4442.53854591218,4474.89669775504,3902.48926592759,4527.98957587196,4843.69074283128,4326.34538180931,2276.48228056462,4711.39260430098,3790.47181991761,3412.42485071639,4797.99695322012,3634.98396360237,1991.82140440467,4754.67814944946,4553.18687078228,4387.09832254476,4083.6509644528,4627.20480757752,4708.22110906616,2102.13725790123,4192.38076919641,4269.21459810239,4144.31767494759,4715.50433449187,4061.48970640334,4186.94768271673,4277.21752704104,4442.92173972183,4116.96454039434,4423.71132514199,4419.02109810063,2160.79225933335,2931.29994507614,2375.61467921336,3775.68537521665,3961.7968564297,3890.83083240432,3895.38301998473,4243.50552817592,2255.92112819898,4323.58916905268,2037.82162266247,2159.34109291578,3994.64630441069,2065.0371138645,4615.96599111647,2004.73450463057,4264.02864794109,4369.68823021198,4257.51260887241,4324.37578308886,3368.06783457004,4362.86630074455,4828.59112306902,2328.03870088563,4760.35086737063,4441.93986494874,4048.37048004372,4089.29511568297,4144.16922661569,4175.31245507741,4244.16012615486,2116.88235692471,2158.84464579348,4817.01554732755,3771.49059544358,3851.63779578636,4065.14609006058,4002.39005702571,3934.82239151919,3775.57299214079,2052.77900115726,3913.1096248534,4188.24410212724,471.323244311124,5353.47292544187,5114.60984385167,619.752457386439,4973.39133413407,4368.80820097994,4134.63140051001,5222.86104647905,3747.42608379241,3782.99148262815,5212.37977954067,888.826876807953,5161.12095056675,4131.48830283529,4104.80900912572,3227.30281710114,3575.86309770089,811.300393635555,3532.05140117253,3226.20561322382,548.925099500233,5315.88354582225,3571.31960250763,1431.64095043649,614.444974004205,4157.1695490522,5139.9459186912,3574.77417419418,619.336181705427,5225.45974591257,602.744726802761,359.070088981881,1013.26708509261,3314.38839093977,5036.25056879127,3756.3059483509,5096.32169853103,5087.3347628252,3412.83316126719,5142.36542864084,5311.85887884454,5230.36978807984,5296.28939866399,3999.35360317561,1e+08,1172.97311860866,3431.43550414596,411.831942082717,5118.89352649936,5035.5096290407,5107.24164002005,5133.44631508027,648.68626918293,3871.79717354398,1003.90485772049,3692.54409798757,3610.22909236705,5050.52465173649,534.167190938615,3616.71399458161,3441.42312840133,1196.16218251129,3354.29893111407,4111.53886902007,4166.91526208079,4396.79332208988,3260.25578246026,4131.35195699394,5001.08047159652,509.2392099633,3518.19445077713,1182.26506530441,5087.41334787462,4197.95377557427,943.828574056787,5128.92995657414,985.59903695394,434.231624553141,5145.70621210289,830.02600506825,3435.82774555575,1471.26133650812,3647.99281990213,5322.43732940997,3544.40104761665,1194.46732189652,4527.58830324087,3626.16101326668,3535.61572095518,5200.94833435776,5134.06768823594,4002.16455753782,527.393432590161,3629.60509800989,5392.41538194163,5568.0524368968,3201.23657464091,339.949075284025,4551.22252829637,5018.15716693249,500.536375782698,3299.75964698753,234.981118470219,3541.38946727879,642.662785569043,3744.07525655005,5145.32237630119,3473.08108271442,3732.99564269191,1282.33329824431,3789.88637990274,5121.90175737867,5042.38672268605,3564.74624034761,991.841628685466,4067.36136989566,391.622954146326,691.54124342938,611.652550170512,3299.24585427215,5081.88683659948,4993.75261607528,881.927341846524,599.812217450265,315.372744768205,3556.72323237079,550.103777446997,5316.08741084097,4495.26859509446,872.453664869624,4146.42695589767,5334.0709402218,3570.55261107832,3839.99726326328,3996.06665715396,5168.6498646903,4055.34395550227,3649.99045426446,4109.72014142927,3942.67784434009,4958.91557870264,3994.84404873744,3500.07549348458,4630.35426224217,5182.43909313733,3877.9345662731,3610.58093781644,308.719931908815,1141.43347325083,4572.97219023551,5170.65842760224,3509.74006664462,3985.20536403427,1031.20136451187,3308.28942927036,4095.80344060441
3833.62696533527,4041.29296080859,2811.38214696054,2821.11678787085,5103.50587635206,5246.58435798961,2672.50971239806,2682.54598082212,5148.19660870713,4291.66165185371,2764.74969068672,2635.44299305476,2590.2522578801,4063.50388717217,4281.17229122664,4709.58614794908,2528.51807851661,2665.93356164823,5346.54701895888,2681.63758227113,2782.89491179432,4086.52184259385,2655.95505308282,4262.32568377066,4030.36270292347,5028.06569984663,4050.43055053783,2772.43935501233,5125.89137738464,4099.23193668164,3953.68320060037,5251.84917333733,4314.82231719778,3578.16824674462,2600.80801562149,2721.02373664938,5047.47880465148,2614.53219416882,3559.03604202777,4191.81047069347,3791.54225599912,5332.56169337758,4208.47400869749,4241.7784701136,2620.96728378838,4124.75066809425,4272.83622491173,2817.3564879852,3488.8253121602,5086.63972307522,2608.73948705728,5048.85615696986,5117.7071990166,3899.36786678503,5201.80877301288,4190.06875805202,4190.0983059598,3956.96101575671,4140.84934308234,5238.8405924785,5136.60661663406,4860.02070225731,5170.32801822573,2533.12511584576,5262.92966476103,5331.24644375213,5221.96765735535,2822.98650149638,4092.92341351651,4022.88509622713,3710.12121728851,3375.01271194745,3838.24242074728,2526.47396634877,3924.11940398001,3587.75945074981,2600.91227887943,2504.18434979732,3952.1217126034,2534.69870271442,2500.08306883502,2505.63478310809,3548.00300541879,3264.68438978698,5655.60110679128,2496.58953094457,3302.66444165016,3745.71383130012,6024.73843583724,5475.34110766822,2636.87396250172,3609.12953532246,3232.49512422394,3660.38118620969,2518.03486096888,2502.71654502649,3931.01387438521,5748.11408160992,5629.62176072176,5538.79759368142,3281.49298680188,5612.74322458195,3461.67844791981,5754.10335756758,2513.7505141233,3775.67806749529,5768.9994256077,3538.84306122149,3703.6274172795,3685.39264783364,3636.28775078784,3273.61205741978,5519.42460005796,4179.45770410022,5586.69373170289,4258.77920223398,2521.96237177048,5944.82482716618,3344.18102924622,5866.82979971073,5563.02675121837,3464.73205062236,3613.50316285067,5646.95131691792,5438.65460773299,4135.82145004992,5985.37228017972,3205.3971255329,3540.80665832359,5816.83995038879,3704.94075090146,2498.26592660374,2498.02693083049,2495.60953999721,3691.87667071954,4869.99646222626,3991.87136213856,4995.29618476352,4200.39631774827,4289.98115222429,4015.65893845809,4975.4862310098,2095.59664763258,4133.59892404327,4863.92617713227,3959.6054977519,3131.75534063603,4866.2190186758,3837.49438295536,5232.32528380858,2530.6052587731,4759.52986333627,5208.62399709069,3757.26448261591,3330.18573738651,3925.76359421316,4256.31758456222,5087.7219123739,3864.46992193294,5024.28176633929,3917.22776171257,4502.02583895029,3567.22518190182,4232.61694039212,4745.34313398736,3972.79920248781,3901.29718815897,3997.85769062189,2359.80302070073,3873.16855131245,4213.06943258395,2660.20477256812,3926.02061060428,3950.49431315546,4289.35957945682,4799.43011244284,4455.56050821105,5108.97055904066,2848.75602554916,4882.56916494902,2900.82432229272,3890.37561725293,5278.76606094834,3963.41426260949,2261.20170522302,4812.57048095194,3865.29702764229,3831.89378416423,2742.4183264129,4162.68976603473,2624.79209182987,3883.88360077981,4036.16245471141,3857.14633793462,2418.55011599072,4202.22179923893,5000.03450326434,4302.96087087132,3157.60559196685,4011.77348665524,3353.57616653866,4928.24784864762,4920.16824384036,2901.51716431887,2625.07692508074,4027.29350506656,2317.18276173817,4054.62169196693,5219.52121043524,3939.74305531652,4087.41204355677,2711.57532334695,5196.20501011819,3839.53727674108,4833.0165617533,3526.26589201885,3825.79222528477,5204.84426953805,4834.88473900625,5238.94752705787,3932.26106874099,4216.66488727663,4841.48467315405,3879.87012089602,4911.77134892528,5302.74751454437,4705.12900459159,2915.21263271163,5072.04155334693,3565.73206678628,3978.59678439538,4626.7574641012,3455.31996519574,2364.98754991649,5210.75511504616,4923.12412959807,4704.31859644705,4011.06179843392,4995.09425821396,5086.18140324654,2536.61636534115,4188.62112889113,4213.68358260437,3944.00516373263,5127.25429067554,4017.53438446975,4193.30675232166,4223.65079169705,4424.79476414677,4023.33471117629,4222.23717299071,4280.79647393338,2527.01797284664,3547.30232178785,2926.91381546614,3759.8856692741,3924.36111012557,3872.37817032843,3837.11340738796,4174.05925206925,2840.36581747474,4316.20897711688,2459.55198367025,2337.47823009672,3984.22405902901,2316.58541447672,4988.00649029057,2383.76860514718,4252.90242270023,4238.88913810632,4586.85995999656,4645.05983428143,3944.76505050566,4202.69803493146,5228.07512036354,2306.26003837981,5218.76686180552,4815.45354344805,3920.339982157,3968.24342748961,3947.3891829734,3885.81820313039,4149.46008717452,2720.57650710356,2390.24193131043,5493.47899439558,3736.34953354403,3819.55604188944,3895.63165082151,3844.17748880827,3899.40139272497,3759.57277707106,2712.36388107654,3866.95938612783,4172.95529737654,1518.08809874776,5513.64972750583,5276.77953658142,1052.61469490225,5145.6407196304,4373.15750510771,3856.38877108941,5386.62757108967,3758.58105724525,3789.06501429633,5350.45051327683,361.252004736119,5332.54854908006,3913.42443995495,3841.90608267653,3181.77113785241,3524.88296545367,1817.4338498343,3490.54410083452,3173.69691196569,1632.75892554406,5457.00590878944,3530.86283877367,385.074596934023,1634.34128241715,3927.17316758068,5316.98986661219,3542.14923204832,751.952522907817,5387.50838524605,648.303363486686,1395.51460465405,283.440447582386,3236.4760983067,5227.89124329401,3619.6514131241,5265.15751969759,5254.04977098213,3355.18941733194,5302.31977185217,5529.53454105617,5408.79339981908,5469.25042829796,3769.91753754954,1172.97311860866,1e+08,3363.85192949397,905.093979457982,5283.48207928548,5221.22961695496,5300.79882469639,5324.14431784943,710.893397918954,3914.56281730267,302.236622353137,3628.90310182009,3584.73814726989,5249.45903691127,1532.54593022166,3583.63970419314,3398.5940983231,233.615004931376,3302.95464499253,3915.36135538124,4203.23574483124,4409.08369201685,3093.81864927059,3890.67324791449,5153.85380165487,835.807399551622,3483.23517264507,1934.64397142327,5264.13082409384,4242.06510393385,357.839457548984,5316.69781969048,603.09507177875,1012.51760006535,5308.02219068223,411.14075330378,3384.20889318529,2345.02739372791,3659.04719425223,5461.4777003693,3509.55613426084,336.720318164446,4501.6062134791,3602.1318400657,3496.69526683088,5355.59345679113,5321.46103270194,3781.00181899015,831.07535112121,3508.90702851631,5586.06814607718,5780.15464631704,3127.57582097333,1042.07893301887,4547.40683371353,5221.24974434575,873.124625181959,3237.59601696124,1213.60267389997,3502.54840608816,1584.35534430085,3706.48899312635,5329.13124522971,3427.62878742023,3766.4789578783,262.747984963038,3818.91435817545,5308.80608727424,5206.76631451604,3493.27513398417,236.19667376248,3793.30277085276,1120.28156513138,1661.49527550491,731.684804578417,3244.57004357284,5267.18931040846,5175.02511951516,435.992245372839,1622.71562039888,1010.8119800539,3517.47717109935,844.440495304785,5472.96490017757,4469.72088949291,399.3921765263,3864.12227843818,5533.13395469931,3462.62036126666,3877.0197730986,3787.13045046465,5375.23335198554,3824.60367323653,3607.45892415308,4149.86648977389,3748.97932033803,5136.05851657155,3831.74876524191,3460.93626449854,4617.23601180353,5360.84240806395,3897.68903588421,3582.90232079586,973.43849148933,315.623510531413,4551.92648879254,5329.95802354583,3457.7492012442,4025.05869200964,1946.33347220429,3245.17573214818,3902.55661555108
1110.62428198905,1235.77006034197,1583.8619664107,1567.9950670909,7026.51889051966,7188.10501410431,1853.374426202,1830.4687321293,7077.12826929416,1432.08840074839,1664.59421741676,1944.75595781937,2075.83816264765,1251.52394585346,1423.16760473042,1817.15332278216,2327.62920304993,1868.77185859118,7300.27363486209,1832.5136276676,1632.20533196759,1268.24761959105,1892.76677492387,1407.26640512842,1228.16171663432,6940.7873986474,1242.20434979664,1650.70846662821,7051.88515991525,1277.64787370443,1177.69695539027,7194.02701128596,1451.95749668239,1033.33532326687,2042.70817491664,1748.48013395941,6962.88578271952,2002.12256815237,1031.95312076758,1349.3416168,1091.1774533091,7284.61448962738,1362.79309975527,1390.12402865786,1983.9387212441,1296.86081792711,1416.11387859023,1574.08630362445,1032.89181154952,7007.38517519579,2018.93774666658,6964.45266628455,7042.61499156709,1145.37596992097,7137.67361020672,1347.94458891869,1347.96827496238,1179.74320449386,1309.20496925951,7179.39166026765,7064.01570794335,6748.3534540633,7102.14343376595,2303.07991784547,7206.4853180137,7283.14127059543,7160.39374213642,1564.98385354867,1272.96774881183,1223.01325709618,1060.53473978686,1055.49443636672,1112.89531168269,3075.1087369333,1159.7247688245,1034.28411537394,3394.04272254213,2503.92358781268,1176.72585028261,3121.46814778804,2853.50500346523,2919.19804505933,1031.46930608321,1103.36909052574,7643.76275575038,2790.23132924421,1083.96214289006,1072.73845363399,8048.53692402158,7443.9921757051,3507.15167340243,1037.00177459123,1122.23331730488,1046.80826770677,3020.97504188412,2887.5408483521,1163.83667835406,7745.71956294482,7615.06434276656,7514.49214409766,1094.3999923216,7596.40301757432,1035.86841037578,7752.30772498397,2989.78909958303,1084.46014580516,7768.68686281944,1031.24392006946,1058.51771336469,1053.21057109454,1041.63152755997,1098.53003082384,7492.98962619909,1339.47091965499,7567.57656658257,1404.29292144275,3047.18148275358,7961.35244391033,1066.26794038467,7876.0349893494,7541.35938505175,1035.45923653803,1037.65934627257,7634.2109950415,7403.14231891654,1305.33163502103,8005.61766694762,1139.8355311653,1031.27869264795,7821.22928688522,1058.92031653967,2824.70825261123,2820.40554045795,2644.22244323011,1055.03688032791,7202.39897065424,1147.72395347734,7173.89501648302,1315.40143899568,1631.88956295879,1238.228475097,7303.25348363329,2588.67194311746,1423.55977192449,7201.53436681804,1263.61499173044,2674.95233679064,7183.74640150486,858.025382319251,7514.4013333158,2699.89835376266,7102.42737375684,7391.06994512157,701.781323020123,722.881330418611,899.999616991107,1085.60857867691,7226.48004813227,861.174584953544,7271.44240997387,1320.4254393512,1608.10785851982,2776.11055940444,1321.8198939752,2083.49575262423,1352.27927744451,1229.63103778958,1229.76560153981,2499.78302064556,1434.82570827752,1047.53265220776,2558.30804522844,882.802522737041,1263.70053603456,1191.32323990544,1985.92639906775,1487.87083967943,7442.63429274857,2508.37467507482,7176.84170210691,2703.1846907519,1234.26812655293,7602.21228067579,869.350180286494,2136.69000385478,7237.69465320026,916.976812795484,797.977700916213,2369.66060229865,1417.01789087608,2679.34168944006,1321.24319282866,1040.26975542959,849.799237746825,2624.50817792209,1012.52529815296,7349.56974024966,1253.06569867859,2566.48943882959,1478.32314886015,335.065484380115,7250.04822091822,7230.41325111554,2685.66985907427,2677.06237178236,932.726326994918,2443.65438957165,1304.99011596564,7374.76839079328,1300.71864004328,1311.47148458234,2667.50724694848,7409.3837834058,878.254249852067,7163.50471226936,2950.343113244,989.168396464133,7503.31783407728,7152.17967163965,7305.28345538095,1285.73805099814,1616.81670261877,7222.37811426168,743.682566263541,7224.11653441507,7500.82490609766,6880.73928299858,2761.01333760814,7461.85790128125,1109.16081581474,2588.22696644654,1920.25696283898,980.896309977075,2520.59838003222,7454.72011534784,7273.84834203336,7137.66421082117,1233.15279779034,7348.05175330055,7473.38524972048,2675.29852742942,1022.66652917321,1343.838509375,1302.65791308206,7443.15949386948,1085.08084902987,1279.4454087023,1419.8101594768,1491.28371218453,1258.57312836269,1573.47994857512,1519.66318000204,2460.26344545859,2555.35324942717,2566.92569382503,657.169906656177,1025.34861864551,831.994627182035,1001.95224120472,1385.87004777732,2692.570370324,1413.22314969018,2482.90038530602,2326.18796700502,873.73944680095,2324.16703604888,7371.49745294772,2620.0218454553,1074.14773692953,1509.54620237703,6902.6697569813,7025.20696488113,2908.04498296118,1532.48539442001,7548.26759613984,2217.74951155793,7420.6990903722,7125.89591740044,1243.31368461134,1285.89634269278,1295.33092934711,1442.84776723361,1388.9694815711,2708.02240902712,2433.83888609039,7093.36038110483,819.05176329064,1003.09362784786,1313.60738372856,1201.9446745191,1036.87674098758,800.037027112037,2882.75215818069,1001.84160375235,1220.2672265042,3513.31187982213,7947.26755592489,7780.9403745493,3394.99434720695,7632.85224203564,1219.08500589044,1399.11143548337,7946.94063603965,1068.14569789209,1030.32601761671,7917.60621702423,3435.95960889127,7882.12957517842,1379.81023753687,1333.18496167811,546.037735078394,748.911514917339,3720.27965342455,485.49524550003,667.051732567948,3672.50096943095,7974.48935085094,442.188675369027,3367.53686354932,3674.52623602283,1330.27592423572,7802.64205566536,416.813226270475,3438.8169174387,7886.20098243737,3383.86694338238,3465.35492229195,3341.78089907859,642.004374216609,7720.06169359253,967.045872515712,7745.75824929324,7808.32160879791,135.18471788574,7844.99045604089,7981.58414154533,7907.74392463646,7965.58313396695,1273.14326159721,3431.43550414596,3363.85192949397,1e+08,3430.85522852931,7855.359519237,7718.38308137685,7779.34875802386,7842.58537963355,3456.907718115,1049.95975555887,3309.0156529619,801.734777702317,951.573955680101,7685.41490412565,3784.55560577763,1011.78483901712,159.31567128402,3232.286497542,624.817744049548,1374.51225399102,1202.2251798427,1230.94739777017,939.679263966534,1365.37074832285,7639.85922763102,3543.92762068029,348.309349036785,2968.63992932399,7765.31801803708,1153.19825185038,3462.65435282413,7802.34806747244,3069.4639851604,3502.73261320772,7846.99492205915,3438.97281394556,362.55104075356,3845.9497716494,1012.46385057521,8168.34000785125,981.452847080745,3261.98010271945,1303.70473963341,1030.27454106828,535.269364111887,7865.66981486587,7852.15713595565,1309.7440805729,3445.26079699384,976.617608125963,8125.4981149031,8328.06650298441,440.587460535181,3589.05755173396,1338.02203080847,7681.73137025618,3588.73041914799,481.956984146556,3583.88313975939,942.248399993524,3524.46208604709,792.930020474567,7820.17096911469,312.559801915552,1057.40436672174,3382.83021060186,981.164118417256,7832.87165568281,7730.09999230619,775.772003902938,3367.2246924964,1309.19968978996,3493.55791107569,3697.00192651079,3560.5529550667,368.570534138621,7791.96023948858,7653.68604020206,3349.88150855958,3502.17013228211,3527.37475034726,540.935163893794,3606.54558688134,7940.71195573008,1290.42791412714,3360.79375351623,1387.80849768617,8011.26125730062,979.235863822399,993.619672820225,1256.94518482377,7862.67348147212,1326.66839844781,433.17671550002,1146.62586170913,1287.00329884107,7609.27042725325,1353.19931968895,387.580597272319,1389.99357776433,7888.84059242337,1058.23500834892,668.424052901448,3519.96943181203,3296.25171359071,1362.4647269407,7821.2200715955,802.203844241886,1070.88325356181,3808.45849299359,598.440596661382,1366.77865598735
4013.34899312344,4225.38791546864,2939.9309793293,2950.71911529696,4939.28697296643,5080.31196664332,2782.31196195937,2794.00992902196,4983.31755862729,4479.97323051347,2887.85926213176,2738.48234170528,2683.21907844306,4248.01481494439,4469.3261898673,4903.14137954148,2600.9951013608,2774.61128127578,5178.93800035085,2792.95372540284,2908.20318767656,4271.45447600135,2762.86824038574,4450.19247833275,4214.24960574288,4865.00223096378,4234.69773059264,2896.49436985812,4961.33960737704,4284.39343914696,4136.04532053509,5085.50445423024,4503.47681865089,3750.98422874719,2696.36132572946,2838.32735063219,4884.11293355875,2713.21675935925,3731.24828742212,4378.55799332712,3970.25703572175,5165.13512108585,4395.49263938562,4429.32658444189,2721.04128358512,4310.36333932162,4460.86374015468,2946.55494685491,3658.69723465511,4922.67458385517,2706.13175286355,4885.46896622411,4953.27660900564,4080.57616400567,5036.16053084744,4376.78770048299,4376.81773363685,4139.39074295229,4326.74104012176,5072.67498619149,4971.89708194154,4699.73274538344,5005.12849157113,2607.65946983171,5096.43343974954,5163.83710412505,5056.03639523343,2952.78822683317,4277.97166940465,4206.62837175411,3886.75134084898,3540.61901998143,4018.07218406024,2533.40436510788,4105.86146382855,3760.87292381366,2580.69165794784,2561.57980096062,4134.45154673046,2537.58473133871,2526.60033526901,2526.31616012435,3719.86070211886,3425.48112369833,5484.30027286978,2528.73461405059,3465.20163789302,3923.2782982652,5849.74632929915,5306.11744310133,2607.50418521805,3782.89378041727,3391.73959372804,3835.64134254177,2529.71738929856,2526.2085481238,4112.90221220548,5575.82189393178,5458.60807674049,5368.81959551226,3443.07170979126,5441.91822768362,3630.58914594882,5581.74861774708,2528.18279246104,3954.0011430614,5596.48994578335,3710.40276820678,3880.0830301067,3861.35134638871,3810.85576994851,3434.82650180067,5349.67414044831,4366.00151990385,5416.16329275792,4446.59141825877,2531.34075482027,5770.57474518946,3508.5167476999,5693.33282208838,5392.76751179745,3633.75253142121,3787.39858319743,5475.74565190127,5269.8791586268,4321.62646026106,5810.74205955275,3363.27581028738,3712.43052524111,5643.84142593835,3881.43176030302,2527.3443392624,2527.48807443842,2540.70601779421,3868.01323925997,4638.37773709229,4034.24256518484,4744.78251547041,4224.98652572196,4411.01877809433,4041.57329831216,4728.69506650464,1859.22898402738,4259.54974747927,4608.99516530879,4009.40694574779,2661.05332228507,4638.30342283104,3870.33222067302,4905.73709735828,2085.17412405808,4498.15026072171,4861.17529212473,3780.1218715779,3363.84783808411,3952.53683289243,4274.57530335706,4728.61735453803,3890.75745247191,4749.02359609947,4062.17767749114,4506.44522601744,3138.40976079733,4227.09782696145,4923.1703380469,4128.90167925309,4000.22889020083,4043.66343103953,2085.61673978818,4066.15237830833,4232.82888277912,2273.9979298939,3958.19169548919,4017.70530655192,4307.86660946349,4893.75946158963,4450.93170712401,4821.21386664435,2440.97424779409,4624.27067861046,2419.7809579855,3997.70931210572,4979.58381009084,3992.24721902558,2284.99891105481,4572.02627650599,3891.75914892114,3863.7075735829,2385.26068374755,4237.95345582912,2157.46399425078,4051.44039675941,4069.05815143572,3896.88920891495,2013.62279948473,4249.72942022014,4743.61703072566,4333.74581458617,2700.73827800388,4224.50956664223,3383.8828171332,4692.91667720136,4682.54251138871,2427.87574290858,2157.9961644631,4065.78128780983,2100.96517338824,4130.04372237138,4883.82151970993,4081.61337694842,4167.34584475097,2242.81552386618,4868.68519754568,3878.29488700762,4597.91192457215,3091.55993599742,3851.90503755264,4914.38179055276,4585.46907662877,4892.32244791759,4044.19106741147,4370.99615201725,4590.51698763948,3913.19148447964,4649.82465489142,4967.85730498728,4443.58813021671,2421.9170977399,4820.17048243814,3712.92048006539,3613.95625362426,4733.19627431962,3570.25534714666,2015.57859244434,4875.49827086755,4667.94602667342,4499.55812807322,4051.90002192087,4744.51461030844,4822.51266438308,2127.41469651319,4207.44352835926,4244.39579552609,4080.61703756766,4831.11883544911,4052.59942203212,4189.11827395578,4247.43182353602,4430.02349473379,4078.87148458214,4358.48813790763,4368.50168430674,2184.78744947609,3123.4766873252,2478.20928000309,3785.70064608389,3953.9702107214,3898.79299661271,3874.70214879714,4211.96520207533,2362.47185087273,4317.38434788238,2074.46812947213,2131.04090323869,4006.68257511893,2058.11608712016,4729.83305819168,2025.55002427107,4276.13915269688,4319.03415672875,4372.51749751453,4436.03102367373,3570.62414000679,4304.895884138,4942.55271490645,2265.03562071781,4882.99889777491,4560.28165663175,3996.46971450728,4041.18566309984,4082.45329521826,4101.58906998425,4202.67285118431,2247.67228946721,2146.84903802742,5033.8273838226,3767.67515537708,3839.4550157622,4003.5362810708,3946.80008299744,3924.30702356438,3781.34946027516,2185.93386975049,3901.30020157944,4187.43211832055,773.679453277956,5439.23603509375,5196.51967205417,416.886592524892,5055.61170855168,4404.03294900888,4055.67459949138,5301.44000946166,3750.99152157906,3785.96219016884,5286.06357596326,585.832434167556,5241.03963295249,4060.85872601013,4034.49618840109,3226.50866507553,3567.43034227001,1120.36831273099,3535.83677344988,3231.48390905935,876.487135544553,5392.53839300661,3576.60302511847,1204.33186925254,924.117651752437,4094.11123708893,5226.06967539404,3583.75476120045,425.077575184887,5307.1370572874,354.670504525981,635.246541228868,723.867295304454,3301.66295093128,5122.54899331044,3706.00499499077,5179.80903001961,5165.65171601566,3414.22413114076,5221.90594719417,5405.20721660349,5313.07033889586,5381.71646760608,3928.14905401531,411.831942082717,905.093979457982,3430.85522852931,1e+08,5195.43679413731,5120.61651360424,5194.3598066194,5218.15307088899,457.333903072194,3897.32320221081,700.19084921613,3679.87858100263,3600.33431655412,5140.77750535325,858.864621127638,3604.10057563713,3445.95813618515,945.414621223922,3359.61798925898,4042.68346169216,4195.84671030652,4436.25833306157,3205.13367897519,4059.18347950977,5081.08438654838,326.557467113352,3527.48766956828,1370.22984140119,5170.95052531286,4238.045163694,666.458488099797,5215.19063887759,720.229935784642,204.924151041016,5225.06453338364,526.816521184427,3437.21486406866,1770.1124909823,3647.54686575416,5386.96559131348,3528.18119341355,942.809260867781,4560.86176479711,3614.86226206614,3538.77805086297,5281.87703140029,5217.30141847973,3929.34745021139,138.308373610288,3587.51058167908,5476.91150808127,5652.73469809889,3200.51104500993,257.485458205201,4586.95089020854,5108.09417137338,289.704719930336,3299.11793453212,377.499205092281,3553.13478948347,989.218095887833,3746.41334368894,5231.61608501075,3476.1008406881,3745.72163653584,1045.60658773942,3812.33475033137,5204.52452889997,5122.48244168732,3539.58095802381,712.183589043623,3995.30822279556,290.081878524057,1037.78877283335,295.923401085751,3302.43725059452,5165.47043998122,5078.29816281439,613.707557962344,866.928720868093,251.240165669446,3559.92284829374,416.983875357665,5399.74136974566,4530.06440765106,547.776222313703,4071.00748217268,5424.36689682829,3532.22332579708,3865.78870621961,3928.01303304945,5256.64495041337,3985.06670963408,3656.77138056352,4142.52273871103,3871.9618394173,5043.2262026812,3931.43891105346,3506.17874898256,4664.54310722904,5265.05648810172,3893.08966612245,3618.59470958645,315.26424185561,908.632749764372,4607.81187909019,5253.95725375906,3516.27972967983,4015.68894508984,1347.98776816752,3299.57222794396,4028.55515535903
8311.47090041151,8569.64430170388,6776.01760782746,6795.73475773664,2401.73441964904,2364.98872223017,6459.66783853156,6485.473697256,2389.08382070673,8871.08864806181,6677.90764166006,6358.21546898352,6216.26354646833,8596.77982068679,8858.63923154831,9356.99072197661,5952.687972007,6442.41003632543,2345.84335688655,6483.16327275716,6716.85218574973,8624.81387097763,6415.65270706371,8836.23462479223,8556.25947283772,2425.4825045247,8580.81805137368,6694.54002636129,2395.26524946639,8640.25650187972,8461.75626259387,2363.84580162358,8898.52694255209,7980.03123322568,6251.78703191201,6579.26579918101,2419.08568581647,6295.61990788296,7954.43414498828,8751.97783134395,8258.04415228192,2348.19673979828,8771.95144377812,8811.75424299989,6315.37731436805,8671.18337280648,8848.73521363369,6788.14691361509,7859.39072609014,2406.78372149366,6277.41586287451,2418.63933287003,2397.59958978139,8394.13620085819,2375.31125411965,8749.88783778915,8749.92329789466,8465.81839685928,8690.64129432104,2366.69690325923,2392.26273548634,2489.00859247485,2383.21235749735,5977.94646114373,2361.48915911127,2348.42351454657,2370.53056019898,6799.49451782816,8632.59498719909,8547.09062216028,8153.45020601018,7701.14720231268,8317.3054517445,5216.08019625384,8425.02381266763,7992.81735072623,4916.96777168361,5773.63695343461,8459.82041270245,5172.09879774565,5428.80156036599,5365.30184341266,7939.61615644053,7541.79840322422,2320.89259790514,5490.32892413582,7597.4005371208,8199.38063538127,2357.49551850232,2329.15841492805,4812.8008024472,8021.19848848387,7493.99408017865,8088.68592805921,5267.66016803054,5395.85453263251,8433.60545861653,2323.41696144999,2321.00427160373,2324.24707578115,7566.50916305571,2321.27082447228,7822.14297273938,2323.73663265147,5297.4856130218,8237.79560236993,2324.61354022153,7927.28155210615,8145.03392418213,8121.33893837797,8057.05917420288,7554.9440532786,2325.51514695551,8737.14542355496,2321.9828751691,8832.01333626302,5242.65975582477,2343.66066340938,7657.26389040542,2333.25018837558,2322.94685197113,7826.34745824909,8026.98905962129,2320.88963433456,2332.99402402902,8684.56855185209,2350.28442246082,7453.23055801116,7929.92818599716,2328.21581003834,8146.73699250744,5456.75823213128,5460.94188536581,5633.75497467667,8129.7750805143,2444.70610464331,8724.36911794908,2914.11117901153,8873.02115834263,9097.66771936209,8726.55823285704,2552.65885318875,6431.64555888542,8929.48367867171,2658.46679423032,8698.88915281375,6753.34317606613,2555.92262385481,8471.56342117806,2819.02214395387,6522.92809882519,2626.98545821531,2983.13983029089,8322.93651331419,8061.85206355104,8523.61234420732,8661.19458364841,3123.61391919847,8494.59776989584,2801.11485231399,8737.64213899506,9097.91742343136,6942.09171973801,8873.56451027291,9617.1525974402,8774.67156359355,8664.02813376466,8717.09090474059,6600.86255870724,8718.52488832985,8628.1797047645,6806.41896769025,8521.05935794697,8716.8317859039,8820.75825740071,9591.44114227905,9101.31943244478,2765.93326270481,6873.85784572962,2651.52508296135,6678.89361347254,8674.10378729864,2699.93736978569,8517.12881405257,6936.6552858957,2362.97844752742,8505.26637584057,8439.25338078715,6891.49816637043,8928.37182673985,6514.10177336466,8692.50817813998,8681.19162333115,8193.10341671994,6530.86044670445,8682.5725915145,2606.7098938255,8599.3462519152,6818.54546296453,8808.2061694771,7909.15246676225,2445.8479305491,2588.0336334361,6758.92877415231,6608.40512304296,8602.96989788493,6657.50517757591,8809.14195593137,3115.93944164689,8722.54574793681,8842.90491597126,6652.84811855343,2919.69221357902,8488.52647192648,2558.53428030633,6717.38819008636,8531.4671643924,2780.57736065437,2576.50012236358,3143.40468612054,8721.55931721028,9059.37811151165,2512.44853459876,8314.38304437517,2654.4702040183,3008.6071023793,2915.0162398086,6635.71197597766,2533.81542579922,8447.1842197465,7243.69925207195,9488.40110826051,8309.04879713595,6555.98054752871,2911.25837386674,2619.42244683579,2183.19497209338,8719.2048670858,2564.50551451199,2539.81943532481,6676.51527711677,8618.11627984124,8902.97076148026,8731.88095088164,2697.77428332712,8677.20722236785,8824.58093853797,8957.93407601386,9086.79190993148,8759.67697559414,9057.00968890577,9073.37548610307,6760.69787959545,7159.25105761516,6824.7642044385,8299.36101923248,8611.78771218965,8469.44399968521,8557.56414897283,8908.04883681645,6735.7411796408,8989.1497231658,6625.7445320225,6736.40396154564,8519.88905611689,6693.46163366472,2478.25577737252,6552.00264866145,8692.99863254689,9035.85589378543,2451.38420900765,2276.66892517991,6948.48068649794,9026.71738602848,2736.36203952812,6914.7520099748,2988.98057026344,2660.57096461077,8688.78712064667,8706.58525861636,8724.20861026882,8685.64463117798,8907.6747755988,6518.47493110269,6659.01523943925,3582.58789611623,8402.55505353233,8529.76123021061,8695.95807862187,8616.22863030943,8594.85849653533,8401.96097795398,6495.18008612592,8566.12478557686,8791.85002870453,5109.42363091457,1421.66255536213,959.278363018917,5244.75636460024,470.766702212999,8709.41200984517,8679.93257401445,463.1986600972,8360.73393669467,8348.52718999879,831.175435778743,5194.67673163782,195.498118926006,8724.54648924888,8624.40200829422,7811.42643715452,8181.49917982158,4916.96296008646,8084.09217415351,7494.90320791366,4991.36918942168,1201.98963462661,8080.92124700681,5339.64195095595,4890.23164894165,8687.02032356582,776.899548790822,8053.0114534647,5185.6884856964,1029.07557100128,5148.23418738766,5130.26751730938,5294.79578109089,7919.69068941804,390.039861764407,8374.19339293181,989.72288628791,166.980307286918,7844.42680334932,700.977218868979,612.034229199086,437.944750690883,1032.53810354445,8570.21135762084,5118.89352649936,5283.48207928548,7855.359519237,5195.43679413731,1e+08,396.226472554393,356.577391877488,305.362609989879,5142.16673283135,8379.79036513684,5333.44303548043,8292.0237312434,8180.41451046235,594.447684762024,4862.50428036983,8183.34901018959,7903.46836662329,5348.39809714751,7615.80150841548,8713.92123057334,8661.22861088636,8652.63234998621,7911.83274903033,8690.87784993612,1061.4633308334,5092.18177628413,7923.34763122827,5637.86027061832,408.077361648241,8579.77621052858,5146.9989981109,424.057229651353,5473.62160496579,5150.91816093666,653.790468418469,5150.91165332375,7963.80640296618,4833.48579687114,8246.93223755167,592.843265720765,8118.92934915451,5404.74106355359,8778.13863729457,8178.55279855426,8086.54450219572,1026.69191964023,256.229192255622,8599.7960473847,5213.63019461603,8200.82272987937,489.218454435444,979.65724050908,7674.11776404804,5023.83778632412,8823.56567464671,568.245090122841,4977.62578763439,7857.63332062904,5081.22711454723,7681.47397927815,4904.20280589368,8327.39609112774,425.451786737325,7981.17686172358,8294.58365480588,5271.2345437571,8286.35129662617,442.549412881806,580.606749686771,8187.08975881786,5237.43583076914,8587.89111990169,5184.39448400727,4878.94128579821,5111.45517725989,7674.58669991495,254.419812685482,462.131981744623,5246.24829570043,5182.46047721498,5151.40733514539,8102.209603916,5022.04151378073,1510.76467232525,8684.84312972061,5299.09164372246,8656.61016791466,456.444052942363,8145.70186784959,8358.83493542496,8575.97128380451,522.275221173076,8632.57332074067,8088.76880921254,8590.8283630374,8564.18443056778,601.91658958958,8643.58811913053,8007.23920590225,8899.32359560094,209.623609241821,8418.12566196594,8171.91034717589,5008.76278646052,5298.75748379832,8782.79529213363,1270.05753462883,7692.35004636003,8446.9149304031,4775.49967605561,7913.0484280529,8716.78189444725
8165.94072747585,8425.96790952462,6616.68187190132,6636.61392201543,2138.76259968279,2103.7711245863,6296.71430053137,6322.82779250328,2126.51450910493,8729.44503062221,6517.48468719975,6194.02963875427,6050.2898193795,8453.29204183316,8716.91430427143,9218.35723062241,5783.18198313978,6279.24946643781,2086.67009575482,6320.48991972896,6556.86440824527,8481.51974984199,6252.16906302788,8694.36281133988,8412.48962107289,2162.12141704623,8437.21946478569,6534.3035144136,2132.47879309506,8497.0685402987,8317.31844092977,2102.71888244897,8757.06175539166,7831.95232509172,6086.26790917041,6417.71874765373,2155.79057282295,6130.65505747479,7806.14991643906,8609.54713221888,8112.11643297287,2088.69636309063,8629.65416843861,8669.72111070483,6150.65992499268,8528.20692052955,8706.94544341723,6628.94351719165,7710.33290578695,2143.69357960745,6112.22170647275,2155.34979137672,2134.74159883109,8249.21154020966,2113.39817377607,8607.44314355376,8607.47884116261,8321.40958261355,8547.79717133095,2105.34934470078,2129.57653119912,2226.01405457034,2120.89081977757,5808.79163989849,2100.55923223451,2088.89306344093,2108.91387313555,6640.4145258985,8489.35440268872,8403.25658615057,8006.72970934418,7550.7607874001,8171.81839591223,5034.94675596474,8280.32246449462,7844.84053030694,4730.20057617604,5601.55920733487,8315.36875783248,4990.17443457886,5251.32644228521,5186.76273626696,7791.2124885818,7390.02018743008,2072.30822506854,5313.86298557247,7446.11431583543,8053.01066612371,2128.95971273918,2073.62560949746,4623.92232812856,7873.44715383707,7341.78728537106,7941.4646712743,5087.43880620832,5217.83025275699,8288.96587485151,2079.18453671461,2071.29035422283,2070.91949168811,7414.95045431182,2070.84556006405,7672.77706279249,2079.80307162568,5117.78417856206,8091.71591863651,2081.43199637246,7778.77813528312,7998.24878508902,7974.3711152134,7909.59056801955,7403.28278208218,2071.48597609199,8594.61526331047,2070.495074709,8690.1137672591,5061.99838007739,2110.22606785202,7506.49972028876,2095.30304614203,2070.53135725294,7677.01646592297,7879.28354251876,2071.92455400366,2076.3093423884,8541.68319076021,2119.30288260457,7300.65415419537,7781.4461973842,2087.53142659945,7999.96494442677,5279.74427786041,5283.99656675948,5459.56194831957,7982.87241578776,2416.21368079503,8600.27491258116,2837.5950556135,8734.07645860386,8973.69917142818,8599.1016988293,2526.05600124569,6345.07664057774,8810.50992703127,2635.74683576142,8575.19085511262,6634.5168234826,2540.7287657162,8342.88658067712,2781.45029107573,6427.64482955069,2606.28181818335,2919.58530042619,8191.88373984342,7938.28071932689,8393.06543187354,8512.54411813446,3012.65002624927,8366.44118111893,2753.03278818132,8620.56146000187,8954.53738323456,6801.69181015037,8732.57338213139,9508.88743235316,8658.13831858688,8543.26580364951,8591.32001468123,6510.87474384539,8610.63019749829,8483.35751290915,6712.00894271585,8390.31613623929,8596.26645925316,8671.65527590887,9453.31753118559,8956.06788135894,2747.45469952884,6771.6392007506,2615.82444989973,6569.60110265887,8554.61564430081,2670.22593921416,8384.315667996,6855.72316859627,2353.829033268,8377.32218548167,8309.27575001012,6785.86430525972,8802.19324535649,6414.66767744257,8576.09239909221,8551.95392375751,8051.16979344285,6436.58924412139,8537.99268183778,2587.98218180075,8445.1244322448,6683.28176067165,8701.86727353168,7776.93511872769,2442.45103110294,2569.86591805262,6655.6955741657,6513.06814405228,8470.2519891701,6568.62439394117,8686.12242400714,3036.1194587364,8603.65366010728,8717.36422241091,6554.3085747922,2864.26411742012,8359.55644622254,2540.71974458405,6572.31730787985,8406.97360989294,2756.57986451916,2563.4444083977,3019.58553705648,8601.27006579629,8944.2649046007,2487.24106846112,8177.54888249235,2619.07216489391,2956.73772954591,2826.31539830107,6532.29924001541,2529.44433045587,8330.39413619227,7051.45931939501,9370.89623816555,8191.42104502182,6462.17937933406,2858.31215063502,2607.24646305423,2187.04966048067,8593.84237168587,2550.00058572332,2530.02163760022,6587.68059867004,8473.63175595117,8765.41176970119,8613.23615243894,2665.3558733049,8547.03175667809,8685.69898433522,8830.04174023188,8944.76615427207,8634.55930751907,8939.79007140342,8947.09053962579,6667.3596803505,7008.33748856483,6717.81791972233,8167.36801496375,8485.96376799081,8339.77138232313,8432.50759910968,8776.64763573869,6635.21440976706,8850.00735666542,6528.32984025018,6644.61015318729,8387.08193081678,6599.08488659891,2470.53377941845,6460.29775048099,8548.89527994575,8910.54536872587,2414.16098386291,2264.11212795697,6755.59957027947,8906.73346383503,2714.55299009824,6833.09694298949,2928.67671206206,2622.11795100511,8568.69040859331,8582.09710012589,8605.19065225533,8580.41337736944,8782.37520869555,6414.6596468496,6567.69642814541,3350.18260862361,8274.9393647622,8405.55643447732,8579.19399842757,8495.57071864983,8470.07305815825,8273.7907202777,6401.89811379869,8440.44892029397,8652.24148975521,5025.78380556837,1209.1599468329,773.964458872043,5172.92223643588,287.584858266469,8552.52539902329,8568.32137924649,404.498825854678,8224.93928049993,8210.91327527872,755.444684658247,5129.41566655379,301.847068295016,8609.65205684155,8513.08441400204,7682.27839838475,8051.43316828036,4830.20258289431,7951.67753841505,7353.75802933318,4907.62175936042,1043.07201492268,7946.51972597953,5284.76994071264,4803.70259687834,8571.85910663312,549.460062041881,7916.9267724461,5108.18482580041,836.551317030099,5073.58727422003,5047.58186137196,5227.57612111132,7792.24347062391,301.917153790475,8248.7933812004,769.007710098864,308.693140166889,7707.66228767355,573.651655954315,561.131242774986,266.497666158184,865.462661254069,8455.20097951046,5035.5096290407,5221.22961695496,7718.38308137685,5120.61651360424,396.226472554393,1e+08,254.031291880627,280.955271310319,5064.90948764971,8225.60891047493,5269.99114570704,8162.25982166737,8046.56748774149,261.474220027386,4774.01875241424,8047.84103342038,7767.44708648755,5284.68882440999,7472.97700288994,8596.70198553774,8504.36231050356,8491.93435615528,7790.87941822509,8578.44154806834,853.216000798716,5018.32610666254,7784.17799531716,5540.03792573481,227.31912319267,8418.1294425136,5080.04905118885,212.404427505053,5405.06529607161,5079.44046802872,551.485912149503,5084.12380573011,7831.00675774593,4732.05042130398,8115.53825768172,877.42021721599,7987.22296331375,5337.53196489953,8621.02907213562,8043.7459702252,7953.6622226746,854.891484171662,313.714370332424,8485.81788325838,5143.25457562882,8074.62573504832,598.930215376882,1104.3625831306,7541.62188730391,4949.58781104473,8664.788739143,535.183555923115,4900.24040061923,7727.48198522224,5005.50689730535,7533.13597374186,4804.05477462106,8195.94408189631,205.184929400609,7847.21031733594,8155.71526448939,5209.5787933827,8131.71219050501,545.95375795673,423.895357263522,8059.52221979517,5173.09898468664,8475.65473618572,5111.28564724558,4784.07698799399,5041.84112256375,7536.89561009199,361.440298131152,282.859931289396,5175.53609584145,5099.86590804834,5078.43011852566,7968.82222410691,4948.11927169038,1316.54882383766,8525.71783912671,5231.80565590319,8548.14634402689,414.551881976722,8019.84858014058,8207.24480910054,8458.92966166956,505.544334131467,8516.99008270672,7950.80622316424,8433.03213406492,8449.82187478833,382.531028108498,8528.79315833983,7872.01610642299,8741.33700889275,275.127605415001,8266.06735709738,8038.98235721191,4928.00109257292,5231.76115322056,8623.22975419269,1073.21351238309,7545.06125665488,8288.70245020146,4679.49323717795,7785.12232906706,8599.85010640917
8236.73228147347,8496.41389117232,6689.96137962341,6709.85592177702,2210.66152815895,2172.49918670283,6370.61906910005,6396.67985329374,2197.47301816301,8799.50911972174,6590.95332992357,6268.1446653276,6124.7073798346,8523.70271835488,8786.9937274903,9287.85025542295,5858.1882129597,6353.18965753847,2152.91276696782,6394.34668684151,6630.25747218955,8551.89414937931,6326.16445227739,8764.46992331676,8482.95308686992,2235.50363915282,8507.65088580474,6607.73979758005,2203.91239288371,8567.4230416043,8387.9066779124,2171.32147231842,8827.09217753637,7903.21472307336,6160.60883136097,6491.38183385659,2228.80361417298,6204.90227411522,7877.45002579815,8679.75945154465,8182.98175659699,2155.29964317434,8699.84139237271,8739.85861377214,6224.86521222405,8598.52175215187,8777.03709180158,6702.19993161781,7781.77480508078,2215.93549725009,6186.50772489496,2228.33631008897,2206.34665809153,8319.8905030454,2183.16837036641,8677.65809442695,8677.69374737846,8391.99240821799,8618.08716698729,2174.26084110021,2200.78332340788,2302.23300942823,2191.36670337334,5883.73989457906,2168.89574860482,2155.53004512054,2178.22043108704,6713.64939233822,8559.71876852934,8473.73205556408,8077.74178179952,7622.4451006199,8242.60194176436,5111.7990780858,8350.95983369903,7916.08416551321,4807.89119150908,5676.98621921945,8385.95957519764,5067.14680610701,5327.61395698508,5263.21610760395,7862.53452031575,7461.95693662412,2129.6335097214,5389.99201313242,7517.96200814962,8123.95791283999,2174.00444771514,2136.36114482597,4701.91660246975,7944.64931809772,7413.8014529003,8012.56918908297,5164.15176632814,5294.20353180718,8359.59173331956,2133.54871951284,2129.42688530344,2131.81168910454,7486.84749424825,2129.50390889216,7744.27530020309,2133.97203199064,5194.41725864022,8162.60940927055,2135.11373785424,7850.11846679717,8069.27280205182,8045.42887079938,7980.74067753993,7475.19838061503,2132.94847865369,8664.84628149885,2129.95031006553,8760.22610950938,5138.77869519388,2158.0108556238,7578.25270204239,2145.73238045781,2130.70133793637,7748.50832196301,7950.47727526473,2129.52100396722,2140.07700314213,8611.98092750479,2165.7002590858,7372.73496787993,7852.78259837089,2139.63330601771,8070.98654271637,5355.95950958316,5360.20102020411,5535.32992934322,8053.9181406755,2398.80403247463,8658.75124172335,2859.6265889201,8801.13739843191,9037.60717084688,8660.84570343857,2514.51123485057,6382.391459696,8869.4357802173,2621.96980932736,8635.56059253284,6676.52897285067,2531.54153143973,8400.45851815425,2762.98529912003,6464.08479736693,2595.13730305877,2920.16551756708,8248.09926602001,8001.02872601155,8450.53441268126,8574.410548222,3037.43976455145,8423.49011219525,2752.66811141132,8680.01003351003,9019.22876173926,6850.61480225825,8799.34729598913,9567.5661846532,8716.97788939799,8601.56863552644,8651.76752190982,6547.89759216927,8667.36091170794,8543.13129329679,6751.14519101148,8447.580688216,8654.89158075959,8739.02592641321,9523.8473701851,9024.31782866283,2727.95290602066,6812.8440676193,2613.12351723278,6612.52321057213,8612.93972563698,2647.03018633428,8442.2487566843,6898.79333255298,2334.5331185434,8434.37976124383,8366.78233359261,6832.04980859005,8864.73598132391,6449.79202683113,8635.52771970006,8610.60698040093,8105.78921108704,6473.39504592155,8601.28554651458,2571.2831503823,8506.20030101174,6734.56698417466,8757.15896947215,7836.22008591329,2417.70972660285,2557.94081890423,6696.35993364578,6547.81891311644,8528.83072332899,6608.05965598762,8745.70019169594,3048.3007879603,8662.2971403041,8778.93125180859,6591.1967084983,2862.77297022862,8417.99216198674,2530.36404134168,6624.86625621402,8464.62183408139,2732.40962363229,2542.6411720949,3049.07739355964,8661.51850674453,9004.24874655942,2476.81703061123,8233.1709290009,2615.41768121752,2949.39858022101,2846.895770357,6567.82302484254,2501.92501167938,8392.85040069494,7117.55183616036,9430.59606426692,8254.01215617568,6499.77384281961,2853.39813751176,2588.23873137209,2156.6114095007,8653.24974463641,2531.94056681198,2503.09209722672,6624.13354869199,8534.04385781169,8832.01446485137,8671.74118809664,2645.90068166415,8608.04187383163,8750.70565441471,8891.79219119593,9011.6491378074,8695.10993173632,9000.71070791303,9010.88059504393,6705.87601733926,7068.223845204,6758.84709005759,8223.41718938783,8544.04168107455,8396.46972270521,8491.01625842093,8841.50368844998,6673.68106670319,8916.82918960177,6566.74289028888,6684.26806365493,8444.11853569128,6640.9789438043,2440.36880849974,6498.36294499784,8608.78460698159,8974.64187536818,2414.15601333343,2245.9610338001,6821.61359390565,8968.47474317521,2689.25243390891,6874.93326624703,2928.37785363989,2619.9570252196,8626.3078401913,8643.15444732368,8663.79402831641,8635.62741609832,8843.54143913214,6451.71915169558,6606.03666806217,3379.51663156008,8333.11447683532,8463.16262989281,8636.06667380245,8554.30343697763,8527.8942845714,8331.4560392996,6434.482164864,8498.91696891778,8717.73968856146,5091.32455982969,1390.56847024192,957.001324701193,5240.12821962603,308.742595936787,8619.63751931798,8626.06813634525,541.573885064489,8289.7085867268,8274.40161994729,900.670717072677,5208.05223543267,311.395343146504,8668.65020546696,8570.02562918265,7746.72506545687,8110.91995820506,4889.95917950674,8010.94784526448,7415.39928043866,4974.25633048761,1216.79750084492,8004.22687344391,5364.43234981665,4868.63869550813,8630.4760666396,714.311436608196,7974.47361992736,5187.76258292003,1012.95063723426,5150.56824975897,5114.41158054296,5307.07673044483,7858.75344851539,186.386794245398,8309.06123111974,954.810843547632,271.367749371712,7768.55696729011,735.658662641073,420.121309553252,359.747513799197,1027.07541565655,8513.02963460016,5107.24164002005,5300.79882469639,7779.34875802386,5194.3598066194,356.577391877488,254.031291880627,1e+08,200.826948628578,5144.72286412541,8296.02844163892,5344.12062122738,8220.98302788774,8110.00319433137,307.159601463709,4850.01579493365,8113.38003762552,7827.03850659277,5361.64060766678,7531.98696733676,8655.42966223537,8573.54709758245,8557.91409402509,7862.65794661657,8635.5988792849,1040.9500941695,5095.82429778454,7841.65024471548,5582.15193978546,297.807312261952,8486.0662904415,5159.96015428616,254.260711929011,5473.44351900034,5151.13657236241,693.267050160746,5161.27682503894,7892.03935460554,4784.61042978152,8175.43229354614,887.515640872267,8049.90467129461,5416.64554076565,8687.29692368052,8107.29511600099,8012.38891105051,1028.25302080223,242.549625625399,8543.3951116193,5216.59146019658,8135.9694218197,502.766382730897,1000.31240229381,7610.18019791163,5024.59361106072,8730.5869765499,382.714267594009,4977.09004285979,7794.35804619411,5075.78590622858,7587.37501008562,4872.93946325829,8254.2088343443,282.053450519464,7906.69737417462,8219.35248018683,5290.52603257925,8202.89949666821,407.771314172089,572.895816272562,8119.07710034395,5250.99886175884,8534.42637178172,5182.30684159059,4856.06352014417,5120.07664781208,7599.01077970862,224.859082627905,234.264539906527,5254.28984861585,5158.63327109656,5154.61105199103,8027.58141820396,5028.87458154264,1504.46155399076,8591.38244649175,5310.12715870348,8603.10301955072,279.806035236186,8081.12168299786,8277.05200062941,8517.34455108758,375.020644717814,8576.43717751942,8008.57560839025,8502.64486651698,8506.6681604581,445.900336126778,8586.62990652866,7931.20359745117,8806.84330261157,258.985447172802,8337.06528043492,8097.16338828405,5003.52646815896,5311.2149689513,8689.22346545337,1264.02351026808,7600.97410903292,8358.56726796389,4745.26542931457,7850.38835314859,8659.8690654932
8299.4787106062,8559.37055674743,6750.96819937813,6770.89229714853,2220.89407729477,2177.86370325749,6431.11580555056,6457.22089583669,2206.2047647039,8862.69031944551,6651.80935660481,6328.46215377314,6184.75969731125,8586.68048019479,8850.1660651395,9351.35264755483,5917.69839059243,6413.65647775564,2154.78523959808,6454.88378334809,6691.17411082898,8614.89351552651,6386.58442843769,8827.62622659569,8545.89927902658,2248.22240779654,8570.61626042674,6668.62183394157,2213.3956415278,8630.43422671669,8450.77762737027,2176.50364987916,8890.29279005253,7965.66340597375,6220.72915228913,6552.07970912085,2240.88859558097,6265.10497173269,7939.87427832655,8742.85445048819,8245.68241128153,2157.66407710994,8762.95106918543,8802.99727000219,6285.10449866436,8661.55643421174,8840.20235504947,6763.22496199075,7844.10640838577,2226.7292226583,6246.67641393857,2240.37616226754,2216.10443382251,8382.70618302484,2190.07522384501,8740.75155222696,8740.78723133483,8454.86663933878,8681.13651537311,2179.89318826602,2209.90615248143,2320.24492001519,2199.3482007102,5943.30507825139,2173.69353436901,2157.94069578886,2184.43481023631,6774.69137573756,8622.72409715378,8536.67104730632,8140.35042093051,7684.61534697906,8305.35332079762,5169.34000769116,8413.8009108695,7978.54497061221,4864.36541885131,5736.08590764708,8448.82895922576,5124.54269716199,5385.80665707879,5321.22242837712,7924.94453039044,7523.95508072716,2120.53491644272,5448.35913495188,7580.02135103159,8186.60735752698,2152.34735663202,2133.66935820079,4757.97016321876,8007.13683961685,7475.74596225602,8075.11920030662,5221.85810478884,5352.30035593203,8422.43982140231,2121.20122775717,2121.24764411331,2126.8603073818,7548.87299168337,2121.92315452433,7806.56973902942,2121.41588213002,5252.21701256476,8225.29250164834,2122.0396692986,7912.51656500582,8131.87389507064,8108.00860260797,8043.26158437035,7537.21110732763,2128.68700651511,8727.9303213792,2123.29471175868,8823.37937931677,5196.4054808758,2138.96294905461,7640.37654958118,2129.29926460138,2124.88746831659,7810.80698050248,8012.97021560095,2120.72823670782,2138.68989170772,8675.02570822241,2145.31899970608,7434.6329788563,7915.18325683747,2124.9067939332,8133.58916445828,5414.23219755463,5418.48557213646,5594.08166202633,8116.50549744366,2319.14384614318,8714.91289055006,2790.45589800353,8854.71639895238,9087.38967815845,8712.67772119386,2431.67999399638,6413.81197618852,8921.66114330094,2543.85787941419,8687.18859645362,6710.09596364032,2452.25054965043,8458.83235027255,2687.97280442424,6494.32534606705,2520.05462398697,2851.9625881641,8308.44551068753,8058.58399174374,8508.61242162177,8634.30969961177,2971.25565399823,8482.19038063224,2676.29120762613,8731.86173035649,9073.63626496562,6888.37251245689,8852.84924855444,9618.73976903826,8768.93331256816,8654.32204208539,8704.10353130462,6578.58969101369,8718.94800829383,8603.3636577682,6779.43661962683,8506.34517270523,8706.4166300433,8796.78581480005,9575.8948325663,9079.8855672373,2647.65119475966,6842.65139837,2536.59999697664,6640.29092682802,8665.64623246722,2568.63707703463,8500.50515251979,6930.24203033251,2252.05134291125,8492.04168458528,8426.1071853895,6861.43709497509,8916.20910615475,6482.92010220797,8687.65466013981,8667.83291205919,8167.83131359665,6504.54357304193,8661.30543340837,2489.87141242391,8569.46284811457,6770.19391224868,8813.30709694459,7897.1003142457,2340.68038826566,2479.64676047235,6725.05843691659,6580.86608451417,8587.62318711042,6637.19323215365,8798.25888550601,2976.05478936777,8715.01592380517,8831.30260715415,6622.1533422531,2789.75862673202,8476.77427388948,2450.97262184494,6659.90295278359,8521.81043253666,2653.1343477391,2470.96938145147,2987.3357333939,8713.06887818648,9054.0019406393,2394.37691350709,8293.95515049794,2536.34003104929,2876.32740162164,2782.68552779955,6599.18434754026,2416.76564247906,8447.78378483584,7175.06514017851,9481.90406095002,8309.78235055946,6531.85869675385,2778.46252786538,2510.1028970062,2080.39868713719,8706.03326038572,2450.27588629411,2420.55679467542,6652.98519715074,8593.79860776017,8885.29129982432,8724.42858523675,2570.50680855843,8663.95416699505,8804.40285685037,8943.51805914555,9066.11136698277,8747.85834716997,9050.33999916161,9061.64789757412,6736.63818098031,7106.21691683712,6790.62094308564,8283.95713374681,8600.59297892192,8455.2286517855,8547.79084329332,8892.91449691182,6702.0241421771,8969.89740669701,6599.93674880871,6716.99642708512,8502.43754222633,6672.54320260592,2360.81263620244,6526.83487351299,8668.76041754522,9024.88577178569,2345.18035632825,2174.86915210055,6872.25857928996,9017.79448085181,2609.52370576271,6904.99195746545,2854.84246073899,2543.61076931728,8678.76980819576,8694.48010926535,8716.1500355691,8691.02646582516,8895.19116634275,6483.00465338872,6636.89291437457,3389.38218295748,8391.74713408266,8519.71900778723,8687.08296506488,8607.11044189751,8584.80852535035,8390.2023790823,6464.98828747819,8555.80319636379,8772.51507490126,5121.69294110251,1401.45963963042,980.479687744775,5267.69196913982,421.306891877076,8687.48397648582,8677.64407891009,519.021337030726,8341.21623186447,8327.63338012673,912.042144020889,5230.15434940053,287.086458145524,8718.21283521633,8622.62906161459,7805.96416145947,8169.72748640152,4921.06580210296,8071.3743873275,7480.52974579076,5002.52063859693,1227.95209417818,8065.66696217204,5388.73867529241,4899.12290314087,8682.11227302829,749.944522424243,8035.9095139865,5207.85921849643,1028.25645831655,5175.51120872944,5144.43333897455,5330.65199745361,7917.44610846277,169.231151574093,8366.47565727966,987.017175679327,233.076754978413,7831.10086323071,751.713563773237,361.299528918094,383.531869186632,1029.26056252145,8564.23621452433,5133.44631508027,5324.14431784943,7842.58537963355,5218.15307088899,305.362609989879,280.955271310319,200.826948628578,1e+08,5164.95265480668,8352.04693408247,5367.67216672613,8280.02859217369,8161.82372222994,406.440877601366,4872.04070424856,8164.48271661888,7889.45057224144,5390.56555929504,7597.63848012865,8705.57298726708,8635.58330661681,8627.54711151281,7917.77068825928,8687.02351767928,1076.73901876898,5115.73610350897,7904.13241074245,5620.06582213732,355.009054037256,8551.42374181379,5182.09295968794,333.234123478291,5505.21132256838,5176.10580298185,718.66677754109,5184.21756026311,7952.99434733376,4822.49059525586,8227.90169661682,745.679476641235,8100.83040035086,5441.36082990708,8757.04145742186,8158.95405675592,8072.82118682759,1045.56504356748,86.0186065852577,8593.77169166913,5240.48824135638,8187.63381952888,349.513934940545,868.394003715376,7670.86296414141,5048.61378716731,8800.65709516921,368.14851533671,4997.87713201348,7853.96531052925,5099.79495410746,7654.30355268469,4903.824840793,8312.8879905098,323.61057528623,7968.36755531495,8272.07326609154,5314.16470858303,8259.54764320532,299.437558977093,620.972557179418,8177.97845773449,5275.57200142036,8586.50010191144,5207.85793965176,4882.77612005254,5140.51146710038,7662.15040207127,161.270717168401,364.765948924128,5276.81932192064,5188.88473611628,5177.52288253205,8088.04537029051,5047.99001658939,1497.03805586587,8661.93073111495,5332.79085174901,8657.22116043683,258.973036306607,8132.51153257863,8332.47568903689,8568.6403271094,277.944116813942,8625.73214556553,8070.50262173555,8563.614273776,8557.09609798221,542.644822448532,8635.33141465511,7991.94868681463,8877.25866168484,223.882785939559,8392.65797016783,8156.75624376168,5026.77593468511,5336.51585582442,8759.76918955297,1266.65902593588,7668.29624881786,8418.01519645387,4777.5481784993,7909.31392210692,8709.05675704714
3970.57718372609,4186.51258779256,2866.12751471022,2877.38889713595,4863.97591201163,5006.24351505408,2700.84184289806,2713.16569748252,4908.40123254054,4445.22197444625,2811.68820795761,2654.56336715598,2595.93030588243,4209.52888865972,4434.41311447433,4874.18849991437,2507.7874215374,2692.72311198279,5105.70230491072,2712.05342537053,2832.9741795286,4233.36696069731,2680.33293016267,4414.98640018606,4175.18082945649,4789.01076094226,4195.98319922083,2820.72594989299,4886.2270323146,4246.52371711182,4095.58449694862,5011.48057201576,4469.07972838313,3702.66942430309,2609.9074041252,2759.76199802005,4808.29826968319,2627.80138002311,3682.47877563379,4342.22917437725,3926.63399898042,5091.78460952419,4359.43298441579,4393.79771441052,2636.09668773227,4272.92624951086,4425.82142580482,2873.04272557213,3608.20501763656,4847.21295295525,2620.28401855636,4809.66680112599,4878.09164581714,4039.09055659569,4961.7097687189,4340.43060751802,4340.46112055923,4098.99071056876,4289.57374282298,4998.54083380852,4896.87897222856,4622.15920782027,4930.40539580437,2514.99260675063,5022.50309838665,5090.47576674944,4981.75848295598,2879.54813428391,4239.99404200871,4167.42655317419,3841.41547078491,3487.13722905136,3975.39237841341,2428.63959015414,4064.84697437434,3712.78379190338,2474.26451317556,2464.75257316486,4093.9617219886,2432.45541977251,2424.170288132,2423.09205661964,3670.82617600359,3368.83481063465,5413.46989290964,2427.14944898703,3409.67705357687,3878.70222183907,5781.49060640569,5233.91414522053,2500.9409858532,3735.30210671018,3334.11396428661,3789.21352369799,2425.43251215673,2423.35644941422,4072.01771273673,5505.66543388727,5387.58479151991,5297.10890540533,3386.92622578614,5370.76873686906,3579.40693277338,5511.63509952742,2424.20097037798,3910.0513394004,5526.4828727036,3661.14663999255,3834.60662712082,3815.47710030898,3763.88585723919,3378.4470792652,5277.814153519,4329.47159407354,5344.81765275046,4411.32987687158,2426.81624659453,5701.78677869549,3454.17888547588,5624.01241651039,5321.24220667288,3582.64862527049,3739.90782040567,5404.85122514526,5197.38630058553,4284.37515985277,5742.22580083201,3304.80430878187,3663.22202296904,5574.17281050946,3835.98382756265,2425.28914227813,2425.49027696874,2441.36199432203,3822.28100876809,4630.58668050142,4074.06590130905,4751.28618376359,4257.0462599498,4423.96487216964,4074.71355209665,4730.70822397817,2021.79433582875,4276.67351415112,4615.74106825908,4036.94277628061,2840.29068860549,4636.02072104382,3908.1669615985,4939.84678492904,2291.30683738413,4512.84642227517,4893.59238222517,3826.52237268947,3404.3877501795,3988.96167785735,4311.55685767241,4749.40428087984,3934.94076330011,4761.04002676147,4069.23755466595,4547.29340901691,3295.84217737806,4265.94236171731,4932.4969049747,4134.77434628087,4020.44894509346,4073.95244598201,2250.78343157124,4070.58394824848,4272.99223737883,2460.68377569856,3994.95916979986,4047.1387186104,4334.04690890354,4903.49157224559,4488.35558287777,4842.7820568185,2621.42867561956,4628.16635397583,2595.0284402895,4017.56252133656,5000.94044379328,4026.64891797564,2363.77102539998,4578.31299391903,3932.12952408137,3904.04663416744,2538.72856891262,4263.31849750856,2363.00822780315,4052.38898342423,4104.29385283052,3926.89609682598,2207.72443789432,4276.7773663491,4753.59391092423,4371.54607466982,2865.0012162223,4218.12305038379,3423.01573580226,4703.07093275216,4684.98593607741,2624.77659557349,2385.56351347849,4099.01401475095,2241.30741938343,4155.39578747629,4911.71790721319,4090.67411583552,4190.82572505719,2454.39883520476,4895.24108481542,3915.33810685508,4598.7270338489,3234.14893175048,3898.51636154014,4935.51717757771,4603.42923884518,4923.48885636103,4057.22782123348,4381.85533713938,4592.4507673237,3950.26809692989,4657.54941950976,4996.23361719172,4444.96137733574,2625.32565846299,4833.13083777302,3726.00092708916,3719.23868944323,4760.73305953513,3597.17331206635,2198.01923651234,4902.09729807086,4682.86885841609,4487.5275483269,4085.05518460598,4749.96127716922,4839.66894430474,2335.37833819545,4245.68195256221,4275.73211209191,4092.04379759773,4855.95663109208,4084.52888444741,4228.9798520095,4287.54565192408,4471.63054152384,4106.54135479059,4372.0367574874,4390.49884121318,2363.65049246915,3271.57901121439,2679.21886420283,3830.8969917813,3993.39664933874,3939.91186422201,3915.19509527654,4240.71255494686,2559.14960390527,4356.99085387053,2266.64201702061,2279.37247118691,4045.60373898585,2204.615293987,4750.55636556006,2201.90505707434,4316.26333475999,4340.42282168324,4362.54358361115,4423.71054440311,3683.1168827674,4324.5413271382,4962.41194200765,2362.36789068333,4906.68201222463,4568.61246671081,4026.15897517024,4063.85620220408,4094.10998277406,4094.68610445528,4235.40993074934,2440.20667930123,2297.04237401307,5077.4940352944,3810.50230294238,3887.64118705482,4028.93046278795,3965.18829387903,3971.36664337195,3826.4989563406,2415.33210499505,3940.35103058942,4218.35186903383,1083.97304243835,5351.77001804734,5121.32279918777,797.368791861716,4996.29298759001,4404.62289035117,4053.70182719423,5237.86738881101,3781.10621282924,3818.41333107202,5206.49913603874,410.979489768922,5182.59403931408,4070.51925868952,4031.12263912205,3259.53817538127,3598.85004972226,1389.33822635514,3565.07872838276,3265.23344452759,1154.08624255444,5308.01587207387,3609.00626321839,958.603681084308,1196.1711420537,4093.72352902591,5155.02515709703,3614.50343896536,82.4093266569986,5229.12312691014,221.861804898876,963.911984674631,490.21566355709,3327.39497596532,5069.25172898927,3731.07047245375,5108.51811324318,5107.42547235353,3441.05485505765,5150.3751774724,5359.15467458167,5256.47498879464,5304.83973146211,3936.52415833752,648.68626918293,710.893397918954,3456.907718115,457.333903072194,5142.16673283135,5064.90948764971,5144.72286412541,5164.95265480668,1e+08,3923.36468480697,609.032061028488,3711.02145346956,3623.48967912941,5085.1076073077,955.650542129426,3624.5716311752,3478.26856189299,750.275821719128,3392.27269541642,4058.77368265332,4213.86441066873,4441.12733244174,3214.45248501105,4065.89162888737,5001.93918580946,204.035504528816,3556.45695694303,1637.00894576759,5108.36611030908,4251.71873301067,407.166021555369,5157.87216525378,801.55288667946,630.489838621918,5157.23312069215,385.228042203176,3465.55567408897,1972.19005606534,3686.60708100639,5326.83001008683,3552.11376654917,660.443446871593,4557.44145976672,3640.90494228068,3569.77560285857,5199.85092695792,5166.01160033523,3938.80222217196,465.373342277728,3599.66817082398,5424.79507424375,5617.5739408225,3219.96666690311,586.315415739491,4590.59132110809,5058.36911398456,354.365958975671,3323.13454722482,710.47532352391,3585.46957614567,1115.6240495858,3775.93494043534,5169.01492135067,3507.44808524701,3782.39120081786,762.307913881351,3831.20733857047,5154.90004014055,5057.13022057929,3578.24051766083,511.033485154701,3985.38767698519,714.126920891289,1144.13564437985,349.548992816668,3331.93403600035,5113.04846602704,5020.88618014325,333.000852770823,1197.13825730701,490.386711268349,3590.05246807489,228.838427883851,5303.00524024461,4526.73138711246,426.019173647888,4070.97857312693,5368.91585098971,3544.81136828827,3888.57067416504,3938.12828283247,5210.79612986693,3988.87466889477,3683.46296661503,4160.39279012358,3892.78123449634,4981.48094110476,3955.15344267326,3532.44977870436,4667.83067448236,5208.54364147951,3913.66399252366,3649.03538526284,388.852834625886,625.063515165184,4605.12461869257,5164.07498779021,3548.35390445645,4038.71221942817,1519.75432958977,3330.62102673311,4041.16889918089
1078.29528823988,1136.3404588114,1852.18364019626,1835.12228871623,7336.75650651969,7498.35241763521,2136.50571921303,2112.64759568919,7387.36935576927,1273.8728555486,1938.32516105755,2231.28920412568,2366.34451550617,1145.91689718818,1266.96942065923,1601.5593885445,2623.67124368466,2152.51941903579,7610.52574283291,2114.77930948097,1903.89067988767,1156.44603881689,2177.43836473657,1254.78230499049,1131.84464509178,7251.01823641646,1140.20945520049,1923.58136832445,7362.12456321188,1162.51551585657,1104.55984552375,7504.2747041432,1289.41047700862,1099.81977052447,2332.29656558915,2026.85906192742,7273.11847913899,2290.51057418369,1105.98355880606,1211.82034636713,1074.29974712377,7594.86603690574,1221.57929573655,1241.82314100731,2271.75980367204,1175.23163960801,1261.54417851805,1841.67772484825,1134.13578081682,7317.62137825744,2307.83367577386,7274.68549150369,7352.85375294004,1090.0522372736,7447.91835686864,1210.81502975879,1210.83206132515,1105.56744933816,1183.60646829293,7489.6386295322,7374.25593185576,7058.56458216715,7412.3860961447,2598.67522087356,7516.73360426544,7593.39276355881,7470.63972888892,1831.8789349133,1159.48064759269,1128.85314733933,1074.81553258847,1198.08083538753,1078.90443954373,3379.3893217775,1096.14417261909,1096.97297516391,3700.0559028943,2802.731326435,1104.08501072201,3426.04250453919,3156.12636151002,3222.35983154825,1109.83187917251,1281.25211234829,7954.02018567365,3092.28747243488,1250.29721859842,1073.22531244686,8358.78651050402,7754.24806736633,3813.6428533412,1091.21360235468,1309.38575062307,1080.67228392765,3324.89115666675,3190.44781070481,1097.99732734395,8055.97629254495,7925.32179680038,7824.74904559798,1267.25311746174,7906.66044490219,1147.3432021313,8062.56437749183,3293.48406941659,1073.53560238925,8078.94330745338,1113.19011940377,1075.33817079262,1077.19302225558,1085.05424703334,1273.75757751125,7803.24627581489,1204.75158901978,7877.83388569687,1252.52076741379,3351.2770280712,8271.604801246,1219.245638445,8186.28951816153,7851.61653379306,1145.7932260441,1090.13407959212,7944.46844167421,7713.39737741938,1180.9621843259,8315.86868484506,1334.41887423882,1112.45775217168,8131.48491165105,1075.22664350096,3127.07808243035,3122.7369818921,2944.78026125968,1076.46785797035,7580.67545350604,991.47385030563,7479.87111444997,716.531743592616,1268.54900111468,818.742221666982,7660.49576288761,3011.87830013373,1241.04031693837,7546.53916288975,932.711168000139,2699.61664812357,7535.24372293852,836.46074984109,7844.71532165246,2922.18318161802,7456.36197904357,7683.29677035715,873.73748346446,1099.67708095897,747.527407372441,761.056139516746,7490.30831220632,864.826637659669,7588.27173904266,1266.90144318421,842.33382942067,2748.75085223827,639.8206089444,1913.96046890636,1286.0832246351,1104.6307984558,888.363598272775,2792.21653559559,1571.81050688807,787.009263805589,2748.5525298349,772.00479211003,1049.59173581749,545.918204870956,1461.31951677852,809.56165019586,7780.08771259471,2594.05152493936,7506.71840073725,2741.66102451951,1153.40436725435,7943.5900284858,705.509005371965,2573.30042639578,7611.2149686907,815.231728426379,825.2902590865,2440.8144897563,1044.92958439615,2907.78318086053,1296.82800744632,789.642378212531,924.562100754798,2921.89657621501,739.714436899132,7700.57405564544,923.459210661972,2545.13458269352,1687.24592619305,1020.04157426532,7640.44543649573,7577.09661635796,2755.55117289353,2918.91072287664,724.271648781771,2745.3085288078,1034.87577252533,7653.31016761434,1210.47879819826,997.370200610711,2834.98785119455,7716.66971458592,835.180306413096,7511.09189817207,2950.94960903775,960.778596638412,7846.10134773821,7533.13131851196,7571.20452388276,1115.35381042133,1428.07215576095,7578.15365172202,869.991953885084,7553.013151788,7797.0629715409,7187.57869388298,2867.90330378801,7826.2806370632,1388.52210762903,2448.02692046565,1608.15473056952,1294.91552947922,2828.1152746017,7754.28614851188,7628.15626887423,7550.10420914789,888.271960066505,7696.05413978973,7843.32531647955,2921.76554502243,746.750070777664,778.217164835495,1220.10503472451,7788.84470955764,722.946053598112,624.96528940639,962.658708950539,847.71839167205,937.342620272296,1343.92802252928,1139.02112108151,2701.36461082182,2407.62190639301,2629.87911425116,900.880248989649,875.310925070504,824.82306831763,958.718361799946,884.353592365748,2802.72078898298,770.890922726402,2751.96181546826,2660.15436420919,743.066459514278,2638.70495733444,7752.76252872819,2894.15740415221,786.233286573623,1124.39441164765,7274.41422726692,7430.32482260414,2896.78636484805,1230.69238086809,7894.3863666788,2605.02013672753,7715.63308971226,7469.62518743585,1092.9786448014,964.614549319587,1185.53252142002,1679.72374715425,1012.23509476139,2860.15379626222,2726.35416985556,7292.64723601532,903.704137880742,962.169203165589,1218.67799292874,1101.38449156102,913.680229872551,888.357131084423,3097.30129398757,906.803684269059,583.308594108394,3953.84657794632,8401.97548940989,8267.8023205298,3889.89258233439,8157.69500367558,902.778078014433,1495.04594118006,8452.56314423723,500.24413625032,452.310021874337,8419.1974972528,3953.4358499447,8400.13496790521,1283.86930248553,1430.41104504793,1049.46796659329,924.52130371569,4160.50868692862,927.80889433066,1320.20236701744,4099.18339266788,8453.40327420472,905.359657237898,3949.15187876621,4116.43231060151,1277.00301770781,8295.09200085185,913.160955368646,3897.39081625014,8365.84286149119,3875.58435449794,3911.53886905359,3868.12890472731,1038.43977503373,8232.96223806873,1126.40604219193,8231.14036797012,8332.21424960728,1054.74845544814,8345.08075659436,8478.63686017051,8408.80379122682,8437.49547926493,1302.38631506979,3871.79717354398,3914.56281730267,1049.95975555887,3897.32320221081,8379.79036513684,8225.60891047493,8296.02844163892,8352.04693408247,3923.36468480697,1e+08,3852.46798006281,923.817837068167,606.850224465608,8189.51931222243,4183.74803567277,602.249387237777,1008.0950975949,3806.11585655621,1242.2287974612,1238.78816506591,500.493782531244,996.591717656901,1244.22424203052,1383.04434749152,8131.27961108617,4006.36953563336,976.012771121327,3391.99154423601,8277.52885586963,661.388517912072,3978.23547297956,8311.61616336213,3638.25124569743,3974.73308707139,8350.5733193336,3957.85248496387,961.093850498963,4309.42983090561,642.747938921686,8682.15922231007,699.387950938312,3807.73876663834,1118.16679273105,623.259791534243,888.195436919062,8351.09692175061,8362.83495604533,1331.0014905549,3928.03601596837,893.738982878406,8629.41958474557,8817.25003695071,1149.71707928349,4046.57930732951,1085.35929535031,8189.53843252375,4048.31421719355,1022.58799373684,4028.74665896983,1236.88305488495,3956.87119279624,821.353367737871,8324.54275995279,957.735108971484,444.461234594589,3940.60763422473,180.485294432494,8350.59774843566,8240.06903934118,1022.51956606597,3905.97630894923,1410.06411762665,3955.85004944481,4112.91827203286,4034.93339981248,1186.78857339054,8310.09602552523,8175.6671318116,3859.0441552865,3939.99098778202,3978.84960248082,876.998273569442,4064.03191298146,8380.24903006841,1176.29336348603,3872.74638032519,1577.60054830887,8516.9798371059,889.092372388992,107.893902783024,1227.5622706689,8368.33164386331,1266.71575531026,920.51492515058,415.523336693943,1292.52125400539,8130.22865461784,1229.9632196478,904.91839480947,1168.58742222612,8401.32004263859,182.293927401855,845.718243388807,3977.45903332398,3844.98633203598,1204.01649895314,8284.6261360603,1218.00130626551,242.615704798811,4252.23222512355,1023.12664620468,1215.02932188871
3829.32730472302,4035.14798070351,2823.33671162013,2832.80021567792,5144.92233341283,5287.83948816897,2688.9877054238,2698.64453798296,5189.56260531658,4283.60862836165,2778.0739739845,2653.42568726136,2610.36462606643,4057.17676843108,4273.19326370805,4698.92856960637,2552.58973538233,2682.66611815731,5387.69003368702,2697.77004905044,2795.6714955117,4080.00879840891,2673.08350229311,4254.4808201348,4024.30836004795,5069.56737977719,4044.21030949972,2785.529103625,5167.28255389969,4092.61743812436,3948.2840872118,5293.09838332025,4306.60759058574,3576.56544584563,2620.38572294511,2735.75698929101,5088.95855502735,2633.45147493907,3557.65824261631,4184.48186128745,3787.65125102357,5373.72035311589,4201.02132121431,4234.08168056404,2639.59041049139,4117.93501987048,4264.91634625168,2829.14408902471,3488.30518393024,5128.07523203735,2627.93200529492,5090.33435133594,5159.10761716132,3894.45449320991,5243.11430858455,4182.75319371131,4182.78252019053,3951.53317789296,4133.90851428874,5280.10443306536,5177.98569548687,4901.7116912858,5211.66904431184,2556.82033427016,5304.16641990036,5372.40657556479,5263.25048760899,2834.6183908701,4086.35916424539,4016.89314734887,3707.05853526596,3376.00077118628,3833.89871006274,2560.41395549178,3918.98236782567,3586.04519442083,2637.85905091164,2530.88179139512,3946.73630611571,2569.12446278714,2531.47765059722,2537.82166561219,3546.75660770731,3267.29663591009,5696.40301358056,2527.19216666604,3304.69766377255,3742.28271913683,6065.14816305624,5516.34080465749,2674.7005682355,3607.17009309775,3235.61587407561,3657.85078487984,2551.38684690304,2534.52549158782,3925.8152324006,5788.81597034729,5670.4519454217,5579.7272558727,3283.846260112,5653.59182433373,3461.50417344369,5794.79880895187,2546.75369444375,3771.94446408677,5809.67888696565,3537.70669043153,3700.63305499644,3682.59199118707,3634.02282123372,3276.08620697018,5560.37559926495,4172.22192862966,5627.57081757118,4250.9597610711,2555.60179424667,5985.31784058733,3345.6056291434,5907.4049889704,5603.92978490367,3464.51845824997,3611.49406766387,5687.76262976245,5479.69497755198,4128.91957649058,6025.8229180375,3208.95935150377,3539.64662938425,5857.46825810091,3701.93254348229,2529.30352927099,2529.01069752924,2524.28276264483,3689.00681808357,4858.38995945801,3918.92986069791,4980.45388145895,4132.60691620368,4233.81121310039,3942.22491937576,4959.97974975785,1877.67900489874,4075.9781608073,4840.97146076686,3889.21023473351,2958.4680794877,4855.53632501447,3767.25739148159,5186.74559399518,2311.85358475717,4732.69687770822,5164.87739243225,3684.67732697199,3258.02266900631,3856.98952068601,4194.94944025664,5043.82201129164,3791.83872128576,4998.13203485799,3863.54245693824,4431.36698808063,3419.35105174744,4159.79148652318,4702.50420099485,3922.88405491935,3837.08302624983,3926.50916156416,2162.14841696381,3826.52323170359,4151.5232650344,2450.82436394336,3858.10613439905,3878.4020112776,4230.43231873148,4744.30451323364,4386.14326338615,5073.57045730125,2659.55478783096,4863.44954031118,2712.9526973497,3826.27543390933,5244.04086062176,3898.14467470516,2117.1320719351,4794.47641103187,3792.99843999345,3762.37585582434,2563.9736007803,4096.15518551916,2418.19027388432,3837.41107323496,3968.44357711114,3799.58613962688,2198.28230388943,4148.95215423214,4976.79024812274,4250.12843074439,2993.34021569661,3977.55124172614,3285.27258859818,4912.45072613883,4906.44201661383,2705.33189333747,2402.33608447536,3964.49333607923,2127.07519428931,3987.50242946746,5175.15017000029,3886.54335152032,4023.03180069288,2500.32528494684,5156.55242525083,3771.10516764717,4818.23927754271,3386.6042724512,3748.66723110246,5168.92782340354,4811.56739595344,5195.56017982959,3872.62263193145,4164.32867119033,4822.18088219242,3816.32879962349,4889.43183831805,5259.58402787139,4684.40385911372,2718.90380829798,5047.84527851179,3507.63804346047,3874.89722673884,4561.22343024492,3392.21053144929,2153.75844839553,5167.01222035117,4898.77370240025,4697.81129638525,3938.68345990599,4975.6539462513,5057.86027711197,2312.22952146292,4126.71517679493,4145.32309786303,3888.65101315182,5090.28223330587,3952.16989360683,4120.089623629,4146.48074659182,4352.80879686811,3954.12017524869,4166.51067319119,4217.28890454073,2321.76846417061,3401.95721209879,2732.99090470387,3688.57734417344,3851.57792102592,3801.36720634367,3762.30461772573,4103.50323676364,2635.47208542517,4243.12917177385,2246.92955180933,2145.86596654924,3916.7144314212,2121.40982123604,4959.6583607511,2170.85607812182,4190.41183941854,4174.11058544915,4580.24608820065,4638.47455810555,3837.1508238205,4139.49641057255,5194.77619389294,2148.37666780782,5176.72972078498,4794.02402536835,3848.48211033915,3901.79010591714,3892.38897046783,3850.69038751458,4077.06762326749,2524.53850668502,2201.73490848675,5443.5505333483,3662.61363579088,3739.9202404918,3827.11657697018,3780.67843834217,3823.99051946424,3684.54903634012,2493.57088063926,3794.4607513026,4106.90799290787,1330.56798723009,5595.02358674089,5347.4089544001,797.63744867623,5195.77480719613,4336.02086000398,3813.4233087414,5446.56147439706,3685.84337546954,3718.4798073402,5423.96031224402,280.069394236395,5383.80767926523,3858.50034259917,3801.03120305778,3119.3926535998,3454.27287437407,1640.97458819479,3423.57898011366,3126.1410169475,1458.93253936765,5537.83235300388,3463.88677748422,633.833494069259,1466.04059239272,3883.8722146281,5379.3602177609,3476.20360990124,637.960986677392,5459.2265466576,520.912680147705,1202.65349923319,281.512317780706,3180.58373433811,5269.84100424776,3552.23463372252,5333.50165092836,5303.58584089357,3298.68710588284,5368.54369631588,5565.4182237593,5461.85522789036,5540.39624872566,3716.16407148364,1003.90485772049,302.236622353137,3309.0156529619,700.19084921613,5333.44303548043,5269.99114570704,5344.12062122738,5367.67216672613,609.032061028488,3852.46798006281,1e+08,3559.25931186475,3515.6183081096,5294.75370489736,1414.74841024201,3517.18938940356,3336.0148337641,389.80111998135,3252.11300690488,3854.2289507517,4148.19654818914,4373.70927590497,3050.72488669823,3840.88181163079,5226.24913741252,696.059979962283,3421.08946786597,1711.39281026104,5316.33219996893,4192.8307213302,354.452117919774,5366.08011205184,380.586507237846,795.178344836632,5371.98051430469,289.987038946791,3322.48108372665,2204.75559277273,3580.4562591335,5516.9894617308,3438.26067560087,438.729200973816,4475.31466836182,3532.61472120613,3428.52302590788,5430.12983684231,5365.49491152597,3722.16987159699,610.989814288928,3446.38621246872,5627.44336783155,5808.78218098453,3084.8890128398,873.313027125688,4514.41016617342,5257.65751056667,724.569024865071,3185.37437685548,1023.07719691593,3451.95922617195,1461.4089821836,3637.96572965398,5380.59427353356,3363.42037518436,3693.0421927407,508.201065078605,3761.41437239241,5347.1825290261,5267.06744726571,3419.58346370534,247.369645278324,3756.96368205891,902.278668465586,1546.47875420308,574.919020802915,3192.05668355138,5310.45144995314,5221.69334295251,368.26018451716,1409.1616968794,849.128692082845,3449.83027592938,749.52416943719,5558.26467324834,4445.27545842485,241.537616915738,3823.52745581691,5577.45696643084,3399.02193644097,3815.48131255485,3730.54245018398,5410.99399357627,3773.17681736441,3545.93994018179,4094.76387322997,3682.00457505714,5187.69706953683,3762.24270816893,3396.04549340484,4585.93240772315,5410.95545264559,3837.04883717038,3513.52592108243,829.948160308676,447.733684307485,4526.11645987636,5408.94888710107,3407.361147984,3968.3186970044,1825.82152188551,3184.98077229685,3842.56013434401
1067.58071412835,1091.46831557163,1967.34676778205,1949.75079128488,7477.67498214109,7639.35408696646,2258.61978892793,2234.29232862289,7528.31442883718,1197.13862165973,2055.95162460373,2355.11310026299,2492.24326920535,1097.76112726303,1191.3429369078,1493.76813426552,2752.64957160435,2274.93924204976,7751.58231603516,2236.46666784391,2020.57697500584,1104.97804538404,2300.31982063401,1181.19454999888,1088.61920251173,7391.89048146019,1093.97617229564,2040.81211468221,7503.05643304274,1109.25896467755,1073.41946813502,7645.27932882325,1210.29747877449,1133.90045394222,2457.70741752894,2146.66657608319,7414.00278489339,2415.29145257339,1143.23948186676,1146.42525175102,1071.01896235512,7735.91507938002,1154.16665697941,1170.52985923397,2396.24613684898,1118.47227874033,1186.81173817278,1956.51362899349,1182.60767337986,7458.52966569906,2432.88004556723,7415.57064857773,7493.78074262042,1067.96721909934,7588.89459547613,1145.63375448301,1145.64715398595,1073.89266026095,1124.69849112777,7630.63593877618,7515.19416206596,7199.32735377505,7553.34413090182,2727.39473749773,7657.74442525925,7734.44109533594,7611.62748306253,1946.40389174953,1107.10820507292,1086.76569632955,1086.02431893496,1263.02013308511,1067.38039563877,3513.68469783615,1069.88799362097,1129.44495753915,3835.69982631457,2933.36397370416,1073.19973357472,3560.55723370896,3289.23680879093,3355.8471439896,1148.89727121812,1359.92097714489,8095.23179728444,3225.01186284725,1324.49088841209,1078.10111965303,8500.15875607647,7895.3718104403,3949.68701817417,1120.06375944101,1391.64513267453,1100.65704557204,3458.9187744121,3323.75642938236,1070.59214068385,8197.23045694325,8066.52115905619,7965.90450270856,1343.97362188362,8047.85177633944,1199.94646629596,8203.82124082319,3427.35143277075,1073.07460393602,8220.20685457753,1153.7451666524,1087.69911461978,1092.78036834681,1109.23470064645,1351.39792927411,7944.39214362056,1140.88502048521,8019.01270894181,1179.32366593312,3485.43588068596,8412.94426147474,1288.24631822792,8327.59596589585,7992.78387131407,1197.93788704776,1118.23700574506,8085.67598979513,7854.50237858848,1122.72015101349,8457.22490839798,1419.56038229576,1152.69444986065,8272.76965085729,1087.35468738956,3260.01575658722,3255.648426762,3076.5157338453,1090.90961864883,7601.13503428715,572.239771143327,7588.32658823994,891.305163353328,1146.41185959831,753.342245997255,7701.52967420716,2688.52554669217,931.476605745977,7582.41286573132,726.977653134777,2856.48772846646,7577.07393342943,435.658839936251,7901.77682558584,2794.6648864891,7484.44984434307,7789.34396086341,568.142241849499,526.783597688497,566.290400181174,1139.95530423123,7622.86856812211,500.638445279884,7671.8630248736,816.904002070918,1164.21188946337,3062.46383059708,907.164832478416,1581.03410109358,870.739726604684,745.65106725431,742.383105163488,2591.76391810903,940.991784821313,1108.09870107235,2641.7612744723,569.990806512599,757.702996788822,993.537765955898,1503.33533014854,1067.7234083506,7824.84475509317,2610.40271168202,7569.09784089689,2831.55367304438,738.764081351748,7991.17032448682,718.213772774159,2170.96001125726,7605.32292185041,461.289212112175,496.524677266316,2465.6491251861,925.023274058528,2808.12728470986,833.19564294315,603.153011649485,1032.95472732354,2725.20331516752,1030.73122756738,7736.31853990194,1316.43650055156,2761.79791242111,1034.50507659509,696.17174952605,7652.53179100851,7618.55177266634,2805.33577226046,2768.7725611625,704.210393750258,2526.74488479167,801.198452686969,7773.85326096425,819.924528282964,820.797132542259,2765.77665294916,7812.79778859506,360.953011905887,7548.2050665556,3281.60213385109,384.399908451466,7894.91114808788,7547.3127426717,7717.54893616039,789.737551903624,1116.45857359886,7603.6788126357,893.980318025595,7609.57680527054,7896.24112707952,7286.32413085947,2893.37559322379,7840.41987378803,686.258902400431,2962.84199992562,1381.84210568842,581.623972232039,2619.31191033685,7843.22883463345,7654.59903915739,7515.37513332188,730.802400675198,7730.0314629861,7854.24567707093,2742.92109756553,1079.27382940881,897.130142055,821.444083058269,7831.66929965884,622.501980963556,862.34856418093,916.762092512593,1053.83452911724,739.159740082338,1077.82962682859,1029.79922411519,2535.36254109356,2784.65561054976,2685.02023399753,649.340543644278,490.19729704052,564.4526811605,381.624578884871,895.120360044211,2795.1406013022,977.149215431352,2575.23094766228,2400.30594492111,790.700860362717,2417.54223832747,7752.67230954727,2712.59678472002,1081.2150856906,1012.96939394452,7302.75032804238,7421.32286515407,3360.47403540956,1032.69605870269,7938.18042960712,2263.83032827523,7818.69228769448,7519.18445113454,731.166425801668,814.462401228929,824.210521389199,988.911412250479,876.080203951966,2847.71805996551,2531.92467295052,7503.57216974954,309.350413778449,406.445671266588,807.393009701547,687.644955490636,480.200220857583,405.234212900496,2990.84906234849,410.613976164289,831.322692790185,3789.71780267731,8415.15398645166,8235.03872162733,3647.41388655028,8078.21935855803,1251.81451355249,932.637747504275,8392.0974173261,727.736288091989,743.951532872056,8364.41201580089,3695.36683487374,8323.01960931288,907.08023598788,884.669658924963,687.74924914743,141.915947751184,4025.23851230541,455.419740904645,1236.64625877879,3953.95947625546,8429.40307045173,475.484299316969,3629.72079981639,3976.07315025873,883.224815245571,8255.11387058662,597.356419133975,3685.32940333597,8340.61201121531,3645.47721917501,3733.8131916879,3595.89420949351,610.421349620117,8156.1344774045,374.587794610479,8202.92024910307,8245.40249909772,825.039506515945,8293.26579405065,8418.50117394598,8353.64140421412,8420.83613347018,803.171452081675,3692.54409798757,3628.90310182009,801.734777702317,3679.87858100263,8292.0237312434,8162.25982166737,8220.98302788774,8280.02859217369,3711.02145346956,923.817837068167,3559.25931186475,1e+08,707.121026943429,8131.70740396524,4065.78625885671,757.874341835212,741.021315168557,3498.68254438202,1149.80670865431,878.558479838324,1016.04959532657,1394.2816989013,807.130933822816,882.12793326044,8096.91796178528,3793.73232812299,765.990273529974,3213.30748330742,8210.69855337852,1198.80957316372,3725.71184571852,8247.97658942014,3322.50816032154,3755.30343301167,8294.25537233906,3702.58327723909,593.872622175673,4248.68221630537,680.198346942949,8592.36481105981,732.016975884568,3506.45929419585,1429.56986580015,771.168949678177,356.214378923213,8320.20181426138,8290.05035167907,816.226378118587,3691.45638345482,643.033338039454,8558.17031372957,8751.25828930108,990.079532235861,3853.59441750447,1433.67992749779,8112.93645985296,3855.23122393979,746.249790392664,3834.87363758924,1231.31743076396,3856.32347379683,266.789008083544,8264.87432299454,588.933071682342,808.639326292162,3648.82821296822,879.265508662824,8263.20448894537,8178.56051719905,275.054079935515,3628.17417423601,879.773157007456,3743.01298667356,4015.9284829888,3815.47168424113,1036.99393904564,8226.3266850674,8095.1024426266,3600.85770815754,3758.11363429541,3772.7151626252,371.297987893305,3864.87369715239,8401.99314386821,1501.23334083758,3608.87697919096,941.383213663963,8451.5538089164,648.367972010554,883.062027846728,780.494672600657,8295.68257505697,891.779702475558,678.206735284664,1023.99944787096,778.325893533919,8056.77647912452,838.020260407929,539.632575646218,1488.07050257027,8330.95438650831,841.486002898487,321.173590445241,3789.04841329918,3555.8556283177,1538.86529405639,8278.83228034849,1158.88836729343,985.801862439135,4172.52785028332,599.701535110243,871.42730584684
1042.62984273205,1127.20601909754,1739.08331643453,1722.14850911644,7228.08112220309,7389.7915506386,2022.2095333798,1998.40269605739,7278.73027054565,1290.77153138433,1824.70105623129,2116.84826912399,2251.82487865644,1139.39408376792,1282.93028212259,1646.56895171252,2509.26483242178,2038.1924254379,7502.04206166194,2000.52955501479,1790.45463422382,1152.57099492057,2063.06884286822,1269.0250444052,1121.40521180072,7142.28044062814,1132.15604804385,1810.03457846693,7253.46742251975,1160.07617404973,1084.63014195736,7395.71795872848,1308.33372055435,1031.10566807775,2217.78517159868,1912.85925886095,7164.39688283106,2176.01936014949,1035.03513336944,1219.25105002843,1032.99737036852,7486.37169104069,1230.67485578546,1254.14378173511,2157.28159510126,1175.61693618022,1276.75036365457,1728.65433101339,1055.46678764695,7208.93216598444,2193.33267244593,7165.96504084283,7244.18995673946,1063.10178695964,7339.32217714738,1218.06974167441,1218.0897620366,1086.05439127933,1185.73334015146,7381.07168868726,7265.60748005027,6949.68233410378,7303.76480609792,2484.24731896155,7408.1855124738,7484.89741252305,7362.05950557017,1718.93017117741,1156.33108139435,1117.51363368138,1022.67793638334,1108.6956477034,1043.85574847933,3266.06194463031,1072.41864696278,1029.39810053661,3587.25685054093,2688.52175637524,1083.95651562329,3312.79219640406,3042.43513240267,3108.77517768757,1037.61909521654,1183.7102473938,7845.7617972318,2978.49531377345,1155.31978741092,1025.79704766269,8250.77391282179,7645.86062992591,3701.02787851831,1026.22029167746,1209.86194786618,1022.0861358349,3211.47399628734,3076.81160667266,1075.16283912182,7947.78173670865,7817.04519770271,7716.40776527461,1170.81545022548,7798.37194602374,1065.90818471567,7954.37390055412,3180.01536086937,1030.10819553865,7970.7629474622,1039.94154636679,1022.34860558716,1021.82606267866,1023.42114451347,1176.79617887177,7694.89098972113,1210.92601938716,7769.52691423593,1266.43540932466,3237.90329320687,8163.54095035635,1127.36181234711,8078.17463458953,7743.29266540993,1064.66293802617,1025.67613351954,7836.20400413276,7604.98288076681,1182.54851378998,8207.83096800292,1233.35733156688,1039.43013845829,8023.3367782978,1022.40917306022,3013.3406767124,3008.99270975747,2830.76496113195,1021.94358577874,7376.39060729546,778.376499282488,7306.99295126666,730.155787731266,1080.45776215537,591.592442847377,7460.40092693922,2647.93668664012,983.217129002574,7341.76960607777,620.526275822868,2556.73370473183,7333.46674711616,725.760223904176,7650.99445573938,2608.23415694165,7251.39092263209,7502.54740080092,810.462204509295,888.982363099952,691.653227775839,968.929689181931,7328.85025598245,769.131214459251,7401.39064165316,944.035535864811,1022.01479871225,2759.49550400518,763.779322813297,1751.10356976728,977.652286610003,754.396533918829,610.672840351171,2433.48018582955,1243.85421216005,947.28097958816,2428.64735707295,717.765747348085,712.243163116038,892.180174627982,1499.57267424582,1020.02499583771,7577.74566185086,2326.39478245767,7313.9254214003,2514.78662322458,809.021124738056,7746.98117699517,701.186457369591,2152.97192871555,7400.16871400467,664.89456023882,748.589703877916,2157.46757448623,838.902815062602,2641.78443528129,969.730221648554,719.206666458231,869.92826500706,2602.00898048291,901.660781054958,7496.44668305953,1108.33039830492,2472.33395670582,1396.26820832784,916.227067384681,7433.23474754619,7377.61258305302,2510.05656487979,2624.58697637981,737.229714567541,2366.30739889743,759.168692224274,7485.41868428755,893.363296581789,766.914557266056,2547.04127807573,7534.41971590077,703.33788834947,7306.13767440987,2966.80532260464,755.630555357429,7645.18944268898,7328.65242477171,7419.3155966641,786.572825778031,1171.23515552819,7375.45836725224,824.479752699916,7358.62462119652,7615.78981284414,7003.77806441806,2637.48758948676,7617.77166439221,1081.81756751724,2680.08062269235,1463.09364901575,980.454176594467,2490.51045608326,7569.73119327051,7422.00598247288,7334.4364775223,612.731561347758,7493.13426310927,7640.65470325106,2588.19014169516,916.458635203877,756.037375978027,896.569502863728,7591.46471907055,601.144750576715,708.058176502309,821.940397960182,954.911249840261,675.696469056449,1106.18717516025,987.694222972238,2362.1575813817,2456.97192077448,2388.96378084218,836.028059653965,705.619493295717,751.685273976757,730.453764613093,761.61416462173,2537.48930277854,863.964765188843,2427.7716868216,2286.28259193931,749.804405933565,2277.81653501468,7546.35590317048,2553.54481264806,945.728636624568,947.02799703729,7069.63943860464,7216.62569225721,3070.85045938622,1001.92660994731,7694.51769820942,2191.10379400242,7534.11783274277,7273.59613116297,748.584627534117,648.959245730864,861.258652385448,1366.25058924414,804.525438498084,2609.15479107483,2356.49056167917,7235.52089253738,743.662201228921,748.69453035891,861.214539546866,743.712546324641,724.148547545938,779.95738759856,2833.331408281,709.836497972934,670.906321537183,3721.00528700532,8270.42241947333,8111.03218955656,3586.45906286804,7974.45077755685,1255.5100063918,1151.6260960898,8273.93835152288,277.773723655943,258.182824712141,8247.19159969989,3631.32274802948,8209.40719661034,922.955253622796,1081.0208915078,885.276639408351,698.511445959492,3954.44738947625,819.641357482448,1203.86101500389,3876.71098271889,8303.92659557357,801.856018456192,3613.18901747208,3897.62666198518,938.383182043294,8133.5757465569,828.638168035765,3597.18100746748,8212.99718832462,3571.65743726449,3664.67352486899,3539.81037302712,841.593074513072,8042.51382695346,822.381328386564,8078.93179865414,8136.66144514087,946.942309042829,8174.79456998053,8292.93012592236,8231.60350307122,8284.48988109841,918.320824024919,3610.22909236705,3584.73814726989,951.573955680101,3600.33431655412,8180.41451046235,8046.56748774149,8110.00319433137,8161.82372222994,3623.48967912941,606.850224465608,3515.6183081096,707.121026943429,1e+08,8017.60798656465,3964.31761191568,149.439648549496,916.298268257305,3473.02441852213,1134.64854365498,874.948113283619,924.805029191104,1348.57759757277,944.270729959744,1026.42687753422,7977.59294343096,3710.46993364752,875.644283105018,3150.51780021966,8096.02300962582,1099.48465822663,3657.79139792168,8132.95254140001,3302.19773660178,3681.47504836707,8177.04515687423,3638.10776912678,849.468645657978,4169.56523031753,227.00146679816,8469.22345853458,130.181797022757,3473.22997026074,1441.49818377759,151.191987177134,752.32256434099,8195.89923904288,8170.34552737103,940.467845659095,3621.20562739234,393.061457537885,8433.62938714976,8612.36704390608,1036.72466494957,3768.3822781812,1433.02714051874,7993.75073325534,3756.89491400719,906.258194941623,3757.63564229859,1147.48236951962,3759.60334549196,680.078333837625,8145.94178043592,853.148590919587,308.096617848942,3610.85140605522,587.8056503421,8148.1623760034,8065.29482704031,758.094885218475,3579.04548719752,1060.10409088879,3670.5802636557,3919.41990635646,3732.43478329216,1071.07042135933,8112.87960720042,7990.87442519992,3536.47896104721,3698.33150643152,3697.10863075557,754.451265749353,3775.80265673994,8246.80901896334,1478.62989646655,3548.15973087682,1242.72769422351,8332.72077532008,358.367300660146,576.183032052865,838.217577769799,8175.82212913846,894.726035699492,840.973278013171,895.901242619367,884.868105458374,7953.31730641832,825.309019422302,797.984582819308,1507.49816124508,8212.37233221113,550.051285179619,725.368654312526,3700.93959419476,3517.60869490879,1519.38637105106,8141.22290856942,1129.973085623,768.423578675791,4085.96753599089,838.356575058912,851.309402894908
8130.13768327231,8390.86196410369,6575.61023800766,6595.62540753902,2044.66181929431,2009.07914268923,6254.23772922262,6280.47110769698,2032.17103783802,8695.10086408288,6475.9919676514,6151.07203682539,6006.63199829456,8418.25689378232,8682.53971904802,9185.13618311972,5738.13251983306,6236.69216890184,1991.89837282675,6278.12254138449,6515.54034968999,8446.55726801314,6209.4857198131,8659.93326386313,8377.34858614834,2068.54326281491,8402.14272712168,6492.88307295602,2038.25005014246,8462.14588218391,8281.92644605961,2008.01568564428,8722.78432602662,7795.18702275418,6042.78839282614,6375.78964886876,2062.0647849111,6087.39269541346,7769.30690039006,8574.90833057701,8076.16359201216,1993.91870760053,8595.06534100699,8635.23118430325,6107.49442839897,8493.36358382074,8672.54659682681,6587.92307414004,7673.19681893542,2049.69755345487,6068.86953846936,2061.61386888666,2040.55816184181,8213.63644854733,2018.83241121629,8572.7990993316,8572.83488591048,8286.0284921986,8513.00344645948,2010.67525380908,2035.29106819146,2134.06264214126,2026.44633667607,5763.8810309782,2005.83495104966,1994.1151386197,2014.2844899384,6599.44180486372,8454.41200502806,8368.0914498086,7970.47782433473,7513.12037803321,8136.03159190033,4985.2328138468,8244.83137894287,7808.11385713611,4678.17587613016,5555.48938762384,8279.97156259094,4940.13820247119,5203.09461604279,5138.10128528286,7754.32425117296,7351.85009957836,1979.10780610355,5266.03758880621,7408.13162744309,8016.89105701002,2040.9312868222,1979.1744367961,4571.02229920096,7836.80577682357,7303.45380850562,7905.023671068,5038.09569188724,5169.37682704586,8253.49801801561,1986.97423398396,1977.85325158833,1976.80311082455,7376.86399796691,1977.26467463352,7635.52414004488,1987.66456539624,5068.65205914297,8055.70578847963,1989.47599277463,7741.85212385962,7961.97249720639,7938.02584748294,7873.05609063255,7365.15725414398,1977.25506541653,8559.9392006566,1976.70789969704,8655.67383255711,5012.47647784316,2020.82136404225,7468.71568726787,2004.67996709354,1976.57335153268,7639.77678826661,7842.65949290189,1978.64327441649,1981.71782117408,8506.87400646939,2030.58125820579,7262.1796612094,7744.52830121731,1996.19872727736,7963.69359870649,5231.69830491021,5235.97823621824,5412.64820956672,7946.55175393848,2443.41740358434,8573.57624456425,2848.1028752147,8704.36566745805,8949.75640293336,8572.46621268588,2555.91025509687,6335.68516448051,8786.37934869327,2664.90649733566,8549.59524290177,6613.11584346139,2582.50229527911,8313.82846312268,2797.08619904714,6414.95711070916,2640.31077909478,2928.4133046373,8161.28305941117,7914.71558844385,8362.90090975689,8474.69741125304,3005.64626448587,8337.66419949324,2774.49250664064,8597.84726096908,8921.68970468261,6773.15234155669,8702.08057789767,9491.48836710619,8635.52078827844,8517.96821964831,8564.58133677911,6500.51367233427,8592.56855053326,8446.51171934968,6701.31876987724,8359.90868871575,8571.58618716366,8636.67562547978,9424.609617791,8922.78318195663,2774.4553000938,6757.99412172688,2644.66600238055,6553.17888674282,8530.13044840603,2686.91936654842,8353.22315696008,6852.30801635083,2393.22317186904,8348.19514425172,8279.64059330586,6772.33299536606,8776.27193357403,6399.60068798283,8553.63006840411,8522.88735803646,8012.12471320289,6424.07247385342,8502.75301903802,2618.1134369844,8403.06210453433,6657.16569576476,8683.07164640319,7746.70790339322,2484.8425034479,2605.74985025675,6641.85795936392,6499.78679708522,8439.44404772681,6559.68965638832,8660.20006021626,3038.85365747049,8579.38908891441,8691.16890379314,6540.38243885699,2877.34202912546,8330.44073850418,2579.65588618793,6544.1707320878,8380.16666879027,2776.39584096156,2598.39064782674,3006.20374544008,8577.13640302245,8923.12178722952,2517.79095638526,8142.64722784145,2648.4399467423,2967.76057505039,2832.51050765804,6515.69657739184,2562.88311260154,8308.51366125954,6994.3698055544,9348.1331368283,8169.98159651728,6449.98163890785,2870.81960971658,2642.11741050373,2232.64463444643,8566.83443081586,2583.30036210837,2560.56699572507,6578.62616905014,8437.36044110811,8736.04929101755,8589.0368335805,2683.76146334194,8518.41479664854,8655.44585454769,8803.41323107947,8913.3211332232,8608.15232658148,8917.99466807659,8922.10660105569,6656.18545815,6978.61311859473,6701.95411495588,8136.11519148305,8458.53239534645,8309.96796478181,8405.3850343236,8749.63801419057,6621.24765603272,8820.72297737217,6514.4329918768,6633.75643333641,8355.7068364928,6588.06265859339,2502.83969522448,6449.92204983293,8512.49631589497,8886.07763782156,2447.57359218946,2304.21887596372,6703.29126008391,8884.03425726222,2735.04966032776,6829.10035748213,2937.68418172251,2649.51667772234,8543.62620133605,8556.31651681158,8580.84448249139,8562.52499584588,8756.50710409583,6398.27487428036,6557.15237523699,3248.38161893244,8246.61409916246,8379.01504533245,8555.79551002202,8470.54854309902,8443.34654918474,8245.23202553522,6389.71664362387,8413.20289087524,8621.24462031219,5039.50368609648,1217.11398020761,815.854869858091,5192.00100575681,288.973589423671,8509.38601397005,8548.08803740023,561.925513952998,8196.07189843963,8180.14214589873,837.437178873516,5156.44502670176,481.381365841382,8588.41918058057,8493.10344454065,7656.86938637486,8021.08755060784,4840.9174957498,7920.21849632737,7319.57649296634,4922.71193156549,1081.61416661972,7913.250188518,5316.13593028279,4816.59712477524,8550.57236173662,559.287897392662,7882.9873337331,5128.11752787728,859.123290143197,5094.0823380262,5061.71344872931,5252.31218312459,7768.63360132026,371.182470671062,8220.69742851624,787.179141171634,478.212307549939,7674.74570036871,659.832277492835,562.026524203711,369.427593975265,896.622594622616,8433.30341962789,5050.52465173649,5249.45903691127,7685.41490412565,5140.77750535325,594.447684762024,261.474220027386,307.159601463709,406.440877601366,5085.1076073077,8189.51931222243,5294.75370489736,8131.70740396524,8017.60798656465,1e+08,4790.0299076287,8018.94405861619,7734.25774520053,5309.14236252832,7435.39772921812,8573.92568348503,8462.32743753946,8445.94599089983,7773.51260787812,8557.95658930087,873.585909390118,5040.21413093948,7748.20919766427,5529.92701273631,298.838458339498,8372.64908225671,5105.96343231745,249.215610236948,5423.72780859615,5101.44961992314,639.468342760782,5109.20582292929,7800.47039303826,4732.96770256035,8086.42376139217,1079.15711342341,7959.0692251372,5360.08050230818,8577.41493380431,8014.20620688985,7921.65270280336,888.378498303444,465.159759353343,8464.38622825815,5165.34233420306,8048.0812100756,703.129973847256,1182.76046786397,7517.29581076742,4972.28678877785,8619.81283598271,537.448004657563,4920.60838912289,7703.22079070488,5024.60435519081,7489.73979396584,4809.91068842905,8164.99072715784,271.986569852601,7814.95737356189,8124.52316345734,5237.31474748084,8094.86198278674,628.792592028044,498.264678985574,8030.1819104812,5199.01277526574,8455.84125840055,5132.15583547907,4795.06554620926,5067.23954623742,7504.84163683764,488.405259134983,256.257216689568,5198.09762787538,5110.0506458156,5101.29739199338,7936.55967076798,4972.06387876069,1340.42421813182,8480.59121458862,5256.91314701196,8528.46149308864,443.445583186201,7993.52902909204,8172.11882693326,8435.9849395795,547.559957618413,8495.36463771435,7915.78921012099,8391.73585290533,8427.7985861293,322.73715732256,8507.2649083262,7839.05062116493,8696.60263713866,452.303049828026,8230.57424383731,8007.09757620665,4945.75768956179,5255.54474411942,8577.79998747678,1098.85695825715,7502.60125020059,8248.39784701005,4689.18045859831,7760.6855225606,8577.92631901438
4399.80465088062,4622.11225449494,3215.40781037205,3228.40700599859,4533.66978334055,4670.0998926098,3018.51716637142,3033.69590055789,4576.21800175923,4886.86716579659,3151.93241657173,2960.50860312348,2884.06557336856,4645.72958258042,4875.83423434594,5323.17686859101,2758.37354711781,3008.46037745451,4765.76156456549,3032.33012330839,3176.88394548752,4670.17598727968,2993.01920844647,4855.99910246679,4610.47953471503,4461.99110684929,4631.83182424879,3162.54850922981,4554.97435414936,4683.66248055943,4528.67052324547,4675.13142609893,4911.21164631694,4121.65732200446,2902.65556509911,3090.2413258847,4480.41835063425,2926.09722458055,4100.56228521091,4781.64455159507,4354.38073942592,4752.36204137455,4799.23599366344,4834.35644375858,2936.84143538124,4710.71414359774,4867.06282765319,3223.39509438182,4022.76959252889,4517.62851047542,2916.29513186526,4481.72623578822,4547.18354569293,4470.49437519631,4627.33994655336,4779.80509394027,4779.83630128388,4532.17509879796,4727.76249979076,4662.70065809051,4565.17770922936,4303.03893712442,4597.31106545507,2769.43192932886,4685.72345915435,4751.10214377756,4646.5842785264,3230.89471744202,4676.96968568087,4602.5173556046,4266.08337907101,3895.23586395525,4404.77795077894,2545.76240860979,4497.02980533164,4132.21680520651,2529.52588756322,2686.50106361738,4527.00076745755,2540.61806802027,2583.45230124345,2570.02455985276,4088.37792102699,3769.56528458111,5063.05304854788,2598.17342724418,3813.0832047936,4304.75239035834,5420.61816363536,4889.38939632427,2534.44610391143,4155.70761462175,3732.44926244529,4211.84807572603,2552.97103959155,2576.25879426355,4504.41378842863,5152.43861982395,5037.98212548903,4950.44374172955,3788.86017898909,5021.7011321665,3992.52025072991,5158.23102977659,2557.71122992274,4337.22101687784,5172.64033622016,4078.25107668771,4259.01595481878,4239.1494282265,4185.4901814992,3779.82067160914,4931.79454901959,4768.59541009868,4996.58542620007,4852.26487704439,2549.31967921857,5343.01452729664,3860.33888760449,5267.37255335218,4973.77921766303,3995.92786602273,4160.5091500939,5054.70420777706,4854.13371183895,4722.43942707562,5382.37752014088,3701.02533774852,4080.42279795191,5218.94475909539,4260.44561435529,2589.93499700143,2590.93478228312,2638.7967092529,4246.21726347853,4250.90933118494,4439.75035247479,4356.94487748047,4600.51942350974,4864.08152750548,4432.37818440681,4337.30138099056,2289.29639188334,4714.80155508209,4218.56422146188,4422.62360866368,2629.42400276389,4250.63413368145,4221.04110781604,4499.60359120601,2326.37930091238,4107.28994369683,4444.06654123917,4117.51166880136,3745.7215163073,4288.17320374116,4584.0627925488,4292.22879557682,4240.53409024499,4352.47006180418,4527.93306393244,4836.53140002668,3005.11456952815,4566.84738025568,5399.07112302164,4596.17703986269,4449.12725278416,4453.44539014007,2439.33682184482,4559.60944725396,4545.88095584253,2536.88643735179,4298.87226789792,4452.71021318114,4610.56729919398,5313.92495644139,4782.52051365889,4427.71487267732,2603.36769303425,4217.99849756558,2480.91314542669,4453.74745992165,4576.91761454991,4320.90620736149,2782.08479454665,4186.56093395307,4250.00986902429,4208.62883782563,2589.42005276323,4668.08965485728,2284.61249858395,4523.01562362196,4419.85973329432,4224.88233384876,2288.44134147032,4580.76759285188,4359.26933829581,4649.06033180094,2647.21432644822,4710.46444923418,3721.49971745665,4314.58507005942,4288.83705342655,2534.00953043634,2373.45058533569,4401.75407379632,2497.27092948779,4560.78836640577,4466.05842313202,4542.62714688594,4594.62396872667,2429.90591115896,4453.71687752569,4240.86399249801,4211.54071936909,2903.62814911262,4235.99916243321,4520.18706338004,4206.09762088184,4477.58043010549,4493.91037742586,4844.58744466315,4195.72763465304,4244.44650140481,4246.927038949,4549.98102703529,4064.62855121138,2475.85835672847,4441.68895814112,4201.43331253632,3470.04839080379,5189.70699823536,4042.01313020998,2333.14816868226,4458.22865644712,4283.55016164768,4125.22338007764,4457.56000739953,4348.83972695855,4431.12259642919,2422.26929860122,4519.09256771851,4629.49052277154,4543.80453734513,4434.22240136111,4419.23275785455,4528.91457021945,4645.48421935041,4793.9177480085,4493.96187664806,4819.32034656434,4799.55504037709,2491.6429559562,3036.90755898391,2616.68292975216,4123.45646492259,4325.17269051381,4239.08825702006,4272.41125383693,4609.16366706398,2492.76912557245,4668.96619297638,2366.88288183688,2541.32380776722,4331.56667787916,2429.28221982957,4348.46720734304,2331.54873856036,4595.34795595072,4749.41781266485,4000.6400824753,4065.15266260857,3396.96871087817,4750.48145997805,4547.23498040224,2735.87918958434,4464.23050039151,4168.90472218487,4439.97523777081,4470.65608481382,4541.79865366064,4591.59131724382,4621.86000340259,2335.00338524052,2517.80121127074,4480.59956163863,4135.41321389629,4223.62100413547,4465.38347433137,4396.95449322831,4303.46327386006,4129.85707829172,2279.7992576355,4282.1091856227,4531.33463094109,616.098456292698,5061.46631337,4835.51827170493,1069.95909451701,4719.34963857318,4659.58666957106,4551.56794145416,4951.54253214454,4089.29273945239,4125.89333173685,4936.70224626592,1248.20636879453,4898.26025209383,4535.25680197958,4515.23198902554,3585.29710223536,3946.74171733261,728.37200331101,3885.09890483788,3573.05945649162,505.720869691292,5031.76802133406,3925.00444382629,1768.14030834317,586.056345280075,4557.73576527091,4863.03079212006,3923.01025921476,943.994141282985,4942.62360462971,987.25312955379,634.471275910401,1378.27669614325,3681.13072469075,4780.42264889576,4156.04299601487,4818.81869271681,4830.08993243494,3764.50398702728,4866.55223617707,5048.76690950408,4966.48939818217,5006.56743458607,4408.62296801176,534.167190938615,1532.54593022166,3784.55560577763,858.864621127638,4862.50428036983,4774.01875241424,4850.01579493365,4872.04070424856,955.650542129426,4183.74803567277,1414.74841024201,4065.78625885671,3964.31761191568,4790.0299076287,1e+08,3971.1326192058,3791.8272645869,1573.64816305998,3702.24023283319,4513.79408344149,4469.80717098205,4682.89169155823,3649.18869246364,4541.92624818374,4727.80585762159,821.922825754092,3866.02662094432,1435.22274506912,4824.57843694371,4483.64864443742,1270.646684139,4864.84900031066,1463.5096051545,858.856316456562,4872.90071477005,1197.50408765561,3790.06861887421,1286.02108924962,4001.13374253921,5055.89031906849,3905.30987914557,1554.30507896725,4821.1389716941,3981.85830070463,3892.27547584695,4917.72343765564,4873.33082403347,4411.25890980637,958.894717955175,4012.61591433058,5127.14817549879,5306.57977484761,3546.31839194079,691.953296351978,4841.85931661679,4766.53891558845,811.338910025009,3649.978856861,591.066527021222,3884.4542050901,481.823418523599,4100.50599962189,4878.87133412475,3827.01161599625,4068.21974318074,1608.25002487248,4104.56904912465,4869.72895921953,4775.52207141547,3950.61573441072,1359.3139716692,4477.04255480217,817.68664873003,339.507852380324,947.853506878989,3648.11579637164,4825.36338565185,4739.40609097484,1247.022776028,779.432683750466,691.397986127384,3912.1942384635,792.158638702212,5016.21904031129,4787.03435914176,1264.49152891265,4565.1345638709,5068.2248185139,3951.68834082251,4151.98927706242,4400.48808908374,4911.49163034471,4458.34907557394,3998.51771698498,4408.13009401201,4352.47967074118,4700.8247752108,4396.81904059724,3850.31695421274,4922.94140320337,4919.36760848368,4199.50535258733,3962.51527326466,637.425625957396,1491.38477594914,4863.35731016759,4878.08581825028,3857.48949429517,4289.24627952623,758.553553841123,3672.70992395047,4495.1000823619
1030.78664392264,1117.72244350702,1726.33027917732,1709.34377377833,7220.18349464399,7381.9323928097,2010.23086764861,1986.36509723994,7270.84486961152,1283.98002894851,1812.19978912973,2105.09372202834,2240.36393609274,1130.16447151795,1276.03557558493,1643.11114943023,2498.29085615822,2026.25273545215,7494.20866457686,1988.49726436349,1777.85457126961,1143.60256123135,2051.18889161162,1261.94249536161,1111.79610450538,7134.36171902756,1122.7771536765,1797.49130958816,7245.57594378451,1151.25090602577,1074.13629789298,7387.86017986718,1301.76665048447,1017.06318226957,2206.25290129418,1900.60092405716,7156.48364519305,2164.39711610296,1020.88731450806,1211.43922142853,1020.71091964796,7478.53474256589,1223.03899806213,1246.85296531473,2145.6180792949,1167.07649378919,1269.77295244262,1715.86953120745,1041.0158965883,7201.02987268788,2181.74806003503,7158.0521908027,7236.29623573129,1051.98676316844,7331.45118883081,1210.23939629286,1210.25973098236,1075.59832513248,1177.37059207697,7373.21049801426,7257.71892709576,6941.71443368742,7295.88538797446,2473.22975545223,7400.33062762468,7477.06012919127,7354.19386649245,1706.11553951349,1147.4348555344,1107.81848081919,1009.60938216053,1094.02630497505,1032.06242044227,3256.12538086197,1061.58529664084,1015.41203035425,3577.6403406847,2677.83961162047,1073.44468213099,3302.90570156505,3032.23984892444,3098.66013332096,1023.41493583454,1169.11195032747,7838.00284215477,2968.21967628082,1140.66957941914,1013.05632312279,8243.09495274961,7638.05916873296,3691.51249218439,1012.36845842395,1195.32734486451,1008.60251835694,3201.47727677249,3066.65828902344,1064.40842172814,7940.04367624656,7809.28026594375,7708.62154832954,1156.19091776256,7790.60310499893,1051.37526081165,7946.63717236362,3169.98312781262,1017.66078217465,7963.02952223187,1025.6930740571,1009.22288412284,1008.54448094475,1009.75650404434,1162.18332087623,7687.10015197533,1202.98236907801,7761.75199871297,1259.3171697691,3227.93592768161,8155.84541114578,1112.68695565162,8070.46253489862,7735.51218715144,1050.13827615935,1011.85320647605,7828.44306453712,7597.17246125668,1174.13044410279,8200.1438890935,1218.88894731637,1025.19097687897,8015.61386023965,1009.29494435665,3003.10920721176,2998.75577885344,2820.29138904266,1008.71662237439,7382.67141923305,831.767727415241,7303.34647786967,729.207759973444,1069.43724039519,617.584795469866,7464.6565009794,2678.42729307371,1004.70509546378,7346.83025180801,646.580214087271,2588.4431203258,7338.62469872195,807.726471285921,7655.08394227868,2639.94967170468,7256.75360218821,7502.71481280199,898.190228530912,938.417637006548,774.794705172356,1017.08426017328,7326.5728239694,854.813469159873,7401.45062690606,974.062054293689,1012.38129058211,2789.46670207992,771.311439946598,1767.80169934769,1003.22300526853,793.780192109602,640.580831692017,2466.08289256982,1276.21417698659,1001.65536640562,2463.48359278682,801.76681117542,749.421172112366,919.474266417572,1484.60071310721,1028.32890378815,7582.59534389935,2359.12015255796,7316.32156195647,2538.13750406457,847.540661897278,7752.18033258201,784.532283191376,2185.6187656822,7404.89842206205,745.926103667497,833.714239508449,2184.03998765603,842.61170411625,2681.40052521147,993.451722759271,789.266382488584,951.532793711412,2637.91724058642,949.494351693558,7501.10423683961,1144.60382555406,2492.3917694478,1435.48244388551,985.556779798157,7441.61320920026,7382.78667778749,2540.90577804716,2661.27536149937,812.625567762659,2396.14667252145,785.826502361386,7481.38066618344,921.312387825487,781.851114015767,2581.14770337531,7534.76338290749,776.378590344025,7310.74609552768,2991.91265885722,824.459036572873,7651.24429318992,7336.6074402702,7413.50641014904,810.478436821775,1180.27228229337,7379.32222778745,916.051823012057,7361.06001773108,7615.58376960448,7002.89196142275,2672.60872746348,7623.04563535664,1106.21254202671,2702.22641906035,1474.03977684076,1011.34541531805,2526.52801906968,7569.70889444604,7427.62785398916,7342.12112749852,647.928730605418,7498.48108452174,7646.61298146771,2621.7689472868,969.573627811571,754.874017534872,925.845865289793,7596.50860562522,651.732038351907,722.789553963602,838.755667703429,959.629648704625,702.108426896334,1114.03509841026,990.889117709033,2398.34553423327,2475.81594486222,2417.85651744935,926.762721545136,776.020288547228,841.572674795074,792.096304168361,763.433653910027,2570.13799383635,871.192883276018,2462.73702942311,2320.80032964736,835.170567694623,2312.6918443786,7552.71235091493,2587.09708884502,999.63333655776,948.359553198886,7073.74674541662,7224.08564153863,3095.14839550459,1010.62547962158,7700.25319971984,2225.43079212437,7534.06599390823,7276.3988805102,790.189728682774,659.825483820392,886.921434090867,1402.28338312628,819.291476666536,2643.54416116158,2392.86331284571,7237.51968141732,820.395133099972,818.860995734853,895.550822866612,779.844936267621,793.974859575475,861.189052506797,2870.59356868181,777.508463231172,684.86554311524,3731.58696306069,8263.68336002221,8107.69383797257,3592.47426822577,7977.12310164668,1286.23447556251,1176.95025759508,8273.82184383681,283.371718647282,277.693580485985,8245.12651754124,3631.90655216015,8211.35638743582,942.346321866386,1111.98415469218,928.498691043473,746.072720639849,3968.74826659424,882.29870130521,1257.06940497037,3887.46543831918,8298.75415675304,870.281035481815,3613.13334198497,3908.25490483649,962.150130584244,8131.96590083383,902.298093378062,3598.39085040655,8208.35149400002,3573.75379577303,3673.44552912811,3539.59492847564,874.507870064008,8045.80629379031,852.23478584175,8075.23840956822,8139.64586855257,1011.2960447275,8173.33369343895,8296.46104774574,8231.8608843917,8280.1054411374,946.92131474837,3616.71399458161,3583.63970419314,1011.78483901712,3604.10057563713,8183.34901018959,8047.84103342038,8113.38003762552,8164.48271661888,3624.5716311752,602.249387237777,3517.18938940356,757.874341835212,149.439648549496,8018.94405861619,3971.1326192058,1e+08,979.962802119327,3474.29391498114,1192.54654911581,893.913644096163,932.072969378455,1384.62241630122,951.595848607619,1055.19910139098,7973.87047346225,3712.98876877896,948.953414048657,3173.12226475021,8097.61022087949,1123.52862651307,3657.63144004436,8134.4313331812,3307.65144447167,3686.12330739678,8176.31067177455,3639.17566950656,904.982454978366,4193.85292712493,300.853734861778,8470.33517691787,163.245304967046,3473.60462082455,1476.54480918422,109.492410559009,814.271063985856,8192.06333558531,8172.95481690533,971.928640727345,3624.92382517456,426.498308029703,8436.54648228064,8615.19433121631,1083.37827103271,3771.72807080303,1468.08384564116,7998.00150988787,3758.15886603748,950.646634237989,3763.59200146637,1192.36628966006,3772.09596601319,747.887345788433,8147.16417781646,913.882810714529,305.477745682776,3610.15165282418,580.428428398544,8152.17603208775,8065.09890303552,797.485028203724,3579.73067830389,1086.11673064858,3675.96265986568,3931.34025424852,3733.40837945754,1131.55969356801,8116.57189599837,7994.02933800208,3537.43527791637,3710.71344920357,3700.71110599075,816.281981357081,3777.31489641851,8238.1260112085,1517.13089190561,3548.60433745629,1277.21050184193,8335.71773588501,389.148341090599,581.949712017658,866.576039528051,8179.410635188,911.481315000664,916.764751976346,904.527741268261,918.795447813928,7955.20403799075,855.754464501184,863.776703496122,1544.29341109721,8214.51674382554,537.769874245238,790.28609306625,3704.65198604191,3518.31259287995,1557.35037213887,8134.88735433035,1178.29911948832,772.130528351975,4102.67387850695,877.894736575868,868.412774922184
1164.31639091415,1276.53672121588,1658.12942600121,1642.51071860456,7073.54586325258,7234.91087418131,1923.69177075424,1901.0991813665,7124.08495512374,1459.56166553571,1737.62131413022,2013.86822438441,2143.34203683413,1290.99180055502,1451.13637601656,1828.81746356181,2392.40836415438,1938.88122412924,7346.93149152068,1903.11594439481,1705.72506847144,1306.39233102533,1962.55602452738,1436.13900145101,1269.57518501282,6987.93565993725,1282.43411984609,1723.94588378329,7098.87678367777,1315.07227422537,1223.77555995582,7240.82494750638,1478.35560963362,1102.42084762701,2110.60553765858,1820.26740877616,7010.00250867009,2070.5138550416,1102.01764468779,1381.751413451,1147.56413741081,7331.29274714393,1394.34480474692,1420.00192266036,2052.55561967691,1332.86176867651,1444.48027264232,1648.50653239415,1106.2031940785,7054.43897263626,2087.12278951399,7011.56716344953,7089.61950560942,1194.86832001235,7184.54745674788,1380.44486816493,1380.46701793435,1225.61829323994,1344.32385844921,7226.20920178139,7110.99051266309,6795.78461331313,7149.06573037385,2368.10531668211,7253.26662505482,7329.82145173758,7207.23684682357,1639.54673988154,1310.74873841083,1264.87203142151,1122.04302121294,1132.72631388849,1166.2915343491,3133.94086278432,1207.65259966733,1102.86523828044,3451.02051053393,2567.04465320268,1222.90151864748,3180.01050646953,2913.83171456858,2979.06177531482,1102.081139894,1182.67261526662,7689.99320451999,2851.02110415153,1162.74392591016,1132.03147175905,8094.30856620565,7490.46662061221,3563.54280167502,1104.42843268812,1201.82827726529,1111.3142263389,3080.15510936658,2947.62548424296,1211.33119136453,7791.83012287772,7661.32909075834,7560.87906696763,1173.49682669833,7642.69020172674,1110.27395717228,7798.41064179301,3049.17446566236,1141.85781683274,7814.77083144423,1102.3001328164,1120.42464826261,1116.22600054603,1107.53508088174,1177.7285127323,7539.40307665154,1372.5256825871,7613.89861601557,1433.3375470774,3106.19179516787,8007.21913277526,1144.25079583381,7921.99663998446,7587.71336496082,1109.74649192764,1104.84477947354,7680.4528323365,7449.66820468355,1340.72466909125,8051.43585091188,1219.57336418454,1102.24042440207,7867.252984467,1120.74678201201,2885.24357201563,2880.97233365038,2706.14998325393,1117.6600876505,7226.70317517114,1089.41156523181,7200.85189344482,1270.14994597954,1595.94566130544,1182.15696535034,7326.36095446187,2561.17194995255,1385.40550081554,7222.01624141048,1214.42167744978,2630.65373272036,7207.47962404127,782.558123296593,7532.21396800214,2661.78259442135,7122.81780870945,7412.75545050276,614.387063497628,674.077573271618,825.982465450959,1060.69744694644,7246.11374054337,783.468668149439,7293.27114528603,1289.59016973128,1545.51258570457,2730.67234043588,1261.7161678164,2050.89597868314,1323.03309901659,1192.53866699469,1179.10129180871,2467.80429626289,1407.08969060027,1018.11103227558,2514.12614708952,810.60822149331,1215.43606798399,1140.54494985878,1947.03710156324,1432.59393026871,7460.76247914157,2463.2616857452,7198.78029836656,2660.30344025313,1196.01434957171,7621.78424307058,801.824450070374,2107.50724047222,7260.04012943918,847.353393988376,720.859154934314,2327.50811349794,1373.10150900529,2639.40001831287,1298.71971661284,977.509119244813,867.444079115257,2586.39552517793,995.1906386431,7370.86583545936,1264.40002479027,2518.27619660136,1468.62311985241,227.883099332011,7273.84757658257,7253.1549886401,2642.38864220155,2633.91452190676,870.104782329064,2413.43953321441,1259.82256891867,7392.48659625136,1271.44659248509,1268.17102989702,2625.44981518028,7430.18025226898,813.906546703795,7187.14966488947,2912.4557269863,921.121744337866,7522.56449551796,7172.91458744764,7330.12089098007,1248.76496834642,1583.10338916398,7243.41364859348,724.823050344412,7245.62462374064,7519.13024596934,6907.05126113814,2717.41300871137,7482.64223815906,1083.04797270069,2562.20099806477,1871.85504986547,959.511274787923,2486.643902476,7472.95263388543,7294.57686697421,7161.63928491477,1181.63583674636,7369.61516988065,7493.14968251183,2632.38983181291,987.235828196379,1298.30520713409,1272.06509982337,7461.97890313111,1033.8318544566,1218.9163318307,1360.44650437283,1440.7641119212,1207.87987120706,1535.34598439932,1474.25602690246,2419.73045974388,2506.25929838048,2522.01072512621,576.799924463129,957.928101787844,754.850972870111,939.523062062683,1333.33952830237,2646.58478810313,1354.90240290826,2444.57122929354,2294.13279808321,805.509454266959,2291.2883161245,7391.08664668758,2585.99006518948,1041.38355075908,1465.19884379038,6928.62821138775,7050.40008745731,2889.06856267329,1486.68595131613,7567.63036680717,2187.37179642686,7440.11265121651,7147.09126614735,1195.65971770589,1244.08459821272,1264.36733186875,1429.50924328232,1335.0562884479,2669.26149219234,2406.93737386423,7116.0493317947,747.547829344072,931.645530242208,1268.62931890563,1163.85104305602,972.577370519133,715.909408221489,2838.22880365922,939.447590407278,1169.14504130052,3517.17717437052,8004.24589074095,7835.1168828492,3408.78917085011,7682.69395732801,1202.38095401041,1382.34353685601,7997.79267650326,1014.71588642728,982.527752969482,7971.33034357139,3463.90430427411,7931.02170932368,1350.55928679729,1318.348420823,525.843164444404,688.693546135841,3721.32071677929,383.913483007273,771.539212597604,3675.89085929203,8030.35949139495,341.569903615368,3407.69447607993,3680.5707750349,1311.85839431876,7855.0142088348,318.755438522362,3458.55243391141,7940.28596289176,3407.14513743367,3471.62078521472,3372.18742121083,635.515003287034,7766.60757635225,930.179919866763,7800.0428187546,7856.40555358868,226.695243024595,7897.35941667445,8026.52537682631,7958.32112403874,8018.99940652509,1248.74132919946,3441.42312840133,3398.5940983231,159.31567128402,3445.95813618515,7903.46836662329,7767.44708648755,7827.03850659277,7889.45057224144,3478.26856189299,1008.0950975949,3336.0148337641,741.021315168557,916.298268257305,7734.25774520053,3791.8272645869,979.962802119327,1e+08,3268.93267560468,716.823469162206,1341.14785456814,1162.00509935942,1233.64371120525,953.835247150798,1341.69605982577,7695.19978859546,3561.6303919757,332.0273423067,2953.11161604074,7815.33117708598,1122.55385464335,3492.49001774803,7851.77930245901,3094.5634472608,3516.74574483037,7899.25633576187,3466.17407369387,287.24833524072,3843.93581125368,957.569176606088,8214.36590421013,946.169921381648,3294.83227169075,1308.96453549807,996.638604656972,447.72014275459,7920.05751185695,7898.98401653942,1278.92671573055,3461.83530782858,951.813960505135,8170.8336658421,8368.90282709959,498.361893115617,3604.65120269954,1336.37454591142,7726.3913443359,3608.21225826012,466.246447157982,3592.63408917322,988.334358692691,3531.483358132,717.183712495899,7869.65877227221,204.670730995548,1007.86048245748,3420.88361196353,947.639676577486,7877.51533225879,7781.98630309962,726.392383106029,3398.14371937113,1298.80578692148,3505.04859557252,3701.69178164553,3580.49445155193,481.600633226806,7838.46214964102,7702.43083599642,3376.99164312764,3501.04624132518,3540.85121386791,449.698655777332,3626.53407913595,7997.16893232148,1313.16931317074,3386.45588397549,1372.78905951172,8058.45483508293,953.60603153062,947.308388614292,1230.61385703217,7907.27114782519,1301.33004500983,380.872017790972,1101.56452762746,1249.72736619359,7659.6758793773,1310.51911286739,280.286726399314,1388.68519947678,7937.60589319191,1020.1375058899,580.91827888916,3536.46703511437,3330.89322624937,1380.45361682298,7876.26185606633,861.452546729726,1034.23303276159,3811.53907374289,581.724960525174,1331.98786227896
3694.79392564067,3902.12286668525,2687.23372662302,2696.54301767575,5162.72995995492,5307.66660908789,2556.46522790817,2565.74595269671,5208.01531637509,4152.42786016625,2642.85190640702,2522.53919424798,2482.20587052842,3924.3151537499,4141.9355231531,4570.74142949646,2430.91897309083,2550.40409116782,5408.85263069569,2564.90448995962,2660.07661456601,3947.31680556493,2541.23961400418,4123.08464565202,3891.20286706318,5086.25505143643,3911.25243465035,2650.14400718803,5185.41497146444,3960.01916474659,3814.61691261079,5312.99733663995,4175.59656903155,3440.30988189764,2491.49507155378,2601.6226479603,5105.93823942959,2503.70337864072,3421.2847741148,4052.56651530483,3652.82019818502,5394.69965170007,4069.22879925039,4102.53440307825,2509.47214329383,3985.5249882604,4133.59739540218,2692.94536119657,3351.51868410813,5145.63590167603,2498.53392567828,5107.33465220182,5177.12168197037,3760.39286419838,5262.32357001874,4050.82500627153,4050.85455060937,3817.88991378482,4001.61726144464,5299.82558943235,5196.27239123925,4915.75434944408,5230.43631621984,2434.44652579728,5324.21600013309,5393.36857770055,5282.73947141534,2698.33262450124,3953.71437003616,3883.73270136646,3571.66437979076,3238.62805994825,3699.39820274075,2465.96294137954,3785.1000521158,3449.84950464455,2556.99261465897,2414.68051088027,3813.05774478829,2476.61835333376,2428.01168873523,2436.97015298493,3410.31611804043,3129.4932329093,5721.34728679537,2421.26457694231,3167.02384977566,3607.13237295092,6094.02525917813,5539.13996508381,2598.68884289222,3471.10954470709,3097.7206426567,3522.12319992195,2454.68649006196,2432.40708214025,3791.98300111682,5814.80069696725,5695.09690291279,5603.30010680988,3146.0975280088,5678.04059438707,3324.56744788516,5820.84956122523,2448.76971426809,3637.00226016417,5835.89316634474,3401.21112300871,3565.19485970722,3547.03092159169,3498.13724379533,3138.31129415839,5583.71444585092,4040.21549463952,5651.71409650485,4119.53751851967,2459.98719094356,6013.3911274687,3208.09665950174,5934.66946567683,5627.79262654973,3327.59833777863,3475.46146067053,5712.60760105935,5502.0372080253,3996.59122638598,6054.30712740451,3071.00111987337,3403.16282476121,5884.20118996678,3566.50324336447,2424.70995819886,2424.2496697772,2412.92213253411,3553.48930402543,4981.75159312048,3868.84251924403,5117.68773502077,4089.48391364152,4184.55491695537,3902.14208870543,5093.15792415495,2079.8461330721,4020.85639740489,4983.9531448974,3844.70067112509,3113.35586338326,4980.06861768505,3713.56073747605,5353.16682069579,2515.63856378497,4879.63066057329,5325.10700415455,3634.85115389763,3199.26686313064,3804.67443335354,4145.79562565821,5207.04509369657,3741.80225256454,5145.60156624781,3801.51014232132,4398.29703190538,3551.10170691712,4123.65068019844,4628.11358029999,3856.97945396865,3785.94238983532,3883.33257223648,2345.11219249531,3752.50272556528,4101.4531298823,2646.18337452552,3804.12653372402,3837.21869741458,4177.03316237123,4690.10307991509,4344.28796409559,5232.88176069815,2830.99793090328,5000.45159937265,2886.01959583179,3774.41837823824,5398.20716524182,3844.44427168414,2217.96851032143,4928.87178627207,3742.74641444237,3708.52165304446,2722.13295553849,4052.76319933417,2606.42104720197,3766.90020814828,3915.11164390259,3739.82555615481,2400.40225290198,4086.75962471168,5120.68738960252,4192.97221272524,3137.47431889442,3875.95539143228,3225.96105929508,5038.29423656705,5034.17365886371,2888.51102808801,2604.74781065071,3907.09297614408,2301.14065681534,3939.94158071402,5342.40654878864,3824.55039945647,3974.51766624868,2693.46051232867,5315.50002299485,3713.84366124515,4948.68705681232,3518.85850264025,3701.61357795279,5326.47528736887,4949.3372344538,5355.95159207206,3818.01290934977,4108.29913408801,4960.92282902683,3761.40621515285,5032.07106941746,5421.99743830964,4824.60426175208,2900.0248104716,5192.52445480596,3438.5391799678,3930.6927058404,4517.26940223238,3327.05241179213,2343.54392210899,5330.37688287888,5043.22462794342,4808.54406423755,3895.92239780965,5112.74545176478,5207.26124063438,2523.58071267872,4077.06738709778,4102.62232275727,3828.80228980456,5248.05284808859,3897.70744754651,4083.62496769885,4113.14316124756,4315.34857261,3906.9799902623,4114.06493836091,4172.74999815265,2505.87858241273,3524.00897412857,2908.5537104886,3637.92430518214,3801.88394285275,3750.77877259493,3712.11349049764,4063.6488517371,2824.70528056457,4207.62532041666,2433.20253921058,2311.42924347169,3867.2594265156,2289.01449116112,5106.91121831602,2372.8317126081,4140.73121892306,4129.66054938095,4696.2678011891,4750.45345621112,3921.67419242248,4095.60538941243,5349.81502879771,2275.35473475498,5337.73100918488,4936.60458703103,3805.77779804112,3856.58914602632,3833.33809070687,3750.16743255784,4038.5405323148,2706.2541253822,2371.11520663027,5565.03191437574,3610.46717428045,3696.55404728629,3786.53394662959,3727.66348017734,3777.41759750574,3635.41731899752,2700.09111139495,3742.60060428413,4059.47997511097,1546.44986386144,5575.38189676092,5337.15155405043,1092.56584352902,5202.67149500665,4236.29120373706,3738.4882859019,5452.18506841264,3648.86577692906,3678.53995055223,5410.81546347006,446.965945460883,5395.73822170232,3803.03326619927,3719.31278474543,3050.14324850183,3394.06649521147,1853.93796164328,3359.70259502782,3048.06868021407,1667.011889949,5518.0923204453,3401.9834383327,336.651718212286,1671.92421069056,3808.22959684472,5377.02700826584,3414.70555771807,784.480438900873,5448.90866731109,663.452327205328,1422.38774005887,312.022089242203,3102.66704962907,5291.1271749292,3488.50371605683,5325.7703883498,5317.34944776018,3224.93638066248,5363.86098830682,5596.62355219168,5472.3327259005,5532.40124684605,3655.77619245141,1196.16218251129,233.615004931376,3232.286497542,945.414621223922,5348.39809714751,5284.68882440999,5361.64060766678,5390.56555929504,750.275821719128,3806.11585655621,389.80111998135,3498.68254438202,3473.02441852213,5309.14236252832,1573.64816305998,3474.29391498114,3268.93267560468,1e+08,3177.08598004155,3805.63939859547,4082.33107097993,4274.60534425935,2959.23948095776,3773.15586919122,5211.41423607142,882.882281383984,3356.59568348684,1926.26886852024,5324.14182002372,4119.15545579877,431.470989311991,5377.14070428909,581.046710780082,1061.32616798297,5368.61151569422,489.198443787351,3252.57922804388,2372.45767256157,3547.91610372941,5541.13766435322,3399.64497752398,260.826736237238,4362.92104567168,3492.72750218757,3366.26168032657,5415.52328187728,5389.0617469649,3666.85707904426,876.739097942965,3394.32296017582,5657.24916626737,5863.62092339994,2996.2858342947,1096.12924429678,4410.36688987208,5284.58004380517,942.173315305078,3105.62808245205,1257.96151690625,3382.10376234465,1608.25996590651,3579.56017295732,5390.52076566015,3296.55700719714,3658.90360486472,248.816811419686,3706.99531395387,5376.03363799457,5266.51821238105,3361.3764948807,282.054863411787,3671.09327531402,1161.64769480359,1693.26473754742,815.240008903676,3116.44979339499,5331.06413088796,5232.3914302892,445.715773370604,1648.79950869379,1045.7877920772,3387.25788640584,896.018096923228,5537.22807396665,4332.63149569646,464.090010647199,3738.43630142548,5596.0602588925,3347.37413348391,3767.44107062356,3672.8501260467,5442.98710495226,3716.73427846725,3480.25715056505,4032.87129781343,3636.85711299907,5191.80593500172,3723.14366603563,3331.41118284782,4479.80590745589,5424.40194475739,3786.26291627945,3454.81180756815,1012.41224942556,231.687744446204,4415.25148382004,5392.20065962055,3333.52837593388,3912.87292949942,1980.47563799953,3112.6483074022,3792.91174986453
1260.61249640356,1429.06249448289,1380.42313438182,1366.75379656519,6734.68435430175,6896.07812449455,1622.1497269334,1601.06280709658,6785.23212511197,1658.80888754712,1451.12393777619,1706.99331899555,1830.34597237734,1448.4953987049,1648.79257317117,2073.92308114408,2071.13916657674,1636.36771414543,7008.12036695883,1602.94211270942,1422.54394427829,1468.86462723063,1658.59021022998,1630.8661651872,1419.58341261894,6649.0601947261,1437.02995553084,1438.83814527043,6760.0195854767,1480.20765901694,1354.80052800875,6901.99330751259,1681.01975905273,1103.69290532533,1799.01201180582,1526.28441323317,6671.13054752586,1760.76541982697,1095.16958951678,1564.66714050268,1230.15495685186,6992.47852921304,1580.17842600703,1611.42954245563,1743.68269997848,1503.17630269282,1640.85220722216,1371.99174768596,1068.78599511695,6715.57426562056,1776.59215941837,6672.69545327534,6750.76072276929,1310.96801442891,6845.70541023269,1563.05088886994,1563.07830029366,1357.50372162254,1517.7937915107,6887.37482611801,6772.13540396102,6456.88165457653,6810.21730420622,2047.49027079033,6914.43733160714,6991.00694398167,6868.39895431341,1364.16894124614,1474.56938295131,1413.13166928771,1175.84089915835,1044.54256397826,1264.04158803417,2801.23935074464,1330.71135195627,1108.16685006713,3116.14442844101,2241.79058008543,1353.51499614158,2846.93203914344,2583.31060227418,2647.82160510984,1090.50405345132,1046.46767271285,7351.25508936088,2521.26026216624,1042.75055928525,1198.78108541874,7755.66600671241,7151.68491459195,3228.09063147966,1118.60163378738,1052.25379745176,1146.10161467303,2747.9253435316,2616.72336933746,1336.28106197067,7453.11527425121,7322.58454252626,7222.11241453419,1044.41368906472,7303.94149931803,1060.80556320078,7459.69731750257,2717.23302592495,1219.07269550151,7476.06130733215,1086.77303223116,1171.79976779148,1160.70173345333,1132.75413339696,1045.29511065583,7200.63179251207,1553.22524660181,7275.14354281198,1627.50322295857,2773.72923806881,7668.55533443603,1042.39847133458,7583.31237200654,7248.95254777543,1061.63784646042,1120.81463555919,7341.71257013642,7110.87795642648,1513.2182323797,7712.78279767156,1059.05325365413,1087.56182937233,7528.55574847329,1172.61335512784,2555.05978750347,2550.84017544748,2378.44103598944,1164.60526081234,6959.22639358855,1488.45654895537,6911.72522157774,1578.89127743725,1906.5463806174,1524.9250531523,7058.30077078874,2553.06868916714,1714.75050636489,6960.64098322661,1541.59728339287,2555.20306454275,6939.35740522491,1202.99213722188,7276.48526446871,2630.65617115928,6863.84701605844,7136.05188716515,1048.26339179272,1116.24925252078,1222.16396414588,1245.35947215242,6974.4772291471,1199.28309327024,7023.57514267112,1622.78174984284,1844.46602242756,2654.73641266755,1598.34984161139,2386.6797858566,1645.83973769831,1511.85294210165,1512.16029261138,2431.19747656683,1746.83117865641,1214.9924084322,2522.76891611329,1207.81390501182,1553.92989339379,1452.50509193835,2286.8753735882,1759.72547235949,7204.57658810128,2426.51081990273,6932.87859827992,2623.50750029427,1530.89554532228,7361.4945747903,1177.22274015856,2183.40243882642,6997.43580882844,1244.43408157869,1146.15603190239,2294.21782625879,1697.05586931728,2586.87778567299,1607.39395796158,1354.59334329426,773.638025757502,2573.49158809574,1220.23066490142,7107.18993150319,1170.93915731015,2465.86403165646,1779.84819911705,814.258465718513,7006.46516803624,6986.10248084615,2585.86038729259,2619.5968959546,1241.89459933387,2399.42646210624,1594.26331879947,7129.11028079959,1579.5679667193,1599.55892440477,2588.46054243084,7161.02097743323,1214.22842386191,6918.54833614029,2822.05778371211,1322.66174573165,7261.73045913918,6915.63606755358,7036.88625483318,1581.30488097959,1901.23942966911,6984.52139478373,919.765599758696,6980.94243095908,7257.19561277243,6620.11683890779,2658.60574857966,7220.88708114956,1478.80615773389,2458.34186508773,2228.46909422024,1328.71623001289,2448.75388109035,7211.92137983896,7032.98382543041,6903.35623143059,1507.2380558366,7105.80899784984,7238.56564930484,2646.01583622068,1217.10942092176,1612.72605635932,1588.64362937955,7201.82634592136,1374.30232066613,1544.2241204668,1709.88542727657,1742.04699492743,1559.72043141039,1865.25458118812,1816.40153485148,2412.14192198619,2462.48223356082,2472.75728487726,1008.0534025877,1367.70045221923,1166.17878281296,1353.47235918897,1676.33382660595,2626.19617445464,1692.48735221993,2422.22021120571,2274.44960851675,1170.4162509414,2283.01264133965,7134.77568840221,2551.00643814722,1262.386628852,1803.65954708864,6656.63143564673,6787.3810713652,2754.99977712885,1830.69679242469,7307.51869609002,2236.60536566513,7173.88105681516,6883.10604044171,1536.87296689654,1552.28633466898,1573.18620001606,1749.18584416471,1680.67884518566,2595.18610377217,2336.64678703429,6797.64810581165,1163.01433034618,1339.51108734543,1594.09995595678,1493.51858232438,1353.27346776861,1159.18439463725,2819.64832512605,1338.14165644923,1479.43576576618,3431.78449863111,7699.06418063689,7539.87843593321,3318.89010131285,7390.16604985223,1471.65267143855,1675.74209860801,7706.39165668288,1295.77630600156,1230.7457546522,7680.5291116405,3370.30814967943,7642.14532128474,1647.12286103311,1606.15526520173,913.320257811969,1097.16882655358,3625.12584216538,952.002064721841,211.115984492948,3587.58924910633,7734.02245905817,877.631331592202,3320.16756130564,3575.84858788086,1589.38968467191,7558.82987603028,844.682021772187,3377.52662521023,7643.01887821576,3313.48128132374,3383.49266568871,3285.94834048969,1005.30957170736,7474.26955618036,1298.79371618063,7501.95748532027,7569.59045666808,600.917549693235,7605.69538681697,7727.58317452971,7657.48345162115,7720.39101336754,1536.34636662983,3354.29893111407,3302.95464499253,624.817744049548,3359.61798925898,7615.80150841548,7472.97700288994,7531.98696733676,7597.63848012865,3392.27269541642,1242.2287974612,3252.11300690488,1149.80670865431,1134.64854365498,7435.39772921812,3702.24023283319,1192.54654911581,716.823469162206,3177.08598004155,1e+08,1633.27735289066,1448.11330063338,1412.55086571613,1227.27859309253,1637.38878174326,7400.48466888742,3478.38209525953,657.919863474625,2875.18355715425,7521.77039511576,1373.49923455999,3394.17693262926,7556.63009186151,3011.58250713736,3427.19767007008,7606.53329596439,3368.13746470829,850.486812722597,3741.72348473766,1216.39867484208,7938.64594065707,1160.1028253644,3221.86197054103,1520.30009308013,1188.80624135859,945.787195779518,7625.32279834749,7607.5445720937,1589.72094907904,3378.68999085171,1208.51138159894,7879.74814424269,8078.66547787689,765.538355626463,3505.43803221123,1546.23032657779,7431.90221029419,3501.38207465991,911.95579283559,3508.10682472353,609.707967773673,3425.70366876392,1153.34372301031,7574.24152000269,822.484298812933,1232.26804120992,3328.13855554929,1180.66180470032,7588.70737992563,7489.02847485131,1120.84178742394,3306.65991509616,1587.08721703487,3420.93685564713,3612.39581433671,3489.95963003899,462.809397639866,7548.99834039084,7409.604905178,3292.34915132225,3422.38790517254,3464.73526958359,955.159688308097,3537.27316318582,7697.38394774424,1437.40988979216,3304.37108780567,1669.2167287498,7762.71002160598,1192.48425023232,1212.34027807024,1519.08509467435,7613.78999703449,1586.5250412355,822.562406822821,1396.63291581305,1560.9722277373,7366.94579451619,1621.66986194047,850.891790071886,1606.71501886311,7644.87852883917,1274.25483931624,1045.2831558465,3439.0911941961,3244.08455412182,1520.55347468149,7581.84329910014,408.600815183894,1263.911260421,3711.79140270144,973.298470319892,1640.63607791212
1233.52859993605,1169.84484855394,2341.53737187369,2323.33433128654,7868.18916923125,8029.75478529393,2640.29209669728,2615.48753568545,7918.79294096353,1171.35036448075,2432.88652632437,2738.48100517969,2877.56722730594,1166.54819924853,1169.6361429366,1336.91820922003,3140.61971465788,2656.91976160685,8141.90498163598,2617.70540107319,2396.47513086832,1163.85024409615,2682.76166611003,1166.90370952849,1171.71761789714,7782.46535356116,1168.40605238824,2417.31232048384,7893.55272496332,1162.6729930578,1189.50160312398,8035.67589148433,1175.61872782352,1389.63810775581,2842.58246705081,2525.95073304706,7804.56198540086,2799.57651633103,1404.54650247817,1160.73356251403,1253.53811321096,8126.2485997955,1161.60559323104,1164.43973243125,2780.25152341932,1160.97791026722,1168.37221870057,2330.3331324099,1462.90136887585,7849.05736968037,2817.4151331824,7806.12873864806,7884.28357108174,1206.99666574037,7979.33058231234,1160.66363484247,1160.66478756418,1188.57529386257,1160.36552213024,8021.04272527519,7905.68190634173,7590.03946818666,7943.80505241055,3115.15652020434,8048.13229325375,8124.77563763697,8002.04755661599,2319.86941076815,1163.22956711599,1173.09405258103,1298.77782141031,1569.42072231328,1231.47670519412,3905.11052293995,1198.52341366922,1382.32653248952,4227.64272659698,3322.59271511204,1189.94807965745,3952.08045490202,3680.06043805631,3746.87538605685,1413.33861443124,1686.63381075034,8485.31976436292,3615.61433000915,1644.72159271405,1277.95712839596,8889.97922264146,8285.59546622509,4341.74165301406,1366.4280588293,1723.46299643863,1330.53462901514,3850.21941624442,3714.68908818159,1196.3122632241,8587.25008471972,8456.6284750052,8356.08000932742,1667.88063353694,8437.9717002947,1486.97924460475,8593.83647449862,3818.57397134517,1261.6835564595,8610.21117544621,1420.74578745298,1302.7490389587,1314.18214290106,1347.01206916307,1676.63273314428,8334.5823057517,1160.3247953773,8409.15214909609,1166.43986029098,3876.79872355287,8802.82147315136,1600.78790572086,8717.52917698433,8382.94110341059,1484.22906445545,1363.24139051384,8475.77039134655,8244.75406156123,1160.51895448162,8847.07324853722,1755.41438890616,1419.14971905019,8662.73907667409,1301.94161708982,3650.74181086335,3646.35946716902,3466.50310613856,1310.06922098801,7925.4192694543,608.357258026314,7892.90501462061,796.558951494969,503.03225140001,613.089666943756,8015.48190777607,2948.25013667868,294.01624024898,7888.21895337908,461.066233108821,3193.77016510993,7884.68251393482,885.306158091687,8216.17499944283,3049.28127047788,7796.66042003909,8100.82731264323,1066.99825652543,1172.44317235669,902.055648288419,1290.22205544426,7940.75387377709,918.801397608915,7974.02587450842,253.698283324649,1069.4019811299,3445.74031843144,950.473528288678,1042.92196331702,251.86005072757,250.134972219561,492.242986595339,2788.89732526185,581.736372913239,1261.07622283629,2845.06474991732,900.611586681984,338.79097591768,1163.51932598747,1094.65731406823,1111.44774480528,8127.29928306712,2842.89728660311,7880.78631421389,3105.48196719045,234.998136387867,8304.63530787409,971.28774922406,2309.7164745694,7935.90668108911,811.131104828244,944.492994781678,2677.18362213078,458.104274767328,3133.78902235306,291.983555960046,805.816451719417,1277.258690445,3008.7707719126,1155.39675695837,8041.96201970449,1438.36880791547,3150.761653463,818.943926595778,1333.19368291504,7975.0867854044,7930.39107496925,3059.59339197967,3065.30698140343,924.475607274239,2689.45362648096,365.407903607199,8083.74355111527,205.115976477114,405.736682951947,3029.26668341115,8125.12826266508,833.613129221695,7855.80089403713,3670.35665674374,783.596301886042,8199.23815411463,7867.17387752271,8036.92177104212,223.328743743595,407.19737274715,7922.55279741193,1166.20678555838,7919.86077615395,8204.82461032474,7583.01843367815,3190.69771826636,8152.55226163328,786.486776875686,3453.11081460744,815.719627661753,856.059584649503,2882.89124149008,8154.79771165276,7962.02580378842,7860.00680974096,506.122656497283,8040.47914506655,8177.32260836,2969.56208765729,1242.35369620109,747.966518900615,198.097173628427,8146.16405762514,716.841959948132,916.200551336041,657.062259533339,958.690920163482,454.52105941842,417.266053359062,540.120058531565,2753.40350714715,3175.90225565324,2936.43517258952,1105.59722009479,738.857135513303,947.39358807196,700.778551286723,644.016472192256,3054.99171916756,938.449191061163,2847.99751290194,2596.78382353394,1025.40396927602,2641.56743788901,8080.57008159208,2943.86285535319,1212.89467872512,539.73938047399,7619.66435079367,7753.05211371915,3811.07702946206,428.047011520547,8245.2216519484,2385.83490309146,8126.89086567227,7829.04062304194,300.869462158617,375.460432278635,178.558980853647,817.191414155572,492.233625529723,3148.04680999524,2707.27434988127,7944.29417322399,897.125391612173,780.526150086986,186.824585143539,257.217750939059,741.13453648968,977.963081135863,3316.12466685038,733.78625179284,891.173788811774,4242.1411492606,8858.37689323411,8677.65233281153,4006.61942091072,8518.12640032607,1620.39826176022,468.785392552833,8823.03472795458,915.251466644651,916.868888166886,8799.61208566642,4005.49246561782,8751.54364774453,127.186624303457,470.71839041005,1320.80437252841,967.242033165616,4500.14159353966,1160.26739041266,1720.82829729357,4414.2958330916,8871.69406965523,1150.92733411501,3914.35609296124,4437.39597397861,328.371956914962,8698.59038850437,1208.06684324086,4034.86263115468,8783.7813497793,4001.10725389027,4173.07075725792,3899.14549405415,1214.46799523557,8584.9391591028,739.222578973608,8648.68532251731,8672.33114640227,1389.22549480149,8731.14430326951,8842.95476930246,8784.02477266527,8859.97691493937,268.870345052108,4111.53886902007,3915.36135538124,1374.51225399102,4042.68346169216,8713.92123057334,8596.70198553774,8655.42966223537,8705.57298726708,4058.77368265332,1238.78816506591,3854.2289507517,878.558479838324,874.948113283619,8573.92568348503,4513.79408344149,893.913644096163,1341.14785456814,3805.63939859547,1633.27735289066,1e+08,1359.64017792658,1749.01703014201,1183.26533585059,307.642959467812,8544.06582515047,4154.38004072763,1318.68505624566,3665.76136498829,8645.43953231726,1571.99390176951,4035.57491737065,8685.10164768298,3646.32921528883,4123.21418537044,8731.12008565285,4021.59926692422,1243.36991840404,4760.64800220753,867.790007872582,8990.22999534563,863.642970662848,3807.69487560982,1749.35917217443,895.238939678733,1103.68040833908,8763.75854641434,8712.40968934698,261.88424851251,4041.3232994723,620.502998149352,8974.21643033253,9145.62348165039,1518.86654550311,4235.27771446391,1752.48643656591,8534.70506670725,4209.12818435999,1336.66187505844,4238.57780636857,1622.98147597737,4328.55013782368,911.139502020867,8699.15695469637,1242.04007139516,1021.3326475029,3941.27900559372,1243.59739595438,8681.0199341656,8617.47314796369,949.793597717725,3938.59399612822,484.171401208231,4125.013342852,4488.37291552677,4151.07257755617,1555.4704921568,8650.79695780046,8534.49165882421,3922.17543678286,4210.04793500097,4159.87590058586,1101.75903378022,4228.03016024414,8838.04246320808,1821.96379263147,3917.79074501721,630.57506920922,8882.43020344219,681.058440431755,1213.8757417814,193.255038550866,8718.0556877623,208.52266666747,1212.92987921936,1372.62348951447,263.044598513428,8502.42039202776,217.766683133481,1200.11713992885,1787.04794174797,8757.55409443837,1141.99838170942,1051.588276216,4179.28415876411,3869.96037371051,1841.29544781477,8721.81353997367,1602.8309411504,1328.7913665344,4666.32913075561,1225.20368624676,106.833206730646
1066.5537182795,1051.99436742169,2088.9861742938,2070.86887411621,7627.1452839938,7788.93953862739,2387.1448803615,2362.34516868163,7677.82147181485,1119.17126441907,2180.00689724643,2485.36948593551,2624.62593120152,1054.42760170772,1114.74689473279,1377.14200076604,2888.24945882429,2403.77265285926,7901.24413559158,2364.56234768224,2143.70740039661,1057.72366950567,2429.61976543702,1107.11762498733,1051.07031458683,7541.2970805973,1052.90569424424,2164.47767956667,7652.54522891007,1059.87608957863,1049.7788062933,7794.86888348755,1129.37984951825,1178.84202454209,2589.58737432104,2272.88203365268,7563.42598362704,2546.52484858393,1191.27977821898,1082.40072614177,1077.9481349079,7885.56640610626,1087.67804979342,1099.28022760613,2527.17817454143,1064.89853718449,1111.32117346019,2077.83383360145,1241.46200734623,7607.98591165812,2564.38558375726,7564.9950195248,7643.26279825562,1054.4902134737,7738.4447765552,1081.86990082599,1081.87887316615,1049.64524627232,1068.53989257451,7780.21533877434,7664.69174600451,7348.58388628625,7702.86910348766,2862.7210222318,7807.34258528161,7884.09143212164,7761.1936275047,2067.42112084197,1058.77845325316,1050.54303179162,1108.06551715855,1337.45047995233,1065.47840295902,3655.07794397529,1051.75687328942,1172.80975983549,3978.63081858119,3070.7288171794,1049.84843129303,3702.1982495252,3429.30567524082,3496.33477184328,1198.69568631109,1447.1651853017,8245.1109653567,3364.65397485411,1407.56831040231,1093.59965097847,8650.26596863619,8045.12748001296,4093.08161887993,1159.86113759306,1482.22950613411,1131.61371517698,3600.0107222288,3464.04522450067,1051.17070964973,8347.16974114287,8216.38305983575,8115.70464904177,1429.40446943317,8197.70236555833,1262.73804634313,8353.76434489539,3568.26363797997,1082.98489004133,8370.15942202189,1204.98688392495,1110.92058587379,1119.29100598855,1144.39520729785,1437.68500170782,8094.17883019965,1078.72191651361,8168.84569435565,1105.72871574915,3626.67534713764,8563.00468044255,1366.47811533044,8477.60939912174,8142.60070708463,1260.29350902476,1157.29528189527,8235.5494279127,8004.23181438475,1067.36383394007,8607.30923667809,1512.82588552385,1203.62802791444,8422.75225782679,1110.3378197146,3399.89336487369,3395.49703823979,3215.07423485001,1116.25505515582,7929.81842972158,1012.4961233181,7837.67075194271,783.614617751526,1316.6728375356,927.122022671871,8012.30361061727,3348.18764132505,1285.4001015587,7897.54657081986,1034.22186378701,3051.19347362402,7886.55541607851,899.917848588972,8191.74206365991,3272.36810600965,7808.20303653926,8031.45396859503,979.228557205373,1213.67856819188,815.451104321586,858.093829617325,7842.28595484074,926.497027099245,7942.16058175039,1331.89424843896,865.734984358218,3078.43968752708,703.691534068851,1862.49267003339,1354.33965216864,1198.72413975392,991.142859320948,3151.00860840712,1644.66758764164,892.159883123731,3104.58405923461,831.132212707388,1150.85645322094,518.423711413488,1348.31182077804,697.177722475888,8129.16549796263,2959.12449352,7856.9306244156,3104.40319434404,1239.71349081881,8286.71845122703,792.595086536011,2912.74929432293,7959.60290069169,889.894707786607,895.452838742677,2818.04427911211,1110.38408225934,3248.45599512967,1371.88074330333,810.582927282265,1106.52016515753,3262.11594422672,789.516834765532,8050.57401666577,1037.00817849217,2901.28179009375,1697.51977851945,1178.26461697457,7990.91245905379,7927.68649239842,3117.14989277777,3258.20957546022,765.879463710754,3105.68270917865,1100.64154541082,8007.30062840429,1285.74036317042,1065.50278967492,3186.7907584265,8066.05717289622,885.064813483391,7863.21490577655,3284.62489848087,1020.73666433256,8194.65612943075,7883.78765124676,7926.62100064153,1196.41609554265,1476.734208269,7927.49467398194,1011.25726724539,7905.25569480502,8145.04111486047,7548.65603022737,3218.14686873416,8175.62306474331,1446.24730552139,2643.63718863619,1560.44014212436,1380.56299431723,3175.23086152164,8101.70006108315,7979.49724652421,7893.68928966805,988.217195809054,8044.11861817895,8189.50610461009,3265.99719144389,858.204064555639,834.231324731048,1293.79399344022,8134.86512853858,775.665637852334,717.818745313058,1021.42409708895,832.890793281909,1009.79353073383,1392.93340746465,1175.10244158892,3053.85975211599,2739.79424039958,2997.5546295422,1012.95523194088,919.342734209531,900.237513459646,1011.15438343749,948.958142451571,3157.88358425942,804.562388914342,3098.17892686145,3012.22897783912,841.893869672023,2990.15590128998,8100.84688942904,3245.79152102745,869.944723902457,1166.09078483995,7626.11610654674,7775.15538044627,3153.9160490754,1285.16828588232,8241.12939687157,2952.70535571152,8064.32570539505,7824.01401682709,1187.40885093034,1083.48058431252,1271.9316742995,1717.31649073913,1078.66054694823,3214.5154545462,3088.46208572609,7576.03178722444,978.569612512112,1030.65681542964,1333.61208769661,1198.49382445652,969.846915625309,963.948165564483,3430.46301927083,955.108922313519,655.618552178577,4247.15802501447,8655.68917493895,8525.4239153009,4192.860795984,8426.10762730617,604.491626928085,1581.82680627167,8725.57551568144,802.411084910107,772.717915295581,8678.46970150989,4246.44323638216,8677.24543105501,1400.3817306246,1523.1068702353,1210.87607512965,1041.76572623589,4454.61646963755,1043.82845129254,1532.14681449004,4390.14896165415,8706.61248485275,1040.19554009798,4224.56170939217,4411.93469912492,1380.68807590075,8557.0089542652,1059.72614408476,4188.06925197271,8624.49902727506,4166.50049009549,4206.37310328376,4153.18457530854,1170.08134792607,8515.97981280292,1202.19594856053,8489.04570498573,8610.14945782353,1214.46633700577,8609.16195788045,8766.05523839453,8683.90120475597,8697.96852333843,1428.04701941797,4166.91526208079,4203.23574483124,1202.2251798427,4195.84671030652,8661.22861088636,8504.36231050356,8573.54709758245,8635.58330661681,4213.86441066873,500.493782531244,4148.19654818914,1016.04959532657,924.805029191104,8462.32743753946,4469.80717098205,932.072969378455,1162.00509935942,4082.33107097993,1448.11330063338,1359.64017792658,1e+08,780.399977860833,1374.06318729226,1483.13586197005,8384.41115624881,4298.16116027132,1154.30216464631,3712.71237367697,8548.27263977757,407.417762247651,4267.30490719237,8583.25490930483,3931.11900897875,4273.43403200612,8613.48469096418,4251.69397650938,1095.7859252769,4594.55219310948,934.88845342585,8975.80300394344,1020.10760684691,4080.83689253961,880.510438509955,956.800230310336,1018.99134720074,8607.11987831424,8648.19666247244,1450.23408829028,4223.7373504899,1122.5693791362,8919.43968203481,9127.56898349034,1313.865056661,4344.3150182389,819.836264013538,8476.06983893491,4350.28050719465,1160.45182181938,4325.03343816591,1463.47803179023,4249.73897487572,914.86266127891,8597.87855319797,1094.56649717701,805.796441576538,4217.27882018598,500.927542840124,8640.3409619348,8504.94492856859,1135.19045661358,4192.03891423956,1504.05852742562,4252.70903833552,4397.82843667953,4331.01372109352,1371.39533483475,8592.95622043623,8446.27048362323,4146.93455512897,4237.96737097413,4267.29326949004,1004.30976141903,4353.34429203905,8636.93861621645,995.332279866772,4163.90348420387,1653.01395271705,8796.07709202754,1132.93013738095,509.1849768506,1353.20509439344,8658.10575680315,1401.75720967031,1059.75780074371,178.270264843102,1428.98628396584,8392.85833857187,1372.73437379424,1051.88181290712,898.975147975521,8680.60979100684,468.286548637197,968.898362673364,4273.1946892369,4121.85155139729,990.3605479562,8540.1482756757,1427.99026830116,348.141186978849,4536.78795003887,1163.53778134363,1335.06618786123
1144.82009364644,1142.84152051235,2092.53009842801,2074.93936601021,7591.09859863769,7752.61281171074,2383.31068876735,2359.04498993793,7641.68575443621,1217.61626624716,2181.05574800922,2479.53688864341,2616.24402091715,1146.28732142578,1213.02985314516,1475.06383210591,2875.77973510371,2399.58731876316,7864.7300261681,2361.21391520148,2145.72240134587,1150.56057387054,2424.89925798197,1205.07869048258,1141.39411874062,7505.40405958091,1144.17769257118,2165.93535242763,7616.45376569493,1153.22113702383,1135.97532539694,7758.53212311096,1228.14081477127,1236.46873222013,2581.81827371417,2271.61738749128,7527.49300594378,2539.53455607055,1247.28160557052,1178.7853803836,1153.0800544423,7849.07812251393,1184.49031814364,1196.8439094171,2520.54738474483,1159.19667173624,1209.46668666796,2081.70065067113,1291.52906740827,7571.97320822068,2557.06874641951,7529.05921796637,7607.18766328178,1137.30382622622,7702.20414261444,1178.20782320736,1178.21759158625,1136.03412824852,1163.39359210466,7743.90340356811,7628.57897856045,7313.04942319627,7666.68982988556,2850.61100854228,7770.98476895193,7847.60558373338,7724.91406300477,2071.59301595587,1151.87407946721,1140.49932293016,1176.75100474238,1378.16683129503,1144.07864999034,3634.3225226391,1136.15691128287,1231.25092147508,3955.40439974233,3055.87784244961,1135.95282698238,3681.05404574426,3410.57350974012,3476.97245954868,1253.76103289205,1479.34460363228,8208.05601009222,3346.55538040723,1442.61819783662,1165.15607948211,8612.63087568068,8008.38122931473,4069.08110829439,1220.11490093451,1512.03563730655,1196.18540174772,3579.72355906971,3444.98317823999,1135.99945990132,8309.96314984124,8179.37149211766,8078.84765004295,1462.84500813064,8160.71918033656,1310.53609529341,8316.54808757279,3548.2535191152,1156.89652579074,8332.91920205474,1259.27540476218,1179.07496254215,1185.94370557729,1206.94404596523,1470.53240185388,8057.35539675945,1174.76670479884,8131.90661707279,1203.62469889617,3606.1595306534,8525.48973337906,1404.74924778879,8440.21450903162,8105.70202727824,1308.34579348831,1217.91943866846,8198.50887852721,7967.55066378135,1162.04778877102,8569.7329736198,1540.6773099549,1258.08301162962,8385.43582168847,1178.59977456015,3381.44619890829,3377.09293104039,3198.54770349397,1183.44338076951,7969.70596259386,1422.11307062955,7887.15758633662,1274.78969371933,1733.0236365127,1404.27772514447,8061.57167121666,3629.71467167416,1651.29922793347,7969.20737494492,1504.16285969855,3281.68579958139,7940.03415338124,1225.26251750134,8264.24439391249,3563.78276964243,7881.60732062001,8095.07671021447,1180.69972822171,1566.09275103335,1130.43173149058,810.841903002421,7913.29682465452,1222.9251581217,8005.18304796101,1697.83054863735,1364.30251510475,3212.76940481798,1233.45295030214,2125.5546984096,1696.61557945036,1578.73470424615,1432.75929867389,3440.93519289583,1943.23815399712,841.325061486563,3405.86873033819,1122.64248605665,1571.87452062896,867.598239098152,1751.07135115658,1226.90143171899,8207.75990669411,3254.86164106034,7922.8730297416,3386.13496333821,1615.89784368033,8354.67215920192,1013.49412421377,3203.00530062209,8034.60673528874,1253.96253923181,1170.00083472521,3131.30345874554,1548.47856889676,3509.8390242983,1720.44285704072,1182.54262639705,1054.51557443268,3542.78461245306,782.225371707144,8117.43404450255,953.512186062798,3137.90132486714,1890.37014156557,1320.63113112478,8027.46688024174,7987.52765742187,3401.99812210581,3540.6675363861,1015.27247413603,3398.10608123445,1515.78391323261,8080.94991607401,1643.50483080207,1488.11723782991,3472.92134729908,8126.86341004682,1242.70297671335,7927.68650657239,3387.71309226148,1416.73133875639,8260.60911821476,7935.8411832878,7983.44090289811,1600.56778449242,1846.09305320684,7997.42491704789,989.127429458621,7977.88892237855,8211.8680405375,7600.5696531166,3479.65721036095,8246.24234681645,1804.79627344753,2660.52703801879,1944.3123497087,1748.62458644711,3457.63345650482,8178.41215964537,8050.12935576349,7943.87427979311,1430.40169623997,8113.45675543283,8261.0595189431,3572.66146020292,835.892601699957,1319.37315381568,1650.10675043523,8203.85804647076,1206.07565272332,1227.49189878758,1488.77498336339,1313.62285180114,1455.67538240789,1773.21871404546,1598.41868510517,3356.9442297752,2945.15680445207,3283.31031260297,1139.18061801481,1318.16272428121,1158.99318097235,1412.74660333875,1442.06246430658,3446.03788996489,1308.57943802515,3387.37492717298,3307.24863984167,1012.76779429544,3281.80108209085,8167.85848593383,3538.44400038306,854.903927149133,1603.87931111775,7666.71581797552,7811.0968164508,3111.16174873064,1704.65289108835,8307.66960346009,3246.86661044543,8129.88806189942,7886.50991752534,1594.42266824084,1521.02099841999,1631.61685305151,1935.20811011418,1531.78047842916,3477.69830267319,3368.12648506291,7602.72061080908,1323.71458079875,1434.2736018998,1727.58561157848,1592.89005014362,1373.79096875752,1282.28843581312,3702.96172776715,1358.73007078147,1136.69975182335,4473.07224689965,8628.71796914207,8510.40610811599,4438.35213789424,8410.63650098373,322.13564522777,1881.36673938597,8715.41654529214,1314.39473710447,1239.5465482186,8664.8001936978,4464.2938080285,8666.71085047469,1764.29284249993,1793.16590463095,1487.50228739506,1424.28952947956,4655.005728801,1284.67660176612,1500.78703941287,4609.25891441818,8689.34344086013,1227.21005717013,4406.10955414451,4616.50573368508,1677.97569774138,8540.54498916424,1173.89711453141,4421.0654924508,8608.56962949643,4385.24595744434,4437.85421175647,4368.86640490582,1489.74666570633,8505.16224198953,1583.91137381689,8473.52908536991,8601.93292524913,1239.79371328552,8595.79127639773,8751.99141877935,8669.04415530826,8680.55406974471,1770.70539525645,4396.79332208988,4409.08369201685,1230.94739777017,4436.25833306157,8652.63234998621,8491.93435615528,8557.91409402509,8627.54711151281,4441.12733244174,996.591717656901,4373.70927590497,1394.2816989013,1348.57759757277,8445.94599089983,4682.89169155823,1384.62241630122,1233.64371120525,4274.60534425935,1412.55086571613,1749.01703014201,780.399977860833,1e+08,1722.27531554998,1797.74050911208,8369.44309695527,4531.71684489614,1166.61822065149,3943.07377954972,8534.34754082466,483.290946321767,4477.23667169613,8568.56155973919,4155.75699219228,4514.54366248109,8599.88992092512,4468.5783442567,1296.83607898855,4700.97278668947,1387.7100681309,8986.44970013039,1447.86639887849,4292.0834977007,256.450788094914,1398.73211943141,1295.7141405733,8589.49952956499,8640.5945628263,1808.18479792568,4465.41369229555,1515.76813984647,8913.49416964842,9133.47287372147,1373.9030011215,4574.66013999791,210.524635234241,8464.70405996119,4576.27539441551,1367.76650669376,4566.00734893783,1431.90619553231,4421.96901631629,1269.01006452058,8582.55448086871,1260.47339446223,1270.98163149635,4408.425964206,994.110659791362,8634.18583592342,8491.65321246878,1516.34568253403,4401.5884910727,1782.6861179345,4499.27353280283,4580.01310825659,4565.71752531894,1346.50716943346,8583.3870530919,8431.17616437597,4366.2100651484,4477.28574811511,4508.60972471797,1274.37168677795,4578.88498336521,8619.27266619685,281.395705903722,4394.66812358604,1892.95881206752,8779.35422248585,1535.97590538219,982.535835484972,1714.93985725757,8650.67213786571,1761.95833915649,1094.06577029043,759.389186317357,1810.93445431624,8378.38297322666,1791.60348543786,1227.43752416837,295.504997922532,8667.23936024286,1044.25538092745,1283.2054874258,4494.98556460832,4320.54827495599,293.327750063929,8525.44082381452,1396.0262626929,838.29891925212,4681.22543459939,1474.79398577629,1737.99605664656
1125.84509695047,1218.08731298235,1734.43690523911,1718.19984385451,7178.382142797,7339.83304604168,2007.99961770711,1984.87029138256,7228.94869219405,1384.66924468414,1816.7741195833,2100.12532466463,2231.949562872,1230.76957489415,1376.79242702129,1738.84557105908,2484.46713288106,2023.53836405291,7451.9103634697,1986.93582865601,1783.79280045043,1244.40310079726,2047.73995670758,1362.80779734272,1212.02309012629,7092.72421907385,1223.24721670611,1802.64213813361,7203.72689026937,1252.13733939672,1172.99345588988,7345.75017106441,1402.28943611109,1096.14353482706,2198.66200131894,1901.93152805604,7114.80351660767,2157.85725843056,1098.35866215296,1312.53888797023,1113.89305820048,7436.26384117285,1324.11014364038,1347.81597448073,2139.56506214829,1268.09101784189,1370.57990004742,1724.43556627834,1112.20475731296,7159.2647351431,2174.7669052324,7116.36905011533,7194.4645742805,1149.39665031316,7289.44337026459,1311.34099224691,1311.36129590243,1174.52948896995,1278.43720808885,7331.12687147498,7215.84718537564,6900.46019128546,7253.9428491412,2459.87599496323,7358.19824705479,7434.79181175517,7312.14465035168,1715.11607914545,1248.28055575698,1207.94337883928,1098.30229016539,1154.12741057509,1127.30864358709,3231.8218369944,1159.70751318905,1095.28038385192,3550.34497349688,2660.93538934574,1172.26607035589,3278.12726855738,3010.43252275353,3076.07090349593,1099.93685638199,1218.03358834736,7795.13227433388,2947.20253402813,1193.44534100402,1103.85200136927,8199.61380090813,7595.51488018071,3663.29284221575,1093.94567948372,1241.00070397354,1093.99708121066,3177.74775120473,3044.44113752013,1162.71308311775,7897.01318947614,7766.45549802921,7665.96009656342,1206.81652576933,7747.80830786242,1120.00083759749,7903.59649938285,3146.59427217949,1110.05765971906,7919.96360105743,1101.41530844946,1097.50876167335,1095.64925841451,1093.40756716016,1212.00951998355,7644.47419699637,1304.09126096471,7719.00379381705,1360.20091288291,3203.92582581234,8112.49043449953,1169.67679141992,8027.23378400816,7692.80667216373,1119.05532007526,1093.77194789791,7785.58770147451,7554.69710108564,1275.18308023154,8156.72450142437,1261.8502417184,1101.08549293142,7972.4676722323,1097.66371973376,2981.65683095765,2977.35710072194,2801.25221260326,1096.24779802042,7327.20125654379,1068.00793262686,7308.01646369919,1287.74755027464,1456.3048126232,1147.59424402085,7421.51834646184,2562.62799756375,1296.66251379257,7304.86269804845,1099.68638656605,2869.41582054998,7292.77327882102,1033.55623382064,7630.52934662586,2709.72637470057,7206.37867953724,7510.03327217407,1097.90125273865,597.223040430128,1133.27575142162,1590.18063592,7350.94151937899,1076.69512443659,7392.5633020206,1121.5390415209,1660.29606702582,3133.3253944674,1352.76207175216,1920.09521272928,1187.45482527083,1093.48702088021,1134.6998616479,2497.67171178562,1225.58294523516,1560.76802840826,2579.21705649943,1133.76659677182,1125.79095093748,1452.71921718986,1845.61650059385,1512.07456273667,7547.1067201947,2575.77287024112,7285.5975830088,2782.75966995352,1082.63011695756,7712.51408398046,1212.89992593475,2060.14109021737,7324.82977985494,1042.00761561394,1060.1292372925,2404.94078841356,1287.81956440225,2759.69691497941,1114.62934478692,1156.73942315358,1417.39643514991,2643.58082442557,1445.27156076294,7455.10352092197,1724.63756890764,2787.47425155457,1312.64916988232,914.031973245149,7377.42341936031,7338.69127084724,2758.9312921979,2715.61551152177,1217.24156128266,2418.33071610598,1184.11091571394,7504.69646743116,1147.77238824735,1201.78698425351,2708.8024833467,7533.54618072888,978.607926600868,7265.74935021966,3310.74775923249,968.455551524123,7623.33935052628,7276.33696314295,7450.78422196346,1100.99077534971,1431.94262593123,7321.5156136632,1318.5508745415,7328.95437155417,7623.5479591462,7012.21438730859,2870.68991295462,7562.56536266739,774.448178446679,3047.08708567502,1753.78262914027,621.604222442496,2531.04077205581,7564.62271517515,7377.51177967366,7237.37067779483,1149.76284013481,7448.20805115159,7579.81892543313,2659.37782454814,1527.82472774947,1295.3811390629,1148.67725123921,7556.89699174316,1100.94743051386,1328.14647683186,1340.29200499931,1495.7124997801,1133.71348697033,1408.50116789622,1396.98113662284,2465.18490926506,2847.43887894031,2657.34630893158,1141.20334323256,1046.88295819278,1121.09425310452,944.116006129446,1275.6528303926,2754.17401636705,1415.23887748354,2498.34345348607,2311.21389039905,1275.22443105322,2311.97174118949,7482.11778562276,2613.42700829553,1556.51010249426,1353.66836318641,7018.3796677072,7137.60379982649,3417.74359679246,1367.96053006551,7664.19997853151,2158.13363703256,7541.35150170537,7240.88341350416,1107.14684845884,1141.74573334485,1155.81474848772,1243.38183281129,1273.94082095409,2797.77078532032,2437.40247573992,7293.37119963845,920.796993202306,976.719178961983,1166.5266898815,1032.87506913588,1026.61300604758,993.114543227138,2939.65660290864,978.78710407477,1281.46171726909,3401.68870513671,7990.71867692021,7818.45728355647,3197.62875887488,7705.76799528046,1590.07128309946,1198.9418455844,7994.26215513346,1050.42426745591,1091.36044239191,7943.4191051251,3173.30191096584,7941.46600925366,1188.54351958058,1163.89831842421,627.752789919493,740.30010831483,3682.01209697587,852.951458747006,1204.79998716293,3568.00355244682,7999.98044508802,935.335305752397,3083.74073412266,3599.67381887082,1180.95865939623,7857.81435814638,1017.10012541975,3189.66372264404,7925.72119621282,3145.7752392972,3329.88291598248,3061.75190798803,465.941208979231,7802.24950698189,751.885780378605,7790.951956991,7869.35939162509,955.446323953468,7884.49764672102,8081.26066698329,7974.31553992949,8007.35242353714,1085.09941934278,3260.25578246026,3093.81864927059,939.679263966534,3205.13367897519,7911.83274903033,7790.87941822509,7862.65794661657,7917.77068825928,3214.45248501105,1244.22424203052,3050.72488669823,807.130933822816,944.270729959744,7773.51260787812,3649.18869246364,951.595848607619,953.835247150798,2959.23948095776,1227.27859309253,1183.26533585059,1374.06318729226,1722.27531554998,1e+08,1183.49579492542,7677.41300551789,3308.21068616209,1087.62438983714,3007.90383293965,7832.55351659713,1537.9579136167,3200.58904588871,7875.28745220202,2834.67059534197,3288.09209594842,7887.60072960908,3189.71516487146,797.774014164145,3974.77979699346,1023.68419587739,8191.88088142521,926.955687622692,2968.38218492737,1761.73477861377,997.843026190307,833.657345626742,7901.23133161718,7924.8157503626,1100.62991565605,3206.1965581765,832.2069420547,8202.02183292677,8416.39246981342,801.951128417133,3383.03343711393,1787.32645016686,7775.4325862296,3378.19132552756,652.07548207049,3396.93628986719,1461.8267295588,3489.08819205957,931.790211309863,7891.36474588705,868.476741907542,1141.63875664366,3104.50678634184,1148.46925160571,7914.51725358626,7780.12180737727,681.173447138129,3099.69334112466,1108.90527440171,3285.12495320637,3632.85538717643,3314.21158766249,1047.69254869434,7865.30072591054,7731.27204112153,3082.85993004275,3404.69160396225,3293.14246943066,854.819066124832,3368.6843255949,7967.19514183742,1813.03205989951,3085.253980217,1235.04106103318,8097.10389047608,811.753820051321,1205.08632096283,1065.07220916121,7952.95168834687,1146.85568656162,1082.51371516294,1381.65862159319,1078.02320821841,7680.57881464645,1134.18290491015,902.392664859441,1847.56074207647,7955.16724047424,1146.87821264112,903.886768435632,3328.16516185596,3020.9026629043,1860.34731814015,7851.1612255795,1360.20981965414,1326.88655133919,3824.43849201135,530.999458147276,1152.41323399278
1213.47098228052,1141.484663421,2352.17896824482,2333.78323572841,7893.72465354933,8055.39980912354,2653.64079903586,2628.6397182491,7944.36324349604,1134.60671088632,2444.44190430582,2752.56617045004,2892.59452274412,1137.34618905582,1133.18601095763,1292.98256886844,3157.16489880948,2670.39774779082,8167.62333727297,2630.87533674855,2407.67651116993,1133.79170924435,2696.43678955747,1130.99515310997,1143.77675119347,7807.94075908201,1139.69781808839,2428.71787872694,7919.10571996723,1132.14903510708,1164.57780137545,8061.32484115397,1138.24724282334,1379.57227679886,2857.38299994565,2538.35478901726,7830.05301105739,2814.08913235036,1395.17651722969,1127.00735803995,1235.18830733186,8151.95684681422,1127.34217461577,1129.14207843842,2794.63133456407,1129.53699230207,1132.15939422835,2340.85656408423,1456.00297652685,7874.5795662513,2832.04843297168,7831.62086828365,7909.8301806229,1184.26444646302,8004.94192355963,1126.99431904174,1126.99450550447,1163.52033074644,1128.35890490672,8046.68196163337,7931.24323309417,7615.37476338415,7969.39239110025,3131.56774746341,8073.78948185837,8150.48293150868,8027.67412809809,2330.28121291697,1132.93592051457,1145.44183196623,1283.68376835244,1566.24191174415,1211.23129412244,3924.76528552184,1174.78884107698,1371.90841451957,4248.23463902622,3340.02673654114,1165.08681453201,3971.88234955332,3698.95137314501,3766.00388617955,1404.36565305241,1686.72053133186,8511.2499414889,3634.26670465996,1643.72109065506,1261.45030090669,8916.13687621929,8311.40471016158,4362.62814821974,1355.21695825902,1724.44183446037,1317.37900757977,3869.69712426815,3733.70435132422,1172.29945243421,8613.2396929911,8482.54165059089,8381.93262924935,1667.49087318497,8463.87375494914,1481.00071054612,8619.82987183892,3837.94700421846,1243.97423001061,8636.21396644441,1412.10004275658,1287.91060093711,1300.05754522598,1334.77778302399,1676.46729629517,8360.42177822856,1127.00502314205,8435.03692253177,1130.63523453031,3896.36286738389,8828.93199409189,1598.55486043546,8743.59261189137,8408.81005076513,1478.14807548928,1351.86665751648,8501.6949233145,8270.53781292701,1128.6879130556,8873.2078219737,1757.12397890781,1410.43401461134,8688.77174848707,1287.05153989078,3669.52539779837,3665.1268407445,3484.56479825589,1295.69147578548,7945.26642617541,682.874460441518,7940.49661309175,982.971654858926,682.965599418045,806.033077501204,8043.74329695714,2978.8031290977,413.658180547407,7919.70091901723,654.301142863386,3311.02883753889,7909.76166129619,914.14455740355,8263.14549804498,3131.27182508287,7826.3568822528,8160.0634843436,1088.17423972469,1176.45449041425,958.891107546649,1390.55983828924,8006.43402239252,950.739446650084,8018.40556966884,249.646310398955,1247.75609315389,3571.28731409849,1124.16172403699,977.122149200711,204.803009285452,408.381716522301,693.99235115259,2851.15112219911,323.666002081117,1356.3174101621,2940.83561215932,949.169413296391,543.544589623215,1284.37242525023,1223.01287144159,1267.56038280414,8167.87279976245,2958.102230655,7916.47372139245,3225.39854233311,360.525915245507,8345.35406870077,1042.51428286745,2305.67842768271,7953.99215335244,862.120879801951,972.997993520961,2796.3233783135,677.471110197335,3210.22777898771,179.88267128837,879.661397200351,1323.79236129192,3073.78947605512,1242.33886963314,8073.73369002992,1531.2012017963,3277.29878876089,549.851280939173,1336.91058395385,7990.68056899435,7956.74786740858,3178.28524947758,3143.13223366319,991.476336503927,2748.93996743871,563.193440258323,8146.83742665253,258.534013448577,602.064968569549,3124.52969415721,8179.6562808366,860.479700302949,7882.39703552389,3791.19567916305,818.510791553577,8239.95167192999,7887.39590541816,8104.09016311242,405.023371063087,467.951401781998,7949.89301344517,1209.52495334734,7956.00838112817,8262.08910028225,7628.56504006589,3293.63267531398,8178.15524606621,730.814916009004,3589.23530365947,912.889343986184,824.366933291752,2944.39101874924,8210.38435385501,7990.58124048676,7863.42456122061,697.663266638525,8069.8208196087,8203.25702003912,3048.99740070623,1340.6725897253,939.220449052651,267.02322285186,8184.83467790619,832.177941868437,1086.13619901538,859.313606037493,1134.62815426015,642.167825105438,528.382040406255,724.692994136976,2833.16473102562,3321.21291201188,3058.06908923782,1124.11047470148,800.282894318595,984.668555863941,742.880478836899,851.672428899444,3162.82933472589,1113.37218161346,2921.54263172089,2649.68027562113,1100.199921676,2703.05770220092,8102.92413009452,3013.90933299344,1308.14647595103,735.689391931476,7639.14576828144,7763.11367313027,3934.66454752331,613.443541543854,8283.64750364334,2406.63606357659,8185.0241255036,7862.01083830173,480.810953740739,612.760467389054,289.986363370085,538.441832789142,705.170292244992,3242.26218870353,2770.38848236236,8018.27723291866,915.155267779793,825.534087997946,358.654006190761,384.864054370419,800.455673876622,1000.61312685549,3392.94063840562,778.358572080356,1047.51620064827,4268.91624399349,8851.99897539366,8664.37953747593,4024.20384419423,8496.81689869046,1669.92008308709,209.544817070288,8804.38170360005,1082.5186719963,1080.23186965894,8781.26758264813,3998.1829020684,8730.76635982925,244.145958325309,187.459449825495,1326.79818757862,975.540741836565,4528.87202971998,1157.87616929202,1724.2564321205,4443.36407766639,8858.25107059822,1149.28371113833,3865.5186263622,4463.91483946394,210.901828254089,8684.67143832732,1209.83020996821,4043.76961673962,8772.2913834563,4002.89199322124,4197.67339827072,3886.23263426527,1215.83598497611,8564.82755941155,729.793296506226,8636.82514236815,8649.53252685129,1385.82498708622,8714.25409869822,8827.35095974508,8767.41538258048,8850.57633635692,180.716799306805,4131.35195699394,3890.67324791449,1365.37074832285,4059.18347950977,8690.87784993612,8578.44154806834,8635.5988792849,8687.02351767928,4065.89162888737,1383.04434749152,3840.88181163079,882.12793326044,1026.42687753422,8557.95658930087,4541.92624818374,1055.19910139098,1341.69605982577,3773.15586919122,1637.38878174326,307.642959467812,1483.13586197005,1797.74050911208,1183.49579492542,1e+08,8530.21496840979,4165.28664681762,1322.35580882961,3700.67428383756,8626.82320667893,1672.09542182203,4026.62063869101,8667.68846327717,3632.77131204714,4141.92295054788,8713.99655329009,4016.04492135513,1241.65012514713,4789.02137539083,1020.34027016241,8968.30197876938,1016.65632614836,3781.36092281026,1767.64111866145,1058.48833654835,1105.77456980638,8750.1605528596,8693.71793360296,210.648995342726,4054.75963051776,735.327201645274,8955.85097694595,9132.0709907974,1517.53943915809,4253.76785797835,1789.42210407068,8515.84662654182,4224.99124355113,1338.39432674812,4261.07140026153,1637.16917558995,4353.01366492122,926.873622899906,8681.89679963619,1239.897590795,1185.85500136685,3907.30016381372,1374.11155458274,8659.69420774811,8599.57256144076,957.391882464635,3921.7967906966,228.727291482081,4146.84612382378,4515.4197757624,4163.12496097909,1554.94282731869,8629.55912064836,8513.56209698589,3913.68534466184,4238.73579702218,4175.69162493335,1104.85816789545,4237.55414299936,8834.68188346176,1839.16573441928,3913.99175217209,342.915651647446,8863.93371565079,793.498999145123,1351.32794618652,237.994464384577,8700.05723428752,280.246995675502,1214.20925312063,1496.39325563217,309.08186500068,8482.93766175267,394.836348032306,1203.00313548257,1815.41335015874,8737.72922670814,1289.15917279912,1060.638042383,4193.66840732797,3841.44045995263,1864.50031850811,8713.67906569692,1610.54420476878,1459.47759790351,4692.82060071262,1229.79633497388,340.668860287486
8039.27316600404,8298.25373338998,6498.33617783333,6518.13115096116,2191.84740977863,2169.41724600472,6180.71449815372,6206.62566407775,2183.53230309666,8600.60129760134,6399.83635376242,6078.8457091681,5936.30522870945,8325.47226636223,8588.11539364132,9087.87487771037,5671.62273341722,6163.38612859168,2160.98152819662,6204.30582185136,6438.93616776923,8353.59172032947,6136.51916668456,8565.64494777197,8284.82783081048,2208.57118857236,8309.4617077113,6416.53513317668,2187.53397622735,8369.08124069718,8190.03223063038,2168.82456047128,8628.11976609456,7706.75003136318,5971.9765940269,6300.79827906412,2203.94599670328,6015.99141080019,7681.06700750415,8481.13853381561,7985.6754015752,2161.80430525215,8501.17161027227,8541.09236972262,6035.83062541749,8400.10168621052,8578.18229905448,6510.51337891584,7585.70163137973,2195.29384798908,5997.71187795441,2203.62629446421,2189.07644939654,8122.20036413555,2175.12560916155,8479.04230762341,8479.07787349219,8194.10701954309,8419.6182556799,2170.31901745512,2185.57467115727,2257.83335057539,2179.85445945355,5696.98787707821,2167.63113901964,2161.88765490034,2172.40768184613,6521.90573043956,8361.39647663326,8275.63079560788,7880.74263653153,7426.91195216939,8045.12630989724,4931.93689506235,8153.18499415468,7719.57895240304,4631.67798077011,5491.814085896,8188.090347296,4887.78009648167,5145.52804844524,5081.76560889815,7666.19912161582,7267.00032891593,2172.0091720394,5207.31182417562,7322.80032054934,7926.82250962986,2254.37652338565,2158.83496719071,4527.14538246447,7748.05480928032,7219.02463571599,7815.76587392095,4983.72479492584,5112.44443691559,8161.79351451441,2185.87873678923,2168.96913057049,2161.34657549306,7291.79921552274,2167.19764493828,7548.32646250153,2186.93827886708,5013.67145102749,7965.3616755094,2189.65761066225,7653.82289848739,7872.29885851619,7848.52627356916,7784.03460346664,7280.19289949232,2160.33234590251,8466.26185088919,2164.78034304427,8561.41122922943,4958.6233200022,2230.59256891996,7382.87493344841,2210.45421368905,2162.91929476328,7552.54536559029,7753.86465660195,2170.95494055029,2158.4526897173,8413.52722805292,2242.26945693183,7178.11406276231,7656.47846894119,2199.19569533369,7874.00749361365,5173.60102651291,5177.80211467698,5351.34059561668,7856.99007505758,2915.16892141931,8536.18070273464,3171.73299414641,8651.60340097034,8902.94900771447,8530.83633139284,2995.33503894737,6435.9143215816,8749.75132576102,3100.53668674255,8510.489952465,6696.46069396921,2999.84896858509,8281.79927293339,3237.54314851037,6519.24688040167,3070.16936064409,3280.46640936194,8136.16715110451,7857.77543973736,8331.67053555239,8441.37885474472,3334.63850320427,8307.0104819051,3158.20889596775,8559.24115476929,8883.51908050682,6840.69496032801,8652.56982230283,9449.38095727706,8599.29387136658,8485.2018167927,8525.81402196994,6599.38351119056,8564.76081163078,8417.01021383868,6794.05276666192,8328.96730702332,8538.48794612344,8581.66759040792,9355.72127247153,8861.15641894558,3213.4885145867,6839.36147025023,3035.68737889052,6634.8430300718,8496.99279130085,3140.6029426234,8320.85834373888,6919.47825333591,2869.47565461762,8318.4215746086,8247.7007825692,6837.80111277102,8733.18528993817,6505.57034215413,8514.63915020068,8485.97220232881,7998.16454406657,6526.77254606423,8456.85086392214,3063.20018687552,8372.82455207505,6719.90156949943,8648.44989716999,7708.70566923755,2966.01931368107,3029.01299852061,6727.06470140835,6606.79935338234,8403.12918898476,6650.03624091383,8622.14521800107,3388.07600396294,8543.96348031719,8649.0562154076,6640.23961504926,3242.25723575621,8293.98600142558,3006.22672893282,6608.45184305595,8347.12725713091,3231.78383992459,3061.39156996691,3338.01292130104,8536.30531439526,8885.0917338985,2957.46991363301,8121.67811162384,3057.40080054555,3341.97600692424,3185.23535484624,6619.53276308568,3045.90310631666,8252.76283053739,6971.82115821131,9307.25050296732,8113.3050619565,6547.58345037185,3251.35424475957,3094.89167113803,2751.92730017538,8531.128223864,3030.45181140885,3042.53421973575,6679.38857094223,8405.8673621088,8684.48041294206,8554.14585448932,3133.2607642945,8473.97353039724,8611.03630546311,8764.61358814605,8861.970635584,8567.82488513321,8877.72466167563,8876.11521869722,6747.67935073754,7009.55801133955,6786.82448644455,8112.31182451897,8423.75373392692,8281.74435431117,8369.38333077318,8701.62704181623,6717.2093242459,8770.83854183183,6607.49243015359,6720.64570805477,8327.27425463225,6666.95249699168,3001.16362843101,6548.42588396844,8482.61604028351,8837.75874264725,2865.75455835155,2775.64826251954,6715.09234871074,8842.19096656854,3194.27498737348,6902.60951567715,3299.39630930831,3062.2593063928,8513.51704725112,8516.57614477433,8546.45978119504,8531.03362861342,8717.8597323256,6499.76897684432,6650.65262029436,3461.6548262231,8212.06826271561,8347.20993477406,8531.64069877712,8436.44218664235,8409.29491341832,8212.92038609809,6504.72387925777,8376.78908489241,8571.81021054267,5012.64375259306,595.398092159374,224.701939573548,5158.08188429696,832.39149572644,8427.60410149211,8517.61609798117,701.832275155892,8153.1212191483,8141.12610181066,484.828266128975,5070.11295560979,936.649577510051,8555.8124448575,8464.10668366393,7595.26009782904,7983.71489540351,4844.27126292268,7882.32142147196,7272.79112045322,4893.63231192431,448.366042315429,7883.75613109622,5207.78877043904,4798.37774068002,8517.66787760323,414.393112895961,7855.88305615787,5045.69745008209,345.309891601807,5015.60277026027,5029.34862517641,5156.98688353517,7696.1897311031,1115.70977555406,8178.41338293081,198.768978008703,997.716317519638,7629.6322903763,467.407081716134,1325.27067534491,801.771695632545,463.964360765929,8404.9794418578,5001.08047159652,5153.85380165487,7639.85922763102,5081.08438654838,1061.4633308334,853.216000798716,1040.9500941695,1076.73901876898,5001.93918580946,8131.27961108617,5226.24913741252,8096.91796178528,7977.59294343096,873.585909390118,4727.80585762159,7973.87047346225,7695.19978859546,5211.41423607142,7400.48466888742,8544.06582515047,8384.41115624881,8369.44309695527,7677.41300551789,8530.21496840979,1e+08,4966.15124651707,7722.90131053858,5609.06069630243,783.007496181541,8297.01409041936,5013.08483299702,821.110789382434,5371.24719773641,5047.93737945879,499.205479809918,5029.58359462657,7753.37545086877,4766.67650079541,8058.75896772199,1348.95209487124,7922.83254372355,5259.05744024138,8496.69143715074,7976.09077742937,7887.3540051171,322.80096358966,1094.2090036043,8437.61576789606,5102.92826563521,8010.81446332146,1325.31127664279,1834.32851864179,7437.29259336312,4907.41683279761,8541.21824597966,1310.50344363062,4856.91067921801,7629.98209397363,4980.05123092156,7481.81541213593,4780.67128328143,8133.42209181608,817.378262583238,7775.38084526818,8088.01981908514,5127.90714098098,8029.26836949809,1332.29761902142,524.292763644563,7990.22546900683,5108.23693409262,8419.45005062462,5080.44619474742,4748.83750706333,4988.21808669838,7454.93296492853,1144.89950174825,925.474013344181,5111.25297690623,5114.19907887509,5025.39577193588,7902.51157125985,4883.36076344649,720.649311447315,8403.34839920453,5170.56981979991,8505.01483708545,1136.97627429217,7956.42064351736,8114.14174538567,8405.10697685702,1302.80626924159,8462.51112058273,7887.85880609525,8318.57230732941,8404.63868817759,716.309940593456,8481.96375055745,7804.30651644577,8617.64780253602,971.11484800387,8165.82334432113,7976.68897133418,4883.83329587946,5154.56106362373,8497.94523427132,419.996368763079,7484.66425531575,8182.90846585549,4666.64972487178,7694.32732348699,8542.89335345204
4087.64183230318,4302.34516289411,2986.26367461552,2997.59447314487,4848.30633515898,4988.58572125912,2819.10744250139,2831.64286975016,4892.096012701,4559.58493965126,2931.40269171519,2771.88250411481,2711.59620531785,4325.22986525699,4548.83686424568,4986.21029587097,2619.25007950745,2810.84077045549,5086.73257617021,2830.51212112513,2952.87167468801,4348.93172950934,2798.21079136541,4529.51957053822,4291.0782166316,4774.44592992439,4311.76161672962,2940.52118238653,4870.23735484884,4362.01336078913,4211.93714549237,4993.75215288945,4583.3087810931,3821.20997299808,2726.02482471225,2878.91451791052,4793.44524925548,2744.44067583211,3801.12529562607,4457.17394624432,4043.94686994964,5072.99480896272,4474.28019402482,4508.45047191082,2752.95875498189,4388.26526973527,4540.29354114351,2993.22217150538,3727.23141661056,4831.78685163962,2736.71124352773,4794.79343792224,4862.21859715104,4155.76574570848,4944.65972411822,4455.38558675197,4455.41592661126,4215.32388794372,4404.81789862441,4980.98723603935,4880.73728942254,4610.20912567456,4913.79040395381,2626.92608147151,5004.62660506896,5071.70294692438,4964.43323303702,2999.76638942479,4355.52096510519,4283.36829631523,3959.20442266249,3606.73933078507,4092.42974145219,2519.76163337618,4181.37522198894,3831.27087375712,2553.98113519746,2572.44386160082,4210.32364620723,2521.98989157085,2522.43580501566,2519.32348200541,3789.53336870799,3488.92518386201,5390.79839739094,2527.30077629514,3529.60906336129,3996.28387762466,5754.99189472104,5213.3399641564,2576.4132332721,3853.66929693165,3454.32900692071,3907.28939416765,2518.37060467156,2520.57749674369,4188.50501496734,5481.97910222566,5365.2055412323,5275.77751053208,3506.94792556849,5348.5811112076,3698.57574410129,5487.88442295644,2518.16559691196,4027.45745999619,5502.57286036937,3779.90394726443,3952.43323567714,3933.40914632486,3882.09929263842,3498.50126709733,5256.71169004959,4444.48879920757,5322.92852533665,4525.88366665222,2518.88044813279,5676.06831987834,3573.92566606169,5599.08010566813,5299.62721651236,3701.80155832691,3858.25035049158,5382.27667114501,5177.25971366278,4399.6489296207,5716.10833200982,3425.11662239924,3781.96860749233,5549.75771046569,3953.80282468712,2524.42209367005,2524.75153218196,2545.56983445946,3940.17561576762,4570.47171403091,4154.28000713701,4695.59780988987,4341.45420732192,4520.40963802406,4157.64834504834,4667.62922772727,2025.9488140309,4371.36291421595,4550.49699689849,4123.03297371128,2816.6418091675,4576.49224260616,3987.39209548931,4861.95902176412,2265.81184865388,4444.19933968205,4820.4356060882,3903.1939553582,3480.09177903078,4068.89004477967,4395.37031615208,4680.65737401306,4011.92704797814,4697.49600853525,4167.00165642442,4626.8381275776,3280.43498548999,4344.69538750639,5028.92306280935,4234.02926754512,4112.8709841538,4159.93271993558,2256.44879874313,4169.22871094471,4355.77681161375,2449.03022970748,4075.43579109009,4134.30697218742,4418.85871155435,4998.55849225149,4566.9172373622,4770.10141414665,2609.92377866426,4565.41742274148,2573.39784388019,4110.24112740978,4927.20951408469,4108.57424798772,2417.83595029174,4509.22167843086,4010.56289048847,3982.97560311072,2543.25279533628,4353.14487263184,2330.52515642282,4153.47440203076,4184.91884786347,4013.86977814498,2188.09596828095,4365.1406481902,4686.81659366494,4457.64686005491,2849.17777313007,4319.86897970964,3501.77483912913,4637.28724168107,4622.71555807231,2599.21837998375,2350.27279620117,4181.94623091451,2260.87374284631,4244.71964636997,4841.6442811035,4188.81015481103,4281.23656174421,2425.6601876529,4823.73182928693,3995.42992441484,4537.07376273539,3218.46924923897,3974.23575980664,4863.7703571176,4534.47142682895,4856.29300620839,4152.33981873877,4479.38593397033,4526.66359854436,4033.57363149053,4592.5695776803,4923.83227440931,4391.75967202093,2591.4486734397,4763.38297352569,3819.72734128401,3733.17165797869,4849.51518407685,3684.65632371417,2190.33787177414,4828.4390110892,4614.36477640711,4424.80189043738,4169.58201887905,4683.94809365036,4766.49892128049,2312.41040238303,4328.5965988581,4360.84536469817,4189.10634871664,4782.32579203974,4167.66479430989,4307.4667231952,4368.30649414849,4551.4073308712,4193.45126119885,4467.801960252,4481.55392373267,2359.33380522968,3265.09539518824,2658.96705238456,3908.77499803765,4072.0219359764,4018.28208707166,3994.2946945317,4326.24168857925,2531.69017357679,4435.84390131068,2254.82808845007,2298.65832397839,4125.93101365917,2219.90002566268,4677.40123950564,2193.61329217214,4399.19870905606,4430.88472470339,4307.89292377082,4365.15013317206,3689.21784271518,4416.51792821436,4890.55066818264,2406.96498221532,4835.91800033534,4504.88364565585,4113.88111030493,4154.73208663146,4191.33672164092,4196.3526899326,4320.84440552016,2412.48663074524,2311.6401340954,5006.19587938194,3887.96895724623,3962.54447508842,4119.79557278394,4058.00491787131,4047.49414236851,3902.12620952726,2364.25563391381,4019.28870902242,4301.30265032481,934.598878464978,5321.26658634071,5082.79462196214,686.779657037722,4951.44592798013,4495.6772501094,4156.61611567126,5192.16223281809,3862.62073850412,3900.80729676122,5167.46920382133,506.369575556377,5134.36649737123,4168.78624722289,4134.06331288885,3340.24048304475,3680.47116246187,1242.79501284392,3647.47588882626,3350.57991310356,995.039720481754,5273.45749425293,3691.77053592608,1097.23480397018,1047.19592670232,4195.67431378315,5114.30657163057,3698.04001126182,186.315771836717,5191.82747972544,261.040774360289,814.865998826703,628.872256594203,3411.59721395647,5021.30148286592,3819.15176306541,5069.61214482536,5059.37497427276,3527.270094368,5108.45905359033,5308.94524012095,5210.806632434,5266.59779216027,4035.50028053738,509.2392099633,835.807399551622,3543.92762068029,326.557467113352,5092.18177628413,5018.32610666254,5095.82429778454,5115.73610350897,204.035504528816,4006.36953563336,696.059979962283,3793.73232812299,3710.46993364752,5040.21413093948,821.922825754092,3712.98876877896,3561.6303919757,882.882281383984,3478.38209525953,4154.38004072763,4298.16116027132,4531.71684489614,3308.21068616209,4165.28664681762,4966.15124651707,1e+08,3642.04302066293,1562.380889969,5063.5781361623,4337.90342261643,536.593503200645,5111.4504938313,843.457286517835,481.90281671326,5114.07248713787,463.01648227746,3549.13722149303,1861.74944195979,3765.68227052943,5274.89211021272,3639.35950997435,819.958766043454,4651.8939092579,3727.31610382347,3652.00525150396,5163.44336686481,5116.04343519148,4036.29867632427,358.829430446567,3694.42558931274,5373.66823428424,5560.09677418733,3308.69590292801,419.818988826668,4681.99159995158,5010.33065050154,237.182866361841,3408.14238361279,530.223857616603,3672.94020404847,1021.56710128685,3858.25279051716,5124.4360422372,3590.34728374646,3861.86720776018,914.013931769863,3917.14608524666,5104.4657627752,5013.68414374108,3658.45623215167,630.428716959221,4090.8873662505,555.254484312792,1033.152092662,279.31504805657,3417.66542140749,5063.41449668437,4975.15612218699,481.461211544118,1046.04052388533,321.770796690219,3672.75048924585,138.443288148907,5274.15358686313,4621.80368119257,513.308902020156,4172.49390651997,5320.8600277824,3638.54633842282,3972.52839512596,4036.05189699123,5159.77180960937,4089.78910613282,3769.58570626175,4244.9969768169,3985.59668106945,4937.6174777713,4045.41357621134,3617.05171266485,4759.63100817182,5160.58447533879,3999.0228539934,3730.68139028997,245.535141871254,779.663951234202,4699.58863763313,5131.29032877893,3636.08008860716,4123.06759124999,1403.78772694901,3412.6239992339,4137.24613021717
1136.21397777631,1256.2404010933,1614.03275577115,1598.30688965648,7043.24090567834,7204.72564849298,1881.39216146629,1858.65220267437,7093.81804970538,1447.18301071323,1694.07224430602,1972.14182920262,2102.39379911503,1271.47314159755,1438.46409959042,1825.75333982556,2352.80645646068,1896.67987691933,7316.82645038071,1860.6821786934,1661.95627855224,1287.66489801044,1920.50647888286,1422.93087065609,1248.89120851975,6957.56505638373,1262.45938519933,1680.30267702982,7068.5909625111,1296.77516838304,1200.28741818366,7210.64401393226,1466.613691939,1064.71904448918,2069.46566686524,1777.28228382384,6979.64897109091,2029.13456180601,1063.68137152944,1366.44264183997,1117.81391235165,7301.17665137882,1379.54615676136,1406.19735273088,2011.06739784103,1315.41423665238,1431.57230014219,1604.34379674888,1065.71895428778,7024.11949458643,2045.84331418087,6981.21483207912,7059.32670598212,1169.31785213039,7154.32540872466,1365.08228569573,1365.10534913443,1202.25280457086,1327.40224616892,7196.01764878316,7080.71379726484,6765.26098183246,7118.81744542827,2328.38046578734,7223.09469931264,7299.70431364845,7177.03144811808,1595.32261984734,1292.23863517667,1243.92101484356,1089.13111455875,1089.47830690291,1138.36952480168,3097.36973541028,1183.04849769524,1065.48849760663,3415.41467377144,2528.27642974077,1199.35486823386,3143.58966162926,2876.48894220568,2941.95739501123,1063.3879048663,1137.69819557668,7660.11990560463,2813.44049637562,1118.25637043823,1100.49255989418,8064.68433342729,7460.46099281128,3528.24405245474,1067.79154552852,1156.52711481999,1076.52774988515,3043.40381269662,2910.40728441377,1186.98883187702,7762.02187666748,7631.43718468436,7530.92089573973,1128.72415157498,7612.78612508512,1069.04457453226,7768.60654352289,3012.31701026902,1111.4868445419,7784.97701676482,1063.31574552182,1087.2646369583,1082.37428194653,1071.86658498794,1132.85855331493,7509.43052032436,1356.83325825534,7583.97562806496,1420.02738385131,3069.52836105987,7977.5432780639,1100.42416588785,7892.26922257982,7557.7730591474,1068.59836575824,1068.36181433993,7650.57335501007,7419.63468970886,1323.63964354761,8021.78633863476,1174.05613954135,1063.31804430649,7837.4918836877,1087.63687841698,2847.7935805832,2843.50617619297,2667.98766305983,1084.05343600724,7201.18453058493,1094.19115227392,7174.61501379967,1251.8341752889,1588.07791217109,1173.52763533203,7302.55906995365,2556.96879773397,1374.58713143427,7203.01058962047,1203.28081794983,2597.91567380683,7189.09165960273,774.099688925389,7512.06781268086,2639.75385875302,7106.83589388574,7388.64704923503,588.307522175059,858.482120465843,801.826472335085,929.703974153333,7221.44868130737,774.354747216495,7273.99048521629,1284.35035305305,1505.23270819407,2701.78128599426,1245.64608256534,2053.40480661106,1315.91101686676,1171.03988818643,1161.12916284358,2444.4355601708,1413.06887455615,887.861391218748,2491.48752286596,786.133297640842,1203.89974981002,1106.1099063902,1945.65329616887,1424.17502935576,7444.15919204623,2436.78787896439,7182.88671210521,2634.05089506491,1185.40599654438,7602.6861007092,765.727486807534,2109.33096409087,7242.07375529414,840.46788220126,708.51632298007,2304.73653412852,1361.56313711058,2614.50785261771,1292.86684368664,963.28419942081,658.657278911587,2565.91660809877,902.532613870063,7351.36822727583,1099.50705858131,2495.16003669312,1470.15439019502,433.024652931392,7252.86045173334,7235.69699711719,2617.35763291521,2611.49623541261,838.297941681501,2387.44658979973,1246.18414043689,7375.24639738008,1255.47508980505,1257.16248236013,2597.99035188154,7408.74163614356,808.539470511892,7169.53467680184,2885.00988562291,928.787374705132,7501.65238790022,7155.49018287777,7303.88291187038,1243.31164407834,1578.39103928451,7225.17579436923,554.721272392298,7228.84599681205,7497.37026390762,6876.23916751722,2686.91250286746,7463.67426837424,1191.76047447476,2516.78410721894,1875.37017949212,1082.49146323324,2463.83914508322,7455.29608413166,7276.26405335026,7144.78167906434,1158.42266559853,7352.97658793391,7475.97682951618,2617.83217852505,872.364480277745,1279.74551662622,1256.39731685002,7442.22408822817,1016.92171141585,1194.62944884221,1349.32676200834,1414.07260117206,1200.20144986128,1532.74841403705,1467.3775729093,2399.40026239523,2484.75290728128,2495.58076815282,512.924536083988,956.43161939241,728.703488731575,947.335067330409,1327.31330544368,2620.43524476079,1341.98029426475,2423.41934132461,2272.9706315436,762.844317224492,2273.11386611207,7372.91682255744,2562.7948413502,918.842600556406,1462.35037634184,6905.76908465843,7028.6375214777,2833.28657028347,1485.72916947457,7547.14207135116,2176.94677987195,7418.01414519556,7126.88696978638,1185.09381940739,1227.87129769933,1247.78918079199,1440.29998786309,1326.57733115655,2641.01429011021,2373.80330827786,7076.26444380749,760.442987577618,937.884224961513,1249.47137622929,1148.99123786569,971.934123378852,732.239339434194,2819.36656716624,940.957434242165,1140.96358758318,3599.66120688097,8025.66877697921,7859.52697911208,3495.98099227622,7702.76439604322,1179.3568444255,1368.03308056736,8020.17103740698,996.252642678336,940.663207055647,7996.33608629168,3547.02398733415,7952.12478969706,1333.86951833689,1299.0847927376,741.904784402057,743.490509971029,3798.33508786293,531.721777003216,752.322023874511,3755.90454145278,8055.53252860119,393.649697768206,3494.60543430972,3757.62018809163,1286.18075216802,7876.00667423456,281.553986981022,3536.76034713153,7963.43337540422,3488.36576534166,3553.41214926925,3457.10810136123,821.612754993887,7779.15149111407,974.284677672818,7824.57382117043,7876.34131903898,342.675631921352,7920.79305728831,8031.97687974781,7974.85085868292,8039.8552443751,1227.8525205358,3518.19445077713,3483.23517264507,348.309349036785,3527.48766956828,7923.34763122827,7784.17799531716,7841.65024471548,7904.13241074245,3556.45695694303,976.012771121327,3421.08946786597,765.990273529974,875.644283105018,7748.20919766427,3866.02662094432,948.953414048657,332.0273423067,3356.59568348684,657.919863474625,1318.68505624566,1154.30216464631,1166.61822065149,1087.62438983714,1322.35580882961,7722.90131053858,3642.04302066293,1e+08,3001.96325314897,7834.97471734461,1089.81858123934,3571.78845618527,7869.95440287216,3184.20759251535,3600.38197869938,7922.06185258424,3548.30374201488,529.545430022216,3910.11369307763,915.783317748208,8236.77236286599,910.804462949561,3382.15757504132,1255.85585465287,954.631407882394,533.191528640274,7944.09640419211,7914.5113226334,1264.45644838561,3546.67079787706,921.927137375144,8182.40068468331,8374.39667141607,642.555207762609,3685.13681788733,1281.49220603489,7732.53165691284,3682.17637018389,681.607149799454,3672.72722669843,806.511785461844,3597.70920247702,708.137554135829,7885.78394615237,437.163069508334,962.891155297613,3505.54603360801,924.546324092837,7889.48285882611,7805.59407017167,824.839567551463,3482.96316954748,1288.98376795099,3591.17367508611,3774.33785949849,3661.78243696671,507.155650352887,7852.86820465491,7718.81834016711,3458.96164298578,3580.52925133074,3626.63925609359,525.927323086236,3706.43289643153,8020.8442215587,1227.26009100247,3472.96118293667,1357.45566924963,8070.0908731735,927.805589657205,920.814466274886,1209.04092876089,7916.86631983362,1283.07622165392,210.552513211824,1090.50043830874,1232.79995614938,7681.63837409933,1295.79455352182,372.19450768225,1334.88477753704,7955.67756165286,1000.97246871039,601.523212868642,3613.1774742122,3416.62120138075,1298.62618353774,7901.58842351923,721.370576686444,1000.40436693704,3883.68272815081,777.128007851151,1320.89469827673
3742.29333674376,3949.61983678682,2730.59748491582,2740.04001735035,5144.65810430271,5288.95869612765,2597.24810093713,2606.77217991176,5189.7399866652,4199.82222139368,2685.5063258658,2562.30595042079,2520.38914260092,3971.80673602229,4189.33577265853,4617.82922652716,2465.66175503711,2591.02082588257,5389.72560936941,2605.90917631284,2703.02198530487,3994.80193132628,2581.5933459239,4170.49517699998,3938.70217291923,5068.53712148689,3958.74729085988,2692.92421974095,5167.24063437887,4007.50035946146,3862.12628595762,5294.26685011569,4222.97752396777,3487.64274397783,2530.0924469852,2643.48289237332,5088.12794666939,2542.79529232044,3468.59461898601,4100.01187752977,3700.30734420858,5375.63008310425,4116.66647517915,4149.95569270673,2548.78104085735,4032.99753673278,4181.00224049609,2736.39144586141,3398.72788489705,5127.6420160637,2537.422657207,5089.51784068706,5158.98468053174,3807.90198105817,5243.80996514396,4098.27115144894,4098.30068253676,3865.39909660765,4049.08385669362,5281.15098253029,5178.04939963294,4898.87565251124,5212.06186882748,2469.54649245105,5305.4381899183,5374.30443164327,5264.13786589777,2741.85468596848,4001.19754776956,3931.23348182165,3619.11244859864,3285.61055712619,3746.89865908532,2488.31615689134,3832.61010271554,3497.19324765059,2573.77050168216,2446.73562077903,3860.56720095089,2498.15533721937,2454.24261567524,2462.05922667819,3457.61187024291,3176.16027581795,5701.04000582505,2448.58514587797,3213.81187489141,3654.60017322337,6072.50080937433,5519.50098738055,2613.53818104413,3518.47601030161,3144.27361345092,3569.53611304674,2477.99215909006,2458.04756779418,3839.49306441698,5794.1703865767,5674.8826861093,5583.41972970408,3192.81985173536,5657.88740965551,3371.73027153559,5800.19877658478,2472.62317813288,3684.48344552044,5815.19168541497,3448.49470584734,3612.63885578744,3594.46266644138,3545.52968588417,3185.0080514127,5563.90703785656,4087.6663245601,5631.65599900392,4166.94994090251,2482.83194992895,5992.11459555077,3255.00166276066,5913.64283684329,5607.82187355304,3374.76660167974,3522.83232466634,5692.33118863073,5482.54098705396,4044.0597213274,6032.90380033624,3117.44909840356,3450.44905267185,5863.33903744503,3613.94807525107,2451.43819695022,2451.05202181847,2442.70448596047,3600.92554477385,4781.23265089616,3580.38821531026,4853.5627170309,3776.59029513874,4040.52960732549,3595.12934937466,4869.78462337405,1245.50853516412,3865.95371215886,4731.19302805187,3587.62250334003,1658.13451679816,4771.93442711388,3347.45780669886,4999.72840409637,1251.05833581797,4610.00536796235,4960.84609378028,3219.81159222905,2953.37648245634,3411.52018594057,3705.83075520679,4824.74750681058,3356.09682388125,4857.05479445606,3703.79703899263,3966.52726763002,2135.91041988741,3730.93043088365,4565.97491650078,3764.48700265909,3602.63972296656,3610.01613560706,1365.2356344505,3725.17591410487,3661.34482398711,1484.69211432012,3419.81908013078,3599.43382801593,3784.88311764045,4521.86109368841,3962.48623710277,4935.0677702315,1580.12154479948,4745.86178407694,1542.15072468133,3607.47597993408,5105.30997036122,3448.37777372897,1829.86314573664,4724.34749090872,3370.94038400262,3329.93483788428,1611.40543345901,3829.57122020071,1180.52820937926,3705.26990898861,3555.30410211699,3332.36036893016,1202.64639375269,3735.8993345298,4878.00216160809,3770.55020252502,1725.17208605415,3905.93990695803,2879.08939119747,4810.95918018624,4803.16205425905,1540.292173257,1241.07068942543,3534.42110117034,1478.23410054624,3715.56473668652,4956.73366427647,3706.25291850738,3755.36186659239,1360.22118297593,4973.69949506874,3376.40122955074,4725.64238929194,2142.90742002581,3362.44897186938,5015.83059249549,4684.71332948145,4955.93047319512,3669.2142335994,4006.20543265103,4741.24636067185,3350.21361141089,4767.34497289789,5056.91976834088,4548.24161051355,1434.73090266108,4957.26223040807,3424.66135941425,2809.97705238916,4335.0628258042,3257.43032788731,1240.99577663058,4983.63747175312,4785.23041615558,4672.43164756691,3604.47496440291,4876.76404281795,4948.00007412803,1352.74699703844,3639.77665504953,3802.70703294667,3705.17257104593,4941.15680203427,3578.29901237907,3681.78405758055,3789.1501889207,3951.17509391478,3655.46742206661,3981.9328731461,3964.76521429479,1413.57749577108,2205.37521848754,1569.53787156645,3225.21360127513,3459.6094899214,3351.98963203198,3411.63129905091,3783.08084929182,1469.87777377631,3832.04008692573,1266.86031874797,1477.70586361393,3446.29550119323,1396.60473356614,4847.30311493718,1288.35874312532,3706.49135767035,3926.59441378671,4523.00597735479,4608.72385081882,2755.61170498633,3915.02107747568,5055.53914475426,1761.11543691659,4987.47221895698,4680.67417073151,3579.3337962547,3637.01573160005,3700.35851563463,3788.17084804116,3770.42802174353,1293.50771346278,1475.33896412216,4930.76852347655,3265.70575597359,3347.75766053636,3593.93209290056,3556.34781462193,3429.14962593339,3251.57615466903,1197.95840313687,3421.89090722215,3701.52372902894,1005.06991485751,5973.76919895334,5717.09496531968,1227.06482144005,5481.04604120948,3932.29015404839,3724.89554703063,5783.8440594286,3271.10771277614,3291.69811459771,5830.32436301821,1761.86584459857,5686.46764676733,3698.31250296361,3690.33277020553,2807.68480588328,3105.16842397308,1059.67291596654,3042.67063765778,2779.81536801722,1130.31688017262,5951.4950744304,3056.4388875778,2170.97829664677,1099.26125454718,3733.56192627428,5704.58835330582,3054.42805954344,1614.30828435692,5829.43122508536,1563.3780947109,1023.58771543604,1842.77750967707,2935.55985715856,5508.05235416725,3334.41911974601,5685.90114103003,5603.6037739968,2949.39567600025,5731.49678641489,5746.14667470509,5746.40028131583,5896.29608101251,3566.99349793605,1182.26506530441,1934.64397142327,2968.63992932399,1370.22984140119,5637.86027061832,5540.03792573481,5582.15193978546,5620.06582213732,1637.00894576759,3391.99154423601,1711.39281026104,3213.30748330742,3150.51780021966,5529.92701273631,1435.22274506912,3173.12226475021,2953.11161604074,1926.26886852024,2875.18355715425,3665.76136498829,3712.71237367697,3943.07377954972,3007.90383293965,3700.67428383756,5609.06069630243,1562.380889969,3001.96325314897,1e+08,5607.51743857828,3729.68524217498,1833.30979234094,5635.58090540799,1490.12554795817,1328.73149863595,5726.00797800248,1702.92954706783,2972.06751631491,1390.80258535973,3143.15432671287,5891.06565146508,3086.87433051782,1964.44643306822,4091.1051023103,3162.75333960599,3039.06423601923,5816.26007197598,5623.3328436006,3569.29670849717,1436.14783764146,3200.68339638032,5868.26165768199,5988.89450265294,2838.16784483804,1393.99470846993,4099.08436671962,5454.99205473851,1515.11392287995,2907.54471242716,1251.64072690476,3004.99709554436,1153.61310139241,3238.89214346219,5658.31545629842,2986.97811464052,3228.80907586034,2076.93544425214,3337.22385486475,5581.27419278914,5604.14668493283,3110.84903933807,1818.91014127546,3674.29747659944,1264.79414707983,1336.06879318725,1602.11504692903,2853.0734376653,5565.99428170573,5486.39133716119,1748.81623553956,861.015582300783,1434.46049258016,3059.21659440097,1648.95211378145,5966.25060090143,4055.26916065493,1713.40550696667,3728.46718989459,5808.10682201577,3144.37692523648,3362.32697308697,3562.81299019796,5614.38107836776,3627.32034710184,3136.53801454112,3642.75575690057,3493.30871940927,5476.14185513858,3541.99491465665,3005.86851446995,4177.42901672369,5693.74235982605,3425.36816005072,3100.25223341189,1403.6734437226,1939.32148075053,4133.00929527063,5807.0077751057,2993.01697933854,3504.87245860538,1367.73968547248,2905.49284828646,3662.93167946252
8205.03676120969,8464.6964944911,6658.503269491,6678.39305446146,2197.13880632491,2161.10715962044,6339.24641730061,6365.29953470207,2184.6027059521,8767.77030203318,6559.51983032971,6236.80348441888,6093.41405088152,8491.98322176847,8755.25571566229,9256.08454844012,5826.99726198685,6321.82220784935,2143.07445705082,6362.967049251,6598.81401260729,8520.17252075592,6294.80518903062,8732.73337798286,8451.2367392801,2220.90919895447,8475.93262008266,6576.3020129244,2190.71489016988,8535.70025455359,8356.19799416269,2160.01005903874,8795.35160621485,7871.55300188101,6129.30308657964,6459.97474217264,2214.4812866115,6173.58162155735,7845.79121772295,8648.02861236492,8151.29122256683,2145.24119544373,8668.10917274349,8708.12369492786,6193.53798514245,8566.7966788252,8745.29972565758,6670.73888775243,7750.12723070555,2202.16987622732,6155.193209214,2214.03338717905,2193.02988439702,8288.18758897498,2171.09676158985,8645.92740070851,8645.96305119043,8360.28338559982,8586.36067797131,2162.75050739667,2187.74261453745,2285.39635792106,2178.82404152047,5852.53828954423,2157.75446574334,2145.45093770857,2166.45342853387,6682.18562486222,8527.99655479473,8442.01643174027,8046.06150504022,7590.81777778286,8210.90588699763,5081.02448151282,8319.25425376548,7884.42100653299,4777.3667339876,5645.87658181677,8354.25105324331,5036.40529779724,5296.69452439741,5232.33743076528,7830.87742004318,7430.3521433685,2124.80878845262,5359.03493756503,7486.349095927,8092.27304912078,2175.16967289442,2128.58444140093,4671.49488486208,7912.98300842799,7382.20387101178,7980.89560796355,5133.33980742966,5263.30499669558,8327.88542183752,2130.2470949614,2124.17438646244,2125.06836599351,7455.23905764516,2123.97368838819,7712.63231370949,2130.76883922035,5163.58437794607,8130.92080897291,2132.15518929206,7818.46280022411,8037.5933801701,8013.75188000037,7949.07046590467,7443.59164211086,2125.88874617667,8633.11647882378,2123.9919500424,8728.48984283326,5107.98465544848,2157.90819867423,7546.63136029298,2144.37183780874,2124.35467753534,7716.8648122244,7918.81032959629,2124.55382434753,2131.70747040702,8580.25487845083,2166.24389930263,7341.14370943785,7821.12662323712,2137.45840566767,8039.30694748379,5325.02275383269,5329.26170374357,5504.29161041535,8022.24028020821,2531.07951162791,8647.68485306645,2944.64970955066,8784.89535527436,9022.48309619494,8647.65054164714,2637.14518177958,6413.75858207845,8857.9704053948,2739.79215661644,8622.64751036255,6705.73412000936,2646.22192999557,8392.0629951488,2883.64307829873,6496.94053800807,2714.2330157726,3014.30400393082,8243.15679505441,7983.55051770748,8442.23549907269,8566.43816798077,3116.45733320835,8416.23463182088,2854.78941794282,8666.78262728114,9009.40004554814,6877.40201314076,8784.67774847166,9556.29271908233,8704.89949585706,8590.3477577504,8639.53293249229,6579.16000057346,8658.91759241998,8536.93554863457,6780.62767542124,8439.39503306611,8644.09637880163,8723.20305515783,9501.27348885714,9005.91056997816,2846.49298859588,6839.99555056574,2716.76053838554,6637.76534955445,8601.73431380733,2767.96517202859,8433.50080262347,6919.92022058202,2471.98092747614,8425.93468336595,8358.92222545266,6852.66693826728,8851.05353170698,6484.92633137078,8622.19079467996,8600.14051547845,8102.1278746377,6506.09909637391,8588.75604411326,2692.93537932809,8499.88921630528,6757.84890999841,8746.59797430432,7825.68316336185,2559.03315456705,2673.37326608864,6724.90534881783,6584.31744385104,8519.12584675072,6635.7842394676,8733.51447558457,3137.17934533127,8650.32431035885,8765.51746141072,6623.9863016196,2961.2702379477,8408.12865386171,2645.88521863459,6649.37082516236,8456.03238231916,2855.52893756032,2676.03855014783,3127.85071653173,8647.64204635784,8992.25145056784,2597.0218203366,8228.14696301482,2724.27948241378,3051.28158570969,2936.44846619835,6602.45352135881,2638.54650261044,8374.52431902243,7114.05261856408,9418.72980842802,8236.13835147165,6530.96324959194,2953.43028717069,2715.49136122785,2309.65078366004,8642.18945829004,2652.34870602932,2639.388228062,6656.8723375368,8527.00312005248,8815.98076712639,8659.93719998868,2769.04045258128,8594.8271886108,8737.79781665274,8880.14934512267,8996.84302097005,8682.06884165703,8988.09548675377,8996.51892153293,6734.93436068574,7082.09457250806,6788.28049610165,8218.74461312186,8534.07588610322,8389.53028332545,8480.71235257624,8826.11076753954,6704.23532626753,8902.11406538381,6596.83403678917,6712.08829383826,8437.00480758154,6665.08717436992,2587.97207947951,6528.81288639707,8602.34429399496,8959.08664818771,2529.87808116382,2381.31567497608,6830.47418674621,8955.10243565677,2814.44264983775,6898.09266160861,3022.973198779,2733.65154844558,8616.37984712434,8630.06037318641,8652.26355265286,8625.95782726933,8831.51844421847,6484.4596608584,6635.14246148591,3416.97911046755,8324.30373218933,8454.88821542325,8628.32627818227,8542.6163959143,8518.90322354552,8323.76876100183,6472.96996789255,8488.49664990345,8702.76263484216,5082.50448679199,1165.12900303952,704.859183336249,5226.76027094619,199.396972477574,8593.77793185234,8616.07804620273,357.965642761745,8275.42364537365,8261.79504610998,653.809780721723,5174.06477321566,257.808128757221,8657.86024934324,8560.5875360965,7727.25285557426,8099.40055562195,4890.98102257643,7999.41417716497,7401.56149722505,4964.11473691084,977.347944632047,7996.1798130092,5322.72463624879,4862.15546457173,8619.6014816511,464.491957237089,7967.40904181641,5152.08908498136,773.040130219817,5118.38580398362,5103.218459453,5269.01342406112,7835.84678693873,398.179950140725,8295.32592188787,712.00320907185,297.8811214612,7754.59436568629,493.108462396608,638.514346215078,249.116592751792,801.644494606666,8503.55762656654,5087.41334787462,5264.13082409384,7765.31801803708,5170.95052531286,408.077361648241,227.31912319267,297.807312261952,355.009054037256,5108.36611030908,8277.52885586963,5316.33219996893,8210.69855337852,8096.02300962582,298.838458339498,4824.57843694371,8097.61022087949,7815.33117708598,5324.14182002372,7521.77039511576,8645.43953231726,8548.27263977757,8534.34754082466,7832.55351659713,8626.82320667893,783.007496181541,5063.5781361623,7834.97471734461,5607.51743857828,1e+08,8461.96458538077,5122.5683876057,104.008146190609,5453.65631638334,5131.47517079751,449.458124434552,5129.17293883075,7877.21864370604,4797.94424624274,8166.04179658204,891.502187085555,8036.81948737416,5374.896850911,8662.78760808015,8094.02761791644,8002.24385636448,778.691749221859,385.953930630136,8533.94532040669,5192.2180575215,8122.09500358926,649.65171238658,1183.55193557211,7586.50381645387,5001.06683483762,8706.78920648542,612.231382385038,4949.59134318974,7772.11046530745,5058.3138929529,7586.87243863157,4860.59964221658,8245.21348978247,133.372158972682,7894.59892503501,8207.70710850689,5246.83468737071,8181.62688238941,616.871262098533,317.248565173022,8106.36742772522,5215.19239500068,8522.12316371179,5163.52247891661,4837.7166365144,5089.49635280031,7583.74967407549,411.888720538219,240.984742037058,5217.66849033854,5159.11326311263,5125.91017329418,8017.55622065489,4992.01410541214,1272.92596970536,8568.06476925423,5276.46945176157,8596.11198627714,422.350890821072,8067.2660654462,8258.48809883342,8506.70195811328,600.679364910473,8565.02429686268,8001.26320609613,8479.19890371345,8498.84289705615,269.55092780076,8577.5925630579,7920.78812772602,8783.19619041419,273.049166007742,8315.79318200083,8088.62544622211,4976.73109265332,5269.95209426616,8665.02260275306,1020.12035293389,7596.95392675962,8338.0267210381,4739.22265801232,7829.59395081058,8647.89113152033
1130.49409100513,1146.32977071712,2025.35500737349,2007.96540528525,7515.28116027182,7676.78300871027,2313.54645159092,2289.45372419395,7565.8643034994,1240.09505403416,2112.95714368674,2409.14548046321,2545.09889560885,1151.615985973,1234.80296866598,1518.88030886047,2803.53554677532,2329.71057787385,7788.89237024594,2291.6069266286,2077.97561304207,1157.77108245159,2354.8529374072,1225.5622399158,1143.96865445719,7429.59372528082,1148.42583746209,2097.98472334948,7540.63429974684,1161.45866431957,1132.02425905154,7682.70189107103,1252.14696450669,1201.66664438975,2510.84956477415,2202.70616853372,7451.68080266177,2468.79440762525,1211.12156453811,1194.20337233968,1135.15924352189,7773.24152885114,1201.13878380229,1215.89015219712,2449.91438293866,1169.46811222503,1230.67283316179,2014.64863623493,1250.6502204457,7496.15732140682,2486.2321724158,7453.2468831749,7531.36893446579,1128.657972776,7626.37806076296,1193.49604651102,1193.50801820444,1132.3651736361,1174.92768895263,7668.07423483769,7552.75855468308,7237.25654320315,7590.8664436009,2778.45807760211,7695.1536396857,7771.76909056568,7649.08628966463,2004.65803659896,1159.60297589371,1142.44595883424,1152.06598858451,1330.55134334466,1130.1495707732,3560.27299113179,1129.65387793549,1197.14080056995,3880.92865102356,2983.05632532868,1131.86729854151,3606.93398289727,3336.91177296239,3403.18622431041,1216.83166878226,1426.25414145437,8132.19758558117,3273.02219425923,1391.30004124248,1143.39006303867,8536.75332057808,7932.53431339422,3994.4826715451,1187.57279868569,1457.53103250854,1167.54404409645,3505.76068791585,3371.25584840036,1130.09255440837,8234.09940984088,8103.51462947831,8002.99649950855,1410.52478577134,8084.86334926629,1267.94728128675,8240.68401628857,3474.34279878824,1137.63506175476,8257.05431340331,1221.71509330208,1153.86481688247,1159.2723764208,1176.44515948197,1417.84828109916,7981.50551714748,1189.25968138851,8056.0524045742,1223.86249160186,3532.15410944144,8449.61587186806,1355.50221292604,8364.34447855863,8029.8493136906,1265.946096085,1185.70262708919,8122.6509705817,7891.70629227461,1173.18929660715,8493.85720955312,1485.04231288144,1220.65735803145,8309.56837031561,1153.49563651616,3307.84186995814,3303.4973349643,3125.34803324558,1157.28930949476,7849.34816871893,1240.29116624301,7756.480057131,1049.66647377455,1555.07085945764,1179.29152052478,7933.12123954592,3402.68229012113,1495.08093382404,7827.91128434651,1289.41505884578,3046.45709011108,7811.8259018528,1035.14124590739,8115.98740871377,3320.41791024017,7739.88352936722,7953.48080075813,1013.90570961353,1364.07171068212,935.253225303909,768.152353563493,7763.81787697043,1041.61308083642,7863.58822159678,1538.23256244357,1112.60967442321,3000.43394822374,975.065850632869,2068.18100503754,1552.38324395417,1401.50469260694,1225.89667563056,3202.83450812073,1829.65549802551,800.850395826301,3156.39418589277,936.960553367893,1375.42917588113,631.342797165995,1595.58942097711,984.019220587194,8057.91201292468,3001.77772368105,7783.68817329335,3137.07461400307,1440.85567198353,8210.11654822936,840.826836599375,2990.21007137659,7897.53711536947,1057.30952697245,989.682463695349,2869.64016709697,1352.98498012736,3276.03715200757,1574.07687119919,994.511662465654,1029.74583569887,3306.70064106136,741.546521930035,7977.87931283098,955.020766648059,2888.42882459217,1856.57503769445,1167.71502354553,7910.25568916383,7856.31778056733,3152.60193557249,3302.75723935222,845.481393527848,3162.15237523659,1328.96169746484,7927.99165053821,1484.48123164629,1298.6210300124,3230.1453686139,7985.3640237396,1055.08188391602,7794.15029167415,3188.77311174002,1221.95339891942,8117.77494500079,7807.31571606883,7844.38276381133,1415.24865672271,1698.58352913822,7857.74994468376,942.561684407185,7835.17969254334,8064.81293474643,7469.72826316908,3241.46561766666,8106.16686332317,1638.36857316802,2479.5355882094,1796.78581179827,1573.69457727477,3223.28292717064,8026.40104839515,7909.9304554302,7823.92378843478,1225.73407879262,7974.50775522929,8118.27520698426,3324.70277504241,772.999974388018,1100.10324816962,1491.89980849498,8058.61503458446,1005.39019897106,977.149953677783,1276.67258783224,1098.20004091143,1252.41996733153,1616.80461206508,1414.32215725299,3110.43888946271,2696.60712100824,3032.60978790044,1006.24747469586,1121.94648528133,983.565214870149,1222.7526606116,1216.65727861841,3199.36431511195,1073.21090591148,3147.5548205333,3070.86385257704,856.719749962108,3044.93432214163,8029.07854198606,3296.73438018549,806.567713741961,1415.61822442469,7546.95988781856,7695.48272601713,2968.94053410525,1520.11019408341,8164.20153902594,3024.55490498177,7984.29378790993,7748.1404142702,1401.28651506781,1313.16926107508,1470.79125592734,1880.24739944205,1324.19195426263,3238.73397438841,3137.80814736458,7471.24207842276,1133.29947603704,1232.0463930843,1537.24015192102,1407.26439607221,1177.02649855502,1089.17501426381,3466.26442528969,1165.34945423183,906.109986816428,4269.11972573323,8560.06474055502,8437.54816983621,4236.56599949408,8339.51673524152,394.85003461843,1764.74710408434,8641.50443562045,1031.2967970808,971.11799018997,8593.84221816494,4285.71505558139,8593.89283213649,1604.8731552809,1693.77957004521,1293.15381861154,1219.75456316135,4456.30620770185,1104.27087577212,1457.84395186615,4407.14854192689,8618.33866929165,1067.774629146,4262.80880536099,4420.18535211363,1564.77521332667,8467.81972414535,1038.21218814817,4229.43199378283,8535.82823424062,4203.31766696303,4234.49751544911,4194.76211254043,1298.2530664681,8430.87794175202,1408.23860986508,8400.10930078837,8528.123874442,1168.88492916674,8523.35229322167,8676.75505924202,8596.65983168661,8607.60376197702,1616.91863817702,4197.95377557427,4242.06510393385,1153.19825185038,4238.045163694,8579.77621052858,8418.1294425136,8486.0662904415,8551.42374181379,4251.71873301067,661.388517912072,4192.8307213302,1198.80957316372,1099.48465822663,8372.64908225671,4483.64864443742,1123.52862651307,1122.55385464335,4119.15545579877,1373.49923455999,1571.99390176951,407.417762247651,483.290946321767,1537.9579136167,1672.09542182203,8297.01409041936,4337.90342261643,1089.81858123934,3729.68524217498,8461.96458538077,1e+08,4302.69868169116,8495.73165926764,3975.88675941784,4314.27574758435,8527.55562155353,4289.15433714832,1128.50774274211,4533.18676488775,1126.1566622833,8904.00485213845,1195.27079598429,4125.89054958599,645.154339274298,1142.89527775184,1105.70294989261,8518.28580481445,8564.5656959403,1646.21540226062,4267.96953850895,1300.87754623042,8836.13078794516,9048.09604188343,1272.74768277532,4378.62196115874,577.999032529032,8389.91376082789,4383.10700074195,1196.20646278709,4362.24732914796,1385.7690637519,4235.57415522986,1063.35546141277,8510.11226502146,1107.46360838351,992.712095373004,4253.66978625233,660.14666989532,8558.24640151876,8419.20789875703,1321.75573294428,4230.82616272759,1677.70727560845,4295.38068964702,4388.75132191235,4370.42130841732,1302.2006058875,8509.35895197398,8359.38479610323,4188.79155302663,4267.05355432187,4310.02113215859,1084.47517552602,4389.19398580928,8546.15369085261,727.906714753314,4209.26268858969,1814.16423328095,8707.45452411809,1314.10888302147,651.934048238314,1549.89211910627,8573.61734829324,1594.86443452623,1008.56487291638,350.188416433085,1630.46162672905,8305.95705791568,1595.24122073882,1064.49345773618,665.103866615576,8595.37213539494,711.693364628738,1075.74362129605,4303.23437128219,4161.17586014167,732.815662911983,8451.23424451354,1355.04769157077,470.210449162057,4501.92717099417,1280.11855805065,1555.28675351048
3945.34600010619,4158.48712507671,2867.10222259415,2877.89629229006,4939.10555461667,5081.31304657512,2709.81367990939,2721.4511840224,4983.51380008583,4414.3358837711,2815.04352953946,2666.28762622041,2611.63912214591,4181.22913513241,4403.63744764231,4839.44045420772,2531.21714369933,2702.1571311837,5180.72134374378,2720.40012702521,2835.37354049418,4204.78748513269,2690.48849774978,4384.41104877802,4147.29196018497,4864.16530593222,4167.84436561363,2823.67124194027,4961.3483273815,4217.79171986057,4068.68505941189,5086.54760522091,4437.9524691295,3681.57574613241,2624.60560639461,2765.60231922269,4883.44690184658,2641.26463524797,3661.73338477987,4312.4258790228,3902.02553268501,5166.8110848364,4329.44394759615,4363.44360262595,2649.00785253305,4243.89209157903,4395.13405563291,2873.72951618408,3588.7918546262,4922.34860395898,2634.25849030479,4884.81500036908,4953.21604130428,4012.92689601383,5036.79976766651,4310.64684705341,4310.67702849618,4072.04782392785,4260.35170145484,5073.6140055897,4971.99612487295,4697.34865819636,5005.50891310281,2537.6689833209,5097.56481249304,5165.50293546894,5056.83944248591,2879.96684476539,4211.33757704392,4139.63175213594,3818.07376600577,3470.08513705773,3950.09415730951,2473.73953315222,4038.34427495524,3691.51777113257,2527.02884928202,2493.56382268116,4067.08302013293,2478.74718282188,2463.2580726959,2464.01244623066,3650.28441629632,3354.35315816618,5488.2995746265,2464.43701769779,3394.2756118491,3854.79631219406,5856.05063339178,5308.85965053577,2556.1038618191,3713.657380151,3320.4433050927,3766.68913792743,2469.11020534075,2463.39858654042,4045.42170173874,5580.4309933133,5462.43195859318,5372.01517874262,3372.03271236689,5445.62713178355,3560.53309676972,5586.39641471237,2467.04498615321,3885.68311619579,5601.2335860895,3640.77551865169,3811.36968135573,3792.53740894134,3741.77009158883,3363.74570608609,5352.73259528874,4299.80734504645,5419.69316366961,4380.79249792865,2471.18647798252,5776.40795203941,3437.81475393156,5698.69198697905,5396.13303609153,3563.71341452802,3718.18647199359,5479.6867554631,5272.35362821975,4255.21157336172,5816.81610247064,3291.84024392377,3642.8142005798,5648.88905023473,3812.72564871261,2463.56167868607,2463.64040994387,2474.38386783146,3799.23509178205,4707.2533944212,4088.82509008126,4838.7568812345,4285.50988268488,4408.4597420074,4101.2270146853,4810.85382548298,2091.41212830682,4256.60168476456,4699.19590298895,4052.36240685057,3048.12426770009,4710.00091869588,3930.79669216908,5044.41213790201,2452.09614254105,4596.49004146779,5010.83331885415,3848.1489242735,3426.04101580119,4015.69279027097,4339.99503877294,4881.83871464545,3957.66090705673,4854.14374207058,4043.97889039952,4583.72022741888,3494.71658256496,4310.40235935383,4892.45550947639,4104.2153628111,4010.76176648905,4089.06623496761,2342.07775934463,4022.19460305657,4297.86971525297,2606.40029360462,4017.86042964367,4051.06173271693,4371.50009783004,4906.6028716216,4534.56920846717,4934.46078635829,2789.12289390279,4716.59741901319,2806.06736342435,4003.64263878752,5095.49819008227,4052.3586997015,2356.30098636112,4651.87959917576,3956.92824120619,3925.10859256926,2693.95411902246,4265.50219164648,2543.8803423144,4018.16594675807,4129.16772170547,3942.46580802037,2355.3309166047,4294.37987070824,4833.98553168004,4387.86080338866,3075.1430201139,4162.79713212331,3443.88052737007,4773.80226648981,4763.70560764536,2817.05054619148,2549.97726055431,4120.08666052538,2314.12619314868,4156.97362663049,5030.86729589358,4064.82157724911,4192.13485066835,2630.07523202502,5005.88469497494,3934.93944237305,4675.71870784335,3440.50196605761,3919.93093450747,5029.22627488896,4680.2238374533,5046.66779813586,4045.43584833497,4351.20852090181,4674.11912028581,3968.74568945898,4745.46713309931,5110.04609804074,4537.45212315061,2825.09300939612,4908.21318747774,3695.54360637407,3907.19384171329,4746.50700400723,3577.60897990443,2322.06328664069,5015.30954130154,4761.06331694549,4548.88718867814,4101.8344228849,4830.6453292879,4920.05590890412,2476.31432373239,4272.65265987748,4300.81308494135,4067.61340967386,4948.65942239253,4108.50428670777,4272.02310921906,4311.90575236978,4507.28379681042,4118.04926217125,4350.03877614867,4389.83789637137,2489.56406706261,3477.9104929455,2855.38935084819,3850.93051577746,4017.14292893727,3963.8985820083,3932.56590209257,4263.19608823511,2753.96769207153,4397.51317443811,2405.38248093868,2345.68646147776,4072.34280898281,2302.1816200376,4826.33840144919,2332.31038633485,4340.23085480456,4343.51085419925,4430.93491279978,4487.07176168202,3868.07674600313,4317.2360873561,5052.46029444964,2375.81052660221,5022.63338523016,4651.77147702851,4024.26630459484,4066.52433959066,4070.73103394948,4037.55950347462,4246.37284528771,2631.37362202204,2379.27916857685,5269.48782557214,3830.77818300138,3911.36317457385,4012.9246011374,3954.66980525184,3992.95097119735,3851.74678777321,2615.9794743744,3961.29746762773,4254.88663912847,1331.8296109643,5368.63492603506,5133.28155870171,904.305616229421,5007.23608857452,4442.42195210745,4003.98176810753,5246.35896160081,3828.080660652,3860.14066243958,5209.3434730883,135.423756775885,5192.67633034191,4041.35515028748,3984.46260996277,3276.94605977295,3618.59104999878,1631.31427866604,3584.87643973635,3265.4367551975,1422.89218740292,5314.89626602759,3625.27478416936,641.904645623044,1438.94681407219,4059.45431335894,5171.77980550923,3632.66646115241,457.107373357558,5242.34819163018,377.796299489629,1207.85697246976,176.38915874416,3337.21959453632,5086.39928741628,3726.52242821784,5122.19619114935,5116.1096998587,3451.15587363582,5159.37431874192,5384.15369580097,5267.95842917742,5321.26622658424,3901.64972854432,943.828574056787,357.839457548984,3462.65435282413,666.458488099797,5146.9989981109,5080.04905118885,5159.96015428616,5182.09295968794,407.166021555369,3978.23547297956,354.452117919774,3725.71184571852,3657.79139792168,5105.96343231745,1270.646684139,3657.63144004436,3492.49001774803,431.470989311991,3394.17693262926,4035.57491737065,4267.30490719237,4477.23667169613,3200.58904588871,4026.62063869101,5013.08483299702,536.593503200645,3571.78845618527,1833.30979234094,5122.5683876057,4302.69868169116,1e+08,5174.00277198042,660.290703011593,798.639914051677,5165.32758434056,179.414125598378,3481.14413123909,2184.88847592971,3728.74775143639,5326.52703254858,3583.41233234244,408.042512049422,4582.24413713164,3674.42227212414,3589.58087668581,5211.18550408867,5180.82112234986,3908.37586792946,603.66804864308,3604.00084108775,5443.62675834413,5639.97633967222,3223.73764225253,798.227121454667,4621.72007700259,5078.6009367146,581.902273817616,3334.848366952,977.911251415461,3585.52026132995,1377.78869027271,3798.11454476271,5185.64811338616,3523.1593966696,3832.10663951448,442.192176673399,3883.34568443449,5169.89327630894,5066.02750120233,3591.1555173422,178.271391093199,3937.92113781412,914.782153489144,1430.69851344866,458.099274316595,3338.81950969512,5126.65880636855,5034.4897025562,209.253486504645,1446.81921432142,761.170054195701,3609.92390426666,537.695836813491,5323.44175427759,4549.55544611261,235.157085706039,4015.22052315158,5389.27522981302,3553.56655948995,3942.49558023671,3910.75848192423,5232.44382072147,3956.59509765451,3698.35582632813,4214.29865994664,3869.63269711747,4995.81284007651,3944.89945098193,3551.95534509086,4695.85807792354,5220.35908252356,3964.4609760211,3672.82478337323,699.848921814888,369.703438941404,4630.55964482261,5182.22280367092,3546.45815762664,4090.30761270687,1751.47581494291,3343.80224874272,4021.92890914452
8245.69878628381,8505.69714273103,6696.48939173983,6716.42303016206,2181.60048482888,2141.49473993114,6376.48312439528,6402.60079751429,2167.7938502881,8809.13696947066,6597.28296307194,6273.78002097676,6130.00855934794,8533.0180633275,8796.60784769238,9297.98325318151,5862.82071815915,6359.01538179723,2120.62283397345,6400.26255850002,6636.666627211,8561.24242052388,6331.93028696751,8774.05922972181,8492.22042673624,2207.50433722157,8516.94737931884,6614.10351948627,2174.54061054981,8576.78935128826,8397.06011798338,2140.24767191697,8836.7501403621,7911.74177114255,6165.99524915938,6497.50532354989,2200.52914624506,6210.39236976853,7885.94146912825,8689.25420994711,8191.88002050251,2123.18536588146,8709.35874174694,8749.42065133935,6230.40150843119,8607.92397818462,8786.64025975341,6708.75202442111,7790.13182403587,2187.1099705001,6191.9549613193,2200.04236692758,2177.08822958153,8328.96073317836,2152.76044626245,8687.15048250854,8687.18617568659,8401.15080097635,8627.51184818852,2143.3587125746,2171.26358726962,2276.65487540536,2161.38490624987,5888.43939143412,2137.67655032949,2123.43236116571,2147.54249170719,6720.22392704882,8569.07613754144,8482.98846442252,8086.50362677589,7630.57023034561,8251.57584114213,5114.14462838852,8360.06825270692,7924.62890530801,4809.07618450059,5681.12455987501,8395.11065319911,5069.3316275941,5330.69403649745,5266.08403968132,7871.00523753043,7469.83773966537,2093.88949905515,5393.27221364631,7525.92934510446,8132.78013072128,2135.42859489517,2102.52637200473,4702.65689915303,7953.23310770548,7421.60672715411,8021.24463364654,5166.68180450001,5297.17426418856,8368.71070855679,2096.95392436302,2093.93808483533,2097.2688391928,7494.76692752628,2094.18464598127,7752.57866175271,2097.32534282711,5197.0520552278,8171.48155815024,2098.33968654118,7858.57186678763,8078.02350380266,8054.14806486003,7989.37337845896,7483.09976881916,2098.61782872866,8674.32419148537,2094.89837764774,8769.81072546266,5141.21984538141,2119.91971653882,7586.31166100293,2108.18290780074,2095.8981562876,7756.81776832077,7959.06899510449,2093.86118655661,2106.66818872162,8621.39861223636,2127.35434249857,7380.47499399922,7861.2397190815,2102.46676831709,8079.73950137014,5359.13116982226,5363.38629154918,5539.05701838105,8062.64857541036,2517.28958888239,8685.81734677199,2926.29214854534,8821.424815069,9061.82532602629,8685.42578269585,2620.45080930073,6445.53885437698,8897.63972481334,2727.03363350252,8661.29382272772,6727.7025129147,2636.6188378738,8428.66638268339,2857.47252389655,6524.16511370722,2702.51471089302,2991.65306378185,8278.17658405895,8023.0248213929,8478.3773860434,8599.13355943761,3094.00250060732,8452.44836701853,2837.65692699431,8707.74963774438,9042.64164438346,6894.68080240945,8820.2013862071,9598.32037937371,8745.70208456911,8629.72268490582,8677.5619116844,6609.19245760074,8700.78872338354,8569.58198327889,6809.2428944893,8475.50470005147,8682.9930772233,8757.89294920369,9540.54814990744,9041.68815923618,2827.20950813855,6866.90498083708,2704.18224570889,6663.35064171267,8641.41133168095,2742.52058927401,8469.30067905698,6957.00481413922,2457.19988837679,8462.64994107946,8395.00736784207,6881.45749184914,8889.35973491061,6510.52765929468,8663.40921956926,8637.09775364019,8135.68566741335,6534.59023279463,8623.46933291206,2676.06503130334,8530.74891840329,6778.21397141493,8789.48279802114,7862.15251932521,2544.44379219455,2661.92626259731,6750.24344615025,6609.99645471538,8555.12803655386,6667.60075233915,8772.31318941825,3112.29754347424,8690.49030867472,8804.08510805606,6649.93142394906,2939.15146837574,8445.03299200334,2636.17210109868,6666.00250064971,8493.27580954214,2833.86428330408,2662.67322930429,3098.75533331753,8687.75467552499,9032.83835065974,2583.12059935364,8262.73422214237,2709.38824977681,3027.25788979315,2924.08528198882,6626.08418765439,2618.86249950352,8416.56487905167,7130.69861431305,9458.28272009362,8277.4116022529,6560.36199058899,2930.66327923419,2699.84209925874,2300.40175101413,8679.96757711199,2637.24683972866,2618.09092034525,6685.26495398437,8559.91032494176,8852.77944693989,8700.07366109559,2745.7246918915,8632.15673361867,8773.18866298536,8917.30765363689,9032.35842143994,8720.51359256161,9028.27602903225,9035.20524152828,6764.52695886262,7101.71007267399,6812.78607734975,8253.71447314232,8571.54517536537,8425.51300088312,8518.54339545518,8863.86113517516,6730.29021400334,8937.99890726383,6625.345729794,6743.5942396272,8472.28550144945,6697.20095726939,2566.50846043112,6558.56994347858,8635.32045230777,8998.12434758885,2523.33686167938,2374.1489522437,6843.81960545086,8994.74110449508,2791.24137875113,6933.78471282389,3001.22824771412,2719.2161254734,8655.28343482759,8668.5640972022,8692.16151255241,8668.7588933548,8869.4440237152,6509.45565316399,6666.09015552568,3380.83481028765,8361.1464705316,8492.09387706218,8667.39355894021,8582.13851614726,8556.02347554082,8360.11399680935,6497.64760695466,8526.18483482599,8738.72893117793,5118.58438933436,1176.92164902017,731.820095279709,5268.13232613055,232.467394471038,8629.36703507346,8657.75053445593,376.363868896506,8311.64362157744,8297.23208007089,690.215531829603,5224.46866011506,275.659018627417,8698.35669286786,8602.1262231018,7766.16576064161,8136.88122981725,4922.97455572961,8036.55637874182,7437.31043902195,4999.84711481449,998.699343189171,8032.06562360373,5378.99019028143,4896.68882630647,8660.44794441988,478.859301119266,8002.83834567084,5201.20221958208,787.511360643567,5166.66001918764,5140.70048247876,5321.04234806605,7875.89420642065,379.083314799822,8334.61485155713,730.883086634502,326.944051568313,7791.74400170712,522.345589072932,580.604933835823,204.84823408369,809.603445982115,8544.00070427489,5128.92995657414,5316.69781969048,7802.34806747244,5215.19063887759,424.057229651353,212.404427505053,254.260711929011,333.234123478291,5157.87216525378,8311.61616336213,5366.08011205184,8247.97658942014,8132.95254140001,249.215610236948,4864.84900031066,8134.4313331812,7851.77930245901,5377.14070428909,7556.63009186151,8685.10164768298,8583.25490930483,8568.56155973919,7875.28745220202,8667.68846327717,821.110789382434,5111.4504938313,7869.95440287216,5635.58090540799,104.008146190609,8495.73165926764,5174.00277198042,1e+08,5500.08320938321,5174.00359974177,478.556915095979,5178.83736432293,7914.90920043572,4823.14141151298,8201.87820063139,910.153254784286,8073.84905720561,5429.27597044213,8698.27134725627,8130.23653414344,8038.88568668236,803.433373452717,368.776351585239,8574.68647808592,5237.36861681922,8161.03908817921,619.957299194247,1141.82349198678,7625.70190210775,5043.84771858102,8741.4867396214,585.626085774776,4994.99602957392,7811.41042144055,5099.20499735307,7617.90330689787,4896.7366628732,8281.7488063708,106.793263727226,7931.48827165602,8242.30636939477,5302.33771630749,8216.5949893765,601.538767072847,356.979499672226,8144.4925293465,5266.8359078444,8564.30422546899,5205.14083122263,4875.1111082577,5136.3616026407,7620.84073439186,404.441223852123,240.543600967749,5269.19985403939,5193.31203524695,5170.99297695836,8054.09981546497,5040.80776717925,1292.53666997667,8602.96888359276,5326.38321636186,8637.56766663121,369.613495078217,8106.15157604927,8293.16854277837,8546.93628878916,563.758277466017,8605.58335564954,8036.58580699134,8513.66719254519,8538.67841381787,303.625887058247,8617.40008709796,7957.28045058894,8818.09308679786,268.4390602377,8351.1837376051,8124.7844631888,5021.59891334989,5324.20392651635,8699.98997533649,1046.50895450487,7629.32299045809,8371.7816875238,4771.06732197821,7869.02611474343,8688.1648212501
3638.46945780702,3842.07244327787,2668.49560097975,2677.11125363508,5259.90180688201,5405.15836334599,2549.62286546128,2557.88219381644,5305.29140375657,4088.64959582164,2627.65137828083,2519.79029402288,2485.36986389817,3863.90335301765,4078.29942629196,4502.08515084135,2445.46580689866,2544.24942118777,5506.5455354784,2557.13183506468,2643.4548230207,3886.53730863107,2536.15833224461,4059.70681418402,3831.33270571118,5183.24135863336,3851.05254743285,2634.33377423375,5282.63954249048,3899.03953609213,3756.05837152072,5410.50012152692,4111.50830754455,3389.63857325616,2493.16127847756,2590.1194655987,5202.97348105259,2503.53743550417,3371.09606223541,3990.18844216373,3597.33663180916,5492.36543981085,4006.60957821956,4039.44235831732,2508.48652244351,3924.14963299363,4070.07508096865,2673.77983990762,3303.18480502693,5242.7673333457,2499.12665267908,5204.3733338037,5274.32709697229,3702.81623086381,5359.71945600072,3988.47231808981,3988.50143148999,3759.27356151014,3939.99635270852,5397.30102794178,5293.52183577333,5012.27955373987,5327.76253584824,2447.8881130836,5421.74183751923,5491.03179893073,5380.17897917686,2678.76925982009,3892.83381947591,3823.9867971724,3517.90260081549,3193.61389939635,3642.98343082421,2511.73750607884,3727.07028387444,3398.93975813339,2613.6630644439,2437.08351557313,3754.52680038632,2524.08613083208,2465.22122464966,2476.79609283551,3360.41001549582,3088.13577060535,5819.56451340443,2455.89773201072,3124.35314124378,3552.60190407562,6192.71594387161,5637.06801886546,2658.78914919784,3419.67671445478,3057.52522450034,3469.48000412997,2498.43910515976,2470.97988737884,3733.82872294714,5913.1503517176,5793.27508304928,5701.33495705893,3104.15139336139,5776.19295163473,3276.98832547465,5919.20744629858,2491.33616010704,3581.84409369404,5934.27134638346,3351.54209506215,3511.57612360541,3493.81860245328,3446.05546889006,3096.63965977945,5681.71729207831,3978.01820201605,5749.82588209536,4056.20869758018,2504.72458568903,6111.99105751323,3164.05706101926,6033.17494703881,5725.86678029899,3279.93321584036,3423.92294227141,5810.81192045652,5599.90086954239,3935.04667295401,6152.95384105761,3031.82116997115,3353.44278713071,5982.64289663529,3512.85550668463,2460.75356090993,2460.11810248913,2441.42210497888,3500.13165942742,4996.53975312835,3687.10935907278,5106.67246645218,3916.07365436293,4033.02752977486,3724.41165456899,5096.6019164987,1669.35113376755,3865.04899803978,4974.36529002546,3673.36230448305,2765.18514685464,4987.67183412005,3531.186477051,5305.82553975442,2107.30971459343,4859.92134184913,5280.65337502499,3441.89889643612,3016.42758392155,3624.03597492022,3968.14340130162,5168.116680229,3552.6012212459,5124.71754027616,3656.53740744372,4212.60805840824,3233.31606590203,3940.17640484875,4499.76575867183,3716.20295251421,3622.18246693852,3708.69364351946,1959.71702049876,3618.0742703399,3923.53838629366,2250.76786526619,3623.74082742247,3661.00422756708,4011.90625109976,4544.30392323534,4166.18620862901,5201.78653081594,2462.20747590756,4993.94381694015,2532.26573628714,3610.87722505812,5372.13796098141,3667.92222834062,1919.75034167951,4928.93719124189,3557.18353560606,3524.13727490336,2375.00525064308,3884.20467475816,2214.11215276868,3632.72435772075,3738.12489628636,3569.99611289532,1993.2782925163,3926.06231429371,5109.85734118272,4023.09304826069,2804.86039279901,3768.06828538756,3043.00653597013,5036.57088060721,5036.20685605043,2511.67564639572,2181.30792830835,3734.21555459169,1934.76403109287,3771.62208144178,5291.76285717457,3677.59721859622,3809.14053608238,2293.14044635527,5277.35013715426,3534.39033907499,4949.0543180869,3222.64746914962,3509.36835950539,5295.13386440097,4933.26167993437,5303.6398628874,3663.84469486837,3961.88527563749,4961.33672168188,3581.81042353881,5019.69056059228,5378.31143527073,4813.09283136809,2521.28185941951,5181.00238942881,3289.38843576864,3686.96549389795,4350.53821157873,3163.29027953825,1943.14926991405,5289.25263203696,5027.74474966371,4836.26370423592,3718.34144617653,5108.9549512165,5188.17328486651,2104.86423181211,3899.76379988321,3929.06232033395,3678.5876381599,5214.4594607523,3727.06429677943,3898.73715185963,3926.88960211003,4131.73255713855,3736.60148101177,3962.8161330435,4008.89334496971,2113.19532240226,3212.7761714007,2524.43751720393,3446.59386093202,3618.62347276649,3564.17278495323,3526.9730542054,3890.652190131,2441.17467799628,4024.27642280745,2030.04113378021,1932.9982359801,3684.91629403689,1916.83448299832,5085.65872839098,1978.10556612257,3961.33990331504,3966.88210859468,4713.661851227,4775.46464793135,3670.07141168365,3933.90807555271,5323.47984934506,1954.70937478579,5299.51290706704,4925.94034293984,3628.80825456132,3690.05587298006,3682.72990320966,3641.39536221344,3860.36129891475,2333.64021539906,2002.54858011092,5496.91189847361,3422.13262308216,3501.00724212982,3612.20213059094,3565.732554266,3586.43216277455,3443.48683002735,2291.28821425946,3560.12421094421,3888.0355109565,1231.35924643502,5749.42587483054,5494.78022682064,664.487475766362,5327.6106779951,4119.63962882221,3609.78135105726,5593.59268079757,3471.00247406753,3500.08887709897,5579.32532316067,573.054261928653,5524.59709449458,3654.2687503246,3595.18915849098,2876.43525908359,3216.95187733927,1550.32573901635,3185.22623088653,2884.41714047702,1393.8434267297,5694.85628644306,3223.42797779392,859.538931443004,1391.59193941535,3679.85949906911,5522.50408505103,3238.17512044643,810.377616777172,5610.42022973097,651.088236677863,1103.76552995477,577.321009409099,2943.26956217877,5403.42929959299,3321.94514991678,5476.86908981224,5443.85819318883,3060.37087005654,5517.51624214883,5696.43328592866,5598.59705056766,5693.18580139888,3507.7011233829,985.59903695394,603.09507177875,3069.4639851604,720.229935784642,5473.62160496579,5405.06529607161,5473.44351900034,5505.21132256838,801.55288667946,3638.25124569743,380.586507237846,3322.50816032154,3302.19773660178,5423.72780859615,1463.5096051545,3307.65144447167,3094.5634472608,581.046710780082,3011.58250713736,3646.32921528883,3931.11900897875,4155.75699219228,2834.67059534197,3632.77131204714,5371.24719773641,843.457286517835,3184.20759251535,1490.12554795817,5453.65631638334,3975.88675941784,660.290703011593,5500.08320938321,1e+08,766.300473785926,5517.20512950143,549.225381272659,3082.84451667624,2110.83474624113,3357.50740609179,5681.9497763649,3225.30971539985,684.901876576154,4260.08286017537,3319.04453622108,3189.08033025697,5583.45573505062,5503.60649704668,3514.24607332632,641.343897163885,3235.77580855884,5769.94032132076,5951.31582086517,2853.63800200684,900.466062317807,4295.62430573592,5387.69142437897,849.370231303868,2949.98047859942,1012.15681484939,3216.32224444126,1436.80279867332,3404.10882739463,5518.78927719493,3122.05492946174,3474.30258819987,784.949559830184,3549.01253490342,5483.87916142504,5408.05877199748,3177.75275172557,543.414405901021,3555.90588552899,843.315688023644,1558.65338348491,734.49752789933,2952.58299659019,5446.25178799762,5352.39389770786,613.816946416205,1280.02582745542,894.379199942908,3211.32994591496,923.782660164889,5723.87944954397,4230.54501028598,496.683962483273,3613.53605040441,5712.69016586963,3188.47437083836,3602.3563598073,3521.81001529429,5544.01244803007,3572.41518497328,3311.1533154569,3879.52563048662,3468.54001686003,5319.32649516034,3551.87292578063,3159.86067221044,4367.06736541999,5549.70589391186,3625.00339634675,3276.79066275195,907.546124026269,689.3140467977,4311.70142414957,5568.1023843585,3168.68388686931,3751.89566937817,1789.73759735085,2944.27270533133,3637.99546591099
4109.86866788643,4320.83131481748,3039.25125244359,3050.09325270345,4930.85412429858,5070.21689926614,2880.16004914841,2892.02519938599,4974.35366748981,4574.13124219994,2986.84995658226,2835.58234800122,2779.01329404583,4343.34318936129,4563.53740507147,4995.24765846963,2693.4806791766,2872.34244680112,5167.74420991194,2890.95439748511,3007.33730118535,4366.66378134828,2860.40986920847,4544.49945865434,4309.74964943875,4857.4914892654,4330.09379472568,2995.54839805316,4952.6393777185,4379.53706539706,4231.94315898786,5075.35027781067,4597.51760744345,3848.79249239972,2792.51196589094,2936.87578740107,4876.36174973329,2809.77956816145,3829.14911765632,4473.22511030844,4066.99343538139,5154.09210677299,4490.07440678493,4523.73821515526,2817.78009318407,4405.37526637715,4555.11728635511,3045.90882751943,3756.93007047833,4914.44505082674,2802.52704655576,4877.70080726552,4944.67381014032,4176.75573740244,5026.57393112333,4471.46374659363,4471.49362825339,4235.27157126543,4421.67001127086,5062.66711646277,4963.06985028709,4694.40021352086,4995.9056755739,2700.51480898141,5086.15532016375,5152.80831785453,5046.21958772281,3052.17218431536,4373.1478882647,4302.16717962722,3983.90336257061,3639.3560345074,4114.56803396848,2610.04856556791,4201.912694557,3858.63448968554,2648.49839440168,2651.11046939228,4230.35748837616,2612.99851761122,2608.78703531541,2606.92328793483,3817.81453830372,3524.64813199492,5469.99817915593,2612.38705964897,3564.22876970422,4020.24935325155,5832.2179954084,5293.57789897867,2672.0200329979,3880.55064509527,3491.01717794048,3933.04384673786,2607.76952951138,2607.58399852151,4208.91767755727,5560.66556621467,5444.55181217908,5355.64414534794,3542.17799485398,5428.02311224946,3728.94655103596,5566.53809763104,2607.03105075377,4050.81895386311,5581.14521475712,3808.40039134356,3977.26792560497,3958.62828829179,3908.37837965743,3533.96149972431,5336.6909992223,4460.73199752373,5402.51913913347,4540.91644351933,2608.71531907911,5753.70517983076,3607.38082917696,5677.12646637865,5379.35376980622,3732.09604395982,3885.03391397152,5461.52511117525,5257.71526649922,4416.58132872973,5793.53567569686,3462.64008333683,3810.4187791126,5628.07110541564,3978.61001111409,2610.20507992731,2610.44853796785,2627.51685486883,3965.2574968733,4599.29203408186,4108.04623309986,4700.70732411244,4302.55307703798,4492.23802983942,4119.37834085816,4684.28155687115,1881.57588191448,4338.87429664184,4560.96679788183,4088.73810187055,2667.99213464397,4593.67885028726,3941.69079248608,4845.22007837031,2092.61565367363,4445.36896551136,4806.42551952908,3846.93334790967,3434.92221418026,4024.10237278198,4344.45092188075,4684.63928787421,3959.51164104604,4699.43568587745,4144.9441557327,4578.2504946758,3141.44774994091,4302.02846349677,5004.59986054454,4211.78157178704,4079.92182770529,4121.85818572655,2108.90888439091,4148.59803490324,4302.37046023751,2289.72323673402,4029.25472326205,4095.31994201675,4383.18712520486,4976.34767615049,4525.64770975099,4764.36785606142,2458.35767517419,4576.8019272063,2436.38198319509,4077.07125904735,4923.60746310136,4063.99358147105,2340.86712850327,4521.83976247949,3963.34369106224,3933.26247090021,2417.02087800407,4316.35297697106,2162.72869118709,4135.78757044353,4141.93645500971,3968.79243793216,2028.55290723436,4323.67632375215,4692.86060659894,4402.59849735506,2716.38312277277,4309.639370603,3453.44676792784,4643.72489654637,4636.76745429298,2435.67175161943,2156.63922308114,4137.72457296511,2134.87899508393,4208.62122049124,4829.97295123511,4163.41625066725,4246.4178043744,2249.26078708395,4814.42878499727,3950.3322439985,4551.28577620567,3094.70254553655,3922.34850898697,4859.09204209592,4533.77352703579,4841.65254791757,4125.93897898709,4452.01904212393,4544.24814579078,3982.43125064076,4600.14749792036,4912.52502683178,4406.66423127528,2423.46978891705,4766.96563325423,3793.40878989293,3638.74026896179,4808.59432631497,3646.60067513422,2035.77171415776,4819.90624584975,4615.23931600044,4458.74350485142,4129.06998749315,4695.06558378597,4766.205971564,2134.23681053677,4277.60110113144,4322.08111164903,4161.8963988127,4773.37485468129,4128.534899715,4263.46689505393,4322.42987792107,4504.47796273023,4157.63970917386,4439.09801632989,4447.61258576092,2206.2803623124,3139.71294506956,2485.40734634543,3852.67701776234,4026.723781282,3968.22926922961,3948.00606031387,4290.62495034085,2373.19457093069,4392.19733731452,2093.03811861372,2163.14299673997,4076.55094034115,2095.33166710875,4672.84518758215,2045.69095465303,4345.52083063258,4399.04462089362,4333.80951754958,4396.08284318545,3585.7553003385,4384.56825777269,4887.28645545904,2314.0042389934,4830.96274132821,4512.75377795643,4073.39258601117,4120.91151218072,4163.66372794904,4186.92482417779,4279.22912591762,2256.89574291906,2177.11795534485,4991.29998898296,3837.93457016147,3909.75361679426,4080.42473262251,4027.06169620465,3994.34404044279,3849.89883635233,2177.41642081156,3974.4425568781,4264.55148193914,673.389373082194,5412.64150629196,5161.73817320093,291.626403949615,5015.42441790195,4484.47617062145,4140.33735028279,5261.13504942646,3829.56871912476,3863.30637090605,5251.99677387993,710.162582829228,5198.63144152017,4143.15257047384,4119.53300866464,3296.51292901048,3643.04491031669,1012.17559508775,3609.34139869933,3296.77374832413,781.702987055899,5362.68584457081,3648.6507020205,1322.30641279912,820.523445136558,4179.55435565367,5190.28485011676,3656.32109184101,608.680566634393,5274.79882990082,519.778218309697,537.674231707068,859.980878867532,3374.81135476547,5081.91397539977,3785.27221498668,5144.13564994803,5123.78782018148,3486.57135622999,5185.17708456678,5363.04838852145,5271.30355444204,5349.15489945304,4010.27552283476,434.231624553141,1012.51760006535,3502.73261320772,204.924151041016,5150.91816093666,5079.44046802872,5151.13657236241,5176.10580298185,630.489838621918,3974.73308707139,795.178344836632,3755.30343301167,3681.47504836707,5101.44961992314,858.856316456562,3686.12330739678,3516.74574483037,1061.32616798297,3427.19767007008,4123.21418537044,4273.43403200612,4514.54366248109,3288.09209594842,4141.92295054788,5047.93737945879,481.90281671326,3600.38197869938,1328.73149863595,5131.47517079751,4314.27574758435,798.639914051677,5174.00359974177,766.300473785926,1e+08,5186.08751123149,645.183515538293,3509.8088843603,1686.28170345131,3723.3185352077,5343.97933276745,3609.21977220846,1086.6461183442,4642.21263324392,3694.91264178442,3612.3634008276,5250.66526101056,5174.09279331105,4011.58271823249,228.205514871206,3671.57678632192,5434.50946500832,5605.65976802279,3272.71518005127,222.893149175904,4665.76790667324,5068.09594343044,401.263191569188,3371.10787020228,320.264763458233,3621.26893517293,975.898466376889,3821.41068917039,5192.7117780407,3547.95552887905,3821.37883938047,1174.33552065909,3892.37742307836,5162.57632252134,5083.07398173022,3613.63757293865,834.115636906844,4082.76536933826,137.425880356751,1026.64920067257,404.932651038772,3371.55415556868,5122.80786414638,5037.98350685254,770.560830722847,760.332526760079,323.319744095941,3633.88407969208,559.296231844724,5378.01619383691,4610.56780754157,673.365728234257,4154.27783898188,5383.80719211889,3616.74937004913,3944.13123953384,4010.31985580554,5214.4671110808,4068.27482697852,3730.78090481439,4219.80848042164,3951.3676126054,5004.26582480199,4011.14855475255,3580.79513089613,4743.32691715828,5222.82971188789,3973.29758092559,3692.46947648,423.546182802643,1050.3130791425,4688.26042309369,5227.40354589157,3584.63076957316,4091.95592930512,1285.93372645105,3370.94949039723,4110.78959599317
8267.76756127558,8526.87571371003,6725.30218869797,6745.12920990205,2285.92252047277,2248.1803774206,6407.09912910492,6433.06284909766,2272.90506018703,8829.34330472105,6626.63599701156,6305.01389890481,6162.1422984658,8554.10625279886,8816.85299405172,9316.75726838735,5896.7444721824,6389.73506029999,2228.6589377563,6430.73834164762,6665.80325323594,8582.23784797575,6362.81185530685,8794.37450465573,8513.44379565173,2310.3982436727,8538.0886624033,6643.36381019424,2279.26345662838,8597.73394408419,8418.60391801194,2247.01089874369,8856.87132916432,7935.04017199426,6197.89979599531,6527.41841156063,2303.80155401655,6242.0178338934,7909.33921773828,8709.83650901841,8214.1401522633,2231.0484578069,8729.87726588387,8769.81296975728,6261.90249928973,8628.76732264717,8806.9163617971,6737.49915807166,7813.90428392304,2291.12289497453,6223.69583620069,2303.34134716155,2281.66580612055,8350.73835555753,2258.75837704309,8707.73947208267,8707.77505171827,8422.68067662888,8648.29186980318,2249.92896152921,2276.17439022637,2375.991428723,2266.87029591646,5922.18444559431,2244.60078102866,2231.27891000132,2253.85614798662,6748.90984936496,8590.04592750963,8504.24260377138,8109.14583822058,7654.9877051235,8273.62387158799,5154.08463494847,8381.73859150047,7947.87792563006,4852.00702015391,5716.36214363945,8416.66109385199,5109.68833416147,5368.71951086715,5304.66419441101,7894.46079909834,7494.93293656169,2204.32294081857,5430.77316731062,7550.78473238625,8155.25332600741,2245.07407621835,2211.89963959312,4746.72268921344,7976.37309739118,7446.91103729683,8044.12851873784,5206.14252529314,5335.48581234967,8390.35138339333,2207.5557189652,2204.27841021136,2207.12526456583,7519.75509922167,2204.45366456899,7776.5005286639,2207.92930958109,5236.24015073043,8193.81487959129,2208.94449521724,7882.07572189035,8100.69689807293,8076.90960720199,8012.37673307147,7508.13794046517,2208.33930889377,8694.95404311347,2205.04063983699,8790.1392542266,5180.91162252656,2230.05570079127,7610.91287371773,2218.63387340649,2205.90770499036,7780.72269702266,7982.18683677881,2204.26586484707,2215.7085472643,8642.19836545468,2237.26204711048,7405.95980527372,7884.7331988234,2213.03061819694,8102.40658032768,5396.91676432422,5401.13621181348,5575.38216109121,8085.37867379862,2738.87781041219,8729.42327114489,3093.98811116411,8861.05158540038,9102.2430984283,8728.54848737989,2823.72780318665,6540.24049731488,8941.85117239483,2932.58077827763,8704.59450802056,6822.05608495854,2836.18355056012,8475.13699762119,3063.90316727275,6620.31296585277,2908.28873663124,3167.89694506884,8328.04088259658,8059.00206301143,8526.12927299331,8649.64146093606,3263.2663314982,8499.33607515451,3031.75162310609,8749.48478652689,9089.31158375816,6986.84748363666,8861.69989072381,9638.80468046202,8789.18659488766,8674.95196845963,8721.65387828153,6703.06270167555,8745.81606178762,8621.07544846259,6901.17657118193,8523.29494615593,8728.77124252497,8798.22083178933,9573.17483686097,9078.21921674697,3032.93659106055,6956.45603269926,2898.00511312967,6755.29558305501,8686.28538063851,2947.23822707383,8517.48597182252,7037.53807758744,2676.36564046095,8510.64614268946,8441.59720832485,6964.78532117436,8931.65211308489,6608.0119035655,8705.09633396096,8682.26844553032,8193.90533885649,6629.81134969382,8667.44135090934,2881.31280368174,8582.80472793662,6865.9459881206,8831.23545396116,7908.2189597605,2767.75507718404,2865.54540090458,6841.36493862324,6706.91515066765,8601.08307120846,6757.36681943745,8816.41966990513,3296.75571549104,8734.39627631739,8846.83345112698,6744.89168301784,3121.76980595409,8489.56474064615,2844.11641557136,6756.4753389996,8538.36982905522,3047.49700762525,2882.4420267492,3276.90787353539,8729.63812351174,9075.94058690923,2787.66916395339,8316.36036339359,2909.09385803837,3213.31064197206,3106.57741261776,6725.05731675325,2838.03394582323,8451.69152802104,7186.4459269611,9500.60895642221,8312.17889730743,6653.69766531106,3119.27613507899,2909.50693484716,2542.29451836857,8725.47316271331,2844.83040079366,2837.49672147834,6778.65850751261,8610.5476648806,8892.7113499221,8744.11105869382,2952.71299591798,8673.92093758999,8816.78618459915,8961.88865859068,9073.12292868405,8763.60800313658,9070.85819094114,9076.32246959443,6856.03621093887,7177.87739564267,6905.27316968235,8304.26482735732,8616.47225203585,8474.06227780012,8562.64484044402,8904.57108468529,6825.50942183498,8978.96801774636,6717.39603036981,6832.86408426093,8522.66967776813,6783.02693906222,2796.53378007133,6651.65754682881,8686.70524931886,9037.82614921249,2723.96987408982,2591.75193995014,6915.13390463914,9036.76968357203,3001.05618099363,7016.12386315027,3181.2886065361,2916.49460127514,8702.08528709416,8711.89865159493,8736.96398552092,8711.5751072409,8913.55825329681,6606.82138452511,6757.73880489748,3510.56461438123,8406.06951867224,8537.56511535471,8716.02679941905,8626.46219322383,8600.58867299255,8406.35448594533,6597.43126797924,8570.13877104084,8780.06457596413,5148.11566738297,858.119904491455,349.031522298486,5294.01859138311,554.714968651123,8657.70726645676,8702.40805004399,293.438654223447,8355.01955973752,8342.79212499925,254.238213677556,5219.51624927005,530.618973579089,8743.10900398408,8647.45961575565,7801.56939430369,8182.41796579807,4968.9167994301,8083.22908985981,7481.15564391041,5026.84963687641,607.735823035634,8082.27224684176,5363.54898732578,4930.92588579241,8705.08861184451,252.075459510866,8053.72167770196,5200.67977319885,440.301305297499,5168.15146308716,5167.23012948676,5312.94569790076,7904.9847046368,790.607942979937,8376.85562085819,411.900044168128,620.666496516831,7836.48413793555,135.215978476342,980.225197791813,429.637295593616,470.53751125871,8590.13068417364,5145.70621210289,5308.02219068223,7846.99492205915,5225.06453338364,653.790468418469,551.485912149503,693.267050160746,718.66677754109,5157.23312069215,8350.5733193336,5371.98051430469,8294.25537233906,8177.04515687423,639.468342760782,4872.90071477005,8176.31067177455,7899.25633576187,5368.61151569422,7606.53329596439,8731.12008565285,8613.48469096418,8599.88992092512,7887.60072960908,8713.99655329009,499.205479809918,5114.07248713787,7922.06185258424,5726.00797800248,449.458124434552,8527.55562155353,5165.32758434056,478.556915095979,5517.20512950143,5186.08751123149,1e+08,5177.99546981201,7958.40179337817,4887.17419885258,8251.13679179919,947.810844762331,8119.30701870015,5420.31132724895,8727.38868875999,8175.55296978208,8086.72678586107,418.613218302226,723.129584524531,8621.36738046029,5245.16624911902,8204.58704155308,937.285193098422,1449.91687949534,7649.51171189648,5049.19913569778,8771.74884959482,991.429595593229,5002.62256941504,7839.67117084102,5115.92282611866,7678.38207894119,4926.38019243069,8329.00745692873,469.110342822965,7978.39316174716,8289.2237060186,5287.39548686097,8252.18724714574,976.500838136962,194.154531139844,8189.49752793187,5260.49567812737,8606.4034216782,5219.26423339175,4893.32348396725,5133.54989436266,7663.01769625374,771.909701596548,626.152279375084,5266.70466919924,5240.05175537282,5171.29774048352,8101.97318108193,5034.96822025345,970.976197046404,8633.83726988958,5322.38149950717,8684.77323543784,761.936699089681,8149.71283130249,8331.95935489033,8592.23156209862,966.421385093,8650.15802525682,8086.9178008144,8546.31865971987,8586.88354063245,516.278518745639,8664.90874838318,8005.19126499915,8848.23872207173,572.577547348999,8386.66835344337,8173.38502421255,5031.9411825059,5315.31864839469,8729.62706664011,704.945288201641,7686.54048092601,8408.1432021164,4801.19152490587,7901.4249006048,8732.03404633777
3955.04253460187,4167.50923414347,2881.98390388388,2892.70234182657,4950.97768724984,5092.94255288955,2725.89777058886,2737.43891289889,4995.30877246537,4422.64016326663,2830.3013096003,2682.7451317569,2628.59986063305,4190.18363635169,4411.9699665154,4846.72916235522,2549.02314915707,2718.30538303122,5192.18868260109,2736.39650276091,2850.48213999828,4213.67277649923,2706.73574259005,4392.79468523615,4156.34764212453,4876.17063481719,4176.8385616781,2838.86533909476,4973.18165106653,4226.63916130406,4077.98205874288,5098.168423666,4446.19492228286,3692.2246522128,2641.44293311012,2781.23629019163,4895.41759532736,2657.94724402163,3672.46001966827,4321.00521100492,3911.86887862857,5178.3007625043,4337.97638996311,4371.88353144786,2665.61991012945,4252.66431325815,4403.48912404018,2888.56466981671,3599.81239165093,4934.25019065238,2651.00566580344,4896.78324604728,4965.06351627651,4022.40123534382,5048.50383824664,4319.23110353699,4319.26120139903,4081.33429491054,4269.07699325324,5085.25632070479,4983.81098547649,4709.6646852842,5017.26614359061,2555.40029805243,5109.1674003049,5176.99471975112,5068.50979205675,2894.75847437287,4220.2037725878,4148.71051818157,3828.21192636635,3481.613428319,3959.77481230843,2492.85725805673,4047.73711999614,3702.12807686286,2546.11275597918,2511.85191352676,4076.38504180832,2497.88112523427,2482.19260590291,2483.0197298056,3661.05632419235,3366.41553729652,5499.30033074946,2483.28670353212,3406.14908852882,3864.80379627666,5866.55470280591,5320.12640359196,2575.09985498608,3724.18254360637,3332.67021628634,3777.01481584041,2488.19942778015,2482.37276366082,4054.79205104854,5591.30147907769,5473.47003935242,5383.18639507103,3384.0108081958,5456.6896403641,3571.67108624561,5597.25860618127,2486.1130558866,3895.58276785051,5612.07522077548,3651.58526670426,3821.53199410902,3802.76806579606,3752.18873423935,3375.76318255624,5363.93275482296,4308.42169993479,5430.79365181473,4389.18580840435,2490.29079453929,5787.01448053969,3449.48788219782,5709.40112345351,5407.26832685667,3574.83808219196,3728.69435505674,5490.69990202541,5283.6765902526,4263.95147916554,5827.37031236741,3304.20896858699,3653.61581744258,5659.6653526924,3822.88306893816,2482.45939264718,2482.53236469517,2492.98291110619,3809.44135743164,4688.70920287686,4065.24286395255,4814.32049240636,4265.20254205589,4396.3705039846,4079.63658955837,4789.46246573249,2001.67102481798,4242.28278340322,4674.55284965678,4033.14669250733,2961.22762581576,4689.27890008455,3906.26008074131,5011.43081965187,2356.52867355318,4568.07482943933,4979.6391293216,3820.32661403365,3397.05634374118,3991.70767553174,4316.76744067599,4853.85795245708,3931.04243543845,4827.62699016309,4032.83563604165,4560.89361744346,3415.707838563,4286.41342418133,4882.96955244558,4093.66793562005,3994.88675413248,4069.22946429255,2258.20226052873,4011.78315734614,4274.01230480735,2517.37342936257,3994.03872376725,4031.2158962255,4352.46058732458,4896.56626370677,4511.75151068124,4904.87445490952,2703.08429348,4692.66591810163,2719.97200085705,3987.90625128952,5068.07283207789,4029.20301883414,2300.46750514756,4627.86984599639,3931.26890894826,3899.9171117915,2616.71093328216,4248.13522299848,2447.73679467974,4009.31708488712,4106.11367630374,3920.38583584961,2261.33160929919,4275.55119517672,4809.29164621203,4366.13821580021,2993.79464719639,4157.90962989685,3415.38180439829,4748.67430275027,4740.75244194201,2725.60963534694,2448.54331542404,4098.23550784003,2238.8456830386,4139.32277431161,4997.5466998688,4053.28480932256,4174.98543482787,2534.31606648306,4975.73449268136,3911.0923592089,4652.71037511624,3365.63734668075,3892.59893195147,4999.88130686244,4651.08039755599,5013.60050302208,4032.12948450177,4339.17845227969,4651.84709261407,3944.30202452381,4720.08276360935,5079.4744475982,4514.90079598776,2730.69549579378,4882.57449316412,3680.13777016641,3853.90744676064,4729.90910231994,3556.55509080071,2231.88365437954,4985.16433236561,4734.1898250011,4531.61579798751,4080.82816299457,4807.08999146945,4892.25347401496,2380.41144649962,4249.18287354845,4280.95703607781,4055.25036415827,4919.02791428367,4087.4272216481,4247.46113818419,4288.50496067242,4483.86916685724,4099.43178320596,4336.73451476477,4373.6554086232,2402.29806773448,3403.70663426596,2763.64121090642,3823.53800338168,3992.55998835447,3938.11082809696,3907.77668176264,4243.98232397204,2661.36566030065,4373.67395654742,2314.08996989127,2267.63112820015,4047.28131901757,2223.99517213767,4797.02748728212,2243.98939088092,4316.26393472858,4327.52481623325,4413.45548290711,4471.06614024061,3809.40889420696,4301.57852836562,5024.63669703706,2314.47141406145,4993.82100486941,4626.92948488271,4004.55032649744,4049.99042760425,4057.98819314045,4032.46511436837,4225.93407110189,2539.89619779201,2301.22054998782,5234.21602393737,3804.245684115,3883.43987742865,3994.54429754252,3939.32558282889,3966.11267004096,3823.88923715666,2512.12009542182,3936.88357258607,4234.01014615611,1197.75350029313,5391.20825491288,5149.32670506987,735.848209824126,5012.11224280366,4435.17379264652,3996.05675183906,5255.98603886437,3805.65071202348,3837.4968088875,5227.91747752111,92.2145315304378,5198.15626586956,4029.33567281973,3977.54017351867,3249.98178653534,3594.24644685027,1504.37774717203,3560.00963381609,3238.86728796185,1299.20616997813,5336.84695676501,3600.17701470898,730.771215164921,1312.77588658831,4051.53596484091,5184.27078897038,3608.65417779277,423.700854769015,5259.82612836989,291.841955737175,1069.849477112,252.805310987602,3314.83601793903,5088.18154553811,3706.73932428932,5136.18839726436,5120.81880718925,3426.7463524555,5173.46117289763,5383.36112885879,5274.09845536883,5338.78928275317,3889.72398528023,830.02600506825,411.14075330378,3438.97281394556,526.816521184427,5150.91165332375,5084.12380573011,5161.27682503894,5184.21756026311,385.228042203176,3957.85248496387,289.987038946791,3702.58327723909,3638.10776912678,5109.20582292929,1197.50408765561,3639.17566950656,3466.17407369387,489.198443787351,3368.13746470829,4021.59926692422,4251.69397650938,4468.5783442567,3189.71516487146,4016.04492135513,5029.58359462657,463.01648227746,3548.30374201488,1702.92954706783,5129.17293883075,4289.15433714832,179.414125598378,5178.83736432293,549.225381272659,645.183515538293,5177.99546981201,1e+08,3456.02627410715,2079.89610383983,3703.17347929586,5334.28945859997,3563.24665574563,503.260733860399,4577.04600977979,3653.98381766709,3564.71637080245,5230.44504803077,5182.51100898454,3895.85440952178,454.054295581229,3589.03436215088,5445.25996952798,5634.07128172083,3205.40151837493,668.737605113706,4614.09855194758,5078.56621904792,481.340260709956,3313.60702675434,846.42871397264,3563.28382181829,1293.3943050318,3775.94531121253,5192.67055315616,3497.20753957116,3807.26478387686,555.360915543216,3865.58409894568,5169.554967204,5076.06307920311,3563.89986945431,218.726138213094,3933.07672533922,762.342277045028,1355.35666597641,346.518529575219,3313.39261476942,5128.71629255597,5038.56464608453,240.076584667233,1303.03026438906,649.658701594306,3585.60062462069,492.761624248456,5349.71893465951,4544.12925227059,154.844513677381,4007.12082952999,5392.69353502458,3538.22965416366,3922.84692142495,3898.50178569461,5230.80792161889,3945.83628970655,3676.78771825651,4198.22996437738,3852.85706618244,5001.54305135223,3926.66264691142,3528.63050785613,4688.40348132409,5225.20492010209,3946.35470651886,3649.09007621804,605.517051623742,464.231901529589,4625.06899830682,5204.56132217731,3522.85536090301,4071.87880957108,1659.92380704995,3318.85516146497,4008.63455933005
1119.07058066901,1216.11991278991,1711.84428431859,1695.63095209359,7157.39276741175,7318.87377899961,1985.21891141518,1962.09438115793,7207.96886732813,1387.31901131873,1794.08802577852,2077.33841987824,2209.18103456438,1229.26738995359,1379.27589679095,1746.54683632094,2461.7869276041,2000.75523103466,7430.97135391663,1964.15943003371,1761.13920807244,1243.37170797468,2024.95422756752,1364.98675135752,1209.82286652649,7071.71840763647,1221.47249519309,1779.96923112512,7182.74231570538,1251.36091544878,1169.0909675015,7324.79198645975,1405.29844415019,1083.00776919148,2175.88641688261,1879.18628542553,7093.8019731571,2135.07510229438,1084.77126879638,1313.51156754576,1106.06963554311,7415.32203436233,1325.37756335465,1349.65444000896,2116.78078519335,1267.81570602466,1372.92959104635,1701.85732940334,1097.03174303017,7138.27171983,2151.98717628194,7095.36780845262,7173.47824850497,1144.22176061933,7268.47482578725,1312.2825143527,1312.30334714498,1170.70212315609,1278.47058684173,7310.16600912856,7194.86489672254,6879.41626358465,7232.96770393839,2437.18520730033,7337.24233485556,7413.84974126899,7291.18029872358,1692.5519185867,1247.37802658871,1205.58241880448,1088.42504258068,1136.68656551786,1120.64816909448,3209.52478174302,1155.11869320972,1082.37368368363,3528.21032661619,2638.33840862255,1168.32772500103,3255.85438409374,2988.01827275061,3053.69158977589,1086.09248210878,1198.81643224751,7774.25223172515,2924.75461012874,1174.79078762643,1094.87396360505,8178.79782396875,7574.60109009032,3641.21327897566,1081.55510218353,1221.34665191053,1082.87047604807,3155.42228324404,3022.04499809085,1158.28569810071,7876.1498112322,7745.5706978514,7645.0583858829,1187.84202633309,7726.92039801697,1104.24998884782,7882.73418535723,3124.25235636636,1101.83553719345,7899.10392629962,1087.3596372291,1087.46768465199,1085.14906853788,1081.68281698293,1192.91999958188,7623.56882203125,1304.84152281716,7698.11105539201,1362.32173451732,3181.61413610069,8091.66112078928,1151.69605618798,8006.39117924677,7671.90951563749,1103.3683874289,1081.48789949849,7764.70607869636,7533.77622489549,1275.12066804999,8135.90198960444,1241.85626763423,1087.07495532653,7951.61640152858,1087.65576501998,2959.22725212573,2954.9252316801,2778.72714278162,1085.9106775359,7306.57156258419,977.619569650027,7284.96045460447,1187.54719506135,1495.60625161093,1081.93825358339,7405.02022716517,2579.88119986543,1287.05935889297,7291.14188914495,1101.61739905202,2675.39606835604,7277.46843107853,679.150866843846,7609.68776281278,2685.68979329939,7191.52667720342,7495.1994067403,584.136797951671,472.667655494624,746.092767088303,1146.60943797251,7328.20706779436,699.916949088588,7368.40132187545,1179.76962307912,1465.27825185077,2802.51093493876,1177.29372192766,1946.4411483865,1216.46383955533,1102.2385754377,1086.8528092816,2489.73614374291,1292.44508834463,1107.27674810146,2540.3220445185,736.263150857221,1118.20356636654,1100.82984378213,1846.02034389784,1345.28238752765,7530.97336547817,2489.42311313949,7268.53366723807,2689.6892474081,1098.11905676977,7697.35182529592,772.00346882188,2104.43454953872,7325.33544353578,742.4562551137,645.119037305393,2346.86415405093,1278.44221135258,2670.89488485662,1185.76516104288,881.203149629432,980.77557318107,2613.14791011151,1051.17820424425,7442.96118953404,1346.3206215273,2563.05593172974,1365.37827506565,251.265875351651,7352.61970950117,7321.9949001787,2671.88583169606,2662.40173269087,819.713024040605,2434.34376090937,1163.66488729513,7471.00589542026,1168.61515527867,1172.29258871552,2654.17927778059,7512.49030597512,697.984380092305,7254.89089751543,2991.73698796471,796.663380305482,7599.947128637,7247.31941872764,7417.67925650739,1141.1741125229,1478.13555402209,7312.46519720185,837.576651544065,7314.16584330389,7599.04010339384,6991.47176466665,2752.24515464278,7552.42615103383,934.040368906322,2665.29075366109,1764.80186218754,798.084963324183,2511.84813186082,7547.08118879615,7364.21090831496,7227.86232193629,1087.85224085822,7437.14642401623,7563.01156105272,2651.48759157678,1069.61970713016,1213.69295604854,1174.314884526,7537.52608615748,934.026730378652,1136.62335107346,1267.39816525834,1365.19488228605,1103.29189345503,1431.71583197873,1378.43671576263,2438.99122544427,2558.98604736842,2554.67654039134,610.585012174373,843.314758332728,694.170879107509,818.121325432841,1233.42486478139,2674.56946641478,1268.63704844222,2469.12667637518,2312.05502995636,803.566583910141,2311.83792816548,7462.12433537785,2607.41331383202,1114.13375903708,1364.57425672919,7004.62359832073,7125.61888175624,3025.66676184421,1382.83280092844,7643.7875559052,2193.21523648104,7521.01698438904,7220.84966448594,1097.43515526144,1148.6389914197,1167.31426590746,1315.59547698935,1235.34911663901,2702.69138818354,2433.94574083807,7203.31101706687,626.612548713225,808.462532959908,1173.09267948129,1059.52641232892,857.06186209475,607.435012599171,2864.73153384345,815.303559492154,1089.8913466167,3517.12325247632,8066.97154149566,7894.17657043123,3403.20035068757,7745.28911611567,1202.67471174326,1281.08545830508,8057.47180147566,921.672242855052,913.33713855578,8028.21741546124,3451.51712778223,7991.41269426513,1252.24945141884,1218.69830608207,337.012521879201,526.827328412673,3732.33066342537,219.878669875795,893.209368288122,3677.71623956624,8088.31911810942,303.796282434301,3387.63488664831,3688.94469004173,1215.53945452795,7916.55355951614,387.575931945249,3444.48563664044,8000.30039304408,3396.36114131378,3469.63481059072,3356.01365005912,434.411489267586,7831.18550612322,792.494983901,7860.40962233235,7916.78931538514,416.726847210056,7956.37980166169,8095.39014066513,8021.7938737607,8080.01956981344,1150.73078410541,3435.82774555575,3384.20889318529,362.55104075356,3437.21486406866,7963.80640296618,7831.00675774593,7892.03935460554,7952.99434733376,3465.55567408897,961.093850498963,3322.48108372665,593.872622175673,849.468645657978,7800.47039303826,3790.06861887421,904.982454978366,287.24833524072,3252.57922804388,850.486812722597,1243.36991840404,1095.7859252769,1296.83607898855,797.774014164145,1241.65012514713,7753.37545086877,3549.13722149303,529.545430022216,2972.06751631491,7877.21864370604,1128.50774274211,3481.14413123909,7914.90920043572,3082.84451667624,3509.8088843603,7958.40179337817,3456.02627410715,1e+08,3888.8915625023,879.894142719044,8269.5530524552,875.051944655142,3272.46640185971,1357.5406669638,927.982088718886,298.430159647527,7979.22341194596,7962.33647715992,1175.67883916659,3451.19867165152,867.024862858727,8234.78907661764,8435.57756142163,550.172186286099,3599.67971815442,1380.76090397183,7793.40483141148,3604.81977208793,323.548572071703,3586.2717026709,1107.41113560224,3547.79726336098,589.773367995216,7933.05848792796,130.091932396535,947.330189113119,3403.34809750796,894.82948438371,7941.80232084839,7841.8657841838,563.803967276983,3383.79746819741,1194.17549078431,3496.66423561159,3710.87492256853,3571.02754994405,643.84333683191,7901.38104209013,7765.96140319677,3361.18331493134,3500.70759200369,3526.66508003453,307.246376445898,3614.43723647457,8056.01175068429,1397.36456149163,3370.63327594731,1278.32593791101,8123.90285071672,861.613330204049,898.488197923906,1131.79203380617,7973.51442176068,1206.52828244912,524.524222946873,1048.53804877743,1148.28723101235,7721.61570796891,1204.69767598098,250.974021117637,1436.69339391118,7999.80957107453,947.183271778855,444.352963399668,3531.40804308212,3312.26064552446,1456.86053080524,7934.50840330326,984.540510163875,998.091115997232,3836.80209856844,375.512756443083,1226.37193738431
4647.46810899803,4869.63130419354,3453.38126900398,3466.71328705843,4451.30100715285,4582.97250041702,3249.87385211874,3265.69077627984,4492.3244749305,5133.95171990345,3388.11985475006,3189.16654475382,3108.40338946267,4893.21991151103,5122.94124210751,5569.16707237476,2972.79751217698,3239.37958695502,4675.51179012699,3264.2686331168,3413.8068607675,4917.63426447432,3223.24288755422,5103.14564670571,4858.01189322565,4382.27967705453,4879.33932678072,3399.05442987786,4471.83734394119,4931.10209798413,4776.27981595776,4587.83558226635,5158.24552234542,4369.06804144685,3128.13709140651,3324.40030673693,4400.0128300239,3152.93154616055,4347.92768939777,5028.92922089002,4602.04078813643,4662.53963637818,5046.48948374952,5081.54487283031,3164.26489795739,4958.11431062333,5114.1874522287,3461.57429405472,4269.92852537998,4435.84459663127,3142.57535735422,4401.271743859,4464.32635032617,4718.13907080994,4541.66380409077,5027.09296753233,5027.12412060271,4779.78172420184,4975.13646156319,4575.8218631294,4481.67616748736,4229.65221011919,4512.67561572388,2984.92104798859,4598.07457006561,4661.32008602937,4560.25059953887,3469.2635066969,4924.41864858723,4850.05849717698,4513.69798492665,4141.90276276829,4652.441020356,2716.94062124837,4744.66046985238,4379.64860457585,2676.40013819003,2892.62048661136,4774.61131030306,2708.44932259567,2769.61822488579,2751.92867228683,4335.71515605384,4015.5188813277,4964.07429301215,2788.29395565203,4059.31294190948,4552.39354731608,5312.75146003476,4795.34109212165,2672.08719184392,4403.18259248148,3978.14031222888,4459.40652019452,2727.96804295833,2760.23627386593,4752.03990859183,5051.08898885787,4939.6879419113,4854.61068132439,4034.9402798448,4923.85625804001,4239.58085364432,5056.73141088697,2734.86312399372,4584.87638791187,5070.76947991931,4325.56375906623,4506.62452654858,4486.73900857688,4433.01279699674,4025.8423307013,4836.50053271675,5015.90257775207,4899.44113673153,5099.41874277617,2722.48023016576,5236.9478440689,4106.83277238226,5163.12580084081,4877.27906635028,4243.00008282951,4407.99233652483,4955.95244407032,4761.14281080056,4969.82168014124,5275.38954567994,3946.47319111291,4327.74083391412,5115.8987452751,4508.05543692249,2777.91918233641,2779.18800484634,2837.46702516433,4493.81394728278,4080.50960234217,4626.74151950003,4157.30728131194,4788.59713678392,5108.70369480844,4636.9802659785,4156.89001924892,2465.75224741655,4933.63960367574,4044.73845855255,4653.77064353546,2431.31822909403,4066.60898739133,4332.39096217184,4274.06668479803,2401.48908536659,3911.46227028067,4243.61643849898,4165.84820641747,3933.33770328046,4381.06004922122,4590.56400539737,4117.94198677848,4333.0389121635,4141.39375760143,4775.87323125277,4972.30050166363,2571.57365073092,4724.2352507032,5634.02786426898,4834.19141252094,4676.00433544654,4662.59949057705,2562.98107658352,4809.86286052784,4550.35975389678,2600.34341714557,4385.7836058021,4672.75572234616,4691.82546435779,5549.50278134205,4938.24840173329,4223.60672620462,2609.87273795153,4031.4371477945,2470.95069928317,4681.69399199923,4378.77983064652,4384.17717521928,3006.46584685387,4046.83216355614,4376.70832487251,4294.27965572384,2671.64737012201,4889.13927451643,2249.9170007934,4778.02606940834,4546.21111299288,4251.59788969214,2375.14509096347,4629.09144127056,4176.5855115585,4663.73842509496,2450.12393060752,4959.14736465647,3779.67732455929,4092.69017678923,4103.88154373326,2503.98035725446,2382.81906842786,4477.81336070699,2666.90160359212,4778.44218751932,4233.72512007469,4776.26355901934,4809.70925949958,2450.8203960758,4238.86476341594,4377.5201633312,4040.73684194576,2424.45040539658,4398.60991627116,4302.40772721836,3970.20440104852,4251.51266496332,4736.24640850766,5088.43146850646,4037.72827858563,4261.90176637072,4061.43052928287,4329.81338783408,3899.21822115901,2379.08734679604,4261.73927182943,4474.40637971777,3107.05074628694,5412.5749349202,4302.17892322567,2443.38593546735,4259.04330177815,4091.97512878004,3986.77255741567,4660.85162407044,4175.39850545469,4224.32193211423,2516.28224619974,4527.96726120061,4824.29481109167,4777.95265909223,4218.36458827735,4586.71675854722,4680.47477217593,4838.84463105135,4960.5578715619,4710.76207730874,5053.77273227212,5017.0464670208,2591.03909357442,2766.15109235751,2569.405076062,4155.76289247907,4478.96046860072,4314.12951286541,4453.99745334573,4822.60962440887,2489.07504211418,4833.37560565757,2462.41598092233,2691.63176127429,4372.10715201607,2592.39868233223,4133.91859662885,2460.32249927718,4607.19674552367,4981.06284396345,3839.72163677709,3908.96442619299,2887.10903808344,4981.34935384222,4336.16451292148,2938.48022234642,4263.02890855414,3972.63652080628,4657.91220374921,4699.9555077163,4771.72306470229,4849.45085871523,4830.38984436805,2297.6897107696,2651.39468078106,4166.32485366547,4269.7247267751,4386.21633521552,4687.14775196771,4631.82656760029,4460.04134639709,4232.67981343308,2228.12609145568,4451.50436581044,4688.64630390147,1141.88411131726,5105.56577336696,4866.78932726137,1716.04534464948,4683.72356222271,4721.17381993879,4811.35162357569,4950.82708481122,4281.97006235046,4295.42409143851,4991.644029607,2142.07866714549,4872.65293526387,4784.45390135675,4763.93076581567,3732.46035951394,4136.28344842207,808.408690280319,3987.8133218421,3615.3506482002,1068.10666574715,5098.0076273922,4004.00476733285,2568.1083184375,975.463411418155,4801.1472670089,4865.6199956344,3978.38713508917,1973.53928327971,4981.28115449461,1935.43093431425,1272.57447975357,2268.58269190217,3880.11911032095,4725.69222358106,4402.23792135639,4836.48168767077,4804.54413388215,3827.88169369481,4890.86166646026,4957.91956374821,4932.95104436437,5037.08064590749,4657.38341311089,1471.26133650812,2345.02739372791,3845.9497716494,1770.1124909823,4833.48579687114,4732.05042130398,4784.61042978152,4822.49059525586,1972.19005606534,4309.42983090561,2204.75559277273,4248.68221630537,4169.56523031753,4732.96770256035,1286.02108924962,4193.85292712493,3843.93581125368,2372.45767256157,3741.72348473766,4760.64800220753,4594.55219310948,4700.97278668947,3974.77979699346,4789.02137539083,4766.67650079541,1861.74944195979,3910.11369307763,1390.80258535973,4797.94424624274,4533.18676488775,2184.88847592971,4823.14141151298,2110.83474624113,1686.28170345131,4887.17419885258,2079.89610383983,3888.8915625023,1e+08,4182.66594199841,5080.24439733044,4124.43317846295,2428.69993915419,4851.79804367318,4193.72184872615,4010.98544798334,4964.7240025248,4822.70998440108,4665.99421079656,1844.67158550263,4257.11544976761,5070.82531384744,5212.23236033996,3651.08526963575,1625.59951660769,4866.96345473322,4694.36993061306,1787.66854387912,3779.84526958931,1510.02515140161,3916.63735213621,944.573352135925,4240.14817031486,4846.84819497069,3907.73134691193,4228.17185498587,2456.20674702088,4251.70614114324,4809.94496006312,4776.34308166626,4156.86719085893,2223.15623828751,4739.62701179361,1621.7427714104,1001.58095249999,1909.32190859799,3698.00466647676,4775.97367153507,4695.76760390447,2171.74197313447,1171.50139085009,1715.65140469034,4025.84812623041,1870.58518543553,5103.99466736714,4799.08809443942,2151.74417064257,4807.06080263258,5005.47867576118,4204.11486732569,4274.38365638935,4650.44686126378,4837.01202084449,4707.09043766439,4050.79922849802,4509.85650490635,4600.42547103929,4672.51274643154,4647.55103347583,3936.71647746499,4939.65418588364,4881.87058027098,4367.35729267351,4082.01024523467,1651.96481556204,2359.70523249511,4878.33963272667,4947.25536516099,3896.46850514852,4390.75471507939,578.925815933483,3848.83678066262,4750.19080439256
1172.25580703351,1235.83666698871,1869.32215655433,1852.93658317648,7305.20626673358,7466.48476057038,2144.18760568066,2121.01202717801,7355.71814929555,1373.81838565331,1952.26157274201,2236.42140385632,2368.23683681144,1245.68295713633,1366.98816142598,1695.75192401763,2620.40652323072,2159.75275529944,7578.44596235846,2123.08204691763,1919.06688970036,1256.43562865404,2183.98849296891,1354.91706224101,1231.18769401694,7219.6423735163,1239.82329840277,1938.04235397218,7330.52353707536,1262.60514757864,1202.42226180066,7472.3956834091,1389.17388307541,1178.74565593537,2334.96622485376,2037.82896658624,7241.69725989922,2294.16952665375,1183.46531825218,1312.1892809921,1166.4015701723,7562.81547937512,1321.92382694958,1342.06021475533,2275.87591885427,1275.47440271356,1361.61675276936,1859.23063877913,1206.05189928303,7286.10968841499,2311.0776458889,7243.26106714428,7321.27124462048,1186.40102570386,7416.14823208779,1311.18531929519,1311.2023298001,1203.50843911327,1283.91459346763,7457.78772634738,7342.63074709853,7027.59616815665,7380.6855124327,2595.86213049825,7484.83073804036,7561.34496176825,7438.82549516536,1849.82335760046,1259.52265456405,1228.08345558309,1162.59520290594,1260.36953443884,1173.05305108989,3365.86394376195,1193.23288353043,1176.60939785438,3683.53106435944,2796.48873274724,1201.90949632697,3412.04318774304,3145.07903011394,3210.53865173533,1186.46545923232,1333.95640621326,7921.3293568498,3082.02001936284,1306.29958170641,1163.01022432226,8325.44223960176,7721.90579348212,3796.18475134615,1172.39894611277,1359.31122588199,1165.36284913431,3311.93757156543,3178.9951429355,1195.2770552875,8023.11446756103,7892.679921029,7792.28165971528,1321.41519326199,7874.05059862907,1217.0156538545,8029.69165717117,3280.86927892415,1164.86970750884,8046.04357941869,1189.11142612964,1162.7331352556,1163.47745500376,1168.13552122904,1327.23569988622,7770.81680088495,1305.12509071673,7845.27382482223,1352.67503387327,3338.04410126729,8238.39568742062,1278.86007601131,8153.21555017401,7819.10208073691,1215.72014189836,1171.63037371487,7911.79386535034,7681.128682027,1281.25240552696,8282.59058301526,1382.02297914013,1188.53234879844,8098.49930570486,1162.69987367969,3116.38133983904,3112.09323951693,2936.45555701619,1163.15224592967,7420.84717258904,698.674000036111,7363.48882772711,721.378970242273,1085.06484633377,549.005491929206,7504.83570181493,2634.00038510877,965.562543328172,7380.87911849312,577.002316883488,2510.29253169959,7376.15720307379,651.171211984688,7688.2783811901,2567.37206512523,7289.90444653693,7548.40361176805,754.810130188329,886.182782264742,612.486785454192,983.148969290318,7378.19485446537,691.816450718606,7447.3460516662,936.538720467726,957.681712302681,2728.55040121126,720.112812068506,1721.80090231796,972.426189292922,732.046025692696,580.377605104002,2403.48788495064,1228.43326168241,952.900438000874,2383.90820364631,644.569150418136,673.567761923089,886.187999017621,1499.10153586102,979.462214790349,7614.95195316085,2278.38662903678,7357.63428955588,2474.91852906721,787.779423451353,7784.79859002181,652.051308042208,2140.22221971026,7439.41393287325,567.280792223207,683.882406919567,2123.45540974847,829.438876961452,2594.34827965018,973.532005623888,637.571766412591,897.03362724992,2566.77192734129,929.696742514872,7536.6141971975,1144.42360058635,2441.29619684018,1392.29717978714,931.688678389513,7472.69885014619,7418.56208042111,2465.15079656773,2573.06415702506,684.638393952067,2344.91666845384,731.510783216922,7534.90460989961,886.926601537028,754.871263469979,2498.17983885756,7581.14967647895,634.048421610523,7347.65989656471,2953.55435939256,667.048478622667,7683.13131454695,7365.56732241815,7472.78921552218,782.586990227583,1161.15861790826,7417.66832533844,821.575362205319,7401.0936437116,7659.56706139913,7056.04784849345,2582.90006473478,7655.76856054339,1109.62101293363,2678.34048000791,1421.07074526273,1001.74347019539,2460.44994967382,7612.79782675793,7459.06511498006,7375.34351997633,563.8169241506,7531.8501329573,7677.57558407916,2543.36389177312,921.636917165934,746.120586695689,886.490125801736,7629.64919064203,542.150818325643,656.585967595357,768.8876390894,917.242013964522,637.216266121149,1098.63421913983,978.940150532876,2320.75529602473,2428.69786948735,2340.27037035241,795.722600285431,609.435542457093,677.26633838257,658.212055841829,741.519375292133,2487.09621796436,820.878093457524,2391.22590848154,2262.77939487122,700.869328094126,2255.56626606028,7583.44942622063,2524.8721632007,944.441881436892,941.259067140947,7117.01241743966,7261.289787896,3083.80962044109,986.810909973788,7732.02525751926,2172.36068966138,7580.49944029733,7317.23912760616,704.135754243726,644.685108060756,855.942409708508,1362.92327734678,766.043825289293,2566.54335589526,2334.20924197908,7275.55456640299,683.562706213932,655.300891222342,827.458929569605,723.742048942996,622.366614137078,712.444159489569,2776.5149929563,625.881419478078,648.708753674876,3743.03624416888,8356.79082251977,8190.05067123085,3625.49168674953,8043.23716083972,1285.95413887134,1157.16183796037,8345.87812182247,268.698721025714,258.588307272934,8324.86314218403,3698.08419308426,8277.89529686468,925.231565199906,1085.02789963932,920.851844307951,682.64857392784,3970.6644432797,824.182286651146,1290.40934701331,3898.95898700628,8386.66747612004,805.079159284654,3693.12479830996,3921.38377376338,946.93421474402,8209.25529020764,839.657438712415,3658.33891863845,8293.80148601268,3631.6940541601,3690.68528123097,3612.21938096163,884.669186444988,8107.83520599729,833.509825490151,8158.15365207649,8203.84914746186,1008.81864348966,8250.18180208642,8356.00205046499,8301.8408183254,8364.55758672576,920.11525179201,3647.99281990213,3659.04719425223,1012.46385057521,3647.54686575416,8246.93223755167,8115.53825768172,8175.43229354614,8227.90169661682,3686.60708100639,642.747938921686,3580.4562591335,680.198346942949,227.00146679816,8086.42376139217,4001.13374253921,300.853734861778,957.569176606088,3547.91610372941,1216.39867484208,867.790007872582,934.88845342585,1387.7100681309,1023.68419587739,1020.34027016241,8058.75896772199,3765.68227052943,915.783317748208,3143.15432671287,8166.04179658204,1126.1566622833,3728.74775143639,8201.87820063139,3357.50740609179,3723.3185352077,8251.13679179919,3703.17347929586,879.894142719044,4182.66594199841,1e+08,8536.92605610339,252.227618505959,3550.26176694913,1479.78910964574,267.533162340364,749.721796549244,8276.68020178477,8236.28947226462,934.467491804957,3670.33333736387,454.800340222283,8498.18413092181,8671.79228052201,1117.52731611401,3812.47057164431,1462.91011703315,8056.38123369005,3811.88880574664,957.206031826122,3792.29780088431,1206.69011088701,3793.16152675997,629.829942393777,8215.95616070106,877.98146085848,296.460078750862,3691.05374671731,646.430410099948,8211.37369990253,8138.57271852568,752.385709063406,3648.92037494991,1078.60565212747,3707.94691657724,3952.31684278367,3788.70371310962,1146.44305667982,8177.63903508632,8058.23209038495,3605.58253663602,3711.97161449764,3741.58120479051,752.217434493542,3833.85360018718,8335.29845001472,1527.46839975704,3613.24650121116,1238.54993758748,8398.46596774735,425.031566178976,615.484610606294,840.967992293033,8238.79908836502,910.904094071395,865.917266030952,910.210306347443,866.774966643938,8023.46491151743,792.086628196953,820.223623180452,1535.01821329946,8280.28331920621,596.521990965837,697.246513357936,3751.04992420267,3593.92241445324,1563.75498530294,8226.40676414702,1202.23009350483,796.151174945855,4111.08211395555,872.922372246977,851.677221384176
8623.21732332931,8880.28162979518,7095.36900821998,7114.97690673817,2678.4456635252,2629.25772531358,6780.81343545202,6806.47006241829,2662.05746437224,9180.48666972284,6997.80719415683,6679.95255964225,6538.8407810767,8907.30317250427,9168.0872859486,9664.50970308788,6276.86120702434,6763.65571154172,2600.61289470815,6804.17297836132,7036.53324928524,8935.21998177391,6737.05398777508,9145.77296619961,8866.95320002772,2708.19328560125,8891.40838791107,7014.34612213037,2670.12135202553,8950.59825033385,8772.85159146211,2627.63076804332,9207.81503575391,8293.26930189153,6574.1526827727,6899.72402722323,2700.28983893489,6617.72570350761,8267.79068797761,9061.85856047638,8570.02578244452,2604.3340937894,9081.75059893055,9121.39159864627,6637.36642856718,8981.39669140814,9158.22314067277,7107.43107016289,8173.19137049421,2684.87009278349,6599.62941277555,2699.73561060693,2673.13790099232,8705.52257837573,2643.62231266414,9059.77711739546,9059.81243240507,8776.89634009574,9000.77412898968,2631.67451585265,2666.21874700176,2783.68754415126,2654.28480896246,6301.96487037265,2624.24942494636,2604.6888646078,2637.03836075105,7118.71586896519,8942.96864807469,8857.82305232458,8465.89808141688,8015.70212383873,8629.02630831071,5544.87935344166,8736.27685974819,8305.99641837532,5247.63888788875,6098.91774710621,8770.92403077747,5501.17591747412,5756.25266780317,5693.15547646678,8253.0415019736,7857.13196612063,2542.4978159085,5817.39043390148,7912.46020719423,8511.62282051681,2533.91491236131,2570.76357226525,5144.10704777793,8334.24701643263,7809.56502235849,8401.42638094098,5596.13277726892,5723.51445784047,8744.82157692783,2534.14524875709,2545.59449903328,2559.00836010087,7881.72070983629,2547.78292577981,8136.11947949857,2533.74833416973,5625.76921722949,8549.86689445594,2532.83690093338,8240.76429190388,8457.519652042,8433.93150533243,8369.94359280758,7870.21264762717,2562.38964143549,9047.08689488158,2551.43325831893,9141.5687242167,5571.2907013217,2530.20501362244,7972.03131607196,2529.5293783818,2555.03664276339,8140.30406230927,8340.01102533205,2543.49226712668,2578.45083515943,8994.72647887774,2531.70785498627,7769.00531013069,8243.39860132746,2530.63949687391,8459.21505671615,5784.03224402556,5788.18940463469,5959.91155535844,8442.32956369373,2451.64528353493,9016.50166588333,2935.99889085979,9163.92730341102,9373.60579067984,9011.25743935194,2536.89620009089,6662.92137820877,9210.32850522133,2654.20849617491,8982.09047467804,7006.97785548905,2553.62870773649,8770.27502744593,2821.87368233805,6759.89538570505,2634.0531527732,3010.11384181257,8626.74541045383,8354.34646635736,8823.29425332504,8972.18311482432,3163.7460355006,8793.51909234576,2809.57909738575,9016.41012990059,9392.22527740812,7208.49389305278,9165.23504406011,9888.84014941238,9053.89715391799,8948.29281609713,9002.69932122723,6833.9540936646,8992.35148305116,8938.22940670528,7036.58587450589,8822.18488614657,8998.78764268057,9124.19794935452,9876.24842859365,9397.61415533233,2749.31763804069,7110.78898636298,2659.80638074819,6918.34993784658,8957.28757482295,2686.99672084046,8818.56993172299,7161.99668298013,2352.26047399749,8803.21713249943,8740.24467502116,7127.82974394401,9210.43335272585,6757.55097374938,8971.34495074914,8978.09068883019,8510.4879906388,6767.00154602459,8990.76084972989,2590.16628651434,8919.86567670326,7077.56082200904,9091.31698059539,8213.89171113887,2449.21740887152,2582.56060103774,6995.44983357083,6849.09508054836,8904.58820940665,6885.93371760025,9093.8066288667,3139.98312616273,9004.66571417347,9127.03615666292,6891.99258988578,2932.37482398569,8787.99141894768,2563.3585134208,6979.18091962627,8825.4946252418,2769.66563495252,2586.14509198786,3203.19064901758,9002.18436722306,9331.95106322582,2499.0733746693,8624.82963186166,2655.55512096132,3018.66705707766,2963.53687371392,6879.59377625279,2503.03601451698,8729.1843493516,7563.03626172183,9765.09415266703,8593.77948726369,6793.77165026023,2920.07347487499,2610.41483438975,2200.37749292542,9006.04756589817,2549.85720458089,2515.17820568413,6904.99388556775,8926.74310603706,9192.88776576008,9013.92911293505,2697.49087634257,8971.22104180951,9116.51132882199,9241.8006176522,9380.60785835022,9045.42827257686,9330.30791650407,9352.6976724299,6995.5081445854,7426.01909047059,7069.29021783524,8604.53225329205,8905.6528781578,8769.96114271528,8851.08213345606,9191.87252347568,6971.21796882865,9278.47868314032,6867.40255532481,6972.64814135083,8821.85609110874,6928.50444109513,2466.50877889095,6781.58012880112,9002.25504178698,9313.89586868329,2490.55321343145,2306.00836175313,7254.07977769289,9300.84224546041,2718.07510655032,7138.08488398451,3001.16585222268,2663.17573417577,8972.5764818351,8989.25229834369,9006.03566246595,8966.7409011572,9190.34039240969,6761.53294507608,6893.58613689703,3819.37095269589,8700.45862269498,8822.40180651024,8974.35676316505,8900.13633954353,8888.56804051698,8700.33261591341,6731.01574927664,8860.34496681138,9086.2994539656,5324.54831749838,1593.92673875732,1211.40701956365,5449.2488379139,992.096853964189,9037.59229101094,8955.87952954044,744.414527842851,8648.32446418603,8641.27569511407,1018.53791348693,5373.67941852946,677.587166404489,8998.40913401525,8903.86567244962,8111.19719256802,8481.4899579064,5140.22180391185,8388.38111857462,7815.42400908009,5201.60182164536,1359.79406445807,8388.7325381855,5515.10942058787,5109.4003865633,8966.45615584409,1100.52477915572,8361.88746523616,5369.63258990431,1241.61687986182,5342.02063550696,5343.83108202665,5477.73524587262,8216.14182268504,864.104010726233,8668.38336126737,1268.89793185235,689.022457043131,8156.20065712774,962.684939367214,939.71123437323,853.453878273997,1209.20128784208,8847.82267089782,5322.43732940997,5461.4777003693,8168.34000785125,5386.96559131348,592.843265720765,877.42021721599,887.515640872267,745.679476641235,5326.83001008683,8682.15922231007,5516.9894617308,8592.36481105981,8469.22345853458,1079.15711342341,5055.89031906849,8470.33517691787,8214.36590421013,5541.13766435322,7938.64594065707,8990.22999534563,8975.80300394344,8986.44970013039,8191.88088142521,8968.30197876938,1348.95209487124,5274.89211021272,8236.77236286599,5891.06565146508,891.502187085555,8904.00485213845,5326.52703254858,910.153254784286,5681.9497763649,5343.97933276745,947.810844762331,5334.28945859997,8269.5530524552,5080.24439733044,8536.92605610339,1e+08,8405.43536725224,5590.65770303924,9110.00328233345,8467.65291900442,8391.3939419685,1236.06197507493,687.376711251141,8875.58391210216,5402.53972996978,8485.89979406765,662.378583797625,905.010945131792,7975.13963834526,5213.82692501976,9157.16694350147,974.870325220611,5164.43915789446,8156.36410486706,5274.89386176565,8010.71251938737,5127.8678412566,8627.97052358314,880.693582085474,8289.32285881362,8586.96372921457,5450.09284327697,8590.45508066911,763.693689922936,961.756050867329,8486.26986781803,5421.59953311552,8865.70059669777,5380.31151812657,5086.78565057758,5288.28569509807,7988.47561533439,740.377045312685,988.744135343593,5432.12240965184,5402.07850146253,5337.51712539939,8407.24920914989,5200.5959406526,1628.16924645161,9019.96232235733,5480.21684816478,8936.91089248731,849.685184979338,8430.36620009953,8659.20173423089,8854.87997799753,859.005328217412,8905.83979159764,8399.83054645244,8903.55618454103,8840.21743702604,1087.41983669177,8916.44000785462,8313.89268398882,9232.92596223297,700.19572612884,8718.34691307037,8475.01097447694,5204.14254798716,5486.82510831677,9117.6513893801,1438.26950845636,8021.07305826732,8757.68710668844,4996.90127226134,8210.81021378262,8990.54182582348
1083.83330290672,1178.10245793083,1712.70271062107,1696.18900557679,7177.60504189086,7339.1964632586,1990.19824933107,1966.78164172932,7228.21628409838,1348.34289381081,1796.35935316393,2083.40114775443,2216.60261672131,1191.07925290551,1340.30598020606,1708.42898405067,2471.32926972036,2005.92604439386,7451.36770845549,1968.87312632294,1762.86554595606,1205.02787803295,2030.4159660286,1326.03370163748,1171.89714606452,7091.86993990965,1183.38231253194,1782.01028846619,7202.97226938847,1212.93988891414,1131.96564908882,7345.11861963216,1366.31621007565,1054.76717119227,2182.98381235288,1882.75076355772,7113.96931075504,2141.75822916306,1057.20939577919,1274.69511152736,1071.7007839505,7435.70824523406,1286.51746761037,1310.72867357958,2123.27183946867,1229.25749035493,1333.96620702016,1702.53165140371,1072.10180021858,7158.47057120647,2158.84430713912,7115.53626278015,7193.70175657099,1107.84724401836,7288.76360644167,1273.47105898502,1273.49180623471,1133.53661017639,1239.83742642252,7330.4828708784,7215.10325840437,6899.425624168,7253.23229930811,2446.54392584995,7357.57725356237,7434.23499549759,7311.48441466958,1693.05204615821,1208.99455645782,1167.72249784188,1056.05984310772,1116.3565978507,1085.32245101404,3223.12775439737,1118.38181948406,1053.79980222658,3542.95961157443,2649.08125408539,1131.22175265218,3269.63971683938,3000.66023273172,3066.63501059031,1058.93007850781,1183.09069339662,7794.86029147374,2937.09151854093,1157.48069014738,1061.5801214439,8199.63143770944,7595.08848167774,3656.31544529611,1052.25619600174,1206.95403218922,1051.93810546279,3168.80462856466,3034.84501433578,1121.45399761406,7896.8169788559,7766.16182517057,7665.58911908602,1171.41617169744,7747.50044398065,1080.38756711305,7903.40511713664,3137.50365989871,1067.82344362586,7919.78418775119,1060.53316371495,1055.28069633182,1053.4768214399,1051.49920063411,1176.8226696545,7644.0864253853,1266.06238666057,7718.67387279328,1323.37271392796,3195.10434996695,8112.44815231604,1132.65018696516,8027.13159538274,7692.45654573575,1079.3847276525,1052.04368914073,7785.30851738818,7554.23811237776,1236.50998465873,8156.71280264312,1228.57520203714,1060.17614979467,7972.32631921179,1055.43251742834,2971.73223243317,2967.4094821948,2790.29873358076,1054.0529877866,7311.0351890392,817.753143249061,7246.16385234548,806.181313738905,1101.99410440109,643.385128990012,7394.66734228979,2566.29540264311,1000.05713511257,7273.94688341327,645.866762589189,2519.72391374673,7267.23428444104,785.145764310226,7583.64476871958,2534.31631502775,7183.76175957225,7438.98701660131,864.255925747899,902.056435967088,764.514670140861,1063.38111694559,7267.4821584405,830.694397136827,7335.14270825686,945.272483873894,1091.68969957201,2750.34666199238,850.285040280577,1781.72827484899,980.032472917803,757.303304690631,648.599981197156,2352.22774288873,1234.32928344518,1037.85756056508,2357.43775786638,787.766175708476,725.026076498472,996.998069364988,1552.21917967307,1109.98295778239,7509.07037907568,2267.42136202719,7247.83555197661,2458.2876780582,809.407920805292,7679.42118801731,781.973151404521,2067.35157745489,7331.81840384918,721.423839411198,810.70582383268,2093.95404637818,871.616234059082,2581.8303268636,966.13714204824,795.22696369397,930.914158396221,2530.09956293122,998.71397739044,7428.41395484357,1193.55939183759,2444.34051829117,1405.56320040377,942.706058766358,7367.66089904269,7311.73291013109,2454.39405591329,2557.39511245212,819.2206514379,2281.04751519277,784.092505464538,7422.16908148189,894.509085807626,800.780940033414,2481.11419644359,7470.44515511216,760.973930394331,7239.08622993987,2955.95935137321,795.881919680821,7577.7848032101,7262.1572101091,7359.89698552835,792.653611865025,1181.78482772732,7307.99666468751,892.741994742377,7292.03437726757,7550.52138406504,6940.41801122463,2583.07636712311,7548.76493719689,1073.80933850268,2703.20070042609,1492.43515228661,973.70920387703,2416.38685369745,7503.06638691844,7353.73125339398,7267.03521802964,651.153453862718,7425.55685251664,7572.3934923574,2512.41514666145,1007.78897315171,825.258794248339,897.235759438123,7523.91817859408,677.756026302002,795.749258114342,872.387860870583,1033.99034745729,708.184452152799,1124.48323923244,1026.48223691598,2287.76059698707,2452.40509749122,2331.71158804619,890.592028403763,759.30306419994,816.5694304388,766.914993747817,814.534580116781,2476.86082192727,945.734700498603,2355.22203865651,2205.10793730329,829.259956982919,2200.01817824629,7478.0294985297,2477.68787485547,1037.84954943254,984.439451673993,7003.92659016954,7150.23422055126,3084.50108327825,1025.03123379022,7626.74205992627,2105.59502785361,7469.80607163461,7207.22412105204,752.498149408861,663.876674711099,863.028642493051,1365.06452274059,839.155728403702,2550.50241578609,2277.70004809314,7193.17167425547,791.761355050167,786.731499082038,851.776357455379,740.900543986892,772.089304634585,834.308744170243,2771.76600322991,757.23142193772,765.622432866201,3659.24452370707,8218.75980859178,8055.63033211466,3511.93803426355,7915.13983283322,1354.91460524285,1139.59870401983,8214.94649651296,357.235800494467,347.051326856509,8190.07990628035,3556.62066951075,8149.04493959529,914.48616933759,1072.42232448633,893.546543718857,717.279178988258,3896.47964203488,851.479966159705,1222.96639400176,3816.87440528614,8249.60605736066,836.255622837001,3541.07587327657,3837.20793724442,939.573738342892,8077.25838875087,865.956329101033,3525.94666028752,8158.01383286524,3499.82611554966,3600.36155587801,3465.13066552652,850.614127227835,7981.62457044718,822.211719927853,8023.9316742985,8075.54239017265,978.831102945792,8117.51205770366,8232.1076042238,8172.4019309047,8229.53694019227,898.81752323614,3544.40104761665,3509.55613426084,981.452847080745,3528.18119341355,8118.92934915451,7987.22296331375,8049.90467129461,8100.83040035086,3552.11376654917,699.387950938312,3438.26067560087,732.016975884568,130.181797022757,7959.0692251372,3905.30987914557,163.245304967046,946.169921381648,3399.64497752398,1160.1028253644,863.642970662848,1020.10760684691,1447.86639887849,926.955687622692,1016.65632614836,7922.83254372355,3639.35950997435,910.804462949561,3086.87433051782,8036.81948737416,1195.27079598429,3583.41233234244,8073.84905720561,3225.30971539985,3609.21977220846,8119.30701870015,3563.24665574563,875.051944655142,4124.43317846295,252.227618505959,8405.43536725224,1e+08,3399.60319693154,1541.39486629297,149.493960567456,781.46571929759,8141.02693633545,8109.10827172122,919.728771631615,3547.63339021351,346.109763945692,8371.62222629593,8548.06452929865,1056.32631089558,3698.56952456937,1534.96771562435,7931.99440373045,3684.22437428687,926.418753098558,3689.23457169485,1161.73988105502,3704.32253832486,723.496288739281,8086.94149107697,881.485663289879,384.216161219278,3538.01045493641,671.399119972922,8085.61330495608,8007.33303940654,763.555742553585,3504.52626509828,1050.66593590353,3599.87414994969,3865.35686604184,3658.89594575724,1096.96429801491,8051.37820708364,7931.20084859221,3462.70736821959,3634.65417516668,3628.44760891212,784.966019886024,3706.17087434012,8194.82894869523,1576.59886801613,3472.86523329891,1234.62184648526,8272.70823614594,296.226609975628,671.897407845989,820.970766101681,8114.11138202742,879.36715532801,885.891284682332,990.944349911762,859.338256843033,7894.87139128707,806.335212834871,829.23276236563,1609.91130076814,8152.1382503124,643.278169483332,759.715040621959,3632.27631792442,3445.20007841357,1620.21417553173,8087.93965553467,1151.60080086547,860.372423938414,4036.01384893347,849.177003943712,844.089251860767
3707.32286708054,3912.72451011523,2715.40769548472,2724.47889743178,5197.85680530757,5342.40346722983,2588.46885274115,2597.43924593072,5243.01846071722,4161.00815883241,2672.21445239396,2555.75221099101,2517.0691631447,3934.72508768426,4150.59474706826,4576.51630493856,2468.63542726525,2582.61472722852,5443.3271707337,2596.6256027823,2688.9667727742,3957.53077215056,2573.77026477165,4131.88686103932,3901.89981201792,5121.59472161637,3921.77489440943,2679.30474460872,5220.47963720261,3970.12608161849,3826.00085426154,5347.72017509455,4184.00424288602,3455.60538552723,2525.95113324301,2632.18218001364,5141.22265498236,2537.65133424742,3436.80833691058,4061.91763119891,3665.77222404419,5429.21040508724,4078.44818248835,4111.49427099133,2543.18923168766,3995.41942047498,4142.3196774451,2720.97282479073,3367.90758622568,5180.80988724271,2532.69361110314,5142.61516040998,5212.20902972065,3772.28387251685,5297.18059647236,4060.18996494709,4060.21927432704,3829.24381037038,4011.37929726295,5334.58311029695,5231.30744865708,4951.5869410352,5265.37884403002,2471.90489473342,5358.90940728634,5427.88274481568,5317.54218761778,2726.22314469859,3963.87431771629,3894.49521313082,3585.46977141809,3256.52303226371,3711.88145749493,2509.10594670574,3796.75781368855,3465.03187845241,2601.00870911865,2454.11031212642,3824.45602117212,2519.93822426632,2470.05532821719,2479.38434104596,3425.97266811066,3148.98718845161,5755.05972764351,2462.91514711496,3185.95054881819,3620.55889383851,6126.91446421521,5573.28821299525,2642.83642966946,3486.0426780523,3117.7101794393,3536.47396590232,2497.60012266476,2474.64746278379,3803.57644619127,5848.29841275531,5728.87070971205,5637.29223589292,3165.33815922645,5711.85452557962,3341.30349109706,5854.33357678015,2491.53985199679,3650.11688081755,5869.34321209417,3416.97891379386,3579.07038358021,3561.10507918679,3512.75912699554,3157.67024307319,5617.75392000098,4049.66509211027,5685.59035247667,4128.36681314758,2503.0149672757,6046.45116239015,3226.423770234,5967.9000534441,5661.72593052336,3344.29496943066,3490.34405797929,5746.34042092577,5536.27709455334,4006.39447624041,6087.27999708084,3091.41892478719,3418.90670517632,5917.54313493856,3580.36455792316,2466.57911900705,2466.09212793003,2453.52990696805,3567.49254104285,5014.92790527001,3871.90781965385,5154.17076347925,4086.63958086433,4181.80203629607,3898.21075556,5127.23202587833,2081.92944269294,4024.55555214274,5016.06477419485,3840.83089193499,3124.97002155479,5018.67272462387,3724.910706798,5380.16116384641,2514.41484305484,4914.83212753227,5350.5182944559,3655.22234316293,3208.41964546887,3816.57644648061,4166.22159497228,5220.9913463324,3755.76399767614,5177.28698046672,3802.01618564587,4400.63959867695,3574.2708450939,4119.70604528936,4632.8637448748,3861.48188026081,3787.57223179042,3881.77167240639,2355.05991468463,3760.61837655557,4125.34991734504,2640.50166190843,3817.84556761002,3835.81239887597,4182.49791808382,4676.16978490989,4337.76026510223,5261.89339230455,2833.35024732329,5033.95113295435,2878.74662005893,3776.14949639398,5425.95527550855,3859.65263033766,2227.58441375448,4964.52376875734,3752.61926386135,3724.07086849829,2718.18325526905,4050.61638324593,2612.62716549168,3771.05676592884,3923.21835042473,3768.99886552538,2394.46653727399,4105.82155936029,5153.69981120641,4224.59254078859,3144.44096594269,3889.30843263709,3249.16460595091,5081.59706425029,5071.26366414844,2890.05573132267,2610.3574000591,3922.35194918815,2304.35291652624,3939.48076170571,5365.26275519998,3829.08449641512,3974.26082957861,2695.21349224469,5341.8054640711,3724.8203823126,4985.67752970975,3540.48681474448,3708.53252981006,5354.99912795966,4989.68828660314,5380.68444504182,3816.81396993288,4110.20339601539,4991.52219048091,3787.13453074248,5064.88617640002,5446.46909233834,4855.21699048355,2907.84360117119,5226.74673232885,3439.31408837394,3946.77335481119,4513.89494985542,3333.73282561173,2344.79099812983,5352.95836202099,5079.83207562733,4846.41850463385,3895.77146682733,5146.5174875455,5239.87978621012,2519.60440654909,4098.56305870867,4098.98623754504,3832.66780218563,5278.14227263766,3902.86135285225,4082.23970627512,4108.92536630242,4311.9553245252,3904.82600044074,4114.21830410623,4168.89294775609,2504.82475794246,3531.78171922367,2918.37083883414,3659.98337210622,3807.29431894929,3765.54117793865,3716.08444608967,4056.56849046555,2818.37848413726,4202.86280571096,2433.42530238691,2318.97260060694,3884.63457199812,2285.00242329382,5143.9850722518,2366.70254884209,4163.00630100354,4123.42975375287,4736.68957793175,4789.48445359969,3944.7957295285,4091.44100914602,5379.27971989947,2282.79515885067,5359.53330656705,4971.28324885713,3806.34718978673,3855.59234455978,3838.24255005869,3763.69053883141,4035.84673617746,2711.57744446226,2379.82908038475,5580.67266490818,3621.62768680648,3701.94013411431,3789.1484505136,3728.66150978394,3785.82950484262,3648.00577425716,2702.40851047503,3747.83337363384,4059.63452289012,1581.47120889104,5619.75420973563,5385.81740688377,1136.90240348124,5255.87050459388,4246.45275946444,3746.06777028404,5503.94568143899,3645.86657571519,3681.50879761402,5459.79585970604,450.727227246979,5448.61676091588,3806.2014892687,3730.58812706174,3070.78985840703,3401.37335993736,1895.21144840402,3374.09507380235,3096.96793357865,1692.37127584356,5564.58077214983,3421.36364105849,409.303920233752,1713.57806340886,3817.25113178756,5424.87153600977,3434.83975902116,691.380279156366,5495.55991777838,641.240161610109,1455.86664295183,274.888586612565,3119.58969419547,5342.71093095702,3490.6720971813,5375.43459802587,5369.76016238928,3252.77104139483,5413.93253032037,5647.19763659455,5526.73034760925,5579.00812703652,3662.13174694884,1194.46732189652,336.720318164446,3261.98010271945,942.809260867781,5404.74106355359,5337.53196489953,5416.64554076565,5441.36082990708,660.443446871593,3807.73876663834,438.729200973816,3506.45929419585,3473.22997026074,5360.08050230818,1554.30507896725,3473.60462082455,3294.83227169075,260.826736237238,3221.86197054103,3807.69487560982,4080.83689253961,4292.0834977007,2968.38218492737,3781.36092281026,5259.05744024138,819.958766043454,3382.15757504132,1964.44643306822,5374.896850911,4125.89054958599,408.042512049422,5429.27597044213,684.901876576154,1086.6461183442,5420.31132724895,503.260733860399,3272.46640185971,2428.69993915419,3550.26176694913,5590.65770303924,3399.60319693154,1e+08,4381.94034091324,3494.73268615973,3380.72720399978,5461.72853918804,5441.63033435257,3668.35798043395,881.355966144284,3394.80533691342,5705.60594899765,5912.87480530791,3028.35221941717,1115.85236915254,4427.88064321828,5336.36814087091,922.855918833971,3128.0028859112,1261.19400590047,3429.39812630462,1627.99537121309,3587.84559421229,5440.5539184842,3317.8405294481,3662.51820446953,249.206255592773,3707.21967420648,5427.40577825389,5319.07112241897,3369.90349992031,315.100444248265,3680.07364537656,1183.49041327743,1693.78837620883,804.298875809194,3152.85162162627,5384.14880629912,5284.79691639395,359.83335593782,1678.02989493581,1030.80153290109,3401.40785314702,837.355968523025,5575.93323796321,4355.91610947932,455.551631544331,3753.31618162689,5646.17988198472,3347.2621851615,3768.28121870591,3676.7544325603,5493.45940100892,3720.46861832836,3501.44553576325,4033.09647097028,3638.52119363006,5242.76242854162,3720.78566992793,3347.94049231727,4498.23333500225,5478.2196148428,3782.91856280299,3466.26316161325,987.995597039683,146.335262443005,4435.99983295395,5433.22419956268,3380.01580011911,3917.39299401462,2021.57488105522,3130.72847621234,3791.5980745363
1123.37672294459,1082.54089770858,2201.02187037306,2182.77421707202,7740.9310892081,7902.67514677762,2500.72314499284,2475.82957677433,7791.59142936387,1117.47966503839,2292.62352680919,2599.27426543228,2738.89037940591,1082.03633481216,1114.32609993355,1334.87521671174,3002.95626613259,2517.41111672382,8014.94558173399,2478.05535102607,2256.10626976872,1082.28581201682,2543.34766208293,1109.00548554165,1083.059971578,7655.10999473027,1082.24424642091,2277.00327339183,7766.32307662361,1082.75747513389,1091.77572707788,7908.60267410094,1124.91993148328,1261.10428901294,2703.77120646112,2385.9831975597,7677.23187835014,2660.60088532566,1275.05513994738,1093.18110317437,1139.59988439851,7999.27258800675,1096.32469419132,1103.72011332461,2641.20243910526,1084.41397920386,1111.91758583546,2189.78991752774,1330.33014064103,7721.77773835399,2678.50754485569,7678.80041737537,7757.04355070348,1103.36074303313,7852.19592600283,1092.87430251909,1092.87947279724,1091.22043329745,1085.94097784689,7893.95362399945,7778.46579853798,7462.45886187638,7816.63127031403,2977.39560550434,7921.07255736748,7997.7980601201,7874.93776132998,2179.30105053738,1082.49382293513,1083.51845209534,1178.38028904121,1433.14244639197,1121.75857526957,3770.16006808202,1097.52396831465,1254.29281589852,4093.68478985711,3185.61595166973,1092.04601479033,3817.28031820673,3544.36208755064,3611.40384434305,1283.31883281063,1548.00359049969,8358.71121332277,3479.6934473505,1506.78145864639,1160.24326973631,8763.75334833124,8158.7859633989,4208.11306768238,1239.55799236194,1584.33560677893,1206.74313947563,3715.09076494765,3579.10878674248,1096.06433115785,8460.7409208351,8329.99156888685,8229.3423854818,1529.54145285822,8311.3162651862,1353.3883077342,8467.33366126511,3683.34134784308,1146.3973171052,8483.72411373878,1290.30023922296,1181.88504661389,1192.04607322584,1221.72174758073,1538.15431985864,8207.82287174247,1091.09497136963,8282.4679500349,1108.0545213052,3741.75669890012,8676.51580412892,1463.74222414771,8591.14405625168,8256.23059326745,1350.74833565795,1236.61801595864,8349.15242156071,8117.90241763401,1085.42434212083,8720.80826687355,1615.92608819595,1288.79446239938,8536.30218939639,1181.17139132731,3514.94267827817,3510.54520495185,3330.05357852566,1188.37913225276,8119.73865038019,1430.42570072923,8047.28784263685,1306.68896023402,1711.64655697159,1438.14213951884,8215.4377191676,3760.61658833554,1627.73821711984,8124.6913653593,1528.86912682709,3461.20578389596,8090.05109695328,1260.14766384403,8431.72955209241,3722.59902182862,8036.54225290826,8267.36631301943,1237.38588601293,1614.73029604363,1171.87931235382,895.504933058889,8088.39926654448,1259.47490214096,8166.61808388561,1678.85589483378,1394.89469956744,3398.73941576544,1277.86563492335,2020.39014882737,1667.30466098885,1588.37382730375,1460.88847547927,3583.94970262245,1893.61564170458,921.529852089696,3562.45697325134,1160.64701584642,1590.63004091413,916.468733624526,1701.76198131339,1251.03249439652,8369.70072189495,3421.12470788559,8079.39977134065,3559.70440267571,1619.80146961936,8518.71674289984,1063.02739326705,3294.89253315685,8184.80609395969,1291.42036097223,1210.53414738706,3294.7138077173,1553.80444803375,3671.61509371007,1693.39023619818,1204.44740815199,1157.95604287246,3694.44843226711,830.045447884323,8273.93375887356,1048.16044560252,3321.70656310036,1808.15834848042,1396.81441905765,8174.90040583743,8138.1964461044,3574.36303863117,3698.92526420924,1048.19425342004,3535.224527836,1523.6419973269,8252.69830002962,1629.55118046271,1492.03634615296,3637.30856446918,8296.12637014281,1271.77628780509,8079.08506785004,3573.74655459435,1444.8453574755,8423.2367950027,8086.56017638352,8158.74819647069,1600.9279749723,1805.51959979663,8151.52762577066,1071.27849023648,8135.09847966851,8382.67659602244,7761.85783751199,3650.95637708287,8401.03814561519,1797.23476678103,2873.58577353103,1897.4692615636,1760.00838976113,3605.48209230227,8348.71447872598,8204.89191375472,8085.71863940957,1458.74890339769,8267.88397887757,8417.09646126271,3724.33398827263,915.716197305644,1345.53283965981,1637.40003663248,8367.10303054393,1232.37172177048,1274.32448369858,1507.83629830985,1336.66852743306,1472.0783195231,1739.24898500552,1585.05780787448,3507.07556295726,3136.85913750886,3455.87999557135,1199.41756937699,1342.08878250415,1203.39437943025,1434.55809686137,1461.99695363188,3613.75768942414,1337.16433891188,3540.75338739538,3442.29004244392,1069.04365172078,3422.68701500319,8321.67570851664,3689.28003086221,921.356933832372,1596.66871556374,7814.62928791324,7955.9334394283,3312.70068681388,1689.54740522641,8469.79297047215,3353.4208824797,8300.96089472336,8042.52288547631,1611.29265836921,1544.81550054905,1620.91115864669,1862.59821836663,1544.12297805379,3645.72444112261,3509.83556528795,7792.10968509243,1361.70991788318,1466.56466955292,1735.58885732261,1602.92551546794,1401.50724481326,1325.49660616784,3863.65021919243,1382.04561451312,1176.24573510839,4612.07846647285,8758.30767837708,8638.57978322771,4565.77082302691,8538.2288180747,360.790243046096,1840.66081607304,8842.41791396167,1400.46727048316,1330.99675263698,8789.90955216209,4569.99176218068,8793.46518554356,1751.62157649549,1751.01908284547,1556.25045468032,1469.82814914217,4800.268088523,1338.62627221296,1610.74402005652,4750.65488378373,8815.76927026808,1288.34202263808,4480.48734591373,4758.58325980113,1643.74222434341,8670.19479426777,1244.12841927137,4537.79171787378,8737.41269360398,4499.50979408013,4574.34254950273,4469.2128952539,1542.07013250846,8634.2497476983,1600.33329897171,8602.87053201209,8728.01137236116,1319.60343988952,8722.88227693861,8884.93915169412,8798.67820023894,8810.62849791971,1762.11688154849,4527.58830324087,4501.6062134791,1303.70473963341,4560.86176479711,8778.13863729457,8621.02907213562,8687.29692368052,8757.04145742186,4557.44145976672,1118.16679273105,4475.31466836182,1429.56986580015,1441.49818377759,8577.41493380431,4821.1389716941,1476.54480918422,1308.96453549807,4362.92104567168,1520.30009308013,1749.35917217443,880.510438509955,256.450788094914,1761.73477861377,1767.64111866145,8496.69143715074,4651.8939092579,1255.85585465287,4091.1051023103,8662.78760808015,645.154339274298,4582.24413713164,8698.27134725627,4260.08286017537,4642.21263324392,8727.38868875999,4577.04600977979,1357.5406669638,4851.79804367318,1479.78910964574,9110.00328233345,1541.39486629297,4381.94034091324,1e+08,1493.63276998653,1353.22518728931,8716.91136506427,8769.63780953648,1802.05404445211,4587.45899481337,1574.24607181139,9043.14483434622,9265.99033508279,1451.57617067463,4702.87583397737,151.986761640267,8595.30451653292,4701.87193323701,1430.11458276497,4698.07112568246,1541.76884617734,4563.31424084634,1310.81125585604,8712.04270166048,1323.61968281704,1375.07760820524,4493.78093726468,1115.50856429107,8762.30348976756,8619.1819520195,1557.29555984665,4500.95754647533,1740.17424523106,4628.9604435411,4720.75834433387,4685.98200432119,1443.48071991601,8711.32550086955,8559.73456789255,4470.56532009225,4618.29532023317,4632.49449847179,1331.52506402433,4697.95604010493,8748.63131607863,240.926125441472,4501.44895841709,1838.52654350461,8909.43202492194,1599.9294547981,1099.94338808101,1714.87164291189,8781.53181356133,1755.29968445397,1164.02410766019,873.575858466162,1818.62164983131,8506.79668686895,1802.98182244943,1294.94426838204,157.006075627959,8794.88973522368,1148.34220258452,1338.8488091983,4620.95328748451,4410.5901799619,226.037083130771,8654.03898903888,1500.68100072076,969.177370829503,4826.27698977853,1532.55200286896,1736.41431736109
1059.38530343639,1147.10678530077,1731.83620417816,1715.05856746676,7211.45432119757,7373.11531745782,2012.84525418712,1989.18616087532,7262.08773016835,1312.64797916657,1816.71996508527,2106.93892426805,2241.23833180957,1159.54012966526,1304.75337432607,1669.41032176932,2497.63532072671,2028.73147539447,7485.33287404579,1991.29963355657,1782.75562731426,1172.95473959079,2053.46129099694,1290.74695548684,1141.1793419274,7125.68085691241,1152.15965611506,1802.17251821038,7236.83270277649,1180.58423294891,1103.39947704928,7379.03995851881,1330.3208361447,1041.85907527921,2207.35954433241,1904.21388228315,7147.7902155825,2165.79995125958,1045.26967097923,1240.52813895633,1048.91507095113,7469.66703954651,1252.06710167285,1275.74724316666,2147.15802149377,1196.36027380697,1298.5295590208,1721.50350385449,1063.75919563073,7192.31137824055,2183.02656618123,7149.35787314526,7227.55812391554,1081.02878637094,7322.66111762101,1239.3344132925,1239.35464492267,1104.87100642812,1206.61563987708,7364.39806103862,7248.96899472404,6933.14651539459,7287.11457375488,2472.70745105279,7391.50380493418,7468.19318885052,7345.391582084,1711.87058579148,1176.7780435727,1137.19882467402,1036.78933090919,1113.81347735174,1060.6989407103,3252.48135422762,1090.74339246042,1040.40930626905,3573.13623596258,2676.30920672378,1102.70318733722,3299.1253793282,3029.31092252454,3095.50744777837,1047.55192643328,1185.87062163428,7828.95803853844,2965.51666615105,1158.4762319089,1040.72694065919,8233.86961013565,7629.11075141216,3686.7419810584,1037.79956892416,1211.20018921525,1034.9855399758,3197.99788688421,3063.61210831544,1093.59421026594,7930.95160841511,7800.24899580628,7699.63852683937,1173.41335615614,7781.58069031173,1073.44105365198,7937.54209348353,3166.60139099553,1045.69267537126,7953.92697971335,1049.62268270994,1036.30610492726,1035.34427712765,1035.70805552038,1179.18826818228,7678.12761529967,1232.11344655278,7752.7433495798,1288.13749412634,3224.37607932376,8146.65739419999,1131.63499655503,8061.31184923251,7726.51614953788,1072.28131820646,1037.37050693456,7819.40275393092,7588.2443982555,1203.3881791435,8190.93681898138,1234.02059580797,1049.16531630503,8006.48758751238,1036.39790659241,3000.28178837524,2995.94371272306,2818.15297650758,1035.61918926386,7369.69310014542,838.381658685979,7290.23404716916,746.874971705758,1082.3162942909,627.501112916704,7451.53979144133,2666.11159092985,1011.37414225761,7332.61778755367,651.529137963711,2562.10095525829,7324.15440810359,815.43955620202,7640.27178485009,2615.72225516066,7242.64384941779,7488.66199989902,899.40617389221,968.903456737207,777.137907806558,1015.55616060707,7314.38267846845,860.320917577393,7387.61683002577,988.668588546739,1007.73213837717,2769.40811378191,788.551417276433,1777.63530424829,1012.73017909851,796.49726490787,643.636833898471,2443.77357319567,1287.42248087188,995.553496958236,2441.56100427254,802.811193395834,751.731752189521,937.895234616361,1508.80363559705,1049.10400174188,7567.91775784962,2333.71345815538,7302.47599976772,2513.31063147428,853.647418209784,7737.74102437631,785.047502840328,2177.43822541493,7391.26769917967,747.035717189007,839.428060075041,2161.17419201978,852.896821290845,2658.43191360168,1006.17002071174,795.288685559938,927.524986151252,2619.76626033003,957.159747589102,7486.99664012998,1125.09272197174,2472.63575410782,1447.56128515347,1003.11181968491,7427.16443126175,7367.96486561842,2514.40075710052,2637.26142107607,814.735250166771,2376.94296489853,789.956747198374,7467.17731671002,927.954499442746,792.682758264795,2554.83377719663,7521.65785457633,784.97584727678,7295.88489573632,2976.45246960918,832.1983167656,7636.38012450234,7322.11135238703,7401.04571550051,822.250719367418,1190.13545685162,7366.57195525374,906.892281706932,7346.96503422518,7601.64495710005,6989.84949727009,2643.98802602168,7608.68994284659,1139.07930263385,2694.6312585794,1482.01545347657,1041.58991734889,2507.16839662675,7555.56437304863,7412.72871915859,7329.07175726909,644.596700487737,7483.93034412475,7633.05194952815,2600.53714823879,966.05171813126,772.095421135785,932.780931909462,7582.26180651376,659.93547227116,734.446460227543,844.638231950362,970.631848496223,708.169380548584,1126.50818540065,1006.3650649318,2376.63371600569,2461.91484808555,2387.82914939447,928.713424779964,783.184768820618,844.648727990519,803.122608860272,780.579212639602,2545.08159134663,888.532138490079,2441.58484603122,2302.27862539921,832.628574026959,2297.23064763761,7538.61006923076,2568.48042220279,994.75642288332,966.2889908761,7060.76265969636,7211.63775416332,3088.37800681546,1024.71202752635,7685.70179995787,2213.79850695091,7520.87590900966,7263.24162556647,790.282879629579,662.65751636103,891.730377434507,1413.66573516935,826.007285308806,2617.4623334568,2370.0828964796,7223.53984580009,832.018960547084,826.563002087523,896.022027776075,785.917646444921,797.276165288876,872.381452743329,2847.69493046317,786.918678539754,700.661547976901,3736.714826961,8267.2295395192,8109.08420970556,3598.68820563324,7973.19511087611,1307.18626687843,1187.79409928383,8271.99082313473,304.960547633244,265.061361017573,8246.36519724551,3647.84531476794,8207.49897481618,948.207365452791,1118.22025148879,954.906774753571,762.716071029175,3970.61536746495,903.142886594192,1258.45459692145,3892.94682209669,8301.88325761109,882.007081148556,3634.23630511952,3911.84949739985,965.691656942539,8131.53742711345,912.703827247336,3614.65077257686,8210.07389446235,3587.69006113362,3679.22473287515,3557.86923709941,908.573951982193,8039.73016470093,872.03611539261,8076.32247365739,8135.26015594801,1029.17430554025,8173.398141964,8288.41009934946,8227.68052397358,8281.28076867222,952.352780615318,3626.16101326668,3602.1318400657,1030.27454106828,3614.86226206614,8178.55279855426,8043.7459702252,8107.29511600099,8158.95405675592,3640.90494228068,623.259791534243,3532.61472120613,771.168949678177,151.191987177134,8014.20620688985,3981.85830070463,109.492410559009,996.638604656972,3492.72750218757,1188.80624135859,895.238939678733,956.800230310336,1398.73211943141,997.843026190307,1058.48833654835,7976.09077742937,3727.31610382347,954.631407882394,3162.75333960599,8094.02761791644,1142.89527775184,3674.42227212414,8130.23653414344,3319.04453622108,3694.91264178442,8175.55296978208,3653.98381766709,927.982088718886,4193.72184872615,267.533162340364,8467.65291900442,149.493960567456,3494.73268615973,1493.63276998653,1e+08,829.311937169764,8194.27099085547,8167.33575237167,979.145096915402,3636.33377003886,434.964757234215,8430.10813764557,8606.09747340256,1115.9406783691,3781.30241616865,1482.83939796528,7989.89760748525,3769.06862082547,985.469156101216,3772.05993717133,1162.20285930964,3778.90372041863,758.178151195778,8143.36234659788,932.4316504482,294.012510901028,3630.9050645173,608.848804139556,8145.08140214888,8063.75959348589,813.658208081568,3596.79724811892,1098.58768954708,3684.39327620222,3940.71667728219,3747.12434389608,1145.91881355357,8110.49238070868,7989.29561465149,3554.60668263805,3712.65450476345,3713.68707714706,831.420412607629,3792.66263817312,8242.95007214709,1531.08363620959,3565.08488780638,1283.12118789288,8329.58371964826,394.632450364407,609.237081631686,870.935666257084,8171.87099001784,921.289804736377,926.278438702273,929.477881012879,920.994835795747,7952.12680059945,857.03495024894,881.638232481637,1559.89580712561,8209.79206901435,570.431973924417,801.625590988174,3716.17682418828,3537.98346356441,1572.69300134768,8138.91174998922,1158.22614003315,789.744635272376,4108.19862931071,908.153708040774,876.92176767072
1099.81675911379,1174.21408566848,1798.08990432075,1781.4016707348,7263.65802895311,7425.18070660013,2077.51812476245,2053.99313212743,7314.24750807292,1325.73841041447,1882.50642860873,2171.08427044495,2304.6538330814,1185.28459875939,1318.3663728521,1666.09031101703,2559.75503673486,2093.31457289074,7537.30547953066,2056.09460829146,1848.73146345793,1197.30804851869,2117.90515495662,1305.31366463358,1168.96418160147,7177.96028627438,1178.70395782654,1868.04040163469,7289.01432165589,1204.17918827405,1136.04304005683,7431.10038422287,1342.27825136165,1097.34100557964,2270.95615729936,1969.5046738498,7200.04996744405,2229.62159857918,1101.68257355469,1258.83099796158,1092.05059008152,7521.65244385753,1269.46336070323,1291.37536680897,2211.08158291694,1218.45486813435,1312.56204949896,1787.81241257987,1123.26503820204,7244.53184215101,2246.75456446822,7201.61623400935,7279.74779873205,1117.18913227611,7374.76907411794,1257.73286775156,1257.75147630606,1137.3037831425,1227.7795768562,7416.47076650185,7301.14010051741,6985.602143994,7339.25284501698,2534.9471217003,7443.55381277016,7520.1797998244,7397.48029481252,1778.23053110067,1200.74850274544,1165.4496436925,1084.98030387768,1177.1876059968,1100.83167786532,3311.54839760612,1125.29659367498,1095.41110754366,3631.19392752873,2737.60729241744,1135.44723972465,3358.03643573388,3089.17214339645,3155.12452714041,1104.48505127596,1251.66496727914,7880.66180503771,3025.62037229671,1223.5770035177,1086.74496953525,8285.28330645636,7680.96815420569,3744.47489426177,1091.70056362199,1277.4756880666,1086.08466861087,3257.25137449881,3123.34588790903,1127.70087910901,7982.57972593094,7851.97438559639,7751.4408697994,1238.9180347931,7833.32021991377,1134.00005457781,7989.16538469235,3225.96444615491,1089.83496447355,8005.53830411548,1106.97824546784,1084.88592042759,1085.00187176998,1088.15137095105,1244.8321238945,7729.94665257225,1251.09768812663,7804.50484484719,1302.88579393989,3283.53872119948,8198.13130762751,1195.81219220911,8112.84586022774,7778.29775372754,1132.7259218727,1091.04108420896,7871.1137010596,7640.13413628435,1224.84142926636,8242.38001021062,1300.62974939999,1106.431052118,8058.06083008339,1084.89928622556,3060.25245914189,3055.93086671174,2878.84516009631,1084.89600148535,7397.84307388403,815.007601912801,7382.36624732648,1060.06147002777,1368.82591194097,942.550192476904,7497.81983658717,2586.6413367136,1153.30252395832,7380.77107886398,952.817119741801,2693.11807849251,7371.28277748511,499.63415344989,7700.13862776195,2687.57600718674,7282.00592206269,7588.00754632254,456.872560588772,479.914854969158,593.41803814788,1090.44337173124,7420.01171102147,540.392364255616,7465.03063788708,1046.81968794433,1307.27433984257,2845.38874760307,1043.96378760769,1818.38012508074,1088.10266520686,964.336405483856,944.069398118791,2490.6990994941,1160.12038722355,1051.58225729549,2539.57306279726,587.887627493585,976.923786907854,1007.16154838735,1721.02283966821,1216.68764671469,7622.68501988546,2492.7010164017,7362.85037863049,2701.48599060502,961.890457366274,7788.96962395649,677.680969886168,2098.99094453476,7410.12530382863,573.359832476093,490.125029474802,2352.12683533422,1142.6885166492,2676.95339248835,1056.25783438397,725.997340660322,937.610263962309,2614.45186392307,1004.38584227572,7534.38255726982,1285.3313250253,2583.22313661546,1247.12720020803,384.654675116502,7447.13455313018,7414.08396147395,2681.26690838882,2659.06796115383,707.161871126317,2433.55061616464,1022.80197520599,7567.69534060696,1035.15230273388,1036.07203022882,2654.76698150426,7607.94561573897,507.054142664445,7346.3506536889,3049.90844207455,607.225225228911,7691.95366133708,7341.15361885597,7513.39988273904,1010.55922303518,1347.63852630472,7401.92390999922,792.167893940994,7405.7920361593,7692.18488465544,7084.06611033788,2759.05614162538,7640.81279686823,865.386104054548,2724.9702450537,1624.34258274595,743.012662797435,2512.62610654114,7640.07816466247,7453.34394110559,7315.45663678936,937.288665004476,7527.64397488892,7652.05278326008,2648.35285035631,1016.94831209947,1081.54698406943,1042.04297035341,7628.87941878749,787.548584426632,997.58359181019,1122.2920990344,1229.56874078596,958.358809865142,1302.33563268022,1246.06207877068,2436.39020494917,2590.82597488728,2560.94187230384,520.28215061184,670.792778890173,553.099291569641,634.119995327425,1097.26477615511,2677.61255037427,1134.96461509085,2468.53053031733,2307.78294011932,727.870416285947,2315.27782049209,7550.88048243762,2609.12263649876,1045.78702290452,1234.1129174615,7098.62513810187,7218.16091335155,3103.86654682689,1252.86446467843,7735.20870253382,2187.84690362098,7614.87054676934,7313.89358408353,954.211499914182,1016.3405608513,1036.60730098821,1194.82230826698,1092.61169167071,2712.43062990522,2434.5849327935,7289.3655131822,427.85290255858,620.270955223819,1026.61109988594,915.781215749175,681.987564651516,424.460754061782,2868.50871991175,631.967941446336,959.243108575982,3619.37336713128,8202.01386171628,8025.78436352924,3506.12839938205,7869.66876845355,1182.78449562737,1152.21509683699,8184.53259394516,802.294991411988,796.836771826103,8158.23869649394,3560.30654518088,8115.89649835146,1123.14882145144,1091.35409022553,480.563946664067,308.992458187601,3836.42422883154,136.131314448345,1023.88729014544,3780.15929220573,8221.19222382302,179.494220346758,3501.77494527393,3794.91528880633,1088.34223417442,8045.0118839636,330.322411421813,3546.7139846783,8131.13870805604,3503.32279293512,3570.91370799637,3465.08434422315,512.354392414441,7949.058712696,638.007107556648,7992.54280756909,8039.31564613722,570.634127344471,8085.2879643523,8209.96339009189,8145.7060887364,8210.36674668217,1016.72541944935,3535.61572095518,3496.69526683088,535.269364111887,3538.77805086297,8086.54450219572,7953.6622226746,8012.38891105051,8072.82118682759,3569.77560285857,888.195436919062,3428.52302590788,356.214378923213,752.32256434099,7921.65270280336,3892.27547584695,814.271063985856,447.72014275459,3366.26168032657,945.787195779518,1103.68040833908,1018.99134720074,1295.7141405733,833.657345626742,1105.77456980638,7887.3540051171,3652.00525150396,533.191528640274,3039.06423601923,8002.24385636448,1105.70294989261,3589.58087668581,8038.88568668236,3189.08033025697,3612.3634008276,8086.72678586107,3564.71637080245,298.430159647527,4010.98544798334,749.721796549244,8391.3939419685,781.46571929759,3380.72720399978,1353.22518728931,829.311937169764,1e+08,8110.83001601259,8082.78351401786,1037.48951312146,3553.87514325764,758.962049558656,8352.12760358232,8546.85124329332,747.581998147712,3704.48712153034,1365.69502357141,7906.70453831784,3708.69638983828,513.472180191357,3685.08161563004,1089.9773119258,3656.27892933689,348.46764711643,8056.0530680885,278.477439658991,837.644312309527,3517.41670691179,834.271156693841,8057.72886190559,7970.26973971102,427.427393050914,3494.14748938141,1078.81396596938,3599.09437756263,3819.68530757774,3675.96432522115,802.135875183833,8020.2162458561,7887.24583724783,3467.3183894325,3594.28968486252,3629.53717482464,52.1396873186098,3720.21837557958,8191.19738982765,1406.93451529621,3477.63898436784,1148.92029465687,8242.99260868263,756.382289844404,830.568334589767,996.636560162529,8088.80988334417,1085.92837245754,482.036860183131,985.754248458364,1003.22463447214,7847.550412219,1062.81537944142,223.614401370527,1424.17930176209,8123.19700168168,858.730390935696,177.809168333153,3635.68127200689,3423.80690878246,1459.040963021,8068.39622801667,996.495140788168,933.834745530207,3954.65644024961,463.770578860952,1093.34017560232
8262.07366322628,8521.63565714936,6716.15982745756,6736.04150677864,2236.10031219904,2196.84051351688,6397.03165203336,6423.07440675527,2222.58606056865,8824.59854990149,6617.21660948934,6294.62912945366,6151.29515510922,8548.91225664355,8812.08847429029,9312.74151574398,5884.9765992101,6379.61435498993,2176.39494127259,6420.74285033436,6656.4948507803,8577.09112200034,6352.60802384127,8789.57426969774,8508.18090786967,2261.45687529561,8532.86760896893,6633.9919884431,2229.18996232667,8592.6131212569,8413.17769952624,2195.61941228391,8852.1699339103,7928.71887034669,6187.17044894653,6517.71171274698,2254.62871590951,6231.43189646085,7902.96719867845,8704.90026559913,8208.34865598614,2178.90644937993,8724.97350874623,8764.97349570315,6251.3805136761,8623.69808853334,8802.13607711554,6728.39046015514,7807.34093798768,2241.49315942329,6213.0505975205,2254.15220895181,2231.68362189326,8345.19292691689,2207.87014573795,8702.79982049748,8702.83545797215,8417.26155655072,8643.2548982831,2198.66560113754,2225.98233966214,2329.17376165428,2216.31267262429,5910.50854860701,2193.10168986598,2179.14849933379,2202.76182361462,6739.8325308492,8584.91226541893,8498.96403340673,8103.15942516124,7648.09488499959,8267.94055306143,5139.21260087832,8376.24786218663,7941.58183147175,4835.5862124162,5703.91765077268,8411.23149006296,5094.60074295061,5354.83692294817,5290.49510011237,7888.05926449428,7487.69375712819,2150.03143282547,5417.16139034248,7543.66813186927,8149.35314319177,2190.13208663773,2158.63113708483,4729.71315310593,7970.13265713054,7439.56495076014,8038.01878660753,5191.51833360728,5321.45547604914,8384.8757776574,2152.92006196049,2150.10578100732,2153.44425692979,7512.57062864872,2150.36347789776,7769.86088020956,2153.27563243054,5221.75689280941,8187.98605032239,2154.24823898119,7875.6495307225,8094.69457462579,8070.86230594261,8006.20603051582,7500.92791161595,2154.77829368565,8689.99357586514,2151.08571168828,8785.33226911554,5166.1679618245,2175.09441274956,7603.92616981287,2163.73672323731,2152.08406347411,7774.09169939788,7975.95770123203,2150.01285658692,2162.70378024515,8637.15134097785,2182.30003742948,7398.52142531463,7878.31230493863,2158.2191304508,8096.40747916868,5383.15804091105,5387.39590713708,5562.37704533493,8079.34741726368,2917.34342028445,8758.18112006325,3196.14724781298,8872.41976930126,9123.45609204087,8750.63086613934,2993.25862009729,6636.18163577438,8970.94508239204,3114.97108121807,8730.39219210931,6888.51464066721,3019.77487368858,8502.6410136236,3239.94793319362,6713.05699285956,3098.3122736421,3296.49942310329,8356.74310147353,8084.07760147991,8551.83332200175,8660.168135821,3349.70816596362,8527.80951152328,3181.19469453323,8780.01076125093,9101.88931620562,7031.76950413317,8872.7102497629,9670.23010982103,8820.17760947078,8705.64894431929,8745.95653804319,6795.94966924359,8785.1782752063,8634.96676909364,6988.35062766849,8549.46166264188,8758.88498952825,8802.18138357207,9578.87257181605,9083.30983038303,3220.15714560511,7033.23429111055,3061.18169641433,6827.26014450447,8717.87339218764,3126.60973069972,8540.64555895205,7123.59162541331,2880.51396991844,8539.35029137163,8468.56966974861,7033.83348036012,8953.79211174865,6697.1265696509,8735.57019064973,8706.83442417905,8216.79472032124,6721.55587815408,8676.92562444331,3067.20823520517,8591.22103755649,6913.21192842985,8868.59835851861,7932.00879456198,2974.55685834059,3048.93800669508,6919.23673377877,6800.63960360138,8623.454816903,6847.02809239905,8843.00805179683,3407.8679472149,8764.7698137035,8870.02718159496,6832.78096737271,3255.56061378383,8515.90615083044,3032.78603644901,6795.32657743245,8568.96617436786,3231.8932234736,3084.29384216834,3360.75809010926,8757.06599685024,9105.83585580934,2965.04510909914,8340.74527475971,3079.17015513288,3351.50843291746,3220.60629615258,6809.76811700388,3040.3162324928,8478.60334655344,7173.09088682296,9529.00399973777,8339.82729723915,6744.26969278778,3263.25224617067,3106.19118151809,2762.11729872844,8751.27900277755,3035.76820612805,3039.87274108789,6873.56540381623,8624.04741215971,8905.43404937385,8774.97396356757,3134.57303643721,8694.83986569767,8830.65736044635,8984.57593719554,9083.3689232105,8788.36247268285,9098.30689071501,9096.82082354374,6944.51879550563,7205.55401032183,6982.252153501,8332.51923535067,8644.7287905954,8502.06163431726,8591.54736842436,8921.81642050142,6908.77030094626,8990.88112358902,6804.47342984177,6920.85529577322,8546.86588212158,6866.13173471093,3006.63509979147,6742.74096615604,8701.26862696891,9058.07110191102,2894.12075456733,2789.63431037214,6908.12567901422,9062.39154979672,3185.52599358447,7103.92359986537,3309.16850234739,3080.23300911918,8734.32554434296,8736.59854704548,8767.23198678285,8750.80739723993,8938.18146472529,6690.20165521489,6847.7908778084,3510.7002374201,8434.08232595793,8568.64567773649,8751.63345732369,8656.98562206772,8630.58653958801,8434.43885986476,6693.81405004009,8598.42340251936,8791.64102049869,5216.84736575585,489.859264636871,170.054920229784,5368.90795380572,872.764127962171,8648.46453315891,8738.02426385187,608.04809169109,8371.31738708971,8359.51532873049,299.022482595825,5269.72044654669,892.780987161352,8775.56546861165,8683.57103116092,7823.0234102021,8207.45013679714,5047.47908995149,8106.23799585933,7499.23036430658,5093.90267650169,240.457582984065,8106.66292413409,5408.0819735745,5002.06706444521,8736.72422991875,351.647421989313,8077.36166092686,5243.09250175897,114.051149750792,5216.69714926203,5234.27829160274,5357.79563636422,7924.09016882432,1107.25665576777,8403.05260652707,237.367735941502,979.442948001768,7854.98035995417,346.395526964523,1265.14421813797,745.273378370688,215.705773195007,8625.14714788777,5200.94833435776,5355.59345679113,7865.66981486587,5281.87703140029,1026.69191964023,854.891484171662,1028.25302080223,1045.56504356748,5199.85092695792,8351.09692175061,5430.12983684231,8320.20181426138,8195.89923904288,888.378498303444,4917.72343765564,8192.06333558531,7920.05751185695,5415.52328187728,7625.32279834749,8763.75854641434,8607.11987831424,8589.49952956499,7901.23133161718,8750.1605528596,322.80096358966,5163.44336686481,7944.09640419211,5816.26007197598,778.691749221859,8518.28580481445,5211.18550408867,803.433373452717,5583.45573505062,5250.66526101056,418.613218302226,5230.44504803077,7979.22341194596,4964.7240025248,8276.68020178477,1236.06197507493,8141.02693633545,5461.72853918804,8716.91136506427,8194.27099085547,8110.83001601259,1e+08,1060.24051113782,8657.54598069999,5304.4391466845,8230.10506676975,1241.94951518977,1736.08005750944,7662.27080329865,5106.47029845052,8761.63148951139,1299.07281081594,5055.06377496604,7856.29466516231,5178.4929315413,7700.9988344101,4977.61050444119,8354.50344801446,779.38369060504,8000.40253486172,8305.61141665078,5328.7037294328,8250.55108457321,1303.66210450044,521.334970162943,8215.99509801014,5309.69762871635,8639.33364046708,5284.49475646753,4939.79620255493,5184.98247409624,7680.98062476885,1121.91874390271,946.656130938713,5312.47382237422,5319.82964742799,5223.08104064918,8125.66274995526,5078.64490077362,603.328421794431,8622.9068011914,5372.02547400259,8724.72344870481,1063.83826978176,8175.3569860942,8333.80754558453,8625.25161078206,1269.71027091181,8681.90958584018,8108.62949193609,8540.38543970993,8624.42006302046,784.23318082781,8700.87115745348,8027.05647760439,8838.15391650579,923.202549071205,8386.77930136703,8198.45042853995,5082.82790860159,5357.52580318199,8717.46934004762,323.753292748883,7706.70327800576,8404.6001096607,4859.02752778684,7922.11563543585,8762.62319231114
8310.99713521705,8570.70998703449,6763.82632988396,6783.729473368,2245.8101286189,2202.86353238629,6444.32723030842,6470.40223877959,2231.16023681598,8873.83368913904,6664.77355208988,6341.79415496092,6198.2668638145,8598.00170936433,8861.31727290299,9362.20608894326,5931.552439472,6426.88815135968,2179.76720402595,6468.06781000201,6704.09584129015,8626.19605882184,6399.84770740639,8838.79159471353,8557.24772885326,2273.04615894245,8581.94818226611,6681.56783439732,2238.33289822851,8641.72652763165,8462.19055526982,2201.50415103145,8901.41896072325,7977.42824859294,6234.19175428168,6565.15366279296,2265.73909597672,6278.51326261458,7951.65898853299,8754.07370766453,8257.23924679082,2182.65247907746,8774.15745981632,8814.17819115201,6298.48855011252,8672.8283303227,8851.35981376434,6776.0701880517,7855.96599718408,2251.62739484561,6260.10717052114,2265.22848297438,2241.03427471068,8394.1661203776,2215.06227212094,8751.97215905838,8752.00781526191,8466.27676668385,8692.39564659675,2204.89170898089,2234.85252600098,2344.75738895095,2224.31882009243,5957.12459084967,2198.69487203993,2182.92963649153,2209.42916829619,6787.52456979037,8634.02147510508,8548.02569166461,8151.98388171257,7696.60362076613,8316.86757998035,5184.34453714876,8425.23928339136,7990.29993577657,4879.93288170238,5750.19323325326,8460.24322268457,5139.62602078986,5400.44767140958,5335.96901239459,7936.74079916835,7536.0782805537,2145.03711150761,5462.90013173393,7592.0968410682,8198.20693386611,2175.47159793959,2158.53025413233,4773.74964877069,8018.86999020775,7487.91073507282,8086.80108053994,5236.77186146313,5366.99584289273,8433.87222995527,2145.43519731388,2145.81506220941,2151.62008347636,7560.97490350518,2146.53053158225,7818.45915904278,2145.63058968967,5267.07906757396,8236.86402234367,2146.20549094053,7924.32248750983,8143.51360542609,8119.66597602181,8054.96738673682,7549.32296536806,2153.48056771608,8739.15917057663,2147.95999951465,8834.54742329761,5211.36301695835,2162.45131035652,7652.40143209889,2153.11028072665,2149.60139287352,7822.6930192749,8024.69893395415,2145.25264640636,2163.59671805068,8686.28881729778,2168.62665365001,7446.83361406808,7926.98710546398,2148.90631327239,8145.22760916636,5428.82749334927,5433.07406554151,5608.3977894928,8128.15657070081,2306.1977044936,8723.37864346367,2773.7958342559,8863.59217762077,9094.25251055588,8720.47529390367,2414.86488122679,6418.11049644441,8928.62694306027,2528.14423234679,8694.95510838497,6713.52931226174,2431.46256239422,8467.93730144387,2675.89142379874,6498.08016675315,2502.43286717325,2839.72923308317,8317.44831962247,8066.7555772004,8517.48775644224,8643.94516869503,2967.45658625669,8490.97423063669,2659.67294917573,8739.37923802885,9082.63836142615,6892.43514005862,8862.0014844087,9624.07009882114,8776.01408275575,8662.12189582156,8711.85922041489,6581.39878501308,8725.58658564629,8612.39084025978,6782.14879002724,8515.28730763357,8713.80354654165,8806.98321548529,9585.38794945512,9090.00043668476,2631.94045450444,6844.87179824557,2518.88543526659,6643.41390437096,8673.37850271306,2556.88694081129,8509.06797519899,6932.36921902011,2236.41300422125,8500.92996111036,8435.09282428903,6864.02573001796,8923.63987557351,6487.15297447462,8694.97371626063,8676.45648909883,8177.84056942414,6509.20814009446,8670.49314171623,2473.01342481202,8579.58681818796,6775.35150373252,8820.45625765809,7906.13167638934,2320.284504009,2459.71330896264,6727.07175637104,6584.68648924702,8596.2115882491,6639.96212745942,8805.87548571913,2964.99819690249,8722.5009694237,8838.91853807098,6625.4715402532,2775.95560127164,8485.9965090513,2431.69803320396,6664.00401863388,8530.54382218681,2639.1019430632,2452.1768363761,2981.56964322138,8720.58317500434,9060.09280464088,2379.54288526139,8303.1728179775,2519.2184453584,2863.42442799451,2772.0724912603,6602.07715847271,2399.88271473899,8455.71270345262,7188.91114917759,9488.53658696628,8317.42604677441,6536.09915696851,2766.5803902872,2491.77696958384,2066.85863852014,8713.80860661716,2432.88403327866,2405.5646989832,6655.94297825309,8602.68440665096,8894.13976180064,8731.91894521078,2557.76603245975,8672.35858074371,8813.27435829035,8951.16400193969,9075.49742779359,8755.78309125224,9056.54032122692,9068.9797444433,6739.87171144464,7112.24305464083,6792.7445151585,8293.04769631461,8609.19441381462,8464.09327987692,8556.72952043597,8901.07509220214,6704.96735112655,8978.69309622093,6604.3755958457,6720.59590071813,8510.75522530695,6676.4934322928,2345.16389101881,6530.57090533286,8677.83110193985,9032.14350638678,2329.1877922563,2160.63258594843,6884.30382663486,9024.3821301781,2595.70876212314,6906.81603002269,2843.17506954574,2527.01855023798,8686.41103824837,8701.9195407727,8723.39135476749,8698.07117869837,8902.66548489579,6486.60478175461,6639.81426379453,3413.18133675036,8400.88475692823,8528.42452337438,8694.12459848666,8615.09563686912,8593.14904595013,8399.17128478232,6468.53456414919,8564.66274834051,8781.60271328251,5120.98027707086,1417.21560544171,993.356070918768,5265.63478565083,456.64348343842,8700.52802623469,8684.67365459796,516.543908932764,8349.75684127081,8336.30581049214,916.120762277092,5228.09471256872,274.705701713418,8724.56966659275,8629.55263931245,7814.30527884824,8179.67975952003,4920.52063276433,8081.12934748015,7489.68165851571,5001.92008607812,1240.62484193826,8075.62734159462,5385.82890924155,4898.35316115805,8688.76726532311,774.075133142341,8046.08334099889,5208.96645098317,1043.61878242627,5175.47226299257,5143.84094528552,5329.66303592098,7925.60685111385,220.809030938761,8376.0539786114,1003.62506099742,225.8550165859,7840.65743031141,759.507403887947,392.406362035689,397.988329663123,1039.88244167002,8571.3013139989,5134.06768823594,5321.46103270194,7852.15713595565,5217.30141847973,256.229192255622,313.714370332424,242.549625625399,86.0186065852577,5166.01160033523,8362.83495604533,5365.49491152597,8290.05035167907,8170.34552737103,465.159759353343,4873.33082403347,8172.95481690533,7898.98401653942,5389.0617469649,7607.5445720937,8712.40968934698,8648.19666247244,8640.5945628263,7924.8157503626,8693.71793360296,1094.2090036043,5116.04343519148,7914.5113226334,5623.3328436006,385.953930630136,8564.5656959403,5180.82112234986,368.776351585239,5503.60649704668,5174.09279331105,723.129584524531,5182.51100898454,7962.33647715992,4822.70998440108,8236.28947226462,687.376711251141,8109.10827172122,5441.63033435257,8769.63780953648,8167.33575237167,8082.78351401786,1060.24051113782,1e+08,8600.97209022226,5239.10495567991,8195.94123993869,338.454133535408,839.895548466643,7678.51829570709,5046.69100785272,8813.53709898631,395.635756422596,4997.48629895675,7861.97007073695,5099.00707566216,7665.46152035284,4905.87100595938,8323.00478785975,360.922526424662,7977.93506512863,8280.63511991461,5312.61157720016,8270.86446091673,290.66315161382,632.715482595997,8187.3940615204,5273.88644387149,8593.45135185164,5206.05741233679,4884.32025383428,5138.69306124506,7671.23519335261,158.581471181739,411.568847279026,5276.86482654669,5188.91726024341,5176.65294167883,8098.07405938186,5047.97655785887,1509.5709856268,8674.63946658681,5331.15890756678,8664.14132882056,303.298012732625,8140.76042192516,8343.01861997741,8575.90158652467,298.539535175791,8632.18345227522,8080.94702373774,8575.88452841742,8564.23479238518,582.019312365878,8642.03144080958,8002.01931207802,8890.02003355273,210.25647078262,8403.62514528129,8166.97275858105,5027.42179782137,5336.26329678,8772.63553098357,1282.01425120266,7679.17595418691,8429.74638388225,4777.3539618543,7917.54757999117,8715.75360323608
1242.79422291476,1195.69733495777,2296.94914139522,2279.04503087424,7802.79589120247,7964.22913659022,2591.57284146495,2567.06372256141,7853.35754705018,1215.61377585283,2386.88937187009,2688.66101390907,2826.35426208209,1194.15264767926,1213.20581493934,1401.60860285437,3087.19969490604,2608.00653683772,8076.29092629584,2569.25486900565,2351.02208027198,1193.25424504866,2633.55327129821,1209.20639719075,1196.70323906739,7717.14483506928,1194.9809537163,2371.54517654139,7828.13826140634,1193.06254056042,1208.35137327383,7970.14550563752,1221.38420839844,1380.15783730022,2791.70319665736,2478.65812790665,7739.22253907629,2749.12238553308,1393.80233661185,1198.07682653881,1259.51693958225,8060.64672108321,1200.15027890564,1205.33195850025,2729.9940364114,1193.3262375445,1211.38470638165,2285.92814060058,1447.71092475604,7783.68017436741,2766.7826032037,7740.7879548538,7818.87683195365,1221.4871336502,7913.8455967413,1197.8803394559,1197.88364076343,1207.68840116318,1193.93439513569,7955.5240609447,7840.25736586247,7524.88906705596,7878.34906543087,3061.92937743214,7982.59196740486,8059.17490723091,7936.54418002696,2275.63774060599,1193.13072211927,1197.48509319119,1298.58845157815,1547.66797260422,1241.10602045203,3847.32289725407,1214.99836913139,1373.48815455593,4168.58241783219,3267.90251240889,1208.67239432196,3894.09162239408,3623.32552916314,3689.81160870105,1401.87569066485,1659.25368981061,8419.45129415756,3559.21097006661,1619.20062621775,1280.42909404555,8823.8391222676,8219.87207310614,4282.28571582247,1359.03951394349,1694.5684314795,1326.73045735806,3792.67459596999,3657.78190596734,1213.34081407046,8521.31048820084,8390.78037264532,8290.30452711732,1641.31348969322,8372.13692577369,1470.15131453768,8527.89234709116,3761.17304502284,1266.43905884594,8544.25581727478,1408.6917812722,1302.08058456617,1312.17967565085,1341.50440691775,1649.68249260152,8268.8226056867,1196.76655938007,8343.33809297025,1208.50124033508,3819.13527640137,8736.7375179709,1577.3921107001,8651.50138263538,8317.1460294217,1467.58305027687,1356.15287495582,8409.90868302283,8179.06130951733,1193.70796959643,8780.96063270231,1725.28691283375,1407.22198900574,8596.74801265271,1301.36988749038,3594.15593260499,3589.79612069776,3410.92620834902,1308.5391771697,7839.33612130197,642.740537191096,7834.56764417753,960.156409067406,713.21459420726,756.801392231257,7936.01673067354,2832.88776252023,452.948332763011,7809.65983666197,599.134989927419,3186.17750221726,7806.21394997846,867.075718303329,8144.99658369906,2984.20802025289,7716.42983714327,8043.21925604717,1038.34324110685,1089.47183393997,923.28442191073,1385.74531670687,7886.07531939981,905.80963839291,7908.08606914365,224.885674095495,1250.85632061083,3460.900720049,1093.76147560411,1110.93628149079,274.227473391132,339.060720255873,646.151842424224,2708.373540745,405.383879547926,1353.55827455183,2790.37999976472,916.186162220313,475.3096609608,1274.67579574521,1257.59581539116,1252.60979766923,8052.43578363285,2819.09503096927,7808.44778330314,3089.03130784843,281.051165638296,8228.54209074952,1015.86474157355,2177.42888661329,7846.39150911481,813.903508302651,929.372701712674,2655.29358202993,662.600955967628,3069.28225721491,231.120729635165,857.378576760215,1302.47288088258,2924.09229887503,1247.80326079934,7962.91351256315,1544.98136380257,3153.0075477888,676.168156197443,1263.18408872072,7886.992977625,7852.3921993455,3040.34423452469,2997.95878432394,977.143103605427,2604.25626057065,533.860803578133,8029.27601506205,265.656293050038,585.799591485063,2981.0225649282,8063.5319613376,818.199659232604,7777.54345507509,3679.97548022061,757.647270557943,8124.58581394626,7780.55161511869,7987.86302279823,355.724725317752,543.24313161012,7839.62130307813,1180.50757801131,7846.94737997541,8144.97156118499,7519.78858118136,3159.30348493228,8066.70696890332,656.806843038467,3487.1342635405,961.924417840699,742.417877461159,2797.55812781499,8092.13412987911,7881.20420730006,7761.10344388414,655.337667258563,7960.98308847282,8090.23576361116,2897.92197423863,1334.55347703976,916.709932286227,259.304389774898,8068.34903805196,810.237591106113,1057.0419547543,831.196185490171,1125.82371443327,601.679614614412,579.143868777571,731.578151328293,2684.63580270801,3205.02831586432,2922.9690720506,1075.06864096159,753.045496482719,941.557520088067,679.034474114278,818.944568795442,3020.12231854665,1092.02704090341,2773.4607866456,2504.47593589196,1073.76980363009,2553.64343741928,7992.33425017539,2864.07933054079,1308.99382714129,729.940931124138,7536.54013293286,7659.60213856695,3830.57154524169,615.90476980794,8168.27788050572,2270.71178950505,8067.15712278487,7752.72468615601,400.034104813499,565.391973191537,294.829397304245,645.340440889145,676.463602990425,3104.93138509454,2628.58284352592,7900.12544927063,853.336253392933,756.001581008148,265.586990192464,294.562880780293,751.020406738729,941.576023684365,3251.0576281181,725.570724433725,1028.7732397247,4139.02076157269,8760.55974955864,8571.60978547721,3893.42627381834,8404.21447898525,1677.6726611276,311.973023851627,8712.08561483594,1009.38700985565,1018.92818601779,8689.23785669257,3879.19224816115,8638.64636478478,249.11372670363,326.67702988791,1247.61246863225,900.715120211918,4399.63532562447,1090.02468289793,1671.14216422721,4312.79822776273,8766.57739690001,1088.09292882086,3769.15706980349,4336.04490525386,343.079370647876,8591.0457775943,1149.20536315349,3915.87055454488,8679.44542397209,3880.19537313379,4067.95371007876,3768.84245060245,1142.34424914669,8472.14926729312,652.78262955146,8543.91729371624,8557.33589943384,1326.00854743376,8621.53718874971,8734.10991986518,8675.59317543148,8757.71157748731,124.477138363847,4002.16455753782,3781.00181899015,1309.7440805729,3929.34745021139,8599.7960473847,8485.81788325838,8543.3951116193,8593.77169166913,3938.80222217196,1331.0014905549,3722.16987159699,816.226378118587,940.467845659095,8464.38622825815,4411.25890980637,971.928640727345,1278.92671573055,3666.85707904426,1589.72094907904,261.88424851251,1450.23408829028,1808.18479792568,1100.62991565605,210.648995342726,8437.61576789606,4036.29867632427,1264.45644838561,3569.29670849717,8533.94532040669,1646.21540226062,3908.37586792946,8574.68647808592,3514.24607332632,4011.58271823249,8621.36738046029,3895.85440952178,1175.67883916659,4665.99421079656,934.467491804957,8875.58391210216,919.728771631615,3668.35798043395,1802.05404445211,979.145096915402,1037.48951312146,8657.54598069999,8600.97209022226,1e+08,3924.9190477896,626.752090178431,8862.69974993937,9037.97794535339,1451.60970186875,4126.04529205777,1816.11712110555,8423.30730917192,4096.84173845674,1268.7929428683,4129.49022238547,1607.37991655507,4226.99196748259,866.974299955495,8588.87558545353,1175.80239800551,1121.68593919068,3802.07341522589,1316.88564754001,8567.35153837281,8506.85875037492,878.86176523708,3806.91980326205,339.236369209564,4015.401912373,4386.9870436607,4035.02486074549,1494.64244989277,8537.31021625796,8420.52954038275,3793.54539020092,4106.3449691694,4046.58255919478,1038.06605060815,4110.97175963082,8742.42606725284,1870.23184300731,3791.94046098921,463.14178289901,8771.38726326812,686.267362910694,1296.48167935507,149.670305339807,8606.8640471278,246.955708077651,1162.86183494987,1459.97212707911,143.559382137577,8389.51095190891,283.550378969211,1134.63620557006,1849.1280014939,8646.16010782846,1233.01973319478,993.863869242191,4065.89139990327,3732.06506081074,1896.21226640473,8620.42613835921,1578.01442794599,1418.26309809172,4568.01629836884,1153.89937815886,288.15883793897
4023.72763360169,4233.25217802987,2971.22677853149,2981.68034800171,4994.31382536247,5134.82799444198,2819.13221370346,2830.37082045663,5038.18291595113,4485.19871575641,2920.83915927019,2777.1170727779,2724.40217988487,4255.62894216811,4474.65478665252,4904.69488050329,2646.85033215171,2811.73930942326,5233.10775412221,2829.35569885424,2940.51087834834,4278.81289299244,2800.47426589873,4455.70786538226,4222.23820819001,4920.30571911835,4242.45867934167,2929.18661060776,5016.28534610699,4291.61216156897,4144.93017184329,5140.00202820301,4508.47674996714,3764.97668552054,2736.9068579613,2873.02929753515,4939.34475057568,2752.97509022672,3745.53919371464,4384.79018887903,3981.18777708823,5219.352801061,4401.55283535057,4435.04788448256,2760.44481033306,4317.30475717669,4466.2747131702,2977.64477047532,3674.1216917724,4977.76284430899,2746.21703298667,4940.69571096213,5008.2519515185,4090.12250714058,5090.83448195214,4383.0379691465,4383.06769554132,4148.23639936312,4333.5096563652,5127.21820079564,5026.80415121044,4755.67069592909,5059.91452837788,2653.0744738992,5150.89225416755,5218.05929997063,5110.63902881911,2983.68581880327,4285.25959529869,4214.70251720285,3898.79613160057,3558.02161045795,4028.3912124766,2590.31953452749,4115.10352314965,3774.71737433413,2640.59820549405,2610.47859816969,4143.35509821246,2595.00417619575,2580.78583101399,2581.3648299678,3734.32569553687,3444.9934934423,5537.45294616926,2582.04738104628,3483.96422425665,3934.82839213555,5901.7840496374,5359.85366855516,2668.20614356613,3796.41224350821,3411.9083387491,3848.39855360369,2586.01406334198,2580.84680347263,4122.06036808845,5628.68527313164,5511.84321741886,5422.34734945266,3462.24904990667,5495.2072385267,3646.46890560368,5634.59350101287,2584.10878245725,3965.14409525315,5649.28894900939,3725.01341294064,3892.2194119391,3873.74717369851,3823.9673048332,3454.16028125814,5403.26518533273,4372.36228877513,5469.53589787374,4452.14217614932,2587.94081747995,5822.8450867274,3526.48842784119,5745.83477317182,5446.21654553713,3649.5805819094,3800.85096358617,5528.92572229328,5323.73744308552,4328.44886985793,5862.89378510251,3384.01285800271,3727.00986082765,5696.49424617191,3893.54958460464,2581.137593407,2581.22200724862,2591.8580634314,3880.31642762708,4683.42786318813,4044.00548829094,4794.30152640641,4241.65957717861,4411.84403685142,4055.71691221945,4773.88702551962,1867.97294509731,4259.36902325688,4652.53769112066,4019.65306800051,2739.33402059485,4682.63555152138,3885.69024526793,4949.93296605994,2132.57461101777,4541.20564870796,4911.41306452769,3797.16107756327,3373.84918955938,3970.49954201179,4299.13221360832,4784.49170595421,3906.10616586584,4795.57058590893,4059.72157976163,4528.15283711385,3217.88865283155,4248.91366816061,4917.18936015691,4126.52062095475,4002.85085152414,4054.34647998571,2111.99623726082,4057.70589795585,4256.72664473232,2314.21079711342,3975.12366192048,4023.28681968433,4331.64481299152,4898.53072732522,4472.59830340139,4862.80195541407,2497.13741622164,4670.53032093331,2492.90416394679,3998.27430787288,5022.06307999368,4011.61061148586,2280.6216301641,4612.99589214787,3907.57697086304,3879.54645514463,2437.71788465115,4243.81409523651,2217.22560365153,4048.09965248506,4085.18757191119,3920.01388695222,2053.46916469314,4270.14361605619,4785.65037075626,4359.17774693919,2781.30325021126,4215.42845525489,3400.32779330618,4736.1066988053,4728.18910788244,2492.5848456033,2206.89020849802,4083.53441831521,2119.85078808712,4135.86175964496,4933.89534576297,4080.55450318783,4173.73231344375,2298.82648096229,4916.9987009445,3892.60505228455,4641.7540454812,3174.93939933327,3864.08599043355,4957.19059753786,4629.19422458348,4946.59609068266,4045.72788460756,4367.28447120759,4633.72093752815,3933.58824081904,4695.0218296479,5016.20449553381,4494.55647573009,2492.05746176718,4859.72646498889,3703.88338884582,3694.15892039552,4730.63780719934,3565.47641776612,2049.96104152365,4922.46812417592,4709.90586889795,4539.04500543361,4063.47723369038,4787.2988435013,4862.21447947928,2162.3081473413,4231.52299349073,4259.29375659238,4079.44707377997,4873.30477010111,4068.82729771177,4211.02900373431,4259.75117327788,4448.78205486578,4088.03274839573,4357.01935548168,4373.23375368097,2219.52546520598,3203.34926264491,2539.58097918369,3802.97652358583,3967.91007352416,3915.61263528338,3885.21517826205,4224.16602909023,2425.05568656834,4337.07759884076,2114.28420523533,2146.93800593746,4026.63991546586,2083.39721618011,4769.34350679874,2059.63183370297,4298.79081247376,4324.2181902148,4417.11753867936,4476.87705116208,3652.2127858539,4306.76098989388,4984.52865033443,2265.83188275783,4932.07545487732,4605.40813702989,4000.12777311459,4048.05366898083,4082.25541955581,4091.95751417303,4210.74292797585,2314.62710679202,2171.44849057425,5114.25436168479,3780.7860407213,3851.82143948725,4003.07953571637,3948.94441916687,3937.42795360522,3796.42282141601,2249.22178482034,3913.99798472711,4208.42319329922,856.784004037329,5466.22569171839,5219.01508695712,391.368485063659,5075.81626864444,4430.70959597759,4047.92835039169,5321.6834980362,3774.88011876389,3810.28270702085,5304.84979772144,513.30443008879,5260.45174809323,4058.3810869342,4029.22719135893,3239.28682414153,3580.40514829591,1197.54494220519,3550.31633534442,3249.91037363967,964.776037005171,5414.59930761828,3592.13263313628,1142.872099369,1007.11589389591,4093.47816499103,5249.43480367245,3601.19185440372,445.477433718477,5330.4848925088,349.290441734152,719.988324206,652.764474697369,3311.45657316005,5145.42944693332,3708.55599393612,5203.112558232,5184.58846766394,3429.84734825257,5242.66315964116,5431.34039998922,5335.03468060092,5406.55647161925,3924.35567026181,527.393432590161,831.07535112121,3445.26079699384,138.308373610288,5213.63019461603,5143.25457562882,5216.59146019658,5240.48824135638,465.373342277728,3928.03601596837,610.989814288928,3691.45638345482,3621.20562739234,5165.34233420306,958.894717955175,3624.92382517456,3461.83530782858,876.739097942965,3378.68999085171,4041.3232994723,4223.7373504899,4465.41369229555,3206.1965581765,4054.75963051776,5102.92826563521,358.829430446567,3546.67079787706,1436.14783764146,5192.2180575215,4267.96953850895,603.66804864308,5237.36861681922,641.343897163885,228.205514871206,5245.16624911902,454.054295581229,3451.19867165152,1844.67158550263,3670.33333736387,5402.53972996978,3547.63339021351,881.355966144284,4587.45899481337,3636.33377003886,3553.87514325764,5304.4391466845,5239.10495567991,3924.9190477896,1e+08,3597.20593973082,5499.60900806491,5677.01962553976,3214.65953354231,336.688260277885,4614.18975119805,5132.75438834458,332.729599217054,3311.97255463686,474.112143775236,3577.01478627318,1086.80148757396,3761.9237705224,5254.28531348619,3490.89140127612,3773.11958241565,985.065071231494,3842.31462412489,5226.27359868975,5142.59318769056,3548.69701726748,640.148319673501,3989.99676007602,340.967505172324,1135.34749134578,250.037164477012,3318.95831112546,5186.54751363981,5099.32531224157,565.879772918373,944.308436949859,336.06519964594,3575.2856064594,452.206498261326,5427.51942303444,4557.67094772187,464.949675926467,4062.65054989711,5448.2476557769,3543.50884924101,3895.6785725862,3926.17723295786,5281.1640800682,3982.13454609616,3674.66520109834,4171.6920888687,3869.15820304466,5064.30001903614,3932.59413440212,3522.64928402757,4690.96154679473,5286.00599077906,3920.74611083962,3635.06651290689,409.363521430473,856.909341535907,4635.28890707682,5279.25556076609,3537.39472340294,4046.11713722494,1430.86470190262,3310.40478765666,4027.89360056212
996.024671199575,1061.11163393923,1796.60656200261,1779.12964141585,7315.10858149991,7476.95502520806,2086.89836131706,2062.5998353518,7365.80107125052,1209.81972629172,1884.73742206828,2183.34001216569,2320.53201251026,1071.62246345678,1202.44190143687,1554.31780575199,2581.32885340915,2103.2022832774,7589.29603878518,2064.77129582367,1849.52876600366,1083.14170090328,2128.5645012204,1189.39968076976,1056.1646830777,7229.23287801041,1065.36230841044,1869.66546201723,7340.5166915158,1089.76598096778,1025.91870905131,7482.88628961012,1226.39992470384,1015.90686165546,2285.96837642667,1975.14371118286,7251.36885429178,2243.52886091175,1022.31617670633,1143.22487962326,991.139138235531,7573.61321892046,1153.7429349006,1175.50530747982,2224.47713766005,1103.61036253094,1196.63883016917,1785.84563560307,1051.76809419799,7295.94305832696,2261.12572081857,7252.93839214037,7331.23127553352,1009.58943256473,7426.44393366184,1142.14030352189,1142.15867954735,1027.04439597895,1112.7050596227,7468.22800176415,7352.66711738784,7036.45864574485,7390.85677669403,2556.02551013177,7495.36403088436,7572.13776612313,7449.20013731858,1775.80643754934,1086.45508391611,1052.86817051791,990.603441959469,1118.95061012009,996.744763790294,3344.21207156765,1016.47848395957,1012.95550741778,3667.04219663675,2762.43198741703,1025.38792409173,3391.20495906232,3119.18581392412,3185.96762328448,1026.32801988612,1206.20499091232,7933.27471377868,3054.79640838639,1173.76707493924,989.359678449062,8338.5608304409,7733.22616306729,3781.30901203589,1007.00864633653,1235.64329769527,996.280278912453,3289.30512372221,3153.79422007236,1018.56381155008,8035.3666454062,7904.53746638757,7803.82629908952,1191.54132127973,7885.85069590465,1065.63246456508,8041.96338939928,3257.65637205197,990.098787147649,8058.36378612701,1029.83394313432,991.082341145845,992.846831614651,1000.70344982568,1198.35587159898,7782.29347508221,1135.59447477318,7856.98463671021,1186.97690626603,3315.89055587916,8251.27144039981,1141.18208833478,8165.84857317947,7830.73110964463,1064.00463247252,1005.89859359982,7923.71006742008,7692.31719284821,1109.83537049066,8295.5902763511,1261.80174155245,1029.06901673299,8110.97367252139,990.979171225466,3089.88979471803,3085.51127900077,2905.92685676097,992.148303081191,7427.99778479114,683.075615035772,7389.90448631892,825.661639687739,954.887933415274,625.048548532707,7517.85158058596,2596.15051038229,793.035234963977,7395.66579695077,543.595905070775,2741.66214710464,7390.32138148619,732.552830391054,7715.86888843394,2645.10257867769,7304.8044763846,7589.569855716,846.43068118757,862.869605566499,751.312248077497,1141.2210140615,7423.90116698197,786.197249106615,7473.65522902876,670.656053832878,1159.00814608266,3001.81066485623,921.885041506401,1584.25979564245,716.033329922296,516.480201865948,568.549893438106,2420.89877887849,947.348778282596,1112.5313361038,2468.4362177381,758.75233282964,558.940122768101,1069.32536883213,1453.50273938954,1152.04057194206,7634.59285447263,2436.99424589424,7380.38134826215,2656.19519352836,556.110838569263,7804.40698561772,799.909164301143,2034.90643579185,7445.16841645903,666.620113090904,772.154550413091,2262.85291016775,761.151208576529,2714.48988153651,681.604520944255,758.910973111792,976.394669871108,2617.02545610833,1035.77873585443,7548.64237805397,1281.42514581732,2688.27750918153,1130.58468267113,953.678514964329,7482.13705253458,7436.68275457841,2638.36053613313,2671.01780873127,811.46555384128,2333.06551886804,632.779270553817,7576.10680519538,630.508219679983,669.892515927489,2619.23553153239,7616.91970855571,691.787212444737,7362.28342228469,3205.40979944012,702.802240451467,7704.10508659314,7377.82139755698,7520.92064050663,563.734503300888,970.354531456522,7427.39003890821,908.580396864243,7422.46106465894,7698.16310155905,7079.48078865653,2759.72667051547,7663.02727716014,837.564387022307,2959.58662434436,1335.92456695483,780.281260900729,2496.53576577427,7648.49943215034,7471.98638935316,7370.43838856955,578.396071455096,7546.38719043621,7686.6623637997,2601.79551757955,1086.20805404554,821.598842144266,632.865180821355,7648.48116255427,654.94421043954,874.01011442099,838.673167065016,1056.67046248467,594.743517627027,939.549631483265,910.428954180557,2379.72602051311,2723.3751217083,2518.25223658588,870.942600453219,679.301139001439,785.177018747369,642.720414427773,781.942223270946,2638.51125817147,989.805949703742,2452.16182924681,2249.85858463681,858.908725907684,2264.26175461566,7591.99900274872,2561.08074112027,1098.3692292002,876.057382840021,7122.08280640349,7258.31706159343,3325.07773369654,873.388811796281,7749.85568046471,2096.35797369121,7617.86389275443,7333.52296570317,547.966746265096,537.79218309798,613.014736581337,1085.45083862067,747.315010951501,2712.69754431008,2343.68753682665,7378.19303123908,724.21279229095,696.780182717926,612.187917807754,482.251390039155,689.897245544421,797.730779969215,2904.01177225453,658.633474817917,829.874501468153,3761.36146908842,8316.83340455979,8144.80703380506,3567.44557596903,7997.12470498906,1410.78472101332,842.341864535956,8300.32283404692,571.977095527695,561.445202007351,8273.07463713455,3578.56456415688,8233.23756266349,662.519684804642,782.955562300135,902.977868399356,661.801757155202,4011.61360316939,827.517761627792,1275.38590037712,3925.93759073141,8338.01978756915,816.471787489132,3521.71009030987,3946.2042597843,684.726195015122,8166.61509584363,857.943869490602,3575.39059976261,8249.6280392806,3544.42553323627,3695.05726273907,3476.67106402694,825.458695225454,8067.44855716361,628.954071481597,8114.90917560615,8156.87998030859,981.627520025649,8203.50554165935,8323.71720427085,8260.59396319805,8324.30199457738,604.59319574247,3629.60509800989,3508.90702851631,976.617608125963,3587.51058167908,8200.82272987937,8074.62573504832,8135.9694218197,8187.63381952888,3599.66817082398,893.738982878406,3446.38621246872,643.033338039454,393.061457537885,8048.0812100756,4012.61591433058,426.498308029703,951.813960505135,3394.32296017582,1208.51138159894,620.502998149352,1122.5693791362,1515.76813984647,832.2069420547,735.327201645274,8010.81446332146,3694.42558931274,921.927137375144,3200.68339638032,8122.09500358926,1300.87754623042,3604.00084108775,8161.03908817921,3235.77580855884,3671.57678632192,8204.58704155308,3589.03436215088,867.024862858727,4257.11544976761,454.800340222283,8485.89979406765,346.109763945692,3394.80533691342,1574.24607181139,434.964757234215,758.962049558656,8230.10506676975,8195.94123993869,626.752090178431,3597.20593973082,1e+08,8459.52616214857,8641.09757643554,1072.25851813685,3769.75283889629,1580.9486107769,8019.13403489105,3745.02614405956,928.118311096326,3769.69379450482,1225.01940430281,3818.22131436568,667.250284457451,8174.48218854048,872.955915947795,647.547987481541,3531.28031834094,849.975096152135,8170.2641043112,8092.09956518225,676.590349590097,3515.99796258146,755.25733601384,3669.32827923942,3980.41320869342,3706.11796002831,1121.15921660636,8135.70718351081,8013.93211125331,3485.37308305275,3737.38150219559,3695.90839669696,761.337568605833,3763.22106581572,8295.6875138127,1616.63245796516,3493.8419626074,945.319624683679,8361.02296964202,93.8769939203759,860.642387151004,532.775297525357,8202.78473301939,612.200375739564,870.880176565407,1111.81959652474,579.106252857588,7977.96236933343,568.920822603133,822.753583231,1643.34927960467,8238.27194140817,807.930231731668,737.577150510046,3703.07528101675,3447.30020048999,1658.29916214388,8183.14001140277,1205.81441546984,1014.72205640413,4158.93746411909,833.779743956896,609.048091190658
8585.08646849712,8845.21295330413,7034.22293180504,7054.19219987945,2360.1568311906,2299.61904682871,6713.56734166574,6739.74390768324,2340.13571458563,9148.7688709509,6934.83123454272,6610.62135919692,6466.47744078188,8872.54571484695,9136.23559135238,9637.74092425338,6198.4822096827,6696.05957515971,2263.59340431826,6737.40044210909,6974.29006286228,8900.7820011834,6668.91139416224,9113.67936010795,8831.73028855484,2396.19184224048,8856.46810107443,6951.68415861849,2350.00362800348,8916.33537315989,8736.52588788306,2297.59111804301,9176.39102482781,8250.91806518033,6502.56110801439,6834.85317124489,2386.65329560601,6547.07436390978,8225.09893792964,9028.84416806627,8531.23743094432,2268.31643089316,9048.9560765406,9089.03226869471,6567.1346095187,8947.48262646913,9126.26465875377,7046.50754440847,8129.21593644463,2367.9708454391,6528.58918907732,2385.98348916534,2353.68673503314,8668.39262079202,2317.44450313762,9026.73966055458,9026.77536698083,8740.61854313052,8967.07825615633,2302.62793760625,2345.23204962541,2486.24049974897,2330.59202165438,6224.18548434329,2293.3701255655,2268.7659559454,2309.2913574267,7057.9998316971,8908.61897520599,8822.49420958651,8425.79770097603,7969.51934720661,8590.96674698039,5446.43005260704,8699.51586533262,8263.81445914346,5139.29141425886,6016.13662048079,8734.57548071814,5401.34454252885,5664.16632782713,5599.22342427896,8210.15163113687,7808.63310611949,2186.39673050387,5727.05115100236,7864.78051244464,8472.10269789411,2164.30412522599,2225.04240539661,5032.01609744827,8292.43887826822,7760.35218545905,8360.49665447994,5499.27436719953,5630.47597074486,8708.16261559656,2173.63452149782,2190.84786761523,2209.37814082691,7833.58738664176,2193.94276079292,8091.63248716535,2172.97493072319,5529.81632716934,8510.82713472736,2171.422447716,8197.70894096003,8417.31223867266,8393.42156741025,8328.60404006204,7821.90854312279,2213.92465971003,9013.90857969885,2199.03234313448,9109.42940246308,5473.66518091514,2162.57701165465,7925.22030135497,2164.34630016495,2203.98495517849,8095.87505711243,8298.27883395656,2187.83661135263,2235.10752552425,8960.96261358,2163.00758406856,7719.17643579808,8200.378800648,2167.28565554097,8419.0293196653,5692.74468196269,5697.02066417085,5873.49472938032,8401.9275351616,2314.71421662631,8989.78743885439,2813.36244453104,9129.78805254734,9358.11209181704,8984.32301883571,2419.93898288448,6651.30570851505,9192.65568097365,2547.99091524845,8958.37689714626,6941.46335485229,2456.0137273157,8734.13591117168,2670.89406960319,6725.68504511155,2535.46940966661,2858.05891505975,8583.93931645024,8339.82648583624,8782.89159886081,8908.57698752439,2999.54285021758,8757.32994797831,2680.36599793946,9003.50599851879,9345.58115507522,7121.41710346094,9127.14645494074,9887.78793402419,9039.79484324428,8925.82006513977,8975.59887344281,6812.49509775092,8988.23420673339,8876.94893498158,7010.68613398124,8781.10270933972,8976.87300301982,9074.03714552043,9852.2798299009,9357.47543997167,2632.09177624394,7074.7680642153,2549.33149301876,6869.58622376767,8937.33879437535,2541.64043652048,8774.48450035674,7171.07222927817,2248.82531120158,8766.59813358579,8701.85945878341,7097.30089943598,9187.99545859322,6715.03017921286,8959.25717086413,8942.51106765581,8441.13862475762,6738.40752454959,8937.94564858816,2478.8569612462,8844.53841895984,7007.92188755313,9085.99985816491,8177.00668708032,2331.19767476441,2480.76605162956,6954.22592792505,6813.24828260869,8862.59492475957,6871.48915274878,9069.96124876769,2981.1183278431,8986.53619175439,9103.64315356695,6853.00509701831,2788.80531389567,8753.26476071959,2457.20681771641,6890.26194416795,8797.09258904514,2630.11047511605,2477.99437750983,3012.54434827388,8984.69759007857,9323.08682388301,2394.98696586974,8567.73777247859,2542.01690873564,2866.32021318042,2828.34845532925,6827.09542650143,2388.14873644664,8727.17385086992,7436.98199986138,9752.64053061099,8589.88045191595,6767.6556029947,2773.72385861072,2505.56562539986,2085.22890845925,8977.27857345534,2440.1194090946,2394.40616293985,6883.6138678342,8867.62787576869,9159.98748155704,8995.97077577839,2558.26499048321,8938.81618015146,9077.8154085511,9214.74302694678,9341.32288593778,9020.12226004865,9319.75279248732,9333.36258770787,6971.26815518019,7348.59452238925,7023.08459553178,8559.17098442171,8875.10218909814,8729.81021438644,8823.39884668865,9165.62530677651,6930.53915053733,9244.04077910132,6836.91541556792,6955.59994515154,8775.68566345776,6911.89721156682,2341.68003453836,6758.94652575529,8942.50845797653,9296.55669998023,2381.96303504868,2196.83378606115,7121.97118892342,9287.52090129771,2582.08266365744,7143.10078474159,2853.67870916211,2556.21382349502,8949.78202804063,8965.34426709483,8987.19417560904,8962.91878759254,9166.45939350227,6713.13089208228,6871.5110452509,3495.77356575276,8668.4949634926,8794.35070070257,8956.00086153226,8879.02467596581,8859.50274738953,8666.43637292682,6691.82899611206,8831.09453467514,9047.28602112196,5379.22958112686,1566.84048359787,1200.13812120411,5526.58420969861,746.872373592655,8973.88977285382,8947.30312217377,700.9632493346,8613.04142621945,8599.73441429419,1098.34445257274,5490.70519448845,513.808692601022,8986.51908981846,8892.21371310933,8088.86362328878,8448.57573621529,5173.92397848619,8351.36834560113,7764.00566428582,5257.80720834488,1397.56396173919,8344.60082248346,5650.80613638795,5155.94050231919,8951.36201025808,983.185279455864,8313.81614197656,5467.10444528683,1219.38722161767,5438.42972169522,5403.32266584346,5593.60112988139,8201.29287667901,461.981899450594,8645.33147440153,1216.77020128109,492.940867286318,8113.34133272869,966.199037156432,330.476153455466,603.356453803735,1188.95210162361,8833.70941553699,5392.41538194163,5586.06814607718,8125.4981149031,5476.91150808127,489.218454435444,598.930215376882,502.766382730897,349.513934940545,5424.79507424375,8629.41958474557,5627.44336783155,8558.17031372957,8433.62938714976,703.129973847256,5127.14817549879,8436.54648228064,8170.8336658421,5657.24916626737,7879.74814424269,8974.21643033253,8919.43968203481,8913.49416964842,8202.02183292677,8955.85097694595,1325.31127664279,5373.66823428424,8182.40068468331,5868.26165768199,649.65171238658,8836.13078794516,5443.62675834413,619.957299194247,5769.94032132076,5434.50946500832,937.285193098422,5445.25996952798,8234.78907661764,5070.82531384744,8498.18413092181,662.378583797625,8371.62222629593,5705.60594899765,9043.14483434622,8430.10813764557,8352.12760358232,1241.94951518977,338.454133535408,8862.69974993937,5499.60900806491,8459.52616214857,1e+08,602.465341223907,7955.89471994187,5307.54827709354,9086.93641664718,517.827188937479,5255.83725284232,8137.85371648445,5355.63368261178,7930.69587749527,5162.8702082805,8589.02076797043,596.687560269987,8249.54457630786,8543.20463822806,5577.46750134314,8538.57915863644,346.204819142619,890.074733906588,8458.06408257288,5538.62228682341,8857.02313795583,5466.14186720837,5138.80973015043,5398.69872143465,7945.17271718548,400.267998697127,685.812491157014,5538.59090455874,5442.05773623298,5436.48766375168,8367.21296646658,5306.6443790966,1652.42389527394,8947.65115353542,5593.95340770937,8927.27465130871,343.505560425198,8404.08776537799,8609.26029093343,8838.6071316457,327.37810015517,8894.10619111605,8348.1845677827,8845.92977401576,8825.62704415573,853.476495901095,8902.62685101213,8271.32725227545,9163.61332723729,451.679600196024,8671.11781118419,8434.03860155882,5286.46208758277,5601.35006427262,9045.820592823,1454.2896155493,7947.9718492749,8698.27655642936,5032.38738877788,8192.52457480546,8977.87560116256
8809.44894131371,9069.53313467219,7258.49129264583,7278.46770148486,2508.68060498365,2437.38830051679,6937.68758479855,6963.87881161479,2485.41367226319,9373.02811806143,7159.06063620938,6834.67898102305,6690.43303366416,9096.86088168444,9360.49756680941,9861.88220096192,6422.19667030343,6920.16973371083,2393.22645926693,6961.53405366966,7198.53562744367,9125.09188302915,6893.00546438411,9337.94620298168,9056.05290608317,2549.96181236131,9080.786229765,7175.92057810758,2496.91445033802,9140.64229928568,8960.86497852648,2434.94453907692,9400.64419994988,8475.31782692422,6726.54390596539,7059.03729138501,2539.10109088973,6771.08916439609,8449.50064561729,9253.12880840242,8755.60731460207,2399.11816050094,9273.23657210995,9313.30436621631,6791.16328518991,9171.78354010673,9350.52879267033,7270.78032446819,8353.62355160296,2517.69284210353,6752.59090510895,2538.33674599048,2501.19024956585,8892.74267851311,2458.69275331764,9251.02473185992,9251.06043097843,8964.95695264148,9191.37532447432,2441.00623764742,2491.36166120918,2650.66410500534,2474.22446640334,6447.92630127758,2429.84373641689,2399.67708949404,2448.98605003834,7282.2766696314,9132.92737165612,9046.81848151507,8650.18060703044,8193.93183606765,8815.32838073387,5668.96037941183,8923.86100136788,8488.21319441291,5361.01652524891,6239.64173793017,8958.91489508795,5623.77137924049,5887.13622489641,5822.07202407483,8434.55439793892,8033.04351334221,2287.84736714648,5950.13121872339,8089.19249895534,8696.48013491075,2227.51048571049,2343.46179747715,5253.39741595352,8516.83520773221,7984.7604629552,8584.88657782781,5721.92026518364,5853.38392497899,8932.50635778602,2265.87138017559,2294.82829688462,2321.98485606459,8057.99861265729,2299.55234828286,8316.04182698103,2264.60496097532,5752.52631379756,8735.19969596019,2261.53813480168,8422.11255116687,8641.69610323433,8617.80805642311,8552.99708362943,8046.31940947679,2328.32529596865,9238.19626727071,2307.13335154063,9333.69715620861,5696.25582579979,2234.34446623187,8149.63295440671,2244.35065648117,2314.32475792832,8320.28421946791,8522.67465126389,2290.1324839663,2356.80250418736,9185.26088712781,2230.44415318272,7943.58231154446,8424.78223282985,2252.49102075664,8643.41299137524,5915.76550965405,5920.04898747334,6096.80579751022,8626.31310240534,2088.43633940746,9175.27918894698,2605.9779928197,9310.71121305477,9530.76518626001,9161.24878818149,2175.61273576021,6751.68142519611,9368.71374979519,2324.49739799037,9136.52470786622,7026.85129123686,2240.7593668896,8920.76933674142,2428.27602098944,6813.87490793221,2318.81812121463,2663.30006294188,8768.46243947477,8540.44585679882,8966.77508568751,9086.56027875602,2826.75029401202,8942.3300331782,2457.59969510921,9184.72469006275,9515.78984700729,7206.50209077705,9305.86659520572,10063.1799738384,9218.87184608191,9104.94871321446,9153.03305539481,6903.09423621109,9166.78962837482,9053.36595098872,7096.27367854111,8966.00189117077,9152.38108884398,9261.43700035956,10039.4164317736,9544.51929503824,2386.05149261043,7161.02663364518,2344.55802464577,6954.93366954695,9116.98908704248,2297.71574769897,8957.26862389912,7281.0407645799,2011.29346094574,8950.92449174138,8888.56693074728,7191.25722334367,9363.192451532,6804.95618180828,9140.92427268,9127.22592871899,8621.85990739707,6832.48614591221,9123.55580403651,2234.33705645088,9023.00322664738,7100.85139886063,9277.53538580767,8372.10583709336,2088.15673362296,2251.15197171787,7035.73852574654,6901.24581076858,9047.4343640342,6964.88035314127,9248.31248589336,2769.36356486773,9166.22169015182,9281.40520901446,6938.66342370263,2577.22318297213,8942.65678398517,2241.39689677434,6972.89454328456,8982.74483450286,2374.81988643484,2239.19942481834,2821.64831360126,9165.03288880138,9494.31179790469,2166.46367626248,8749.42366389193,2319.11256599157,2648.57426123246,2650.23239753598,6907.0282291951,2116.40884255868,8924.61506360549,7597.02267958671,9925.65153928504,8787.70350307229,6864.30724895319,2561.26503989364,2264.44740029201,1880.1400387253,9154.06273778565,2205.4272739608,2126.57154788856,6969.95223433664,9044.42184810499,9340.50578952977,9175.50368113256,2318.46247934438,9123.7759943635,9254.45066267259,9387.41903801278,9521.19446030162,9199.89585925317,9491.04806146906,9507.5365616261,7064.15647578408,7451.67498859075,7106.70458182063,8743.50904649517,9059.91217449433,8913.72296758719,9010.67461208178,9343.04495510929,7012.19156206699,9421.20818343673,6935.25690355184,7055.83616525371,8955.55948026505,7016.12825846441,2072.62071224629,6849.68056107147,9119.09679020821,9471.96213939057,2209.78546245501,2017.35431407359,7251.35030077105,9459.06199942426,2324.52950896727,7245.67748272664,2648.23975614526,2332.91809005823,9126.63489608333,9141.64469668749,9164.94893018144,9152.85247122038,9340.51191083398,6798.61160733812,6964.99733727118,3508.80363867377,8857.42598566615,8978.51636146655,9126.69385399097,9059.71426504611,9043.39347843023,8853.54854153755,6773.31342677653,9018.14904588773,9228.85625492461,5541.72668887399,2019.17332338225,1699.92942494591,5690.71568301228,1257.40401202174,9196.72934615455,9126.32766206192,1217.23558342385,8789.7777879527,8776.31114195136,1599.49241198016,5680.51818765872,1041.85306347691,9158.62313413773,9073.20953051975,8293.74184361959,8643.16331550143,5324.81472494925,8547.88021604092,7967.2169951142,5420.92882306694,1881.80365208608,8537.34117245502,5856.71396786595,5316.58729672015,9129.57278272239,1489.53363412898,8505.34805367599,5658.04260844736,1699.36214126663,5631.45405684302,5569.14934289892,5792.27048959221,8410.20718747097,933.326758335482,8840.91289596872,1709.11471354762,1021.77982989194,8314.7906039758,1473.15218937967,705.690280708798,1115.88648930895,1652.77699424012,9009.56630518853,5568.0524368968,5780.15464631704,8328.06650298441,5652.73469809889,979.65724050908,1104.3625831306,1000.31240229381,868.394003715376,5617.5739408225,8817.25003695071,5808.78218098453,8751.25828930108,8612.36704390608,1182.76046786397,5306.57977484761,8615.19433121631,8368.90282709959,5863.62092339994,8078.66547787689,9145.62348165039,9127.56898349034,9133.47287372147,8416.39246981342,9132.0709907974,1834.32851864179,5560.09677418733,8374.39667141607,5988.89450265294,1183.55193557211,9048.09604188343,5639.97633967222,1141.82349198678,5951.31582086517,5605.65976802279,1449.91687949534,5634.07128172083,8435.57756142163,5212.23236033996,8671.79228052201,905.010945131792,8548.06452929865,5912.87480530791,9265.99033508279,8606.09747340256,8546.85124329332,1736.08005750944,839.895548466643,9037.97794535339,5677.01962553976,8641.09757643554,602.465341223907,1e+08,8168.18239786005,5483.45934931427,9308.6414027953,867.241350829635,5434.28997695792,8346.90115563241,5523.82082083201,8117.15987126065,5334.62484233242,8778.75020005605,1123.195361913,8447.69467234581,8716.56798725455,5785.20350005157,8734.07954491576,726.40760280687,1406.04265685611,8653.64119226089,5735.6631396662,9040.66979060489,5635.89634188157,5313.96582722884,5579.73690175071,8148.51752831402,891.379966904067,1184.47214540292,5735.39819884367,5591.43326146204,5620.00450692928,8561.78088795855,5498.73252611194,2084.26887381369,9169.53092561804,5783.00053548366,9108.16552289276,864.275715409596,8585.57479760839,8797.38505837714,9015.277567499,713.096561728759,9066.20889263406,8540.29548609355,9049.34293292827,8997.54365918578,1372.82369565891,9071.1372181258,8466.78161211422,9385.32696130177,985.768418697623,8863.38154751669,8625.39441166546,5469.6152331591,5809.49501414799,9268.46967133571,1924.05007207738,8140.41804454121,8894.82203021675,5196.17359689428,8398.72484582928,9150.40597912496
1199.45787867473,1349.19253056151,1478.10424548306,1463.44000964516,6867.66281191604,7029.09455594204,1732.19141656545,1710.31091516156,6918.22285892592,1564.13929008415,1553.31892026664,1819.86420801841,1946.50714354449,1367.01854211844,1554.61706923306,1965.28187448969,2191.8526988545,1746.92257671657,7141.1611649738,1712.26258200072,1523.03074118558,1385.79131761783,1769.91401215162,1537.60200028091,1340.52904313425,6782.01701584157,1356.49083283427,1540.31649908609,6893.0042410657,1396.28172732909,1281.96089908321,7035.01106478182,1585.29124305944,1076.89566531528,1914.41453892214,1632.3619136594,6804.09304945795,1875.17443277911,1071.48625972735,1475.10115484011,1173.73178473804,7125.51601832135,1489.69533765517,1519.19470292321,1857.62194387087,1417.59816592593,1547.07601215431,1469.0645025354,1057.09325923915,6848.54798743809,1891.42175803552,6805.6583552319,6883.74312384391,1243.09841878198,6978.7103668575,1473.58238194977,1473.60813706973,1284.37985811453,1431.21285766156,7020.38929862198,6905.12299150527,6589.78576427642,6943.21397458189,2167.83789244166,7047.45786343124,7124.04412026897,7001.40912162909,1460.6619027079,1391.06411973565,1334.64494140134,1129.59462622252,1053.72147731997,1202.38913909112,2928.67969361426,1260.51497804634,1079.8352630858,3245.01654019678,2364.76428658548,1280.81138129867,2974.61373742096,2709.39349050199,2774.3458367124,1068.64785403668,1076.50885196336,7484.36158712397,2646.88205011051,1065.62711691335,1147.91638008036,7888.83545598905,7284.75475020595,3357.36282570328,1086.9172559629,1088.2962217132,1106.75869258298,2875.06677917044,2743.03942836514,1265.45525939723,7586.23897123786,7455.68602130991,7355.19565803259,1071.29220884506,7437.03967127127,1053.95809009671,7592.82209288158,2844.1933399462,1164.52492571244,7609.18874684417,1066.45072174791,1126.42496549432,1117.82187776248,1096.94329226203,1073.65845531152,7333.71100260624,1464.35737217884,7408.23653866875,1534.4140164564,2901.01776021572,7801.71237775281,1057.40460559965,7716.45669056267,7382.04076329142,1054.24029419187,1088.45546165641,7474.81740629223,7243.93977669459,1426.94728701864,7845.94621325541,1100.070764457,1066.90942692513,7661.6915739144,1127.0615818661,2680.93743085116,2676.68650166651,2502.8415721515,1120.83015015245,7048.37322113599,1307.95598935024,7014.05782127394,1463.56947654801,1778.77540673067,1374.10116139154,7143.57718873274,2523.62622517785,1587.38674778006,7042.0674385423,1396.26746549252,2592.16920152453,7019.11331720199,1031.85526727478,7356.74796663418,2617.88161077591,6941.47457403587,7229.54166601865,900.57180429064,765.671670017089,1077.73113972567,1299.59541495016,7070.15922374016,1038.1835653641,7110.12737931661,1461.27624571996,1771.38122726815,2704.35056302342,1466.18115323137,2247.64062320318,1504.61868968468,1381.81880146973,1376.18081763293,2429.26191568129,1580.98139168463,1264.01234828606,2484.19140098239,1066.38565987459,1410.8438600986,1354.03846300095,2138.59108517086,1635.55947567988,7281.90102437129,2429.20629995428,7012.72794853291,2610.0259253035,1386.56534948166,7443.33783654607,1052.73479647477,2087.19511742612,7079.06822969963,1092.53301371589,978.730847323706,2284.40644410973,1569.60531613643,2596.55245903641,1462.31026827245,1210.4143318906,1080.48262964361,2548.96002564616,1215.00946629198,7189.08139615493,1462.13944898489,2488.78765012996,1635.54446523197,518.438544657691,7092.68197769725,7068.26068726488,2596.28046197098,2603.17933268337,1112.49651141243,2372.18167911795,1460.69086468829,7218.24828465935,1453.63286910209,1468.70561498652,2587.30860338671,7248.04594753901,1050.16443460878,7001.24207872672,2858.67876285797,1145.82943364202,7347.2086227401,6995.34904579155,7154.37390919576,1423.40075147059,1770.05275135486,7061.58823389198,973.948166689635,7061.3449044097,7340.87098092697,6726.96306399168,2678.39634491458,7304.46684784285,1228.24986560152,2523.71073559178,2083.64967595321,1077.0508773811,2447.28428630514,7293.57408534137,7114.2211820882,6983.74127797016,1384.72081006194,7186.65725900591,7315.52889770845,2597.92154596645,1234.7631570355,1494.59831773523,1456.67441360936,7284.4872102897,1235.87135725835,1429.10531327002,1573.40324814914,1652.6212804009,1405.29529407676,1726.65175048003,1674.07775874686,2389.98733330233,2478.17391550319,2489.76089684465,870.103424898406,1183.05777494757,1017.02909645606,1163.06202212634,1526.38779220063,2611.46249582118,1559.96148641932,2410.8418629022,2267.4580587237,1066.9602530086,2249.95663208647,7216.47015748593,2539.71122569704,1295.15096204459,1652.91801881091,6742.38363420151,6866.44740770439,2843.29533960687,1676.60725515502,7391.04865261161,2160.39849720318,7260.0668508458,6965.17801965151,1397.54317237382,1423.0678064914,1451.6882357974,1589.55278679989,1541.68129240168,2621.15764286207,2365.82402961305,6949.43960114538,988.012476316579,1154.85305602877,1467.28969653147,1347.11330899958,1188.30991539733,971.347959031327,2794.5767605607,1157.04278620989,1371.81049769018,3291.42219718757,7738.94203543565,7577.6511845817,3180.33173985159,7458.79136206501,1347.81144747542,1548.98440056163,7756.0189561887,1160.00769330318,1143.54894029623,7714.31770153137,3198.47792049249,7700.97019063316,1520.07438820127,1481.50208278148,516.269296049899,919.407715885612,3511.82047925449,700.566192016476,701.474406850187,3447.6877405893,7766.02479725354,708.394748740275,3131.06936622674,3456.0359893223,1479.08852525494,7611.00840853366,684.962821784169,3201.57460862851,7685.47517957602,3147.76718699223,3242.45784288025,3104.0527060753,597.25086693691,7553.37533430178,1134.04069551411,7545.96799937417,7630.74439218732,450.426640935172,7647.38270911299,7821.19732518011,7726.81896278956,7762.93393434009,1417.45798230026,3201.23657464091,3127.57582097333,440.587460535181,3200.51104500993,7674.11776404804,7541.62188730391,7610.18019791163,7670.86296414141,3219.96666690311,1149.71707928349,3084.8890128398,990.079532235861,1036.72466494957,7517.29581076742,3546.31839194079,1083.37827103271,498.361893115617,2996.2858342947,765.538355626463,1518.86654550311,1313.865056661,1373.9030011215,801.951128417133,1517.53943915809,7437.29259336312,3308.69590292801,642.555207762609,2838.16784483804,7586.50381645387,1272.74768277532,3223.73764225253,7625.70190210775,2853.63800200684,3272.71518005127,7649.51171189648,3205.40151837493,550.172186286099,3651.08526963575,1117.52731611401,7975.13963834526,1056.32631089558,3028.35221941717,1451.57617067463,1115.9406783691,747.581998147712,7662.27080329865,7678.51829570709,1451.60970186875,3214.65953354231,1072.25851813685,7955.89471994187,8168.18239786005,1e+08,3351.89213591607,1490.32718654045,7522.34320737391,3358.79017617995,360.298649193924,3356.86896057737,1110.05565183632,3301.36346828645,974.192736922428,7642.17378353008,576.188878630773,1159.90876994446,3143.94889303558,1064.3118002754,7669.53464298076,7539.41510998133,948.392189198649,3130.18463624239,1443.35736930297,3263.73792792941,3464.07270045249,3321.30884520405,463.218012740563,7620.37814247186,7482.99202111097,3115.14763663258,3301.23976263634,3285.11698946208,754.957370127909,3363.11417993287,7727.39179570553,1441.17518181049,3123.70144543835,1550.26001716554,7843.20437066777,1061.33720662002,1090.28158033993,1398.32491350001,7701.6389522528,1460.31551876962,713.751241569288,1257.14182812219,1428.32733445972,7433.51210409943,1482.84764852557,629.973871684799,1547.35365196189,7709.75491893392,1153.2907080059,856.689031715888,3288.89131314717,3060.45271548613,1511.95364135118,7612.24559065312,992.090019381248,1183.41476700068,3583.97753587525,578.411778370689,1499.87983819757
4181.50098688328,4397.30997170466,3064.81451048967,3076.49132982755,4786.49134321992,4925.44284551807,2891.32295527076,2904.43334971391,4829.85481370871,4655.55976448924,3008.14982962228,2841.73141328849,2777.84146875001,4420.29698133163,4644.77508386196,5083.33813512335,2677.8718269638,2882.66571988441,5022.72198253232,2903.25156336809,3030.35136354656,4444.1020057603,2869.42051980889,4625.3908879695,4385.99165500161,4713.37540594368,4406.76884919698,3017.58388713396,4808.20753507785,4457.2393848202,4306.47016636803,4930.56239252018,4679.36287108523,3913.22912802431,2793.20446273964,2953.70506553456,4732.18006576548,2812.74315460561,3892.97895637306,4552.78145293828,4137.54426157925,5009.10281785972,4569.9520270604,4604.24715561748,2821.75655217705,4483.60068496494,4636.202350098,3071.98650606917,3818.43727718754,4770.13552835629,2804.55142029889,4733.51452585075,4800.2670039626,4250.00652613779,4881.92111165959,4550.98629666162,4551.01675194394,4309.87391844204,4500.22062578152,4917.91356661788,4818.60559421268,4550.91927413873,4851.34206820409,2686.33119313293,4941.33860931092,5007.82215557111,4901.51137979912,3078.72861580905,4450.71942588973,4378.24619441291,4052.2525312338,3696.74055759521,4186.31674748857,2551.22814301246,4275.75164545375,3923.37132310988,2572.87549686232,2625.19884592325,4304.84853961301,2551.63485960064,2562.47699777409,2556.85222991348,3881.2895255957,3577.53464293986,5324.37647844679,2569.73130184815,3618.72603477588,4089.57939196298,5686.13576041477,5148.27746877947,2590.88640618456,3945.94698804322,3542.48229485043,3999.97133435345,2551.95491708962,2559.32070858756,4282.91847683948,5414.90581950642,5298.97197824654,5210.22215727735,3595.78593661316,5282.47124165415,3789.5127602032,5420.7699834891,2552.96431268501,4120.95240084071,5435.35657879765,3871.57797599131,4045.43492288133,4026.27829131266,3974.59475135589,3587.23291640768,5191.30510086479,4540.04779754735,5257.0116332782,4621.742229672,2551.44093586626,5607.70350604582,3663.5625160942,5531.21290014692,5233.88787105262,3792.7693587939,3950.56366830202,5315.91719371486,5112.48963325857,4495.03077280546,5647.49194476934,3512.86586580375,3873.66033285447,5482.21928588753,4046.81393301763,2565.55470122967,2566.04665439646,2593.37585557235,4033.09226473899,4478.33876354309,4212.3474526507,4580.94837877749,4396.37698201047,4600.06500021894,4218.0059414421,4564.31300035596,2018.33041674068,4448.87033772267,4446.13800087218,4190.79248259848,2705.11202046849,4475.06280214169,4036.54750524697,4736.99653540994,2191.38383825199,4332.8951544297,4692.06719063093,3940.0207777331,3533.58871572687,4115.32405054338,4425.6934432113,4564.15018630992,4055.47269824655,4584.39821683212,4255.38355956692,4666.4440550441,3159.08256507899,4391.55963622452,5117.53565349025,4321.22235686818,4188.50151916471,4223.73655104993,2222.61869137069,4263.89283103725,4383.86370163598,2394.23652663368,4121.47214606552,4203.65617111817,4463.55870437021,5079.92598642644,4614.11747485237,4655.4070463717,2535.25186876993,4457.71118629853,2488.87291895975,4187.90154057866,4811.4883598937,4152.14479960787,2471.95184555846,4405.38403463893,4059.14747592084,4027.02919312632,2495.17157421004,4422.18615291572,2238.55061071485,4244.57328338647,4235.62461722186,4049.20130453152,2136.12509282238,4406.37547598423,4579.24098398549,4478.88298434607,2745.40105080516,4420.1755148444,3542.29591170151,4528.82045222227,4518.21968800246,2502.89663815117,2256.15709243866,4227.04666585373,2253.87901333219,4314.75380932823,4718.23450555253,4272.16280219968,4350.98017385692,2335.90704031108,4700.18933611468,4046.05870799841,4434.55047652474,3097.2493899103,4024.56787085676,4750.02082492017,4421.92215436064,4727.55057061204,4233.64701753425,4564.38530913577,4425.95070553326,4068.88430860055,4483.31338176034,4800.11497049712,4288.09152852049,2481.82808614925,4655.5959406773,3909.7012707845,3637.01983146169,4924.54467664146,3760.03672559541,2147.59864805217,4707.45864980807,4502.75820025316,4339.73874242306,4230.59583475059,4578.74152928123,4655.6841519731,2249.68177906868,4358.93409871439,4418.38354095105,4271.63464609654,4663.93659091058,4221.5102895362,4353.09271680173,4425.34001663559,4598.53564321364,4260.53412232311,4549.94400202464,4554.07869249835,2316.65162220976,3162.38247988627,2558.54591501367,3945.19304142087,4125.19714013775,4061.72193901001,4051.43779022916,4390.50084640462,2448.08185441852,4484.71703183555,2200.77549980098,2288.91721627109,4164.89596042738,2212.19370507915,4563.54133149685,2155.64186272952,4429.48782002818,4505.01229534317,4213.36908530754,4276.9666099126,3578.07409202644,4494.04296163863,4776.80625418187,2443.40256589208,4716.66562692905,4396.1273517279,4183.80162424827,4224.83799542273,4272.20599003913,4297.97223970796,4384.97653029905,2318.23061923823,2290.68431304953,4857.28594826134,3936.60506252335,4012.757019573,4194.36163804462,4135.68378461382,4094.98820412713,3946.29952633646,2252.88052410965,4074.28776560415,4352.26367081048,639.372496478086,5262.67123054136,5020.01056433718,493.535134743609,4887.96316756351,4548.10967921382,4253.37555984718,5126.27623144931,3914.43849551108,3947.43473109485,5111.48231219677,730.198802882391,5069.43853396577,4254.30764053768,4228.57402236819,3386.91603920946,3739.37912358195,961.48091451352,3701.23973188589,3373.42824109778,707.156383606182,5216.31389294151,3739.85508139606,1335.08021317826,749.346915563756,4284.45465731107,5051.86167106376,3744.92645176414,566.997883687295,5131.23052804189,502.046392425655,515.837458341648,889.107725843301,3466.51725915975,4955.64786975541,3893.90781696893,5003.18832713541,4996.60166721102,3572.26385625749,5046.31828263375,5236.63210263756,5139.8551344841,5203.56764186613,4122.29514893703,339.949075284025,1042.07893301887,3589.05755173396,257.485458205201,5023.83778632412,4949.58781104473,5024.59361106072,5048.61378716731,586.315415739491,4046.57930732951,873.313027125688,3853.59441750447,3768.3822781812,4972.28678877785,691.953296351978,3771.72807080303,3604.65120269954,1096.12924429678,3505.43803221123,4235.27771446391,4344.3150182389,4574.66013999791,3383.03343711393,4253.76785797835,4907.41683279761,419.818988826668,3685.13681788733,1393.99470846993,5001.06683483762,4378.62196115874,798.227121454667,5043.84771858102,900.466062317807,222.893149175904,5049.19913569778,668.737605113706,3599.67971815442,1625.59951660769,3812.47057164431,5213.82692501976,3698.56952456937,1115.85236915254,4702.87583397737,3781.30241616865,3704.48712153034,5106.47029845052,5046.69100785272,4126.04529205777,336.688260277885,3769.75283889629,5307.54827709354,5483.45934931427,3351.89213591607,1e+08,4728.0282030363,4943.67658360911,318.565180647907,3456.97870866095,243.168653059735,3694.35175928977,859.190903363261,3914.66273151419,5061.13893514021,3638.16503182055,3902.37480369506,1179.97851122154,3962.88517170453,5039.14913407585,4948.77143193765,3716.31506003377,860.342343298624,4189.92226830432,261.11276804896,885.92755801813,392.732544495585,3453.48943996529,4996.87625449931,4911.30457946486,785.792785839431,771.308763923066,232.562423606666,3725.64931239128,451.374671247418,5223.61466709272,4668.97387992823,724.237396172992,4266.92579676185,5254.9279718299,3713.09255181723,4016.57156599195,4120.962561227,5089.61751706032,4178.16676054678,3817.58005898083,4289.05450280412,4067.29822095797,4874.98128654664,4124.02676191433,3669.52944183816,4806.40427783826,5093.2428991223,4048.33270394992,3783.81532091826,296.579984832083,1061.45639546839,4747.44000884092,5078.22661840022,3660.85054214658,4161.2053039203,1177.65274430569,3463.36855721993,4221.49170840568
1178.24193962403,1133.10796453498,2248.64480624,2230.53732828894,7774.23620984259,7935.84712131536,2546.25941092671,2521.52471090932,7824.85427923702,1159.40320309516,2339.5666188525,2644.20483904577,2783.02225654187,1131.96591047397,1156.65971352011,1360.40449570826,3045.74457681877,2562.84223590853,8048.02815722249,2523.73618104472,2303.31569315457,1131.52242435747,2588.61748198873,1152.06919648482,1133.92908219716,7688.48794196995,1132.55285012211,2324.05953995148,7799.60694449383,1131.59795999877,1144.53462465316,7941.76986800131,1165.92986563099,1317.1937624305,2748.09777747984,2432.27252389569,7710.59090467014,2705.17241169057,1331.08975617053,1138.87995638616,1194.9552680712,8032.36749954587,1141.41667804529,1147.56870084519,2685.88610887292,1132.43166924183,1154.57524399758,2237.49894485804,1386.03210772426,7755.09897835016,2722.9767006815,7712.15810606733,7790.33517001735,1157.20365766327,7885.40889212837,1138.63594721602,1138.6400532848,1143.9070339142,1133.42171475311,7927.13264504445,7811.73954992627,7496.00610187565,7849.87342026844,3020.30532688527,7954.22971644648,8030.89413462394,7908.1321978363,2227.09102474711,1131.53209187947,1134.58965307096,1234.33910823846,1487.95025462296,1176.5623206973,3809.97261003483,1150.89968601071,1310.40345700267,4132.5399372512,3227.58463102311,1144.83908038268,3856.94444485094,3584.93390807941,3651.74152003864,1339.31444032373,1601.65085113953,8391.53436145455,3520.49858325476,1560.85326720015,1215.99227271139,8796.29590229467,8191.75744191394,4246.66130383716,1295.69989226825,1637.60645154874,1262.86414493109,3755.08097725886,3619.55829406379,1149.30190284598,8493.49096024018,8362.83560538811,8262.26072813802,1583.37941776496,8344.17395881225,1408.91253970808,8500.07903479198,3723.43612376134,1201.90515320172,8516.45791739141,1346.25951357886,1237.8734941674,1248.10392986615,1277.87008747134,1591.90340287801,8240.75732799199,1137.23642499506,8315.34685618865,1151.25457338112,3781.66030126408,8709.11666725453,1518.24941330789,8623.80308162549,8289.12891535497,1406.2937916013,1292.76352333333,8381.98250670371,8150.90508989108,1133.07420808091,8753.37938513623,1668.86992216943,1344.76182162383,8568.99916629049,1237.15405721235,3555.61971082424,3551.23809633698,3371.42865091101,1244.4146119414,8151.86142346314,1417.76867131534,8073.61924058959,1272.38544024315,1701.55398690638,1415.49876774832,8245.12857950396,3768.354249764,1627.93197125589,8151.95576959668,1513.68907879482,3438.93090256855,8121.62766951443,1253.51387023113,8451.01087420903,3712.41412591098,8063.8917878449,8283.94621570221,1235.42060767033,1625.09331589481,1159.02941155309,868.918899708541,8103.47314306526,1250.34600731223,8191.08465588553,1690.27640588475,1338.7077960933,3371.56750305765,1234.32347245521,2032.51161789998,1682.85744069715,1586.95558598572,1442.93768896946,3583.15462964524,1924.88069382333,898.965306661737,3549.73001381311,1150.03729869765,1579.39409740975,871.963030472464,1670.66716881343,1194.28129613508,8392.60979300987,3402.45688509675,8106.40972544901,3541.79645572664,1620.65901039883,8540.5662522679,1052.57866355196,3317.89565395092,8214.90147657829,1280.26721477465,1205.1285922748,3279.13025701311,1534.80367552329,3660.22338063338,1713.13181481001,1186.24377303739,1161.62579582732,3688.75957244429,816.988797370012,8301.0402780352,1019.68942465063,3296.78793452258,1850.2844617992,1416.5076736265,8208.22314357682,8169.39022432378,3553.68814591071,3686.39155469458,1035.49570816718,3538.15750004239,1510.72650416397,8269.50267395288,1639.00253498522,1479.3982589039,3622.02171271809,8315.1369380219,1265.41156655992,8108.99163103256,3553.05776553852,1434.4579312454,8446.23935082098,8118.07963723067,8174.1072406993,1601.17790625787,1811.21930942944,8180.12499062163,1075.4638059723,8161.36236398248,8400.02100843924,7787.44096098253,3632.6159968267,8428.72249466094,1816.63514468034,2832.1602494935,1876.11228027471,1775.70114533273,3602.19558383056,8366.17318781151,8232.29861023336,8121.16939975955,1439.6850829783,8295.65166764741,8443.91662721593,3714.26704291855,894.105415953547,1312.3441450192,1645.53173507309,8389.52935207837,1214.17549852036,1233.66921265933,1475.81266195645,1287.41023067938,1456.23991688631,1739.92745910069,1567.99598936686,3498.51344018166,3102.24831690129,3434.21815409304,1202.39821946437,1329.14652363344,1194.97307170329,1427.07576811631,1433.45389597407,3596.00909439752,1293.61359422124,3532.79884380098,3443.79339346176,1056.84244999958,3423.09275992398,8349.81421367516,3684.21341256116,896.604723296096,1578.45232709484,7847.98281044557,7990.85931796723,3287.16301949977,1679.62516744313,8493.09175088578,3368.79988774164,8318.46256607008,8070.37508471244,1602.59298975999,1531.79543249159,1628.81432965597,1906.23648817014,1521.09240649087,3631.81539940244,3509.90714145015,7795.12924198452,1356.94832711031,1454.46691355376,1734.33215885353,1603.97125032282,1386.51200535803,1318.96870301604,3851.07170583693,1372.41068924186,1142.02239558581,4628.89435966222,8802.26617378344,8682.74679906604,4588.25513086238,8582.43899129909,314.588150695439,1870.76879747533,8887.38338572447,1379.51474376937,1310.25569895371,8835.6706703518,4608.14801673185,8838.2676052235,1762.89952736512,1783.9113183583,1575.86891166924,1475.99154862519,4814.85274598574,1355.08959634308,1639.45486031672,4766.79969768367,8860.88034733501,1304.70928747555,4536.30641997173,4776.18267378261,1668.46971871863,8713.71255669262,1263.53418447187,4570.17117075577,8781.37894338337,4533.50622158356,4592.82624395497,4509.83369675657,1562.63858330583,8677.950196767,1609.81218593674,8646.39972951853,8773.19611829556,1352.66800632298,8767.65790592141,8926.80542174292,8842.13700255383,8854.11792655048,1779.98147385681,4551.22252829637,4547.40683371353,1338.02203080847,4586.95089020854,8823.56567464671,8664.788739143,8730.5869765499,8800.65709516921,4590.59132110809,1085.35929535031,4514.41016617342,1433.67992749779,1433.02714051874,8619.81283598271,4841.85931661679,1468.08384564116,1336.37454591142,4410.36688987208,1546.23032657779,1752.48643656591,819.836264013538,210.524635234241,1787.32645016686,1789.42210407068,8541.21824597966,4681.99159995158,1281.49220603489,4099.08436671962,8706.78920648542,577.999032529032,4621.72007700259,8741.4867396214,4295.62430573592,4665.76790667324,8771.74884959482,4614.09855194758,1380.76090397183,4866.96345473322,1462.91011703315,9157.16694350147,1534.96771562435,4427.88064321828,151.986761640267,1482.83939796528,1365.69502357141,8761.63148951139,8813.53709898631,1816.11712110555,4614.18975119805,1580.9486107769,9086.93641664718,9308.6414027953,1490.32718654045,4728.0282030363,1e+08,8638.229099631,4730.62897259642,1457.71808392957,4719.61554265416,1560.32050504239,4585.06786858153,1311.51228400919,8755.67280174577,1346.27716545493,1351.28464315738,4544.25215580284,1092.23734400346,8806.62469762546,8663.53067499264,1564.37500854971,4542.632071342,1776.80439706975,4650.61573751018,4741.39720368729,4715.49083010503,1476.8608613119,8755.51267280173,8603.38973902368,4509.71656109037,4632.24476320481,4658.49298056079,1344.19146801017,4729.63958191295,8792.64602983317,303.924908791901,4537.61078347886,1876.41241676149,8952.73224405656,1606.09427786359,1072.6778575119,1727.13370581242,8824.42174135333,1770.43303348196,1187.81946005049,819.945752493995,1826.55596031868,8550.47247237602,1804.45710137153,1315.45857056372,124.166992299347,8839.36000191662,1118.23743951491,1344.8681484415,4649.16369263249,4458.04608968584,263.873811630717,8698.27669806615,1522.48102556791,927.15162429472,4845.14136400275,1551.00204284908,1740.93979357071
8142.57348797023,8402.85718799626,6591.39935124127,6611.36128542591,2099.57803184382,2065.07733276831,6270.92833470432,6297.08466237802,2087.45786289357,8706.61542811936,6492.05094191488,6168.07203582312,6024.0830516998,8430.2074115539,8694.07346046943,9195.94359693135,5756.48245336788,6253.43467015645,2048.46105705385,6294.74296782933,6531.49120027113,8458.4619070471,6226.30927224828,8671.50165944553,8389.36597053919,2122.77183401433,8414.11950643904,6508.89570625761,2093.35545548283,8474.02538123237,8294.10237400031,2064.04769327443,8734.2568203903,7808.23215834735,6060.12451200039,6392.12858496046,2116.4774392671,6104.5889094777,7782.40130609872,8586.60870210585,8088.69416343465,2050.41244689636,8606.73418827327,8646.83765426796,6124.62826052305,8505.19301549585,8684.09563471254,6603.67939996755,7686.47711060312,2104.46662016053,6086.12360196466,2116.03940070166,2095.59521557959,8225.92810506281,2074.52527640634,8584.50277814272,8584.53850859452,8298.19752937605,8524.8015679183,2066.62289863068,2090.48452091161,2186.51448578428,2081.90599404556,5782.14112912774,2061.93667640398,2050.60222327389,2070.11871021531,6615.16756879281,8466.30396500757,8380.12405628671,7983.19767960081,7526.72084552542,8148.457124443,5006.62035130169,8257.06993233537,7821.13450534711,4701.08322486388,5574.50048579667,8292.15077682039,4961.73709486911,5223.5127029997,5158.7999696296,7767.44733111666,7365.7872509995,2036.31757728865,5286.19053876287,7421.9496122901,8029.52717038343,2096.78820484775,2036.21271505174,4594.5081164248,7849.77236282474,7317.49490167747,7917.8632969049,5059.24028679254,5189.93960310917,8265.72188955088,2044.05004960272,2035.07391404087,2033.96783020463,7390.74796189312,2034.48603445095,7648.87857276099,2044.72667941338,5089.65853904265,8068.27261172476,2046.50143009265,7754.99915810161,7974.70780436782,7950.80483739753,7885.95493691523,7379.06606528688,2034.38880916202,8571.66307915177,2033.92042141548,8667.24877785578,5033.73817076123,2077.14662092619,7482.40740574711,2061.37480960124,2033.76737082804,7653.12281496801,7855.61509780523,2035.85798941427,2038.65028676366,8518.68188404709,2086.6797206848,7276.31049590091,7757.67018901104,2053.08166322074,7976.42577642101,5251.99511186387,5256.25701028978,5432.20751952148,7959.31516092661,2122.47942119641,8547.50324929024,2647.57741420148,8690.92671787998,8921.16244192941,8545.28384842297,2257.83668797583,6228.93039141887,8752.2779765363,2371.74809247022,8518.84600424082,6523.46918007355,2284.60903138325,8289.28940374273,2540.33202863693,6304.86808756365,2348.13218662623,2717.30195736489,8137.23253265959,7905.75598755319,8337.63069808826,8461.14339851918,2836.32165467714,8312.53857044707,2526.54666930433,8564.28511359575,8902.9676897158,6708.35442676156,8688.35627618087,9451.24084682941,8600.03949346349,8484.31590586607,8535.15347664719,6388.28908133261,8549.97474826664,8428.8030462729,6592.92777080686,8335.36696795674,8536.90999297282,8632.0352515018,9415.94097993238,8918.35778281326,2497.62265562903,6656.87888418103,2379.29757887458,6454.92127896653,8496.39957940729,2423.44539922498,8329.39573080011,6748.57112872874,2066.70780546983,8321.97945446033,8256.4956588401,6678.98126883652,8749.04422273809,6292.72133011434,8519.85662988789,8498.92160100969,7988.21207024881,6316.33797864528,8492.65495583767,2325.65123710451,8393.41651524103,6589.77129535976,8645.27179298461,7734.63287191455,2156.58177042096,2314.49057639287,6539.84680927214,6391.46580142938,8417.46033803378,6448.26604893989,8629.24717503967,2843.87676928335,8545.48089809494,8663.7135025467,6432.89461684528,2653.78368586661,8308.58986542022,2281.18015707596,6483.03665776448,8354.12587921961,2498.16938749115,2290.75557728695,2860.69379962012,8545.47977165137,8885.75826398136,2219.46905685564,8118.17923524563,2378.35821288472,2739.2440917103,2610.85760372921,6408.17965387824,2247.79794060119,8292.75455044382,7012.32737760087,9314.29207058623,8156.03420552693,6343.42315900164,2642.94585195801,2340.09980163619,1866.69665246567,8535.97424056161,2288.39959392255,2256.56410264012,6466.22399003069,8420.4410923135,8720.97616612352,8554.97247333062,2414.45324371625,8496.76827529849,8637.88445229018,8775.54270132106,8901.41510891624,8579.69803548263,8882.67545071621,8895.63190998878,6549.55807722848,6935.99461493348,6604.35630978956,8111.8290529429,8432.18770341492,8284.21875493179,8380.62748145741,8727.77244422986,6514.28264208722,8805.92818010807,6412.20248426292,6529.56302200246,8330.34503546307,6488.13599966162,2180.56904045563,6338.8491305901,8494.49461294383,8859.80335727411,2148.32135603099,1965.7565502094,6706.85217291425,8850.82827632741,2455.38244401842,6721.37502990694,2717.70923657548,2371.98482554857,8508.63814130047,8525.76714408672,8546.27299002769,8522.79991923488,8727.00907224177,6292.4203621761,6446.84239513593,3260.38334699218,8224.61702259422,8351.70891758593,8515.27102034168,8437.76427627647,8416.71171182042,8222.54786932218,6275.26645138576,8388.24227046722,8606.58515522673,5006.4240189414,1638.70074491491,1233.23772926974,5154.47462146167,592.417752974145,8527.1853604353,8507.92770920981,842.919276129544,8174.68561719342,8158.62629996718,1184.36278438993,5126.58967801557,604.765954753338,8548.31128592238,8451.71180089428,7653.93441947579,8004.70554070127,4801.67220465328,7907.50311354125,7320.60484854585,4890.96395041031,1490.63675848481,7897.3403666417,5287.96676126177,4783.9078521232,8511.3588084323,997.557073596143,7865.60003150558,5100.73373320093,1281.08690258206,5067.13722473011,5029.10806495521,5226.64847243502,7768.15172133544,258.82888019138,8203.28496703416,1230.2247301298,511.966204978434,7669.9268082186,1025.68886036465,349.164513413683,670.748468403798,1281.14678497541,8393.62214478389,5018.15716693249,5221.24974434575,7681.73137025618,5108.09417137338,568.245090122841,535.183555923115,382.714267594009,368.14851533671,5058.36911398456,8189.53843252375,5257.65751056667,8112.93645985296,7993.75073325534,537.448004657563,4766.53891558845,7998.00150988787,7726.3913443359,5284.58004380517,7431.90221029419,8534.70506670725,8476.06983893491,8464.70405996119,7775.4325862296,8515.84662654182,1310.50344363062,5010.33065050154,7732.53165691284,5454.99205473851,612.231382385038,8389.91376082789,5078.6009367146,585.626085774776,5387.69142437897,5068.09594343044,991.429595593229,5078.56621904792,7793.40483141148,4694.36993061306,8056.38123369005,974.870325220611,7931.99440373045,5336.36814087091,8595.30451653292,7989.89760748525,7906.70453831784,1299.07281081594,395.635756422596,8423.30730917192,5132.75438834458,8019.13403489105,517.827188937479,867.241350829635,7522.34320737391,4943.67658360911,8638.229099631,1e+08,4889.34647375177,7704.05434402049,4989.32796385819,7472.7993677823,4780.55977512649,8142.76323581718,583.552554054842,7805.563197357,8102.47197276482,5213.34062584929,8098.85459668887,279.48933406582,877.095718933292,8016.020529351,5171.09701852851,8418.14141600348,5100.15438117376,4770.02005642482,5038.16181387492,7503.55802419472,328.472646865721,493.339773661596,5169.7540449528,5064.71726599776,5074.55702451115,7921.50370503762,4947.13071635231,1733.44168981131,8498.77011672209,5228.48325684638,8485.65025870676,452.409911439212,7964.004768254,8169.81647824053,8398.38265639685,257.89635584173,8456.04017851695,7898.7367613644,8403.21099012329,8385.632921924,711.090024664365,8464.49815414444,7825.56073827059,8714.92048281567,540.419828150587,8232.01769627501,7987.6516961759,4916.4896410251,5231.84933040066,8597.21271543154,1506.77094908284,7492.88833668336,8255.85488271052,4662.94650160987,7758.2427188617,8540.23628878198
4139.14385892875,4358.54489484897,2993.72249322805,3005.84471387719,4711.80766609307,4852.08227726158,2812.94480856244,2826.65583997521,4755.59140416236,4620.60334151494,2934.82275503428,2760.99099946191,2693.81379192603,4381.89118395247,4609.66905364565,5053.75341300439,2587.93433286931,2803.88571134396,4950.24825987514,2825.42029570173,2957.91500807002,4406.06386711446,2790.01732144245,4590.01400431619,4347.04811683782,4637.9674255601,4368.15212269341,2944.63774630949,4733.73517709169,4419.40225793524,4266.24285403545,4857.24928659276,4644.73393779305,3865.76790358092,2709.99559446642,2878.10490567474,4656.96028151552,2730.54868608376,3845.09913000162,4516.36712909179,4094.40300035429,4936.50681809849,4533.78635714547,4568.57193576826,2740.02047391934,4446.16291838355,4600.97684477955,3001.16864625168,3768.97144144087,4695.29155407168,2721.93519300784,4658.30804601197,4725.71757621173,4208.83457099186,4808.15343050563,4514.54585539842,4514.57675396134,4269.70265422233,4463.03194696337,4844.48303352492,4744.23381323772,4473.82795862117,4777.28440266495,2596.94263220266,4868.12511677266,4935.21462654976,4827.92775902745,3008.16677455898,4412.78270538522,4339.17993005105,4007.53387895253,3644.52139382065,4144.04438181299,2448.65077922009,4235.01392330036,3876.11785122645,2467.89374055405,2531.52592991163,4264.59448932175,2448.58792795955,2462.6963697999,2456.14917153141,3833.1657255793,3522.39828523028,5254.46424642189,2470.91060544703,3564.62416787116,4045.56039039809,5618.96393450746,5076.90323652641,2485.50956504369,3899.1514743946,3486.44230927892,3954.24729965476,2449.97717477651,2459.05257777863,4242.3005798546,5345.71110074526,5228.85434297532,5139.37252629803,3541.1115249064,5212.21922009592,3739.41159741703,5351.62098020936,2451.35687550317,4077.5101707386,5366.32089373123,3823.2501656574,4000.58687094989,3981.06392745934,3928.37163944464,3532.3427425201,5120.29647930837,4503.44771499327,5186.5507422542,4586.3140808083,2449.16604219322,5539.96537240657,3610.55453869589,5462.90813308511,5163.23565801775,3742.74030200061,3903.8610535643,5245.93676628491,5040.80702560424,4457.76453387429,5580.04292402946,3456.04498022807,3825.37636789899,5413.54388916969,4001.99209565861,2466.20239590201,2466.7595816836,2497.02411192543,3988.00865883621,4428.73663910796,4217.01292980896,4540.22838419988,4394.37005107616,4576.83460855624,4215.2239443369,4521.41598817484,2020.42631642953,4429.56639238087,4405.11068358131,4182.07849399848,2790.35946475612,4432.09197545958,4047.25015442967,4710.91249826217,2241.16220677606,4297.88438178144,4665.92297073351,3954.21890737382,3550.56743628741,4125.0316016457,4428.79759758747,4528.118098641,4070.09335454492,4545.39896644587,4230.63163756932,4672.82759446784,3247.3425572777,4399.30653905113,5100.73630026843,4294.74150109281,4169.30934266383,4215.36771297041,2237.6085705836,4237.65360930775,4388.49151056155,2438.08897209452,4130.41287343587,4191.87157721496,4468.27403486559,5062.79489753778,4625.44625727258,4622.13464246521,2595.42472610047,4418.55957459559,2552.11261980424,4168.5721714902,4778.98985637187,4159.0501971277,2446.01115810836,4366.99404346116,4068.93079927775,4039.12777412401,2534.50021287025,4408.77389657896,2312.42245415413,4215.5537125074,4244.73461684017,4041.16663670937,2177.95906196261,4405.48854830035,4539.37699780105,4476.8309945302,2824.96885574718,4394.35750028231,3553.45666970459,4493.58487739394,4478.46026889727,2575.72134736249,2330.11861919201,4233.97349250631,2249.66713936799,4301.83163720043,4687.97501012979,4246.62559621372,4337.79777819048,2402.21744333625,4671.03098884466,4055.8130408043,4392.06085802247,3177.85046191314,4037.76013891416,4715.69957871723,4389.0564040182,4697.10005366702,4212.03302599948,4540.16590607254,4382.52573852364,4071.0898120925,4444.72134136876,4771.89522461602,4236.20799516898,2564.1467236739,4617.28951587507,3892.44484893979,3705.14126239205,4914.09728411273,3754.40623314906,2179.12617082727,4677.0936522065,4466.98496582362,4290.71784039944,4224.61127509643,4539.60113305295,4622.09267176539,2299.04904968266,4363.31480717405,4414.59605600726,4247.22710939616,4632.72694727367,4225.38749464657,4361.15890022528,4425.38933365734,4604.11027522252,4251.504710456,4528.88627632253,4540.34628252307,2352.1241396385,3246.37942588977,2629.86482920152,3957.23173688663,4134.7399102475,4073.67843219627,4058.13681850207,4384.30242389895,2515.27314515063,4492.33182367477,2242.83630579554,2293.76240562733,4173.60944072428,2221.82141228738,4531.28005980621,2181.07640439956,4434.41361776242,4491.50276991824,4162.64711675619,4226.86565338168,3639.9321440175,4477.44696603333,4742.56915520451,2425.09320922786,4684.58399252253,4355.71960733697,4170.76170625705,4207.85209402094,4247.67227309266,4270.47891617645,4377.70330962188,2385.54636149484,2295.76717279135,4865.30104568688,3949.45618061983,4026.0861422704,4175.65830571251,4116.16198734023,4108.38605727325,3962.98908360126,2346.10837591167,4083.06151455435,4355.14142896586,885.437674037104,5209.74305910377,4971.83977716381,609.451318121807,4837.05794355788,4549.99855867314,4219.9310052431,5078.74468304257,3913.63995200238,3945.15218205595,5060.66419762928,542.42290460283,5021.27876244101,4226.10594363168,4196.71182027058,3399.0537363859,3742.68181946248,1173.84476647164,3706.34139141407,3373.28869657254,945.79545927708,5165.02165215203,3743.39977735637,1168.51567767049,970.4777889707,4254.33138308763,5001.74019712753,3746.494840449,355.134594682778,5080.34302800737,329.39907179085,764.800023194239,697.169589164644,3475.62776634333,4903.25571172399,3883.08475107776,4955.93088189849,4946.3263279755,3572.4649285602,4998.00380514933,5185.8207243232,5091.54433634226,5154.03699435524,4092.83357325803,500.536375782698,873.124625181959,3588.73041914799,289.704719930336,4977.62578763439,4900.24040061923,4977.09004285979,4997.87713201348,354.365958975671,4048.31421719355,724.569024865071,3855.23122393979,3756.89491400719,4920.60838912289,811.338910025009,3758.15886603748,3608.21225826012,942.173315305078,3501.38207465991,4209.12818435999,4350.28050719465,4576.27539441551,3378.19132552756,4224.99124355113,4856.91067921801,237.182866361841,3682.17637018389,1515.11392287995,4949.59134318974,4383.10700074195,581.902273817616,4994.99602957392,849.370231303868,401.263191569188,5002.62256941504,481.340260709956,3604.81977208793,1787.66854387912,3811.88880574664,5164.43915789446,3684.22437428687,922.855918833971,4701.87193323701,3769.06862082547,3708.69638983828,5055.06377496604,4997.48629895675,4096.84173845674,332.729599217054,3745.02614405956,5255.83725284232,5434.28997695792,3358.79017617995,318.565180647907,4730.62897259642,4889.34647375177,1e+08,3467.4998307053,484.886511009564,3680.47929343826,974.894487658995,3918.1812879932,5009.1888899977,3642.86010272317,3903.8304074365,987.542709382027,3960.7039433523,4986.20857134593,4901.06396332691,3719.71779143123,684.023738352897,4155.10770294638,495.189454990908,1010.26004825325,247.56736048784,3455.0781914627,4947.10369079903,4859.90251477468,575.382690704687,998.06781704138,366.046896713508,3729.04080734449,271.2959492486,5166.11110843907,4666.03510690566,561.525732437875,4236.99268746122,5203.87941050597,3689.4023717611,4017.62963140599,4092.49376494864,5038.04552996521,4146.3334177873,3815.16280720962,4294.00032210256,4043.1495000744,4824.16990828952,4103.60480307269,3670.13580574754,4809.39766080414,5044.97929927338,4046.51418862628,3788.39545323097,241.014101762629,871.00092745467,4745.9045873071,5023.93347563598,3649.84333974014,4164.00436989435,1340.78271272395,3474.580414924,4195.48889112696
1147.21915654756,1261.40919656507,1644.1074490165,1628.38131729472,7068.56421288928,7229.99296402035,1911.2475056066,1888.53679432865,7119.12357600518,1446.80375929996,1724.11856868926,2001.87037759132,2131.92242734054,1276.08204711156,1438.28490111199,1819.23197832604,2381.93158712238,1926.51491066848,7342.05619691604,1890.56420936547,1692.01933249537,1291.7076973749,1950.30892918882,1423.11783552354,1254.34042332834,6982.9190079253,1267.39622481478,1710.35695668595,7093.90532933291,1300.51154950637,1207.79250440835,7235.90931991323,1465.80202601235,1083.67814301626,2099.04613332026,1807.2598232859,7004.99495975973,2058.7774896121,1083.21608124758,1368.07863639839,1130.11007799338,7326.41158073862,1380.82824215735,1406.79352169239,2040.73784769722,1318.54865434712,1431.55398804456,1634.41858915113,1087.28195074478,7049.44958346554,2075.46052287703,7006.56025783952,7084.64433346969,1178.36791031146,7179.60995755132,1366.75568962681,1366.77811775846,1209.66692011719,1330.16597550954,7221.28792642674,7106.0239087866,6790.686217487,7144.11426608149,2357.54496805896,7248.35578733957,7324.93973163326,7202.30820635692,1625.39674226651,1296.12655464728,1249.56391779764,1103.97816905975,1113.94298552203,1149.23478994299,3125.40584401442,1191.38592681483,1084.15610525405,3443.06624619039,2557.12328165176,1206.90338485999,3171.56690908577,2904.82093297958,2970.19914954404,1083.25063752991,1164.39332492054,7685.24075545014,2841.8614109503,1144.25352504168,1114.2188878968,8089.68762614655,7485.64408222266,3555.77024061485,1085.80360138574,1183.7556248965,1092.94220522967,3071.50997246253,2938.6922572336,1195.13027717157,7787.1120737723,7656.56679544371,7556.08168201155,1155.11955355911,7637.92146455309,1091.34824088186,7793.69478488187,3040.46417637691,1124.27575403721,7810.06040878928,1083.44843069991,1102.31654541977,1098.00136710682,1089.03562669202,1159.39630122596,7534.5980692354,1358.73629176584,7609.11986656217,1420.28422782951,3097.60043029022,8002.5709796893,1125.57388386803,7917.32128232375,7582.92544411695,1090.82010148019,1086.23878393313,7675.69711420551,7444.8308760308,1326.51839484237,8046.80158735345,1201.69264637106,1083.39304946487,7862.5598430613,1102.64735379998,2876.16579802937,2871.88443920202,2696.62115758812,1099.4760426673,7227.29580815975,1085.63073942414,7200.66328451695,1281.06790671533,1587.03896534151,1174.76008230659,7322.22867214534,2560.80624191712,1393.93382011306,7209.03234871457,1191.55821911746,2647.14218498522,7190.59251270397,811.116386025292,7527.86307806206,2656.47642526465,7107.40190939156,7409.71794471805,733.644156111974,487.197465319685,877.382453802504,1272.9753091916,7247.59338905085,831.872856459181,7284.15004690664,1268.6248130727,1573.78286744263,2779.38146265646,1273.25742412095,2046.74536345409,1314.30659100034,1201.42511007956,1185.19170705736,2466.72686224895,1386.3208707927,1236.38132991733,2516.27903141082,869.43711600428,1217.27824527018,1204.27510649165,1937.23842187747,1439.32053322781,7448.09233904581,2462.86459686132,7182.44213853575,2654.45078932268,1197.68242789226,7615.06227778951,899.709771476736,2090.80101109342,7242.28891115563,873.006396124444,778.781480821604,2315.21465755355,1376.60692595626,2642.41565166986,1273.45802771216,999.547755338935,1112.77620080472,2589.03676190852,1165.72625896413,7359.70076339582,1465.51039742132,2537.52638486391,1460.33527439007,400.228399998352,7270.82084001243,7236.92278837433,2638.66028516141,2638.59040264839,942.12449161929,2410.10619189482,1266.62365944937,7389.99680798638,1267.01586236358,1275.07201886881,2626.66523825526,7427.93816500425,822.964177235195,7168.92154506098,2956.16089681362,911.34216861644,7519.95301065142,7166.42927564206,7337.86973212409,1230.31827840445,1575.19514348347,7229.08503816447,969.651634261255,7228.35205199079,7515.98394284466,6911.58776172968,2724.26043736683,7471.08619810221,1009.55174829706,2638.57830136394,1868.45944249899,851.863061771561,2488.26706317427,7463.39073167034,7280.83417034005,7148.25327799051,1190.89198064101,7352.96441284185,7480.96898462241,2624.42248637959,1197.44201105672,1308.76798877342,1273.11347381435,7455.93031681938,1035.09547133634,1237.97969969228,1370.86451954389,1468.18180682982,1201.35011850071,1529.88655935214,1477.22715352553,2416.78475890295,2530.19573215924,2528.30529876313,756.612168993792,956.163530528835,830.738535669634,932.820672274944,1325.22602194239,2647.78271444985,1364.63645124191,2446.58092922948,2296.1494839344,936.454102788761,2287.04617151642,7382.75836963232,2579.49549548617,1247.93706939035,1455.56755336608,6920.91068903947,7043.34095009088,3002.0357694454,1476.57240533814,7562.92763729806,2175.45196710985,7437.50534066891,7137.75459491679,1202.20091421737,1237.82023899303,1268.96676719085,1405.50764977042,1337.93232098298,2671.56271290326,2411.59551035241,7129.23297211084,756.726700028368,920.955875150718,1277.44012395827,1155.02150590635,962.773155796957,744.347902750717,2832.85755819919,925.281484748679,1189.7347891457,3385.73599842254,7939.99982431807,7770.84670413318,3273.42044834869,7643.47444476933,1270.15432541946,1374.86691666105,7943.90697991099,985.411159258398,990.451143937333,7905.559178084,3305.83957995506,7885.04997168569,1341.84367075801,1310.53240184815,243.391184927204,671.367967183703,3611.22281461213,462.98143604362,891.165446644924,3545.09620960254,7961.25193921357,538.872298074034,3239.68574827546,3560.5150310426,1308.46671825361,7802.070647943,585.213603744085,3302.07591008543,7879.23309361668,3253.52202444563,3337.35581130859,3209.59881836704,322.76135923514,7735.86632374605,913.074772239676,7739.36131033492,7813.25125475459,521.814882640198,7837.93676426822,8005.11050851703,7915.00504317027,7958.03384482176,1243.73044103616,3299.75964698753,3237.59601696124,481.956984146556,3299.11793453212,7857.63332062904,7727.48198522224,7794.35804619411,7853.96531052925,3323.13454722482,1022.58799373684,3185.37437685548,746.249790392664,906.258194941623,7703.22079070488,3649.978856861,950.646634237989,466.246447157982,3105.62808245205,911.95579283559,1336.66187505844,1160.45182181938,1367.76650669376,652.07548207049,1338.39432674812,7629.98209397363,3408.14238361279,681.607149799454,2907.54471242716,7772.11046530745,1196.20646278709,3334.848366952,7811.41042144055,2949.98047859942,3371.10787020228,7839.67117084102,3313.60702675434,323.548572071703,3779.84526958931,957.206031826122,8156.36410486706,926.418753098558,3128.0028859112,1430.11458276497,985.469156101216,513.472180191357,7856.29466516231,7861.97007073695,1268.7929428683,3311.97255463686,928.118311096326,8137.85371648445,8346.90115563241,360.298649193924,3456.97870866095,1457.71808392957,7704.05434402049,3467.4998307053,1e+08,3451.87296491675,1200.23277024766,3419.30219383247,737.300616973091,7828.89544348952,405.96928018732,1017.99395760128,3254.71943411942,942.424484780892,7849.57544267407,7727.9693440034,705.183630856186,3237.797648568,1274.90435595248,3358.14566900716,3575.85929496618,3426.09816413919,657.978298655515,7802.51068490591,7666.86705387905,3218.1710079061,3384.16843718497,3380.6910004686,523.492777770748,3467.70516943481,7925.95414769221,1469.55613759612,3225.10357370224,1380.57130831134,8027.48251220717,915.428981337613,959.621948018854,1222.44679445697,7882.81224014637,1291.49215980598,687.916114499582,1115.30977407706,1243.36804080409,7618.40052744305,1292.65283136238,474.861008174412,1517.0156425416,7895.01632679596,1003.42468988322,617.598382772845,3394.17863407951,3166.60288603971,1529.04105540497,7807.69522371845,1086.77172239757,1064.60319234635,3707.73791301432,288.641006683495,1312.51482985035
4208.86260474885,4422.36486065034,3110.36379678187,3121.7626476951,4834.85542063535,4972.98139343313,2941.40103342815,2954.13939313288,4877.95686209014,4678.16197858924,3055.09202129329,2893.27046509831,2831.40784742796,4445.12079785063,4667.47376856712,5102.47003855498,2735.06760644126,2932.99258304754,5069.70623418734,2952.99091385681,3076.73884386456,4468.68929605566,2920.13298543463,4648.26420000679,4411.16129891745,4762.19065360909,4431.72833345035,3064.28890895146,4856.43988112256,4481.69733054302,4332.46484726825,4978.07129496214,4701.7538759759,3943.85694319644,2846.26647059879,3002.06051501336,4780.87813698903,2865.17975856316,3923.87401471907,4576.32332167355,4165.40855874398,5056.16354052998,4593.33370135819,4627.31277508157,2873.91034284951,4507.80159789289,4658.97806811124,3117.36471009323,3850.34398344578,4818.59950118191,2857.24812454501,4782.20431198663,4848.54739869199,4276.60777209302,4929.71385551164,4574.54498978018,4574.57515951154,4335.83259620588,4524.26118457978,4965.49581127603,4866.77522714262,4600.78098348687,4899.31577447632,2743.19059640865,4988.78528499241,5054.89008779342,4949.18921901543,3123.9470123147,4475.2414593113,4403.49474524486,4081.12706041648,3730.40008741936,4213.62400827852,2616.16276718745,4302.07412156375,3953.86646914655,2639.319355526,2684.68050051016,4330.86039539007,2616.86017402478,2625.69265683576,2620.63331283487,3912.34029622294,3613.04647108552,5369.75553843361,2632.35940251198,3653.58158344085,4118.00599563658,5729.79087451377,5194.57346580454,2657.59398984008,3976.14960145146,3578.56685552969,4029.48906411106,2616.51955143739,2622.83506854123,4309.1640106027,5459.83415115994,5344.47998234516,5256.18936349362,3631.00478622959,5328.06358724948,3821.82431538867,5465.66958175107,2617.30097023367,4149.00955316789,5480.18494545512,3902.75892741988,4074.39226683944,4055.47002344167,4004.43156650549,3622.58862415492,5237.37198072118,4563.70932186569,5302.73503336253,4644.64859015414,2616.18877895768,5651.71541937756,3697.72340805561,5575.58153738669,5279.7312801396,3825.03497752138,3980.70692605953,5361.33906839046,5158.97878194661,4519.12126529028,5691.3217388398,3549.44497267635,3904.81330812095,5526.82109954004,4075.75450057513,2628.50810590662,2628.9601312672,2654.4946741593,4062.20033841041,4491.129155116,4194.29296280742,4599.16432898369,4383.06957030875,4603.05710631921,4202.19659657593,4577.43564151695,1950.15903048358,4449.10223352829,4455.27483063531,4179.17532015866,2590.8067762619,4492.58010195007,4012.63427347947,4734.98277454051,2091.54687307601,4340.04328137101,4694.73259929348,3916.31290208727,3513.55817126652,4091.68857077506,4410.99026134165,4563.12275407369,4030.50156884878,4595.67525137603,4257.77487726449,4644.42448471983,3054.79260828513,4368.04971218396,5120.08942799447,4326.34218729769,4186.31561294374,4213.01635940471,2156.73611462823,4269.27471097441,4369.59181220427,2302.40871988509,4099.66068717173,4194.92586311723,4445.17527412433,5076.17143915716,4589.04158774898,4659.21988572878,2439.02928431951,4469.80768638498,2379.81747891145,4186.16114923547,4815.42459491361,4132.52739192625,2445.42660162418,4414.91691579804,4035.38931214195,4004.4720652778,2413.9207114107,4416.86450152981,2119.02241937969,4251.78670326173,4213.21002150841,4040.73330376266,2034.26616773702,4397.9021802315,4590.28154475238,4474.2602126866,2635.57119183776,4428.98700048302,3524.05867662467,4540.57469869882,4531.84752870812,2396.53366438527,2142.83217173289,4209.19501412019,2200.96385345459,4308.25335092264,4717.66717808922,4276.31846507765,4345.49206085484,2229.46007922264,4703.85333338021,4024.50411036873,4449.32910295114,2997.52672519383,3999.67236298353,4752.48117405736,4429.07185956272,4730.45359625694,4233.58270571029,4568.50483077362,4436.66389749306,4054.33537570487,4493.7709519586,4800.57792021004,4304.8576347458,2363.24700988252,4664.90393488451,3912.80663214267,3563.39295623293,4918.11779969663,3758.8383723681,2060.96280561595,4708.84499558153,4512.04123959773,4353.94872063378,4218.01043158657,4589.63320042143,4659.90911942686,2152.84455689573,4343.99553964769,4405.90388566137,4274.81050956658,4666.9597014477,4204.67940405264,4329.18125827067,4407.80990766758,4579.1746782806,4250.5855786238,4550.9338844596,4548.62025577738,2232.0599070474,3061.5704275764,2460.84861475288,3923.17723904599,4101.78730557434,4037.56693015894,4030.68691651332,4377.43012243194,2334.71659392095,4462.01589521897,2109.09934392345,2232.78411201796,4144.21027514453,2145.47146077728,4568.34584418237,2069.28857028762,4414.3962220942,4498.97958097626,4234.81229881212,4295.26224651349,3506.31430656055,4490.01713583306,4780.81556141172,2409.39076336725,4718.77453543811,4407.68013575568,4176.41312495084,4221.57928681952,4275.64898696255,4307.32685891388,4373.78487992883,2206.27973147184,2234.08728100126,4824.38063931231,3912.86596561776,3986.79462581447,4190.63630269207,4133.47129940151,4071.60751711859,3919.06669627562,2115.9323251622,4052.02181890218,4333.6915036067,470.352847951793,5339.2076022155,5090.94060856697,532.324141300877,4944.37410169716,4536.90996483318,4263.62947865091,5189.58845677501,3894.76090742605,3931.20329782067,5183.9313141615,908.645197454738,5126.42804901168,4260.01314556521,4238.74442079137,3376.08266616484,3719.432623207,806.360917920418,3681.78836644186,3380.1409832965,535.007477920598,5293.20711767987,3721.72523289654,1495.51871218398,608.929430172633,4293.41107863342,5115.64626453788,3727.43438680804,680.655327126046,5202.30872834509,655.686363333154,352.068365398638,1056.19376541223,3460.64112232718,5005.48981049167,3887.04267338227,5073.06691223985,5052.36041563261,3565.36589142948,5113.76793952375,5280.82806770619,5199.56972659901,5273.46328441458,4128.70257703995,234.981118470219,1213.60267389997,3583.88313975939,377.499205092281,5081.22711454723,5005.50689730535,5075.78590622858,5099.79495410746,710.47532352391,4028.74665896983,1023.07719691593,3834.87363758924,3757.63564229859,5024.60435519081,591.066527021222,3763.59200146637,3592.63408917322,1257.96151690625,3508.10682472353,4238.57780636857,4325.03343816591,4566.00734893783,3396.93628986719,4261.07140026153,4980.05123092156,530.223857616603,3672.72722669843,1251.64072690476,5058.3138929529,4362.24732914796,977.911251415461,5099.20499735307,1012.15681484939,320.264763458233,5115.92282611866,846.42871397264,3586.2717026709,1510.02515140161,3792.29780088431,5274.89386176565,3689.23457169485,1261.19400590047,4698.07112568246,3772.05993717133,3685.08161563004,5178.4929315413,5099.00707566216,4129.49022238547,474.112143775236,3769.69379450482,5355.63368261178,5523.82082083201,3356.86896057737,243.168653059735,4719.61554265416,4989.32796385819,484.886511009564,3451.87296491675,1e+08,3698.03727441721,764.920701983859,3892.5912682861,5117.29726959722,3623.25976865428,3882.46256884039,1345.24089949926,3948.52615369989,5086.52204604791,5013.11074650147,3700.23026892951,1030.67836743304,4202.63143697122,258.859641341239,780.794936177365,576.47053695877,3452.41887993052,5047.91260445425,4964.76339154291,937.18611884549,576.322239110261,291.257324623507,3706.5473430887,581.619029820328,5302.21801881922,4666.5067165583,890.293253172278,4276.71566186481,5303.87725273641,3711.73031306716,3998.12535015016,4126.16291771463,5134.98342805878,4185.62770846955,3803.64118596213,4269.74494546431,4067.12877151869,4931.73768499768,4120.01075076057,3652.80474886968,4798.27937437391,5149.44024948456,4032.64464020372,3761.24797484795,370.252642784197,1214.2136958461,4743.28287584542,5152.84308043596,3664.52724336676,4144.69733974193,1077.89901333606,3454.42185607347,4223.97794692998
1257.32629393507,1430.48111718351,1350.23871545669,1336.62112868705,6708.91824319869,6870.37150031254,1591.67622392566,1570.58429552024,6759.48491663039,1664.35102638844,1420.75232349591,1676.57137730258,1800.06047497411,1450.34128516351,1654.18923040837,2083.90230764314,2041.21887191424,1605.89955777551,6982.45359610777,1572.46389746863,1392.23355436221,1471.13937046235,1628.13328709996,1635.99612650362,1420.78679964993,6623.26148047031,1438.62598028608,1408.49071957978,6734.26298013374,1482.7132965286,1354.39720850188,6876.28881630399,1686.87585916294,1092.69621913555,1768.68685238561,1495.8224199606,6645.34030825493,1730.39602129423,1083.51958437394,1568.73539662216,1225.74508243406,6966.80626331344,1584.50703040539,1616.26076286378,1713.29526700003,1506.13318898887,1646.13175106712,1341.83855073166,1054.68295657345,6689.80094214974,1746.24045670533,6646.90581303211,6725.00065088301,1309.31828762584,6819.98048853265,1567.09158177991,1567.11946136888,1357.17266960283,1521.02710861063,6861.66505763049,6746.38332204395,6431.00697451081,6784.47934658195,2017.53130041566,6888.73731696558,6965.33415997319,6842.68230557215,1334.04673544243,1476.96093689108,1414.1858845771,1169.08684689612,1026.40557469896,1260.87497400467,2772.48778498586,1329.64117461721,1097.49460206867,3087.82257740695,2212.15465958174,1353.07713379341,2818.24609645186,2554.23093761764,2618.84160954702,1078.473863404,1024.6225795977,7325.70355938635,2492.08283143536,1022.13897592426,1193.07920176545,7730.23841838412,7126.06756957509,3199.90912386374,1108.64421910346,1029.410962455,1137.8082690623,2719.09580071647,2587.69558559523,1335.36884457778,7427.59610829295,7297.02375651239,7196.51866941727,1023.10762578122,7278.3746593889,1045.7391504587,7434.18021536229,2688.35790940373,1214.22363478906,7450.54932191856,1074.425462336,1164.84923873451,1153.19220426609,1123.6878209754,1023.73487965156,7175.03089338826,1557.09655855735,7249.56729640597,1632.58222279166,2744.93762483842,7643.10205129182,1023.19097532354,7557.83342673555,7223.36768794301,1046.67999838517,1111.00207916219,7316.15796668605,7085.24674494594,1516.36588767029,7687.34262608263,1035.40977254338,1075.28242209954,7503.06004120086,1165.70267320691,2525.93583490605,2521.70957540678,2349.03231838178,1157.29572594917,6957.93555924073,1540.75949032544,6912.43535440253,1594.47430950441,1900.1546886771,1553.64685332805,7056.89199473425,2627.05113496661,1723.10330990738,6959.80549652854,1559.86043395724,2578.29003516422,6938.49908001666,1278.56383193525,7276.77962445623,2658.55180280751,6868.45812962356,7137.92472042288,1119.94336995872,1394.82111335351,1273.9253826974,1229.97234878605,6974.77102900644,1280.85885539829,7022.3826475696,1652.42730012412,1759.48145635106,2677.5453286819,1620.50138124264,2406.09534302793,1658.19315993432,1522.06045841189,1526.20251477049,2461.37265953558,1781.72274571687,1196.41745359193,2570.33240922693,1247.88516267997,1580.73251556673,1468.57439807597,2288.28516464962,1793.00859936465,7206.76945835242,2467.51224982943,6935.00759401741,2646.28230831451,1552.91460114418,7361.14058411606,1217.41431650449,2251.78021987238,6996.8963009516,1308.75256174498,1212.82567593321,2331.72942444832,1705.21427383745,2633.52098201002,1625.06892219288,1411.62384991106,738.412412759887,2633.17579948669,1242.31580527523,7106.12510384785,1052.05948529698,2483.94587912274,1835.35772078968,1071.59832843751,7009.95539671914,6985.09837779041,2622.39255730816,2660.31314274121,1274.46998931908,2427.54747263316,1608.29746412331,7130.39926032477,1582.44184838988,1615.01884585959,2620.36259847256,7166.4876488733,1284.76403143004,6917.50818819998,2851.67174943714,1411.86667080288,7263.25758641215,6920.20110999984,7037.61079029106,1604.19413017599,1909.5614910749,6985.4157038801,953.364987542768,6980.34133996291,7254.72723029334,6613.79748459299,2680.73895477348,7218.76447804393,1658.09844510116,2463.27055142325,2241.96150165911,1542.18721541692,2502.11948156146,7213.09170205558,7031.06158320505,6906.39122765181,1514.72495009623,7105.52534193685,7240.77046484261,2691.58872083618,1212.64316571315,1623.80340809346,1595.91869500949,7202.147380267,1415.34299922962,1560.26660571014,1727.74980932484,1745.71317252191,1576.03870795563,1883.42757799454,1832.26330140654,2464.54092895704,2497.57834716611,2492.9658148861,1082.67880794361,1433.32229494621,1243.00702194333,1428.99150413374,1694.61981797632,2666.67595891177,1718.92959254594,2471.93046078338,2321.48634348219,1221.77075654215,2351.29031098851,7135.29861179965,2605.67729378603,1248.0004486068,1831.0956753681,6654.25465641841,6789.74565622011,2772.76569310629,1854.11557664147,7306.95743052717,2298.31788790162,7175.48304592747,6882.48536753973,1559.20488487151,1547.54959918357,1575.65623436758,1796.04214844903,1695.13771737767,2611.71093534768,2359.5509355616,6782.58806311601,1275.61411838934,1426.5047602657,1600.50635943917,1506.54475949941,1422.91306809571,1279.96355540092,2864.45045553165,1410.86301523091,1492.20982204841,3623.47206743946,7771.86597456796,7615.1506079824,3515.82608873703,7456.12517555915,1501.29565194027,1689.94274777498,7776.46547724658,1312.01132202172,1212.44471573916,7757.22076882624,3567.35659040226,7709.66067803097,1653.51110307731,1608.9620077467,1200.65690918917,1211.79408570374,3806.02494650004,1143.73283285567,743.711795536796,3776.82354913474,7810.30061990818,1018.65779369352,3524.45947704155,3757.49940346105,1577.65049231483,7627.89948576973,967.206744279459,3571.09678217331,7715.54179912264,3507.55983321625,3574.47007352869,3487.29405472348,1269.37901977918,7527.00435839931,1400.14407013515,7576.58793965155,7635.5619806261,946.998548655966,7679.2384291003,7767.15825264392,7715.16413296316,7789.59341139257,1542.77143763063,3541.38946727879,3502.54840608816,942.248399993524,3553.13478948347,7681.47397927815,7533.13597374186,7587.37501008562,7654.30355268469,3585.46957614567,1236.88305488495,3451.95922617195,1231.31743076396,1147.48236951962,7489.73979396584,3884.4542050901,1192.36628966006,988.334358692691,3382.10376234465,609.707967773673,1622.98147597737,1463.47803179023,1431.90619553231,1461.8267295588,1637.16917558995,7481.81541213593,3672.94020404847,806.511785461844,3004.99709554436,7586.87243863157,1385.7690637519,3585.52026132995,7617.90330689787,3216.32224444126,3621.26893517293,7678.38207894119,3563.28382181829,1107.41113560224,3916.63735213621,1206.69011088701,8010.71251938737,1161.73988105502,3429.39812630462,1541.76884617734,1162.20285930964,1089.9773119258,7700.9988344101,7665.46152035284,1607.37991655507,3577.01478627318,1225.01940430281,7930.69587749527,8117.15987126065,1110.05565183632,3694.35175928977,1560.32050504239,7472.7993677823,3680.47929343826,1200.23277024766,3698.03727441721,1e+08,3598.25083762869,1201.60649979832,7633.70003142473,1056.01265854574,1208.22137172295,3530.32196827494,1185.25939305425,7640.35362316716,7561.70421645753,1277.61077285244,3506.71566295893,1606.07311642563,3619.13648435857,3795.96746943282,3682.82590392671,911.494876415519,7605.25013090035,7469.26354244302,3489.62233718908,3606.3533147671,3666.25996415478,1089.55517147963,3730.98447529901,7773.32712661221,1463.96765668231,3506.47149954589,1682.92937535402,7812.93824153541,1207.25770622518,1229.20829293357,1522.28708471738,7660.0918531175,1596.40660444763,920.008483535001,1406.29585757007,1574.13139206362,7436.06945656009,1635.09278734504,1018.9161620492,1628.78616939898,7706.85257896838,1285.51679945771,1125.26043311123,3626.78657452248,3448.19527513626,1548.97722948455,7660.60903923789,262.407102322,1249.56635486297,3893.57120274164,1242.09011693741,1652.56314523331
4194.12464044037,4421.3284611111,2976.73382134726,2990.14115738007,4484.14540488721,4625.20613890758,2773.83337814286,2789.45458093364,4528.17270929474,4691.43767368381,2911.27608990021,2714.19309066893,2635.80552038141,4445.44375953617,4680.19129136774,5135.57961180393,2507.87158728636,2763.48656952291,4723.92988092723,2788.04877029823,2937.00416417652,4470.40128922435,2747.60547976109,4659.97037017319,4409.44894354182,4409.8992325208,4431.25346760222,2922.22204847498,4506.19465977488,4484.16789028882,4325.87544601042,4630.40238450021,4716.2502864831,3909.28334671314,2654.84064965904,2847.68950255187,4428.99585214283,2678.87100450516,3887.65338955348,4584.14588501452,4147.65202965953,4710.11011044072,4602.08852147269,4637.9037448567,2689.89407929789,4511.77743603007,4671.24960763561,2984.97182942791,3807.85381546602,4467.5379321795,2668.81930243703,4430.35099796061,4498.13248699434,4266.41317740178,4581.02942302803,4582.26958060741,4582.30141327132,4329.45665748248,4529.17468047486,4617.5639260532,4516.75175656541,4244.88717229504,4549.98705171141,2519.05324095272,4641.33980369455,4708.81055670002,4600.91516827891,2992.70702692563,4477.33625463796,4401.31725750167,4057.26723191508,3676.91216754566,4199.21173680491,2303.71020966642,4293.53851701576,3920.10911654363,2298.92484565806,2435.78843315905,4324.16914365836,2299.94238150135,2336.23389148939,2324.09299798991,3875.15826128866,3547.73981786685,5029.8864855826,2349.90905418109,3592.48638839646,4096.85845421638,5396.44422127983,4851.30907216075,2308.94703216566,3944.18879227211,3509.56264801673,4001.71705433184,2309.44036036868,2329.68143557249,4301.08567157314,5121.6534798456,5004.13022093315,4914.13621745003,3567.58154976362,4987.39996088139,3776.80945267699,5127.59696085679,2313.39223795511,4130.09172812621,5142.38040052116,3864.77212576384,4050.02989002077,4029.68344530074,3974.71100162124,3558.28626469432,4894.9508928158,4570.83484259859,4961.5845979295,4656.16321937777,2306.48733249692,5317.00478262269,3641.05704624262,5239.51436917697,4938.13602452235,3780.30703989105,3949.11009647488,5021.31028575398,4815.0061733236,4523.74289578014,5357.30642912398,3477.23092151806,3866.99952942759,5189.87117791376,4051.49395622844,2342.21713798158,2343.1456631694,2388.82810154018,4036.92240529593,4230.86463817366,4244.71689578581,4320.24279204046,4404.98763906722,4684.21172705659,4242.50266179136,4320.96178885722,2101.41060169718,4523.46396074635,4204.15986239643,4239.2408473502,2358.35279780338,4225.00148629174,3992.63583498513,4494.45519069569,2133.36445681998,4087.91751919976,4439.26470811304,3865.00849071472,3546.17014390915,4053.23321038933,4318.70261545608,4288.23212317885,4007.86730021101,4328.13758342904,4343.61632269557,4624.21925523325,2673.87380534535,4364.48584638397,5221.67904976417,4406.31459577616,4258.91091029698,4262.18506180485,2232.57783646475,4374.50514367248,4279.08337693883,2341.67161497798,4061.28707151039,4265.46003629948,4374.51576951805,5140.94308577344,4584.29548853302,4421.13818625893,2386.41657037227,4197.82813484832,2269.6076417213,4264.46679216063,4577.2037037932,4074.85091101057,2589.38176904609,4185.77932669267,4028.17565224215,3970.57269557056,2381.06840551851,4482.0488928242,2053.35170949273,4336.72640852242,4199.96993344082,3952.18560656134,2090.71579814023,4327.90158125196,4347.91327093278,4378.69745418299,2365.74131266358,4524.35282651477,3465.87552884931,4284.37464077528,4265.72566579675,2320.74531959738,2167.47041686126,4160.39126086193,2301.23752315048,4371.86868670748,4448.0489799466,4350.63660850725,4404.18918169908,2226.73142803132,4444.12096486707,4020.83516514661,4191.64100392027,2564.44143927967,4030.76399962615,4508.91146416157,4172.83525363047,4452.19289066449,4309.35138709276,4662.58585620877,4188.65939234759,3976.8708441306,4229.81341138258,4541.0209145762,4028.64827538935,2241.60734822447,4435.32106216473,4030.13273276028,3146.02122847465,5013.92178056508,3866.63054821056,2129.87390435697,4457.67415594042,4267.28332055465,4114.42119196071,4264.3983516618,4338.799356895,4422.40210822905,2243.34140119115,4254.07827468404,4436.63324389858,4353.53694633614,4424.69568859573,4212.41788598601,4322.86660575175,4456.85819362566,4596.89744349291,4305.75820875308,4635.74730168634,4614.06208510453,2292.9766269584,2747.12519032135,2388.7772104863,3865.09300784643,4116.30006153082,3998.5442701076,4072.80428218821,4424.25509706415,2289.16995866582,4471.45130190542,2163.89174072209,2336.71352401239,4078.99573107727,2230.65547204822,4332.63293691168,2142.01438936836,4332.15498014777,4570.020655226,3969.20047652931,4044.54708489519,3042.6204092285,4569.29991026577,4538.76227196285,2541.98213321261,4459.25403322341,4144.17471579904,4250.75471797528,4283.1037168702,4349.12463366363,4406.94280685603,4434.34845140155,2102.55147605559,2311.16000355407,4419.60858355696,3915.59795442595,4019.41473034011,4274.48156747351,4208.49789092233,4096.5600157537,3900.28001708657,2072.6850240793,4077.68853002402,4323.30354826585,568.356878186744,5115.11106382156,4890.42222496394,1101.68839213633,4748.19228064778,4415.36153471055,4365.4968740486,5003.10879553069,3887.73660797539,3913.21028117255,5002.77778585575,1350.00900426781,4941.11420622704,4349.60802743697,4323.37347544211,3360.43140021556,3738.88360900855,563.771853167929,3645.56182314879,3297.76483175709,521.389619019204,5098.09197198591,3674.22159874674,1813.44687451997,491.603718609757,4364.8671335007,4908.36790039124,3663.26512505917,1113.37225611256,4999.66028853145,1104.52038233619,630.699787828219,1467.65215711999,3476.34371218234,4804.70780876879,3971.46399601503,4867.65621739017,4870.35885763877,3505.52676732342,4922.68716070261,5064.8606296518,5001.38242309821,5063.31134629425,4219.02478033421,642.662785569043,1584.35534430085,3524.46208604709,989.218095887833,4904.20280589368,4804.05477462106,4872.93946325829,4903.824840793,1115.6240495858,3956.87119279624,1461.4089821836,3856.32347379683,3759.60334549196,4809.91068842905,481.823418523599,3772.09596601319,3531.483358132,1608.25996590651,3425.70366876392,4328.55013782368,4249.73897487572,4421.96901631629,3489.08819205957,4353.01366492122,4780.67128328143,1021.56710128685,3597.70920247702,1153.61310139241,4860.59964221658,4235.57415522986,1377.78869027271,4896.7366628732,1436.80279867332,975.898466376889,4926.38019243069,1293.3943050318,3547.79726336098,944.573352135925,3793.16152675997,5127.8678412566,3704.32253832486,1627.99537121309,4563.31424084634,3778.90372041863,3656.27892933689,4977.61050444119,4905.87100595938,4226.99196748259,1086.80148757396,3818.22131436568,5162.8702082805,5334.62484233242,3301.36346828645,859.190903363261,4585.06786858153,4780.55977512649,974.894487658995,3419.30219383247,764.920701983859,3598.25083762869,1e+08,3875.73384576757,4912.86917394581,3577.96755295798,3852.69063980547,1673.88734080344,3882.10712417349,4896.17298698233,4821.40226942934,3752.20453460121,1437.27491842053,4288.84741854191,933.770933399262,256.210345477954,1113.39964047903,3382.05620334682,4856.10916237174,4765.38502914548,1350.88825902065,711.7146055623,905.622848700497,3674.41764599821,1016.60957025247,5085.61494737052,4520.77177393345,1362.77043396954,4372.10800045025,5095.48732148588,3759.60385664293,3923.55455844415,4212.45876046381,4932.9120333593,4269.29107541715,3737.07263144201,4178.00463383127,4167.95483155941,4731.83029474184,4217.15252109769,3601.0624926156,4664.36418660736,4956.3373534696,3987.69579515617,3727.69353378368,803.105043393785,1559.61417421292,4600.72132919252,4943.44095679121,3575.87415139209,4053.98048760369,489.149288929322,3460.12064693974,4313.90779502043
1090.80206081737,1115.22630387365,1976.53915630096,1959.07173803167,7476.79823292534,7638.40408874234,2265.99115900192,2241.79664453795,7527.41439460038,1219.9398184106,2064.53218373898,2361.98551904716,2498.47606958507,1121.49372278401,1214.20735325346,1513.52923497419,2757.85007160337,2282.22310330607,7750.58329163311,2243.95897751261,2029.394961531,1128.66964308313,2307.47017556577,1204.16887443866,1112.38436527736,7391.0539151646,1117.72544450042,2049.4932175926,7502.16797313905,1132.92180744402,1097.12943457778,7644.32670575067,1232.95433007187,1154.50478560579,2464.09427718735,2154.67609433657,7413.15577070698,2421.87382683463,1163.57972801558,1169.76185117461,1093.94890795924,7734.92281261324,1177.42536369776,1193.61817939656,2402.91865559618,1142.06492818885,1209.72536919536,1965.78487378631,1201.92693148794,7457.66180331297,2439.38048099973,7414.72289598436,7492.89655308927,1091.51892105255,7587.96711871566,1168.97819262462,1168.99145963375,1097.60892986257,1148.23872617127,7629.6898101474,7514.30013028178,7198.58452147587,7552.43270428369,2732.68638453346,7656.78629364818,7733.44946575856,7610.68982255852,1955.74957216709,1130.78585067249,1110.53368946645,1108.22152083032,1280.57154874765,1090.62992997071,3516.77105848734,1093.5245170164,1150.17899934548,3838.15079137026,2937.95967947479,1096.9065693323,3563.54376110381,3292.84184353621,3359.29079485771,1169.08218488843,1375.71508361705,8094.09120663079,3228.77901093475,1340.88952048397,1100.64504098701,8498.86621318675,7894.31203424597,3951.93851030722,1141.07988747166,1406.9298074326,1122.30640069866,3462.12530609553,3327.27699804334,1094.24848326552,8196.05015926607,8065.39192843502,7964.81573759422,1360.03493390846,8046.72997670582,1218.85359083506,8202.63841178327,3430.6290269527,1095.87886521972,8219.01775001203,1173.79953605229,1109.82885236334,1114.71401437298,1130.59443142304,1367.33387676065,7943.31216486088,1164.27593110392,8017.90245696828,1202.31811540872,3488.58374177287,8411.68319638425,1305.30718950138,8326.36635078458,7991.68419505353,1216.89175538402,1139.30963063547,8084.53917105505,7853.45964089205,1146.27740754807,8455.94777929984,1434.41929268376,1172.77692086259,8271.56058500911,1109.4981711986,3263.69373329356,3259.33742118891,3080.68447443261,1112.91410009186,7596.07553006297,570.808875579143,7582.64449418886,861.900610992995,1161.67301863463,735.030630897162,7695.40741105024,2721.23441224945,945.523548567262,7576.16555062352,735.126287014543,2793.29288586673,7569.50080076901,254.349678009433,7895.45143227336,2787.38786728778,7478.69709507389,7783.77605354838,387.232304927331,623.189014979553,373.565899196139,1006.89449798108,7614.63110108133,333.960994478417,7664.06034197463,849.831477678981,1079.84618303385,2960.43126677585,840.063170750848,1599.85613734986,898.121410465267,765.294400726754,736.141131874965,2592.30880447425,1000.64894142202,972.55765907198,2624.4536390466,375.56117705366,770.58198804263,853.792113194927,1496.90439443239,1008.54482505211,7818.41510061532,2576.36657641853,7562.37313087599,2794.97742970834,765.807462672535,7985.4809726383,537.927404447255,2198.98833856367,7606.38661578722,327.785376110753,304.92146400278,2437.33671474713,933.268476202054,2783.81839735792,875.52179709634,479.525691463429,930.061612485359,2724.91947125625,912.253951022467,7730.81320087602,1221.68826948447,2696.75388452176,1098.71933048007,651.33564430234,7646.90507637606,7612.15498875942,2770.49963559163,2759.32960545454,529.587384644786,2530.81245706516,809.455424898202,7765.59276983559,841.915362029054,827.420302821945,2746.69214992611,7806.58935282937,240.983394630249,7543.07243389544,3180.55451141912,370.138477572622,7888.01057367538,7540.61203293151,7711.30178548162,813.782788838496,1144.05112348585,7599.05618034507,755.294455970741,7603.01352661274,7888.32299778591,7279.04952520814,2852.64408730687,7836.73994073865,852.30045507212,2846.27500067751,1390.13901538646,762.48312531261,2623.29320161797,7837.47507995172,7648.55338939706,7516.49574481961,720.67042533986,7724.58154230101,7848.6210355417,2740.18749383277,942.104204665425,874.4011322396,848.392983754352,7825.42984973123,560.183897716767,789.793527108478,898.146105175852,1012.75265092198,738.116586979612,1097.00090683227,1029.59721435405,2528.26578891012,2690.60380460341,2650.88240188839,480.920884736614,407.989351280822,369.210008698175,397.300729315949,882.428102057618,2765.48636265747,922.476677055692,2574.92891932493,2410.74410652578,615.803386568107,2423.72208438906,7749.67280891192,2711.88925248309,946.193983064313,1020.96689776688,7298.10034989657,7418.96656617315,3249.32665257768,1040.28243330744,7930.86169555732,2279.08676571546,7811.31302229555,7511.52309099348,750.331126775488,822.015574840327,848.339690843869,1062.07519966219,872.44285314767,2815.83777970115,2531.68671018571,7481.57786693565,238.411703636649,381.679360458798,829.979749574713,716.2536423494,426.906207006611,272.521229088016,2968.32965594949,368.430861966597,759.095067282737,3832.065412745,8446.10591707188,8269.19089587361,3718.62481469553,8114.35070103833,1128.24332575724,994.722355848034,8426.88956001987,676.698559938089,677.620419208276,8400.48857145626,3769.10320998669,8358.21038428522,940.791848284931,928.37787388343,720.121634762125,338.506363846646,4053.63152673487,432.254945316186,1241.89775406645,3992.05471599352,8464.4486080582,422.099624887292,3710.63845248109,4012.71130857456,908.912381439326,8288.44263498899,506.401677884623,3750.79132187479,8375.19951652063,3714.35320516535,3783.07075154133,3673.25743426673,685.833258637398,8188.94634785771,586.080997635541,8237.38368027134,8281.14321836592,814.552535388524,8328.08060725215,8446.65779311859,8387.20720477525,8452.59674704131,854.066073778414,3744.07525655005,3706.48899312635,792.930020474567,3746.41334368894,8327.39609112774,8195.94408189631,8254.2088343443,8312.8879905098,3775.93494043534,821.353367737871,3637.96572965398,266.789008083544,680.078333837625,8164.99072715784,4100.50599962189,747.887345788433,717.183712495899,3579.56017295732,1153.34372301031,911.139502020867,914.86266127891,1269.01006452058,931.790211309863,926.873622899906,8133.42209181608,3858.25279051716,708.137554135829,3238.89214346219,8245.21348978247,1063.35546141277,3798.11454476271,8281.7488063708,3404.10882739463,3821.41068917039,8329.00745692873,3775.94531121253,589.773367995216,4240.14817031486,629.829942393777,8627.97052358314,723.496288739281,3587.84559421229,1310.81125585604,758.178151195778,348.46764711643,8354.50344801446,8323.00478785975,866.974299955495,3761.9237705224,667.250284457451,8589.02076797043,8778.75020005605,974.192736922428,3914.66273151419,1311.51228400919,8142.76323581718,3918.1812879932,737.300616973091,3892.5912682861,1201.60649979832,3875.73384576757,1e+08,8297.78580006872,576.044575631257,739.871378481045,3726.78316142176,795.143531802911,8296.15772010271,8214.30539770168,500.450157391325,3704.78664766003,931.410981212633,3807.62022320548,4035.38348867649,3882.70658447867,1030.54828306627,8259.37563468652,8129.99353299346,3675.07992362712,3803.12951324349,3835.43347353035,343.922540324616,3926.71934739323,8433.69512640181,1387.36576232005,3684.94201525798,1004.80295731371,8482.16948339637,679.213896126817,768.340685025576,824.683895467386,8326.94319778082,922.268755385439,586.035519099006,901.113769827526,831.00259458634,8093.29742842111,870.632563629378,492.551988090192,1366.39896854057,8364.39799924177,768.79656540662,212.651279405264,3847.30238963086,3634.58247554919,1423.79299289709,8312.24957247765,1156.47896358836,870.949355101715,4179.91254642933,659.205673622188,905.000378274653
8257.98381824508,8518.36979542416,6705.78826468138,6725.76981245619,2146.13523786254,2103.47665961691,6384.96818817604,6411.15560370634,2131.51842143398,8822.23126795853,6606.33872029294,6281.98468555514,6137.80342439763,8545.72998761,8809.68534800485,9311.69554201389,5869.79529171652,6367.45345251899,2080.90672170022,6408.8111461433,6645.81984307161,8573.99463486728,6340.29493187314,8787.10636998777,8504.87360865169,2173.42701721746,8529.63623579395,6623.20105504936,2138.66827730804,8589.56363823026,8409.57391947619,2102.13817922351,8849.88128204661,7923.48892462532,6173.89465092059,6506.30841689267,2166.09256590172,6218.41891412342,7897.64503893274,8702.18566659355,8204.08153523055,2083.70175074361,8722.31783983389,8762.43442743628,6238.48470662872,8620.74221316026,8799.70435986289,6718.08040645797,7801.67083854795,2151.95299473953,6199.92894751973,2165.58034787612,2141.3644436001,8341.37270546788,2115.52771726863,8700.07903890736,8700.11478130531,8413.67066326729,8640.35755947279,2105.47545378398,2135.19728243079,2245.72590516025,2124.7122225545,5895.49616498438,2099.37534224371,2083.97070104329,2109.95447328764,6729.57980957959,8581.83948437982,8495.62827023577,8098.53817631321,7641.82535265845,8263.86992285793,5118.31036267521,8372.52695956452,7936.39771491612,4811.81430202536,5687.49265264961,8407.62156413013,5073.2997422736,5335.76252031171,5270.89185177594,7882.68343620364,7480.79370707163,2049.567160936,5398.58654748957,7536.99126941281,8144.88857284335,2087.25954707572,2060.75867539941,4704.8475525438,7965.04971684953,7432.47020901625,8033.17343102912,5171.07433428966,5302.10839611454,8381.18233372153,2051.48490518138,2049.95862303278,2054.5563880293,7505.77019651789,2050.4327025371,7764.05198866889,2051.78618316608,5201.57335002391,8183.65111109986,2052.62827752321,7870.228867008,8090.04441451985,8066.13041116623,8001.24985701968,7494.08094226898,2056.18881776067,8687.2350328971,2051.50479048407,8782.85212685827,5145.50310779413,2072.41654157783,7597.48576718199,2061.4192088535,2052.83759553602,7768.29854436878,7970.89531126566,2049.6520148447,2065.4674455545,8634.23576261616,2079.50174134353,7391.25857607251,7872.90127394455,2056.22354803557,8091.76317444333,5364.31216650197,5368.58400958866,5544.92020574777,8074.64468000855,2491.82065478629,8702.20194656003,2903.0734567957,8835.18408481655,9075.13754317511,8699.61939961899,2595.09043465882,6462.23722014199,8912.18091055473,2706.44809170668,8675.55380594214,6741.03910393,2613.15301187545,8444.90947756709,2841.08067674922,6539.68702787569,2685.85300735981,2971.97152120557,8295.0885123273,8041.98179062463,8494.08549046778,8612.74621767897,3071.16603733385,8469.02907435875,2816.17326883556,8721.99755690449,9056.33223471046,6907.60508892964,8834.0379001483,9612.69499580413,8759.90939264341,8644.26929783667,8691.90974367639,6624.42996464838,8715.73612261473,8583.71809629365,6823.60018424618,8491.46384228671,8697.67487461041,8771.39897374845,9553.27317383737,9056.13017751983,2809.55648621243,6880.59594999132,2682.50755772127,6675.51684405655,8656.26401706813,2723.12499858278,8484.57672060952,6971.46517768062,2438.40150939816,8479.09251266614,8411.44072935601,6894.06068519598,8903.46343828769,6526.47153052711,8677.57411407581,8652.75169095616,8150.16188589752,6550.29812679856,8637.49982468587,2654.85320280135,8544.6313553343,6791.42385316384,8804.63668743623,7880.15721716004,2524.53346478426,2640.03798964653,6763.92881201913,6627.1443897251,8570.52291535389,6681.52362139464,8786.85875574434,3095.54827934147,8704.80081504394,8818.38593507292,6665.28621362198,2918.62514978455,8461.52749733295,2615.47134110574,6676.61747640083,8510.23477075619,2814.68233648136,2647.1460647314,3081.17939710499,8701.83598570237,9046.81731850812,2560.96553860934,8277.71691327123,2688.83304619169,3006.74052119878,2900.28614056492,6640.72868181122,2599.38499278717,8434.09562874737,7144.07138786684,9473.40807113761,8295.84545090322,6575.98808578579,2911.2423868357,2681.73595918596,2280.42927134195,8694.52192765608,2616.13398521291,2600.81344787896,6701.34381473832,8574.04361039008,8866.57547740844,8714.51156149619,2727.91060327782,8647.11665340794,8787.12563699877,8931.7954611958,9046.56306823967,8735.07980318019,9042.15883287717,9048.92229803405,6779.91080615941,7113.81584332708,6827.61736647506,8270.21893374112,8587.64601980548,8441.70135678661,8535.15567770637,8877.53494025117,6744.13881038707,8951.82751872989,6641.42342768384,6759.10375884133,8487.74464914371,6711.67383049615,2551.00613920333,6573.00738813067,8649.49944596096,9011.75465035758,2499.1197476348,2349.79746253221,6854.2375292379,9008.50612115769,2771.68732223136,6947.88545594827,2979.27538273924,2697.91574939365,8670.40869582896,8682.5486218213,8706.47654108202,8683.95253925594,8883.93437809506,6523.82700687125,6680.43555640977,3375.1940835026,8378.09375237637,8508.90193391051,8682.16341687759,8596.78818759466,8572.7150987137,8377.01999244831,6514.08827427651,8542.53678977787,8752.41981369062,5140.15288478924,1144.96282724714,717.063839569128,5289.49985308409,289.401528440339,8643.50742004178,8671.93109715621,350.270806948153,8324.82872105279,8310.69102302144,667.490934265611,5237.60030528342,273.117913839006,8712.11339922299,8616.05204401392,7784.948148298,8153.95832200538,4946.25327364541,8053.91535082587,7455.33177953917,5020.57830879953,974.734421001887,8049.12669736624,5389.78219975425,4918.57202996815,8673.75784220672,462.69251594566,8019.13558374505,5212.44414063904,764.422439230508,5180.56832050163,5161.61936906698,5333.23994920475,7894.14487244804,377.376112302514,8351.53351272913,724.292488037384,332.604907226921,7809.25539005845,500.432802973556,566.942734998236,188.935924555608,778.542877317247,8558.2574723799,5145.32237630119,5329.13124522971,7820.17096911469,5231.61608501075,425.451786737325,205.184929400609,282.053450519464,323.61057528623,5169.01492135067,8324.54275995279,5380.59427353356,8264.87432299454,8145.94178043592,271.986569852601,4878.87133412475,8147.16417781646,7869.65877227221,5390.52076566015,7574.24152000269,8699.15695469637,8597.87855319797,8582.55448086871,7891.36474588705,8681.89679963619,817.378262583238,5124.4360422372,7885.78394615237,5658.31545629842,133.372158972682,8510.11226502146,5185.64811338616,106.793263727226,5518.78927719493,5192.7117780407,469.110342822965,5192.67055315616,7933.05848792796,4846.84819497069,8215.95616070106,880.693582085474,8086.94149107697,5440.5539184842,8712.04270166048,8143.36234659788,8056.0530680885,779.38369060504,360.922526424662,8588.87558545353,5254.28531348619,8174.48218854048,596.687560269987,1123.195361913,7642.17378353008,5061.13893514021,8755.67280174577,583.552554054842,5009.1888899977,7828.89544348952,5117.29726959722,7633.70003142473,4912.86917394581,8297.78580006872,1e+08,7949.48700958435,8255.74099117316,5312.96316474214,8229.70802225841,600.112872355265,366.222320947422,8162.82947249979,5279.94562451874,8577.89402476799,5224.74207489097,4890.22638589148,5150.6634887951,7638.45348085578,405.259791673616,285.350896154888,5280.96333335291,5216.36377990573,5186.76318251332,8071.05889903432,5052.77993517257,1253.26890042196,8616.38767195323,5340.14303017414,8652.4155945483,351.685357773086,8119.56885027525,8306.01005707546,8561.08046698784,560.026145563004,8619.0475011359,8052.20456024102,8527.74976395532,8553.40289768285,361.611138761726,8631.53821056768,7973.80553152002,8832.31530043691,253.830092669386,8364.28269967106,8141.21235124102,5036.06311045082,5335.64154249103,8713.36607606252,1015.42937275867,7646.00210857972,8385.59093795366,4790.37472091233,7887.57297185484,8701.84641101888
1127.62420252982,1222.8332367477,1722.4195462113,1706.24158455361,7164.1794717871,7325.62893464144,1995.24187146135,1972.16063958113,7214.74554531068,1392.01850324933,1804.48804864729,2087.19515324071,2218.81661731523,1235.78853125866,1384.05205361351,1748.76118955233,2471.04858957153,2010.74945805928,7437.70538049943,1974.22179591504,1771.60855926857,1249.69591142193,2034.90426884917,1369.90248237424,1216.63146370267,7078.52240881194,1228.10651538433,1790.39881298758,7189.52397783066,1257.5774357843,1176.57755564749,7331.5460111244,1409.83124785423,1093.51966112345,2185.57605175008,1889.41304644211,7100.60147772275,2144.83262753282,1095.39559459188,1318.96996140859,1114.98737471028,7422.05897394133,1330.70486421655,1354.72499573837,2126.56933959132,1273.81848900143,1377.76719414345,1712.45434880976,1108.01372325333,7145.06225018132,2161.71634672476,7102.1669952007,7180.26174938811,1152.19331746143,7275.23968407788,1317.75470977974,1317.77530827482,1178.15948818252,1284.34032152945,7316.92283202044,7201.64415955768,6886.2605841323,7239.7394755469,2446.48065693749,7343.99398593939,7420.58695550931,7297.94076995305,1703.16929632524,1253.64789605035,1212.45643636764,1098.01218779108,1148.05399704896,1129.16134651531,3217.96789277914,1162.86923540663,1092.82692609143,3536.39652437489,2647.37243597114,1175.82823874482,3264.2574147636,2996.66776098654,3062.27720848658,1096.77881517611,1210.33228853499,7780.92518856741,2933.46792910041,1186.27911581272,1104.17543188315,8185.40513720247,7581.30891967833,3649.31797708346,1091.87237296028,1232.86793165626,1092.83389036587,3163.91349085528,3030.6610978128,1165.97464881589,7882.80562377706,7752.24855839957,7651.75370947066,1199.34860827768,7733.60146595395,1115.34604119726,7889.3889047131,3132.77192757847,1110.88785884692,7905.75593540554,1098.09584244535,1097.10557453029,1094.92694347494,1091.8172350831,1204.43149509305,7630.26793648555,1310.39820283072,7704.79710710828,1367.26399143767,3190.0818822653,8098.28204025735,1163.12638809998,8013.02568889714,7678.60013116213,1114.45229823098,1091.77646606146,7771.38066379434,7540.49140331975,1281.03180233647,8142.51596592964,1253.37019765698,1097.80059355873,7958.25978874818,1097.28342877118,2967.90550188008,2963.6078199616,2787.59710263184,1095.63921135378,7309.71916958022,971.763732511477,7289.84785569913,1183.48633138514,1496.93830370562,1081.87725147716,7409.15145007862,2579.88801375854,1283.02506457174,7298.2820500606,1105.74846633969,2670.71115707739,7285.51085840692,662.778197149348,7613.63197884888,2684.70034834418,7199.04531856209,7499.23542082,538.110794385287,538.789967017135,725.063659539459,1089.15339515611,7332.04143333471,676.783102297364,7375.1261112473,1182.36364218857,1451.58759667736,2790.98768480965,1171.92366700459,1944.7895715254,1217.25490773006,1095.95527726856,1082.25051842258,2488.42414913364,1294.37460645262,1047.14294186879,2537.61762054967,712.410076855392,1115.24962703534,1081.87008001765,1846.90085086855,1340.76605152331,7537.97439427437,2488.45742025564,7276.95574582511,2690.67412955483,1094.14411483894,7702.03305272251,740.467815443722,2107.03039669312,7332.91236873013,731.337174780593,618.140901966994,2349.68061004803,1275.63638067605,2668.00721868661,1190.9088492077,870.284568380789,922.04322330083,2610.43012330214,1005.48468772219,7449.32008215059,1296.17079909203,2558.42488523283,1365.49243859376,212.210765103811,7356.56584961669,7329.96568895272,2671.73571305637,2657.7941316995,794.075713342811,2433.5560319841,1159.17831464287,7476.51534522523,1167.97336026732,1168.76745268923,2651.29143349202,7516.58720125545,687.664008341425,7263.47971941572,2982.07423021498,791.547321252625,7604.02046777457,7252.42478234038,7420.99180540631,1144.25782424306,1479.01726798708,7319.59736995938,770.330759955133,7322.48243063389,7603.10295140516,6994.90222949308,2748.64537324444,7558.52670183147,960.04824815335,2645.17217011533,1762.77319726159,835.945870563319,2509.64324718438,7553.29207453061,7370.90549238711,7235.00322528742,1082.41139108368,7445.01563401634,7568.97068888826,2650.45282855569,1011.10720227693,1209.0929048931,1171.27221369347,7542.23557391342,930.423709443475,1129.32075420835,1261.52325516669,1355.20459919823,1101.89564938222,1432.23888371639,1375.74801237307,2438.10879997628,2553.30609219593,2551.6072778765,546.297189213484,837.053887049703,664.372431566229,813.022669751937,1233.28020253291,2672.96429681162,1263.64660117467,2466.74014900519,2310.30300479789,764.307969606232,2311.95432108984,7467.52266867514,2607.81172444499,1056.73163982762,1365.68789911842,7009.98015450531,7130.44310096928,2997.55199404473,1383.94762612661,7648.17898490569,2194.35706309969,7525.14663772297,7226.90642809948,1092.54291994042,1148.4325888214,1164.61765057408,1319.10322949228,1231.9406432159,2700.62138802986,2431.46377627668,7204.13033299267,615.999587550502,803.52890702518,1166.69509888797,1058.14875551966,851.571468360582,590.612111127307,2862.81510858696,812.540628996639,1083.05675632596,3551.65623928069,8088.2641762372,7915.39374638451,3439.91916674549,7761.81060237138,1182.07638293287,1280.67602691778,8076.66604633679,929.148024639109,910.690803105095,8049.73348259772,3493.77923808105,8009.20918386646,1252.96613590284,1218.0941253944,431.412205770629,532.660881341743,3762.304112162,201.323176812009,884.149939957535,3711.90871077571,8110.57020008041,223.624667404319,3433.11588506278,3721.14194165004,1214.88031343967,7935.54729763291,293.638670727952,3486.45749524686,8020.95148949138,3437.65618178799,3504.89131015868,3399.64860658773,524.651672180539,7845.46362356469,798.094115593949,7881.12014966053,7933.9199428443,375.087465194203,7976.55544046783,8107.32684141547,8038.59734132579,8100.38824822192,1150.14999087229,3473.08108271442,3427.62878742023,312.559801915552,3476.1008406881,7981.17686172358,7847.21031733594,7906.69737417462,7968.36755531495,3507.44808524701,957.735108971484,3363.42037518436,588.933071682342,853.148590919587,7814.95737356189,3827.01161599625,913.882810714529,204.670730995548,3296.55700719714,822.484298812933,1242.04007139516,1094.56649717701,1260.47339446223,868.476741907542,1239.897590795,7775.38084526818,3590.34728374646,437.163069508334,2986.97811464052,7894.59892503501,1107.46360838351,3523.1593966696,7931.48827165602,3122.05492946174,3547.95552887905,7978.39316174716,3497.20753957116,130.091932396535,3907.73134691193,877.98146085848,8289.32285881362,881.485663289879,3317.8405294481,1323.61968281704,932.4316504482,278.477439658991,8000.40253486172,7977.93506512863,1175.80239800551,3490.89140127612,872.955915947795,8249.54457630786,8447.69467234581,576.188878630773,3638.16503182055,1346.27716545493,7805.563197357,3642.86010272317,405.96928018732,3623.25976865428,1056.01265854574,3577.96755295798,576.044575631257,7949.48700958435,1e+08,944.090981406188,3448.52090186269,897.029751300626,7955.55098043717,7861.20506309388,579.060135655275,3426.82545803251,1198.84995437049,3535.20996756008,3744.13529292591,3611.51621778014,626.366345691121,7916.674207134,7781.42721169068,3404.14580044485,3532.42511509516,3568.25162961185,282.748030433011,3656.66533389332,8079.22251329468,1356.9405478277,3413.56127084239,1272.84535655605,8138.31711598694,872.07282129288,896.00649595959,1131.7873870907,7986.43661878938,1208.24877009731,428.567837765022,1043.73066404991,1146.7088576405,7738.83070139601,1206.77651405544,171.451850611585,1400.54880357047,8016.70311087705,951.895143992321,427.701882533049,3569.8929438118,3357.13660160207,1417.78002400955,7957.09535623118,935.560461276122,989.863962769364,3864.45112928568,467.596078804662,1230.05391220541
1155.9446012643,1221.22426451472,1855.78260974217,1839.32043722897,7298.71521783289,7460.04957302544,2131.78266657761,2108.52132915227,7349.24485458265,1361.57507143975,1939.09318551613,2224.34206818396,2356.58311298794,1231.2757492388,1354.64637786544,1686.99789236507,2609.4574435187,2147.40449830089,7572.04818117513,2110.59907602895,1905.75319595119,1242.24356693932,2171.72706348815,1342.39757627084,1216.47534656394,7213.12069397854,1225.2949920576,1924.81224003329,7324.04141684256,1248.53276842646,1187.03429318148,7465.96249822949,1377.14674246318,1161.3772996386,2323.20917861437,2025.01638962663,7235.18354363395,2282.28208527656,1166.07872167417,1298.99869744233,1149.82058667402,7556.41254135576,1308.89241526162,1329.3460123469,2263.92863741289,1261.64376821258,1349.19648653432,1845.64404820739,1188.67294592714,7279.61186441617,2299.24475167449,7236.74791371024,7314.78586839934,1170.57067581577,7409.69586573628,1297.97808959592,1297.99538250975,1188.14825549696,1270.23720472667,7451.34958695697,7336.15287536749,7021.00307559017,7374.22090528824,2584.85001324599,7478.40175518195,7554.94153751558,7432.38089634237,1836.19253142394,1245.39080273172,1213.30317341523,1145.59192680747,1243.23535466083,1156.77335426623,3356.41547061888,1177.59968370372,1159.25351204801,3674.54606182242,2785.96166162754,1186.50833129929,3402.66719765407,3135.25613630271,3200.83186016078,1169.0723461294,1317.28944354922,7915.03966783545,3072.08087356837,1289.44994823387,1146.17436855937,8319.26869990796,7715.55438477825,3787.34625635356,1155.07885319919,1342.81456196713,1148.17346105393,3302.40202328684,3169.23296956999,1179.70014232719,8016.85511730881,7886.38155385639,7785.95238612963,1304.66481490796,7867.7465551738,1199.67010809627,8023.43424134831,3271.28233010047,1148.19569700575,8039.79095941403,1171.71511419551,1145.70233805062,1146.37450579238,1150.8768416337,1310.52393922175,7764.48081777432,1291.81643101815,7838.96096112332,1340.12200688083,3328.5510413584,8232.19807613403,1261.83621018691,8146.99389405089,7812.78113985075,1198.37001989864,1154.31896863607,7905.50129481338,7674.76426548364,1267.52710798627,8276.40525545726,1365.6795102225,1171.13655420969,8092.261941782,1145.67456570748,3106.50609202591,3102.21009041866,2926.23010990255,1146.07408014489,7461.81964994937,844.393004957486,7371.57787356677,673.1065815639,1133.04239360492,616.092087994745,7541.67219262828,2782.05746663691,1079.2970088645,7423.62744966317,706.333473533533,2532.60385482267,7415.0218243665,758.536766364891,7725.96876147066,2688.68443412073,7332.455037718,7568.84943927964,835.098097590258,1004.38070982441,682.691256960531,872.592885389905,7390.22620953686,792.692695309093,7473.28020373917,1098.25953660281,852.14896693893,2678.86351178415,637.219392604224,1800.53821532794,1119.28531949285,905.291510489449,679.351257395152,2542.94764521846,1401.25122264614,857.623055148818,2504.98823182021,719.681578843401,827.138974380028,757.836531116887,1483.38945325871,899.871644349612,7657.69951021653,2360.20582727549,7389.6587361475,2530.90200526026,963.110159799198,7827.24382211032,677.534966930429,2313.91353804118,7486.02327627766,695.686565030167,773.495326982607,2203.09053278584,885.4470245399,2697.57980433122,1128.96081893527,706.09013777287,898.311561205423,2696.40675764181,842.544350210297,7579.30296530263,1021.96761841906,2421.28715983471,1546.10686471921,999.998402707288,7517.95973953343,7457.15647838355,2534.13746448637,2691.76206571894,709.388262563072,2490.30389779339,847.107346079973,7544.55446718446,1039.46924086079,833.278413730433,2603.85308927558,7602.67243215428,746.074844828178,7387.42095627107,2897.32653727637,818.286949708477,7724.96202761371,7411.58467621652,7473.07818735162,927.928701708859,1262.72549462537,7458.60389947897,848.040879585945,7434.5007386786,7682.27613964847,7075.35951249853,2657.43667831466,7702.67959294438,1263.55832406238,2569.98426123321,1490.3009588844,1157.28947724663,2594.00393792894,7639.36703232159,7503.89023011206,7426.96222234388,670.674265207403,7575.16348684837,7724.11959927999,2677.62939277943,822.754625509417,717.728388553936,1044.27644886331,7671.15457824168,598.643988105424,578.968076780576,806.269208999272,858.903228898925,748.412025084628,1182.67270330112,1018.58062634767,2453.86352391753,2359.37404060078,2406.50726535459,871.06092257807,743.334503200702,766.756661510687,814.338104582941,758.809125180473,2575.61938333123,755.980506035921,2518.53372372701,2411.46269874226,716.998187428313,2397.27431765553,7630.71138974529,2656.55391373132,855.51526713569,985.353176056556,7155.09522899946,7309.28592803519,2987.62801153411,1066.2956957341,7775.0646409217,2341.46435325353,7602.11996936008,7351.70921702705,880.406210824905,748.439278475596,1002.0362070559,1526.09750647721,838.922958686374,2649.41810840882,2474.55671972506,7260.89333511326,807.095628251192,812.893451666007,1001.09785758008,904.0612085896,766.504607145992,815.098775711416,2883.10124553818,770.777148049226,563.910427284735,3820.34014803583,8373.47937040733,8220.26371902161,3728.74877796902,8087.48985876638,1180.03778644072,1320.76201811869,8385.80477902129,201.950073682907,143.935409868583,8361.8711916414,3802.8537554455,8322.12017884293,1072.6354650271,1248.95544243086,998.28868805355,806.343582425582,4038.30060595759,903.495605158016,1308.74096788439,3971.58596374389,8413.67933136246,878.2480098639,3803.68323964623,3991.3057166645,1085.28692997668,8242.2239405512,902.855052823553,3754.84082791644,8320.56198271475,3730.04689346569,3772.62184460994,3719.75134142279,973.29557387311,8152.80626140756,988.063462611409,8186.18920669963,8251.33390711245,1054.20149434578,8286.56359046922,8397.88054789732,8340.3239740294,8390.29293601419,1097.49814464732,3732.99564269191,3766.4789578783,1057.40436672174,3745.72163653584,8294.58365480588,8155.71526448939,8219.35248018683,8272.07326609154,3782.39120081786,444.461234594589,3693.0421927407,808.639326292162,308.096617848942,8124.52316345734,4068.21974318074,305.477745682776,1007.86048245748,3658.90360486472,1232.26804120992,1021.3326475029,805.796441576538,1270.98163149635,1141.63875664366,1185.85500136685,8088.01981908514,3861.86720776018,962.891155297613,3228.80907586034,8207.70710850689,992.712095373004,3832.10663951448,8242.30636939477,3474.30258819987,3821.37883938047,8289.2237060186,3807.26478387686,947.330189113119,4228.17185498587,296.460078750862,8586.96372921457,384.216161219278,3662.51820446953,1375.07760820524,294.012510901028,837.644312309527,8305.61141665078,8280.63511991461,1121.68593919068,3773.11958241565,647.547987481541,8543.20463822806,8716.56798725455,1159.90876994446,3902.37480369506,1351.28464315738,8102.47197276482,3903.8304074365,1017.99395760128,3882.46256884039,1208.22137172295,3852.69063980547,739.871378481045,8255.74099117316,944.090981406188,1e+08,3798.43620778663,489.760908760719,8259.56385479141,8177.34670278903,889.996083021789,3756.40017367004,1237.68859167254,3803.88792635603,4011.68706533872,3886.9907575784,1181.21932806743,8224.76793279064,8103.10280628957,3711.045083339,3794.849223258,3834.88725282244,836.591694437352,3925.78956709078,8350.0353014515,1421.85355265529,3720.50961570457,1405.71238827061,8440.79417603902,623.249101164392,431.131288189848,1018.10628035488,8283.67756299817,1057.94240650686,918.432057261303,765.483248000007,1063.38686668099,8065.5047303504,981.218100073724,889.215565990278,1428.78570497765,8323.36791393986,435.341371149164,788.73489454938,3838.95269080954,3701.93062102452,1455.52326719104,8247.94046989558,1204.03081265525,625.988631646096,4162.86462454891,960.303806181458,998.80043769257
3814.24603104081,4022.54066032976,2788.12502327958,2797.89879503994,5097.01904162793,5240.44829267722,2648.74393879254,2658.81198259237,5141.82159649817,4273.60026447448,2741.30941433731,2611.57213066109,2566.29268722631,4044.8157320889,4263.08332384598,4692.5367823995,2504.60232334389,2642.14764372043,5340.64404305082,2657.90065967936,2759.52493550359,4067.89955788818,2632.13970191504,4244.18687325109,4011.57862308812,5021.38522404746,4031.70470942217,2749.02869888801,5119.4608175247,4080.64576262681,3934.67216544566,5245.7256225493,4296.82142287525,3557.93739224375,2576.8638282893,2697.42102773925,5040.84875714893,2590.61337670873,3538.73794226543,4173.48181841045,3772.0273045144,5326.62667201521,4190.19070137618,4223.58489196087,2597.06214244799,4106.23643850404,4254.72525732217,2794.12334966986,3468.27604454436,5080.11013497765,2584.80929166155,5042.22967139261,5111.25612663015,3880.19172682916,5195.5651725286,4171.73534873371,4171.76497737158,3937.95982782722,4122.38012114041,5232.6860709378,5130.20280637909,4852.88541313326,5164.00760977252,2509.1923835607,5256.832364387,5325.30839938281,5215.77271725082,2799.77605282443,4074.31933948435,4004.079194177,3690.34036212056,3354.04160526574,3818.87604454992,2504.34224107863,3905.01895617283,3567.56211498059,2580.14622243373,2480.47199006053,3933.10598179354,2512.74844434909,2477.18394927168,2482.94471638045,3527.66589451377,3243.28734688542,5650.36304561456,2473.50494716372,3281.41586360452,3726.05029949949,6020.19951936364,5469.72499671979,2616.64575818252,3589.00642231222,3210.97079949793,3640.43350787253,2495.69986971113,2479.92368915564,3911.93437466162,5743.06022335029,5624.33080955544,5533.3175687609,3260.16188176987,5607.41763101901,3441.03021034986,5749.06120699399,2491.30285653113,3756.11199663668,5763.98628118074,3518.47343265579,3683.82497300224,3665.52927570214,3616.25805114793,3252.25008216395,5513.90338380776,4161.09524165924,5581.31423375217,4240.63097065705,2499.724588289,5940.14238020969,3323.09254691882,5862.00325938566,5557.59781108933,3444.09499733958,3593.39516225326,5641.69570378418,5432.958268084,4117.33820274765,5980.76316783825,3183.76465571161,3520.44401039694,5811.91889297049,3685.14267749038,2475.28042231974,2475.02880094378,2472.16010374252,3672.03501529993,4913.82382277799,4016.25001524543,5055.75736496483,4227.76634508819,4314.92228609296,4042.2747759392,5027.15674845519,2231.1223450472,4156.7178557565,4920.73423409261,3984.05335624814,3244.7176836888,4914.11833136191,3861.97728367231,5301.81642102879,2662.89309360505,4819.59451438018,5276.54621555143,3787.35384283779,3353.01577755883,3950.8072845596,4286.72592680755,5154.50454475593,3892.29350905448,5085.60029288472,3934.91001513202,4537.38708556138,3674.57475356898,4262.54110147212,4756.48538547523,3989.62728976369,3925.22386839756,4024.1335942233,2492.34008570617,3885.64870412764,4244.61112073326,2791.10179529333,3951.0857799863,3978.19309752435,4313.24087732674,4817.37741613333,4482.06155500032,5174.36137582954,2971.6662698021,4937.23691596275,3013.76020475467,3914.14553016505,5341.01553528745,3988.70211546546,2357.27465758909,4863.97831040529,3891.07261290761,3858.23250401965,2858.48909050836,4190.25770567899,2751.35478649016,3898.26223407456,4059.76857872292,3882.65352788773,2548.46737819648,4225.87919569156,5057.64457193604,4334.61742937715,3266.75668275993,4009.05487025394,3379.68408607916,4977.47801752167,4968.93842665012,3026.2589993695,2760.50672387159,4051.40199717654,2443.67508295985,4079.59346088066,5291.03461649549,3959.24302864034,4112.44036137156,2840.88030344706,5262.81642826985,3862.60779116589,4883.63728214691,3629.70536774711,3853.08870566013,5268.66140637112,4890.22167539779,5309.37991536224,3953.44435728352,4238.64755158782,4894.38450846371,3907.58890216607,4969.30624479092,5370.75601397267,4764.76579212966,3038.21699994636,5129.70972490551,3581.59996765676,4051.6710819456,4653.82559337714,3476.39714306878,2494.21753464325,5277.7685739151,4982.6805676169,4739.96220659579,4037.86352776966,5048.49857968683,5145.68408983397,2674.51144959553,4219.214941426,4240.98138968396,3964.43212542201,5192.73573270009,4040.12217456522,4223.57065523762,4254.59903010623,4455.32288741862,4047.36507576152,4245.36643553219,4307.16715008289,2655.30940325581,3649.23189034784,3054.16088641235,3789.7073559003,3949.04529558251,3899.5824100746,3861.54016564029,4200.84724944202,2962.70569052014,4346.37896611633,2587.63735931938,2463.77731027055,4012.534040147,2436.94894118865,5047.96338346585,2515.48111798002,4284.11569954696,4263.96217565608,4631.23180481881,4683.82817825306,4031.00239254123,4228.78763161932,5291.23252817388,2415.01611252363,5284.75231778067,4874.32379904666,3948.36547259358,3994.59026590699,3968.58838033366,3883.6675015705,4178.79065285831,2843.15165655445,2515.66562701185,5544.09518396937,3762.4840313843,3848.11420615067,3926.23516301457,3866.95977735406,3927.90505145428,3787.41986369244,2843.07142316152,3890.67337478443,4197.61500641655,1655.33803673344,5486.70406299354,5253.46653323122,1234.4995846116,5129.04210511249,4369.83051587196,3868.8878889046,5369.98894548858,3786.51886884493,3817.94269623243,5323.70299710788,499.83222332559,5317.42184825179,3935.61902324574,3851.19601682956,3203.46426877115,3544.66682448581,1948.61542261683,3510.02934612113,3199.68865889538,1757.45827804136,5429.17146882733,3553.44677088344,231.214144993127,1763.93847102844,3939.12093030927,5295.95055615036,3564.43139165234,805.139372258767,5363.64839610733,733.934035959862,1535.33111823006,369.739761058738,3253.21071356794,5217.32622953011,3636.8923533588,5244.47249275468,5239.22659211723,3374.60887265967,5280.62732894006,5524.29605579196,5396.22816625155,5446.5208943109,3790.758920458,1282.33329824431,262.747984963038,3382.83021060186,1045.60658773942,5271.2345437571,5209.5787933827,5290.52603257925,5314.16470858303,762.307913881351,3940.60763422473,508.201065078605,3648.82821296822,3610.85140605522,5237.31474748084,1608.25002487248,3610.15165282418,3420.88361196353,248.816811419686,3328.13855554929,3941.27900559372,4217.27882018598,4408.425964206,3104.50678634184,3907.30016381372,5127.90714098098,914.013931769863,3505.54603360801,2076.93544425214,5246.83468737071,4253.66978625233,442.192176673399,5302.33771630749,784.949559830184,1174.33552065909,5287.39548686097,555.360915543216,3403.34809750796,2456.20674702088,3691.05374671731,5450.09284327697,3538.01045493641,249.206255592773,4493.78093726468,3630.9050645173,3517.41670691179,5328.7037294328,5312.61157720016,3802.07341522589,985.065071231494,3531.28031834094,5577.46750134314,5785.20350005157,3143.94889303558,1179.97851122154,4544.25215580284,5213.34062584929,987.542709382027,3254.71943411942,1345.24089949926,3530.32196827494,1673.88734080344,3726.78316142176,5312.96316474214,3448.52090186269,3798.43620778663,1e+08,3840.13822963347,5300.56267588163,5187.70385147833,3515.60590402998,355.211384142301,3799.63279379418,1276.85942423428,1740.01243822289,873.898682535379,3266.65157003535,5256.15640843489,5159.8234187738,481.478460590979,1766.34890323858,1121.03413620803,3537.77896441147,904.795700446991,5442.63412453488,4462.99637273504,554.049296004916,3872.57509908405,5520.32656778307,3484.5812572656,3901.17416524326,3808.4306981313,5369.6497590611,3846.85416911145,3627.56914246614,4166.65395830262,3776.03596051717,5117.6494211624,3859.92748451716,3480.40766276353,4613.11858502868,5347.30089143123,3919.69556654654,3603.99789737015,1064.35693707223,202.615812519569,4545.42262997767,5301.32943888445,3483.7869728328,4047.62429229417,2047.12890984284,3264.99499665651,3926.17525187685
985.238765135266,1065.47297605512,1738.43450185,1721.062521012,7255.97544353398,7417.85582022369,2027.5482432,2003.31723883189,7306.67866832557,1228.26185673784,1826.10669097137,2123.76076467844,2260.71317427369,1077.43492314826,1220.39250345962,1586.88708908445,2521.24426944585,2043.80922350675,7530.21981230411,2005.48248767675,1791.06814947163,1090.41710857646,2069.10820425087,1206.44656631892,1059.79795956951,7170.08132848056,1070.32527967441,1811.10556838012,7281.38894645421,1097.83109409369,1024.20078316161,7423.78830947229,1245.89891350126,985.513348237102,2226.20183550119,1916.14334502877,7192.222078038,2183.83359409668,990.578912570491,1156.64858655864,977.054580476281,7514.53381244945,1168.05797145971,1191.5363066618,2164.81660280072,1113.22172092403,1214.19298945684,1727.73758445004,1015.37486034913,7236.80583604652,2201.3999108395,7193.79195360817,7272.10156249905,1003.85339799958,7367.33424458162,1155.46957129872,1155.48955149033,1025.56340089988,1123.26477533829,7409.12699220904,7293.54194253731,6977.26470964394,7331.7396435945,2495.9586291684,7436.26862321773,7513.05806001454,7390.09518333701,1717.75985578019,1094.12985462801,1055.99815463199,970.118317070721,1076.05764563228,986.318310099048,3284.00596092055,1012.59403335306,983.246480609431,3606.90070808876,2702.25702202727,1023.55689076129,3331.0060645934,3058.96030343341,3125.74486284818,993.829613082824,1158.31265682264,7874.2660359766,2994.57117217836,1127.45435252087,971.665273499315,8279.62662608348,7674.17870701279,3721.19681201952,978.84899435583,1186.52284605224,971.9548065602,3229.09180409944,3093.56977489627,1015.1892065385,7976.37723216122,7845.52330267206,7744.79268671007,1144.33027798693,7826.83294983269,1027.56623452196,7982.975209005,3197.43955384304,974.764786179926,7999.37866454073,996.711599860369,970.091032250614,970.441050780604,974.556714150462,1150.82191863468,7723.25565891587,1148.3431493117,7797.96133338663,1203.85074575056,3255.68055350488,8192.32164159423,1096.76454248237,8106.88328067236,7771.7027271573,1026.12285154049,978.059942819185,7864.69956684586,7633.2616347856,1120.10115247589,8236.64842495817,1211.72266412131,996.079803978526,8051.99830351093,970.090140618299,3029.66402891013,3025.28552839051,2845.71563766358,970.244220052613,7516.88403792283,999.621409351018,7424.45824939763,783.699470544633,1308.01165395472,858.137381648471,7598.99402229631,2966.85733769429,1260.70052350045,7485.85613861103,950.522644545429,2705.04072400779,7473.9063043049,841.46063177747,7786.60611417146,2895.43078823142,7396.03618242203,7627.84622380214,875.215950800321,1041.49365778086,773.918714402309,838.764688304569,7436.56759348064,877.966737950608,7531.1180759701,1258.30330840119,954.021187570853,2775.16763538309,731.715382292418,1950.81003365807,1283.02163037987,1102.61156788006,915.426181810905,2762.31721863232,1554.98571706932,861.316609538241,2733.92024188806,793.23978331874,1065.68119106966,644.047420251392,1513.50352964457,889.22196877283,7721.08483067069,2591.98750265381,7446.84448911208,2733.5116966381,1149.25360678841,7882.46447413345,743.006109160638,2532.60616933471,7546.19835259026,824.976301967593,830.839621902612,2434.68283537337,1085.47982159618,2887.09913561569,1281.59366423013,824.880625203656,927.622467006291,2891.13929611149,797.691676620909,7639.23143319433,984.260467464028,2554.7492407233,1665.96162276658,967.78784179875,7577.93285603003,7515.8256432014,2752.80616889317,2896.89887074782,764.199333868864,2712.47394214324,1056.2644629755,7601.12306424963,1206.07002803047,1026.8189561177,2818.71061852719,7660.81568930493,830.685705333867,7449.63191512238,2969.87816616888,959.345541083406,7787.17224202568,7471.80840920558,7519.93071763862,1115.71201236674,1452.02737208741,7515.43750286429,881.296452709374,7493.64080551915,7741.76764716174,7131.30380195883,2860.80855704687,7763.92785849291,1340.52702910664,2447.94925644477,1658.37323089037,1243.01011563377,2796.38805891221,7697.56109913808,7567.5565565515,7482.30045794791,917.545304519095,7634.15874241875,7781.04466417234,2897.90001822844,823.042589837489,839.329901048803,1215.84390248075,7728.58362864278,753.992611892542,719.353631558689,1025.09781690094,930.412023937763,958.936404439602,1375.40097923144,1188.20419666958,2679.8358029875,2436.17635483707,2629.54988016192,899.844915216146,887.759869321546,842.488623070418,950.359237788656,937.98692148657,2794.31311256867,863.360358050236,2723.60710726347,2628.10875692448,789.807233976651,2605.40021802033,7690.18724694731,2864.93057078589,865.037114515172,1169.80635685182,7210.55902041671,7363.39190532588,2902.17750658528,1268.9930564871,7834.47916871933,2570.64046238469,7660.04718768264,7410.20566217387,1099.87836427472,983.537162062225,1185.55251144631,1651.8220895723,1056.96476606236,2844.07605859287,2697.14308666587,7233.53550965881,892.06696084692,962.846071546152,1226.40750490381,1091.61153076033,925.270940847548,887.471197936573,3076.88930711131,905.98118891329,665.196467728224,3880.93910258423,8301.3922759496,8167.57739934415,3809.54779691984,8061.20514321591,894.805024779659,1475.42161023758,8356.27339216047,531.001971537991,487.618836045351,8319.02723732191,3861.01941562701,8305.91555530619,1286.61532791658,1410.80719455351,970.75644613212,868.204667288949,4092.93281716341,875.490579805487,1252.26516361524,4026.64300175655,8351.28396068454,859.382914861144,3848.94305844549,4043.78378329862,1271.97463264096,8196.8104187474,870.176111993782,3805.7781874569,8266.17379587299,3783.48086121046,3835.66495225529,3772.17767449135,953.598316783762,8140.52917129123,1074.72630210738,8131.26828686621,8237.49752199162,987.562525314782,8246.63804805287,8388.7468574503,8314.16592104434,8339.03804979028,1286.10277419193,3789.88637990274,3818.91435817545,981.164118417256,3812.33475033137,8286.35129662617,8131.71219050501,8202.89949666821,8259.54764320532,3831.20733857047,180.485294432494,3761.41437239241,879.265508662824,587.8056503421,8094.86198278674,4104.56904912465,580.428428398544,947.639676577486,3706.99531395387,1180.66180470032,1243.59739595438,500.927542840124,994.110659791362,1148.46925160571,1374.11155458274,8029.26836949809,3917.14608524666,924.546324092837,3337.22385486475,8181.62688238941,660.14666989532,3883.34568443449,8216.5949893765,3549.01253490342,3892.37742307836,8252.18724714574,3865.58409894568,894.82948438371,4251.70614114324,646.430410099948,8590.45508066911,671.399119972922,3707.21967420648,1115.50856429107,608.848804139556,834.271156693841,8250.55108457321,8270.86446091673,1316.88564754001,3842.31462412489,849.975096152135,8538.57915863644,8734.07954491576,1064.3118002754,3962.88517170453,1092.23734400346,8098.85459668887,3960.7039433523,942.424484780892,3948.52615369989,1185.25939305425,3882.10712417349,795.143531802911,8229.70802225841,897.029751300626,489.760908760719,3840.13822963347,1e+08,8259.70726015541,8142.24340639476,964.071505251501,3810.55020254615,1383.37241040515,3875.05434399235,4038.30446026187,3947.19600755091,1117.93082777788,8217.67740407277,8080.1959616697,3763.47606314809,3870.47840330639,3893.27908201458,825.117097479762,3973.39318218135,8280.28934485006,1170.32436721676,3780.55305734657,1556.42696618423,8424.39993876059,840.939637069193,190.935110425394,1213.20236117915,8277.92802493326,1262.53861758574,879.040253358617,428.498765426849,1281.5770456023,8031.8957987513,1233.47708117304,846.976079545441,1179.24568059236,8307.90657967812,191.068259762008,805.49804861496,3890.57029806008,3744.53694738222,1204.67269558558,8183.6835321108,1161.64529862916,260.561137378669,4184.39437416193,944.171804367819,1219.9575454883
8300.66096094426,8559.77222248128,6758.09598287975,6777.92563827484,2302.51601336483,2262.75358326395,6439.84312670058,6465.81148637202,2288.88137262291,8862.24057132533,6659.41591281453,6337.73854262803,6194.83664794749,8587.00294796222,8849.75028303956,9349.65065746707,5929.3710702965,6422.47589247539,2241.75005885589,6463.48656804902,6698.58883496721,8615.13470969956,6395.54767850984,8827.27182300219,8546.34020321503,2328.00299367965,8570.98525095642,6676.14617162493,2295.54944419676,8630.63088645801,8451.49943105068,2261.50739824445,8889.76853134956,7967.92546233892,6230.60209926418,6560.18300155598,2321.14984087963,6274.72960255579,7942.22365899112,8742.73380843696,8247.03258119588,2244.35004907618,8762.77458865056,8802.71030389856,6294.61841189186,8661.6644032441,8839.81366550412,6770.29457867544,7846.78526105344,2307.94586209672,6256.40371981969,2320.67133769435,2298.06460324495,8383.63302676231,2273.97742402439,8740.63676836677,8740.67234805665,8455.57623476413,8681.1890216865,2264.61470271861,2292.31201610871,2395.70206456003,2282.53618574373,5954.81825813375,2258.93532946304,2244.6002453186,2268.78588776473,6781.70677433981,8622.942830848,8537.13893842953,8142.036008042,7687.86174882116,8306.51737005442,5186.40875566137,8414.63366878049,7980.76362720732,4884.13649126643,5748.93260601279,8449.55658518463,5141.98713463461,5401.15259867696,5337.06695015126,7927.34473287005,7527.79836881882,2212.57278715602,5463.23401587186,7583.65336744989,8188.14454793461,2247.39752402389,2223.01150981715,4778.77033684879,8009.25968155463,7479.77353733431,8077.01703858654,5238.49505710391,5367.9033820153,8423.24656702125,2214.31468200041,2212.94518413241,2217.23917115463,7552.62198195528,2213.39070625513,7809.38000912326,2214.5915678655,5268.60850459214,8226.7069088982,2215.36621026546,7914.95922419751,8133.58686463116,8109.79898374215,8045.26437393029,7541.00414979871,2218.75921481206,8727.85131743018,2214.39370817928,8823.03657651762,5213.25055268088,2233.64831317903,7643.78471724972,2223.47747545833,2215.63744607405,7813.60235046944,8015.0735959552,2212.65464199738,2227.39112075678,8675.09549637603,2240.20876610793,7438.81966976108,7917.61679440554,2218.67995516627,8135.2965882822,5429.36265895512,5433.5839950517,5607.90200583982,8118.26826342448,2207.91268101469,8697.20300292911,2738.46763961369,8844.69356560565,9068.4487071505,8695.89955496861,2336.02389157699,6356.78155901489,8899.27099508253,2450.2375640252,8668.56163942394,6675.6139930049,2358.63762533894,8441.94635647925,2617.71606400835,6445.08612918839,2424.33037177315,2808.5196424835,8291.38919158852,8047.0491095973,8492.27300280771,8623.98862635094,2941.59390922447,8465.02445694699,2609.12013094915,8709.80167100666,9061.89668434396,6865.38745082223,8843.1047328548,9590.81557219576,8745.48955824119,8633.39757547827,8685.8676069093,6525.21277841138,8689.27061548688,8590.95810178795,6730.90581920619,8490.17713559778,8685.20573627266,8791.50666237066,9566.87610477015,9074.3316341712,2565.9992650559,6800.12462712013,2460.58025105087,6601.6495789166,8644.08167147826,2497.36910492704,8485.33189652859,6873.48990687488,2136.64041389171,8474.70221782787,8409.99828612831,6822.16787992346,8898.25243066915,6435.43301157095,8664.94075253741,8652.05005166387,8152.31926030959,6453.13876608271,8652.38739103799,2398.7626659034,8561.18067882897,6743.57868302457,8785.38174546126,7883.94476332007,2224.51863195231,2386.25322635611,6683.75490739447,6530.99211691173,8573.26840176812,6583.59284896385,8778.74822369764,2929.09098621495,8693.06949804469,8813.11682396732,6575.49606186628,2737.61310461626,8460.9480586269,2356.01992252484,6640.19546693297,8503.58954023541,2570.34122232651,2362.06098647384,2961.74357199727,8693.05116851957,9029.26801065334,2296.52103165955,8278.08948705975,2456.56250234766,2823.38342861019,2720.77366237221,6555.18342490867,2310.72953598416,8430.09542679154,7192.8202569593,9459.38898135462,8293.92837587734,6480.52623821994,2725.14157336495,2411.81575101081,1938.51762616965,8687.18005847478,2358.7665749333,2319.3272138891,6600.99907260771,8581.72677939603,8874.234982425,8702.3972505588,2492.73573543991,8649.82997864199,8792.8020150277,8925.83362059657,9056.77023168183,8729.90335394136,9026.78749737024,9043.6917755479,6686.99980437036,7093.74808622315,6750.29997982287,8266.89140254526,8583.27924360247,8438.218555277,8530.00616294093,8878.5381485825,6656.8106278275,8959.41500891974,6551.51404809676,6664.80967281288,8486.44534536896,6623.80542062247,2245.93071084359,6474.9731293882,8655.98453034189,9007.24309253804,2245.938105766,2055.21683714414,6882.84924637203,8996.47128675966,2527.07570171958,6848.96414006812,2805.10562340471,2455.64337463482,8657.09138390985,8675.81844329668,8693.83996892945,8661.95984101957,8876.39880176719,6438.49737357112,6584.51505124404,3443.95747798418,8374.99367929929,8501.09027332177,8661.98251951094,8586.35821103841,8567.29826218822,8373.32493678329,6414.83577958335,8538.68014085062,8762.16583413004,5109.98863087128,1662.27245434264,1243.89495275892,5249.26746625467,628.21859560126,8693.68650020872,8650.0386894067,779.542646479623,8328.78657778365,8315.19386452163,1157.39583096174,5216.1876917297,516.441005025618,8692.82661802246,8595.35544877351,7798.49084696199,8153.9710226742,4906.90091235214,8057.02999973748,7475.0148469344,4993.26409325389,1485.61258846987,8049.96719619042,5371.21477978481,4888.57795842363,8657.05822078972,1020.56476381615,8020.25412711756,5197.52288403795,1287.85870808451,5164.10160857761,5132.34032421677,5317.82454540917,7911.61103041624,289.18819688358,8349.09512474273,1251.6240732415,416.73214741696,7821.08049715383,1010.28689545344,373.609464378914,660.366856290776,1285.29806862026,8538.49211716211,5121.90175737867,5308.80608727424,7832.87165568281,5204.52452889997,442.549412881806,545.95375795673,407.771314172089,299.437558977093,5154.90004014055,8350.59774843566,5347.1825290261,8263.20448894537,8148.1623760034,628.792592028044,4869.72895921953,8152.17603208775,7877.51533225879,5376.03363799457,7588.70737992563,8681.0199341656,8640.3409619348,8634.18583592342,7914.51725358626,8659.69420774811,1332.29761902142,5104.4657627752,7889.48285882611,5581.27419278914,616.871262098533,8558.24640151876,5169.89327630894,601.538767072847,5483.87916142504,5162.57632252134,976.500838136962,5169.554967204,7941.80232084839,4809.94496006312,8211.37369990253,763.693689922936,8085.61330495608,5427.40577825389,8762.30348976756,8145.08140214888,8057.72886190559,1303.66210450044,290.66315161382,8567.35153837281,5226.27359868975,8170.2641043112,346.204819142619,726.40760280687,7669.53464298076,5039.14913407585,8806.62469762546,279.48933406582,4986.20857134593,7849.57544267407,5086.52204604791,7640.35362316716,4896.17298698233,8296.15772010271,600.112872355265,7955.55098043717,8259.56385479141,5300.56267588163,8259.70726015541,1e+08,877.678475606157,8162.18700328185,5261.3676262321,8561.11589975054,5195.17992968288,4879.12518566782,5129.71147684658,7655.01884838708,254.39221689238,554.661706312867,5263.07687824049,5169.04605789982,5168.82724047714,8072.99018494474,5040.46785865051,1748.85688215524,8667.44828381228,5319.06853300332,8627.3520515217,432.53804040741,8115.07598377643,8329.53560583893,8544.62819673649,199.741362534984,8600.77172766617,8055.5313842587,8567.40992521101,8530.39489938342,755.431004184019,8609.52672080172,7977.81765986475,8882.80544763809,469.623763223698,8391.42654261593,8140.54156623986,5016.13266875548,5322.91599600713,8766.14212724174,1520.68949262786,7656.07236485177,8419.80187098255,4773.13810024644,7902.23760208555,8685.37558195953
8159.29473200957,8418.36341586024,6617.3870146161,6637.2016017512,2236.76166459226,2206.02986066598,6299.41224073385,6325.35513767135,2225.89184005094,8720.79682941028,6518.78564651954,6197.41310111068,6054.67413167224,8445.59038551094,8708.30770511203,9208.17731377725,5789.56594240312,6282.06233532648,2191.61501311173,6323.03247734356,6557.92657048472,8473.71840096831,6255.16147400278,8685.83139686223,8404.93329686811,2257.70700075927,8429.57488218176,6535.50211496795,2231.17330679487,8489.21257131012,8310.10686521129,2205.12542904376,8748.32230285591,7826.63479446708,6090.39702946339,6419.63848092871,2252.00699231578,6134.47369259809,7800.93994822568,8601.3021480927,8105.67683185024,2193.28121402528,8621.34075224023,8661.27231380736,6154.34017194421,8520.24219010742,8698.37202969634,6629.57631212992,7705.52894097638,2241.16217237961,6116.16870421937,2251.61072063903,2233.18301646425,8242.25175485553,2214.3729995436,8599.20533931071,8599.24091507071,8314.18301845192,8539.76443711746,2207.38944750689,2228.60035141234,2315.90281261956,2220.93526331159,5814.97544615891,2203.27463889224,2193.44378053023,2210.47260511779,6640.97989208014,8481.52550609708,8395.73335218496,8000.70259216435,7546.65684801686,8165.15003331415,5048.13821709218,8273.24712796694,7839.4695488396,4746.82700430385,5609.41832061088,8308.16433043412,5003.84242634441,5262.33691746666,5198.4036681788,7786.06512942722,7386.65333522776,2183.74754051246,5324.27834493779,7442.48646425281,8046.80102088929,2244.22760486368,2181.62763339745,4641.86127103181,7867.95818460266,7338.64818821348,7935.69872010982,5100.08297910245,5229.16573876559,8281.8585953817,2191.98724463899,2182.29743010757,2180.24716296827,7411.46709520426,2181.56027069384,7668.13511824074,2192.68457162115,5130.11743307484,8085.35529220039,2194.50447591534,7773.68308494989,7992.25535443675,7968.47292835586,7903.95379706971,7399.85384758866,2180.42201664694,8586.42131333304,2180.74080501096,8681.59656407639,5074.90628366138,2225.02282872786,7502.59545470513,2209.45424469627,2180.33242593502,7672.35614929767,7873.77061080374,2183.22235256327,2183.48948616401,8533.6716452697,2234.36225466918,7297.71177255517,7776.3399083639,2201.169317094,7993.96469112663,5290.48246001835,5294.69427269548,5468.64697544519,7976.9402507194,2669.58377875114,8615.93991824975,3033.85379465669,8749.27737766323,8989.88368174148,8616.42474008633,2763.85543055959,6418.85587818341,8828.23166329465,2867.28895598105,8592.36018299663,6710.51800026328,2773.82454322797,8361.03882117319,3010.32204903003,6504.95532383764,2837.94207620539,3120.08200441451,8213.09368533466,7944.28641097068,8412.39108952114,8536.12002423882,3207.6703221312,8385.14190746408,2973.11498789155,8636.09467434728,8977.52444727623,6876.36684350184,8749.83425170665,9525.31724635897,8675.40302383929,8561.56344233862,8609.22535632364,6585.57532289037,8630.51954407698,8507.53826089171,6786.39283481155,8409.41297042547,8615.51282009715,8686.6799022542,9462.26894335705,8967.2760458992,2976.11320777095,6843.70712487337,2836.09700286466,6644.23223252651,8572.56345160054,2897.76005415871,8404.01358769875,6917.76305375458,2605.98488809487,8396.26614160168,8327.50523095782,6852.25965119124,8819.06536095513,6492.5610314083,8591.50537628277,8568.97820300406,8078.3434216167,6512.64004437139,8554.77581809741,2821.77222984697,8469.48633036306,6753.87332860669,8716.18395446489,7791.91300404322,2698.94211702058,2802.03896688173,6729.90229922438,6591.00357133071,8488.07131049215,6640.43929871652,8703.55184977257,3239.83740155854,8620.82490417724,8733.95199003971,6630.94455308351,3071.62450865022,8375.65765368513,2777.53917903947,6647.78120559387,8424.18984052028,2990.91754995972,2808.84137309917,3217.18600807145,8616.9376399829,8962.30692266993,2722.39373061716,8201.5259697818,2846.45634971776,3166.65843242609,3035.5547158901,6612.25322535854,2777.34810535685,8336.27634663662,7083.73894560423,9387.47083325405,8197.02543920776,6536.05891710262,3069.35594411229,2845.65292151526,2460.52666113285,8612.81863479989,2784.68940684389,2775.79786786665,6663.1848000083,8497.08544411301,8780.79704819307,8630.49718137564,2895.77570300863,8561.77765597106,8704.55469071186,8849.23176819364,8961.24976770508,8651.1680279523,8957.4191364085,8963.66871393203,6739.72849084157,7069.05372215943,6792.48785673358,8189.27735050573,8502.96195751386,8359.79773332006,8448.56110597805,8792.68103984187,6712.43623199326,8867.0349287263,6600.55979122351,6714.24262940472,8408.7273825156,6665.81429454549,2728.2003156992,6535.33539846395,8572.94185292304,8925.68197242888,2648.73053641195,2515.38891727315,6809.98561600145,8924.01419187401,2947.48510626118,6897.72758086405,3132.77248654222,2850.11621400986,8588.32701975939,8599.69846705631,8623.24730706298,8596.23910446431,8800.77527740325,6492.98543851721,6640.56978566983,3461.80392713774,8291.52758090459,8423.4577861259,8601.62081198202,8513.08646912246,8487.06783438597,8291.71738119119,6483.11499283723,8456.47533292826,8668.23961456482,5041.89685797154,949.682194140933,434.557218959815,5185.51018249817,390.023906268725,8549.77788297247,8587.5423419263,303.101380722761,8243.49916145589,8230.94656521681,395.611641846318,5118.97650495087,448.664152712945,8629.53645806973,8532.89474180608,7687.15952472874,8066.55899042768,4859.73955993845,7966.56384617592,7365.11883842481,4922.78418419688,725.977181490182,7965.41071262737,5263.38581430192,4823.93517499265,8591.51415408478,259.028675335121,7937.4527230815,5100.90181679782,530.933653148588,5066.34294438025,5061.12756159112,5212.51368723575,7792.35330165457,668.496341475656,8261.26089875135,457.556814471373,520.522872561441,7719.70662973425,234.27971682213,903.33150693893,369.351670258436,588.861699381233,8475.74251773573,5042.38672268605,5206.76631451604,7730.09999230619,5122.48244168732,580.606749686771,423.895357263522,572.895816272562,620.972557179418,5057.13022057929,8240.06903934118,5267.06744726571,8178.56051719905,8065.29482704031,498.264678985574,4775.52207141547,8065.09890303552,7781.98630309962,5266.51821238105,7489.02847485131,8617.47314796369,8504.94492856859,8491.65321246878,7780.12180737727,8599.57256144076,524.292763644563,5013.68414374108,7805.59407017167,5604.14668493283,317.248565173022,8419.20789875703,5066.02750120233,356.979499672226,5408.05877199748,5083.07398173022,194.154531139844,5076.06307920311,7841.8657841838,4776.34308166626,8138.57271852568,961.756050867329,8007.33303940654,5319.07112241897,8619.1819520195,8063.75959348589,7970.26973971102,521.334970162943,632.715482595997,8506.85875037492,5142.59318769056,8092.09956518225,890.074733906588,1406.04265685611,7539.41510998133,4948.77143193765,8663.53067499264,877.095718933292,4901.06396332691,7727.9693440034,5013.11074650147,7561.70421645753,4821.40226942934,8214.30539770168,366.222320947422,7861.20506309388,8177.34670278903,5187.70385147833,8142.24340639476,877.678475606157,1e+08,8072.64722196762,5159.25966564214,8492.45569594672,5115.84747596154,4793.13239113537,5034.63389063461,7547.1232524781,671.017948729978,476.041030011788,5165.26010582661,5129.29378293318,5072.20394357979,7985.69888466517,4937.30152804224,1063.1147985027,8525.42849952117,5221.42434482453,8568.90363468598,690.117885946256,8037.41173464089,8221.39347744412,8478.38644418023,868.623778083535,8536.46623018644,7971.24078085273,8437.26488439127,8472.19643550257,351.561050704341,8551.07999212223,7888.92350189879,8739.83153383381,495.199548127769,8276.61855605769,8057.84296528674,4929.39157032107,5213.86533811187,8621.62342307884,786.333549105257,7568.81445930657,8298.29100814081,4698.4368398662,7787.91488976001,8618.81589434778
1120.98115219428,1161.64522450439,1933.72733795843,1916.66356686466,7409.55651171982,7571.03361116233,2217.7289024332,2193.91580330656,7460.13166827936,1280.34881138523,2019.83398985989,2312.31436424397,2447.05028394668,1169.41241349014,1274.15415955299,1585.77349295132,2703.7120641055,2233.71117503228,7683.12702249813,2196.04358629968,1985.42204705136,1178.08911653553,2258.57945332857,1263.25971235549,1158.04681266795,7323.88312067093,1164.7674721913,2005.10112131362,7434.9056205846,1183.1464980147,1137.15521154104,7576.95162706714,1294.34862838111,1161.67466090498,2413.08587629861,2108.26802030327,7345.9665146751,2371.39989634444,1169.03561394003,1225.34796068512,1120.44767837463,7667.47835035084,1233.88373835279,1251.73767727424,2352.69295488995,1193.85569918864,1269.29764968586,1923.22034561641,1201.22314224173,7390.43575030279,2388.68190617875,7347.5323357112,7425.64172183344,1127.22768082913,7520.6361555487,1224.47152476246,1224.48636827259,1137.88702873605,1200.98275573092,7562.32611720976,7447.02796764801,7131.57998483134,7485.12994133024,2678.78198247778,7589.40156191991,7666.00611709069,7543.34098369136,1913.41935302936,1180.61297328915,1155.67168931308,1127.39538842974,1270.4840849447,1121.20665851863,3457.527112345,1131.23149645395,1158.21252388387,3777.48764693026,2882.30008060707,1136.81180343844,3504.07333462325,3234.79562594124,3300.86811290725,1173.55565069378,1357.42331595539,8026.38894744401,3171.1144212644,1325.31577300077,1123.0455134558,8430.90279202775,7826.74988445246,3890.8406914972,1151.04653243025,1386.42317582939,1136.94175932478,3403.15571197777,3269.03331583151,1132.50301127397,8128.27936781117,7997.70931347359,7897.20323239086,1342.93210274546,7979.06022070795,1215.83629056892,8134.86325822028,3371.82256162888,1120.96801727129,8151.23178586832,1177.46105318774,1128.41140284466,1131.63349073407,1143.03113649671,1349.67083200311,7875.71491061771,1219.19742237702,7950.25269776244,1261.24416311332,3429.47996515635,8343.7736319204,1292.83303498523,8258.51072305292,7924.05276462391,1214.13252978533,1149.673195627,8016.84343256805,7785.92713848201,1198.72659625326,8388.01071427753,1412.11107123737,1176.61219997905,8203.74026818046,1128.20036028815,3205.8187971348,3201.48841781836,3023.98026276176,1130.42530103009,7529.3410779716,681.27445042008,7514.33478350023,987.05698765425,1225.00610202389,839.034640198704,7628.54730794135,2610.20243292353,1020.73917855626,7508.82975025545,807.706730568838,2833.80150088711,7504.72024177999,629.222206257199,7825.33733707994,2732.89409310721,7409.79129054256,7711.81627265394,723.533268656886,409.141876159293,749.531902271158,1272.94819176314,7547.40012896101,676.320394679395,7597.1914599162,896.454236687739,1311.41868264529,3068.19016614243,1022.4809895762,1669.21738613491,952.901061685282,823.358395987175,829.21898732267,2532.36665560854,1006.80492186903,1240.83086031933,2587.3019037131,752.355517941915,830.528538479594,1145.54729603927,1598.90731219964,1183.81763041852,7748.60023670075,2567.49141238552,7494.7775984382,2786.97665981079,813.633776455364,7914.42624628006,872.885825461077,2109.97063090328,7530.49196279409,626.747776547343,676.56882514151,2419.18099288058,1006.73107532489,2760.59627442671,909.252752285399,771.223399759131,1134.28843882206,2663.31504603639,1157.00391545451,7661.46718605763,1434.30594035932,2743.78221166186,1104.32149461015,695.112887874009,7578.44771723323,7545.50577822435,2758.76694045016,2711.29936933415,872.067509889057,2468.00896057439,886.464296460988,7697.14344706403,906.221850903081,907.94637938226,2711.19804995276,7735.54502012931,558.195837237674,7474.56008953667,3283.20988279747,528.961730801782,7819.22886482819,7472.87218275435,7640.26137745239,864.622517570905,1193.66902497222,7529.72267810154,1014.24988246163,7535.83284158719,7820.9783301777,7214.26323426445,2853.66444746728,7765.199795612,603.937933637943,2989.21697244268,1469.1893156081,452.087115323853,2556.41751408517,7765.68567204886,7580.67620958037,7441.407800311,824.534426267724,7655.3214620204,7779.83080906304,2679.97341219902,1209.43865952002,993.061183420679,902.479241936306,7756.02743159395,756.162992224679,984.441795197297,1007.85752233036,1160.75760543755,828.536291958219,1158.44003278931,1119.92870144392,2477.33877427061,2786.76820821421,2639.08003959513,791.490931466629,645.336375524596,738.360037573647,513.747950763844,983.836073112756,2746.07038873882,1086.92731720763,2512.56674845433,2339.11380672298,933.651979407353,2353.29178519342,7678.04767584496,2651.74022050672,1220.71207008175,1092.28695536945,7230.30371898085,7348.45397213867,3375.88878862209,1112.28168207469,7863.16350583754,2207.15726829179,7742.40440764374,7446.31498757784,803.662479883264,888.753940287514,904.972851954757,1049.83874625535,962.973918825165,2802.8525761211,2474.35681419906,7443.91916517012,483.685663710606,545.500019818184,885.097337164059,767.051521129011,622.364606175509,573.148632663038,2939.79851383078,566.136364372325,956.638507780448,3664.70340155619,8313.45147138367,8130.43657881718,3500.4141130416,7973.2497670027,1381.80633559026,998.540141539816,8286.74050417351,806.434475546871,831.613423787708,8258.84127434031,3557.36768852404,8217.69097662394,975.658223787914,964.152826860236,604.438227996984,214.998234317481,3910.02957320658,492.632838669039,1190.6309199453,3831.93886728441,8324.86850704125,557.645528559202,3497.01230984202,3854.97025931689,968.886728789682,8151.56486335036,690.765692771515,3551.58760189129,8236.22443883629,3507.7514826627,3604.3971366066,3457.76459819922,513.789259515437,8055.39834728879,334.753625469849,8097.78975231311,8140.53628986046,797.573258060829,8188.25842740478,8321.97786049592,8250.62561419429,8318.43954855841,869.495333052004,3564.74624034761,3493.27513398417,775.772003902938,3539.58095802381,8187.08975881786,8059.52221979517,8119.07710034395,8177.97845773449,3578.24051766083,1022.51956606597,3419.58346370534,275.054079935515,758.094885218475,8030.1819104812,3950.61573441072,797.485028203724,726.392383106029,3361.3764948807,1120.84178742394,949.793597717725,1135.19045661358,1516.34568253403,681.173447138129,957.391882464635,7990.22546900683,3658.45623215167,824.839567551463,3110.84903933807,8106.36742772522,1321.75573294428,3591.1555173422,8144.4925293465,3177.75275172557,3613.63757293865,8189.49752793187,3563.89986945431,563.803967276983,4156.86719085893,752.385709063406,8486.26986781803,763.555742553585,3369.90349992031,1557.29555984665,813.658208081568,427.427393050914,8215.99509801014,8187.3940615204,878.86176523708,3548.69701726748,676.590349590097,8458.06408257288,8653.64119226089,948.392189198649,3716.31506003377,1564.37500854971,8016.020529351,3719.71779143123,705.183630856186,3700.23026892951,1277.61077285244,3752.20453460121,500.450157391325,8162.82947249979,579.060135655275,889.996083021789,3515.60590402998,964.071505251501,8162.18700328185,8072.64722196762,1e+08,3490.31741577734,947.162812293004,3600.80956979752,3910.25983979949,3677.74057169209,995.872130497595,8124.78924932676,7992.43837118706,3463.75612301253,3632.12632466918,3635.39116023827,454.562930812612,3731.87955239564,8299.26019328265,1620.343086403,3468.2924706573,1012.47007528834,8352.05718614794,671.435590213005,986.682600655378,847.28285435909,8195.99960740827,958.292905413457,780.553273229624,1147.80201469209,833.559278981007,7951.03966492227,892.597825862936,591.681695733528,1619.50094485814,8227.38508016361,933.474432566668,490.164804116779,3656.94249485363,3419.7698438966,1661.43673203932,8174.86361687567,1174.25507834323,1098.7322184074,4071.76005893272,509.510718586563,936.038723249389
3855.8661643297,4065.64136253867,2813.58020659311,2823.67233649838,5049.09621260345,5192.12886450936,2668.61038690323,2679.16819311212,5093.77092753832,4318.15655423865,2765.12837572253,2629.45611558406,2581.25544069841,4088.05870223428,4307.58460411554,4738.95416228797,2513.73444993212,2661.6832515317,5292.06819808011,2678.21326376187,2784.00381143704,4111.28703387076,2651.15714696666,4288.58811670531,4054.60826897941,4973.68690974936,4074.86428228931,2773.13117807411,5071.47348760703,4124.11178437817,3977.18300810289,5197.3922834849,4341.49751780349,3597.26611547966,2592.57318653861,2719.50689187699,4993.09159018556,2607.22983667694,3577.86865700966,4217.49455438753,3813.30994385077,5278.08574440233,4234.2973292176,4267.87528161885,2614.08225910313,4149.85754810767,4299.18248162963,2819.77478868006,3506.6423164022,5032.2365330714,2601.05094897364,4994.46835771077,5063.29226886251,3922.31216495999,5147.36595415453,4215.73819433241,4215.76799088088,3980.49360273436,4166.09731468512,5184.38718823884,5082.18493414565,4805.7302211408,5115.89499533689,2518.90332420877,5208.46989906372,5276.77077120054,5167.51895303797,2825.60990465693,4117.7464854545,4047.05982514175,3730.92825869632,3391.02638824739,3860.5323495152,2495.77944016112,3947.31977168117,3606.98853256569,2564.66834138115,2485.40530231192,3975.60587542926,2503.14035383549,2473.75931281598,2477.97598760133,3566.68048439534,3278.73094204827,5601.08656426005,2471.57999144211,3317.41528470183,3766.94897297831,5970.23473872651,5420.84130938728,2598.89169890887,3628.64684427468,3245.92039133361,3680.56743400174,2488.37211734906,2475.69721127926,3954.2846898568,5693.59762300877,5575.1084040567,5484.29080565988,3295.85495251881,5558.23079879447,3479.08388457835,5699.58689317192,2484.69312455698,3797.26371624214,5714.48300644323,3557.39051099304,3724.35493058966,3705.8944325082,3656.16336154483,3287.82688661801,5464.91972743266,4205.03751522339,5532.18299737294,4285.01321508935,2491.7970801142,5890.31490435419,3359.66856485659,5812.3156971515,5508.51782882652,3482.18433455375,3633.07877038338,5592.43713641795,5384.15982119867,4161.02553118633,5930.86528163968,3218.28088718319,3559.3820770747,5762.32423674816,3725.68438437191,2472.53697354004,2472.38733309576,2473.72627751498,3712.4591321691,4818.57107620249,3992.44090091392,4949.83296561957,4201.04768935823,4314.22821951146,4014.0540735182,4923.9816727329,2043.94264764836,4157.32174136229,4811.53531539966,3962.38136048357,3043.67613003828,4818.62156555314,3836.88460022752,5163.48274650706,2437.89464251054,4706.52315752499,5134.29027130009,3755.76527369115,3324.19239178049,3925.09373466644,4259.78391668731,5011.21420237332,3863.57493065318,4969.30496400059,3942.65218809552,4503.41579106698,3493.0330000019,4228.04129070607,4782.22564275914,4001.81950399541,3915.57977217582,4000.23881727685,2306.51089241471,3909.80354366995,4216.53033020138,2583.72853913403,3926.46356107861,3958.17900847618,4290.5742948179,4816.32853249245,4451.35960653819,5049.97759026407,2771.37859705272,4829.43054881623,2804.82015913747,3906.49503299831,5214.38909517083,3964.22770575821,2270.55957397755,4760.9043678373,3863.594957375,3831.81713862624,2673.39851518273,4174.25554396595,2530.63101231275,3914.69366371141,4036.94750118637,3861.07332222056,2332.33730697491,4209.81157388563,4947.14097792365,4310.40640529524,3072.10447934755,4046.97793653823,3349.630778154,4878.54633399262,4871.68668591969,2810.02363777116,2530.0208470304,4030.25536921944,2274.20341629356,4064.17897693538,5151.53212843221,3965.1800195282,4099.30128864933,2616.85135534844,5127.29028346953,3839.6255756114,4784.29691302489,3449.96176904731,3822.93971998836,5144.8962677151,4784.79911334265,5168.33973022708,3949.68624275612,4248.90401818596,4788.04820826981,3882.61955397571,4858.55619391119,5232.09243958593,4653.61114568014,2819.37632858352,5019.67746284849,3585.66762206962,3907.22365704015,4647.3633286388,3468.4904775207,2291.43016304055,5138.66644568337,4871.42793483627,4653.78027723791,4012.62346572399,4942.48178930115,5031.50722611349,2452.79297978288,4191.40327817399,4215.4587074063,3968.06263611529,5065.27123150372,4018.14269817059,4188.99329637668,4223.79630758535,4423.25829235664,4027.32521716653,4250.05680648282,4296.81200621482,2457.79584272505,3472.34489611362,2841.70341999657,3759.31300602168,3922.8303952715,3871.79169850807,3835.63530282338,4176.55281655783,2744.77708184577,4313.48987031253,2377.76946429785,2296.4330939568,3984.82186037945,2261.02534059888,4934.83883601735,2309.43166174787,4257.23936429837,4251.60322174162,4539.47091075395,4594.70648393251,3878.62234250031,4221.90987570111,5168.75136833831,2303.3637654279,5146.86643816101,4764.50013946403,3929.75722630541,3977.20680022244,3971.80549939773,3921.21319196444,4155.72785133534,2626.56955425057,2342.21341559592,5389.40128253117,3734.33597406579,3815.33348360709,3915.19340662226,3858.60154619806,3897.57581378412,3756.58654901209,2607.07342833435,3865.53498125819,4171.10460700299,1360.29672193514,5470.38393176148,5230.39960019091,900.883756807312,5096.94289199615,4364.47082737932,3894.84911583793,5341.1461734667,3749.70608634815,3781.83556777292,5305.66309431596,171.575497010982,5284.6599014135,3941.60075223231,3876.78998079195,3178.27634038141,3521.49211698896,1670.06674692793,3488.56724069506,3177.26257666048,1468.79749200814,5413.96899530605,3530.62189553048,527.389239885788,1481.60020221184,3957.34576027032,5268.40340903803,3541.10369389125,549.432861167189,5341.33663519218,433.920958809443,1233.52653943739,113.25535084957,3236.46460929962,5178.64147500205,3624.62509945077,5218.79373286342,5207.04813611914,3356.95892710983,5255.52789290817,5479.16182093364,5361.85702199208,5422.20543342552,3799.25413889295,991.841628685466,236.19667376248,3367.2246924964,712.183589043623,5237.43583076914,5173.09898468664,5250.99886175884,5275.57200142036,511.033485154701,3905.97630894923,247.369645278324,3628.17417423601,3579.04548719752,5199.01277526574,1359.3139716692,3579.73067830389,3398.14371937113,282.054863411787,3306.65991509616,3938.59399612822,4192.03891423956,4401.5884910727,3099.69334112466,3921.7967906966,5108.23693409262,630.428716959221,3482.96316954748,1818.91014127546,5215.19239500068,4230.82616272759,178.271391093199,5266.8359078444,543.414405901021,834.115636906844,5260.49567812737,218.726138213094,3383.79746819741,2223.15623828751,3648.92037494991,5421.59953311552,3504.52626509828,315.100444248265,4500.95754647533,3596.79724811892,3494.14748938141,5309.69762871635,5273.88644387149,3806.91980326205,640.148319673501,3515.99796258146,5538.62228682341,5735.6631396662,3130.18463624239,860.342343298624,4542.632071342,5171.09701852851,684.023738352897,3237.797648568,1030.67836743304,3506.71566295893,1437.27491842053,3704.78664766003,5279.94562451874,3426.82545803251,3756.40017367004,355.211384142301,3810.55020254615,5261.3676262321,5159.25966564214,3490.31741577734,1e+08,3830.13210953623,943.441358848726,1504.41231567124,547.465948392732,3246.74750153861,5218.26793603693,5124.98644441458,232.988034183732,1466.33418179592,816.445461986506,3515.03043174697,647.43531311176,5428.81072812724,4470.07397293164,219.15662174943,3902.20685796658,5483.10250859696,3466.85654387477,3869.08942838244,3811.62528246908,5325.89581411514,3856.61849647912,3608.30635740373,4140.53331745262,3769.75589612822,5086.26585914771,3848.40263326677,3459.04951200993,4614.84435369148,5312.93749828274,3889.9310617458,3579.65504608867,779.835711627946,277.467452047313,4551.3255528922,5284.2478604336,3462.89810559581,4017.72580307859,1809.17073996054,3243.60254697282,3925.06336439927
1110.74179958254,1051.37053007486,2246.44061299478,2227.89356166018,7806.63840705872,7968.50984368353,2550.25120169451,2525.06544486075,7857.33927281277,1066.61004011963,2339.44963733544,2649.88871990609,2790.87478424444,1048.93713245539,1064.17011645957,1264.57258751903,3057.10067445486,2567.13086889749,8080.86536278228,2527.31765429855,2302.38960876688,1047.21455054658,2593.35891528124,1060.1598712297,1052.84696711471,7720.74730490985,1050.27752185074,2323.60004822737,7832.05077979948,1046.61047636431,1068.38547051636,7974.44192988416,1072.51485939865,1269.43199773473,2755.42791720735,2434.09793775262,7742.8873999496,2711.83966184197,1284.77791961958,1049.54548854813,1130.66147528008,8065.18064949175,1051.4158503301,1056.3435514462,2692.24773610196,1046.13871838431,1062.33676160742,2235.02516801626,1344.9322799998,7787.46958127603,2729.92175740956,7744.45722583581,7822.76382115497,1084.85359929826,7917.99149105781,1049.37319904166,1049.37608513263,1067.53596648077,1046.34659987188,7959.78159941217,7844.20319819033,7527.93250969444,7882.39892995077,3031.35174200513,7986.92137918084,8063.70501641126,7940.75102460315,2224.36264226516,1046.8795165142,1053.96316593471,1176.36541708077,1454.85420654507,1108.71459398267,3828.54544297003,1076.79121541898,1261.91075419716,4153.29906538269,3240.99798803848,1068.79595788402,3875.86015298002,3601.7288661211,3669.08905219983,1293.83344804802,1575.7130981828,8424.87590273419,3536.73898920987,1532.52015898923,1155.24464822012,8830.17961808171,8224.81098635942,4268.10886308469,1245.56981704881,1613.64246205203,1208.76819745231,3773.24138286791,3636.64239591424,1074.7114507191,8526.97409450052,8396.13664834718,8295.41755163171,1556.39048770035,8377.4485130513,1369.77533041344,8533.57119775941,3741.35279223756,1138.83401565768,8549.97246455384,1301.46517954185,1180.40653919077,1192.0596478834,1225.6442076747,1565.40909128191,8273.88284494707,1048.41906450757,8348.58025140846,1059.45948305787,3800.02202441527,8742.88799683126,1487.21507785331,8657.46216172127,8322.32462023137,1366.93740815074,1242.29697648666,8415.31060063853,8183.89794583117,1046.23989477362,8787.20806387899,1646.52792879501,1299.82053595255,8602.5849232918,1179.58461540175,3572.16508828311,3567.74578424211,3386.29739483427,1187.86455560011,7880.45073834049,778.193425687316,7883.78807879904,1083.08158341861,824.803404839337,917.737569322541,7982.89972304934,2976.80411512257,573.730544674881,7861.93444012772,773.133678931556,3344.77321732932,7847.34021490131,945.36523745075,8215.709265319,3157.95792896014,7768.83500924021,8116.2387847904,1107.56520253105,1146.4438676951,1001.67707138887,1439.46203439174,7962.71729909374,990.186323617203,7965.24704029226,364.83191992352,1364.70785113603,3603.03351840152,1218.09196407546,1069.42419127738,337.399162637504,542.880082165884,817.312031972934,2868.73770903631,314.323759538141,1407.56702772896,2979.78461276499,989.514537833024,690.04042269282,1336.1691948493,1330.91223090589,1358.68923399924,8116.2656900811,3001.26818856438,7858.38347715401,3259.48309793044,499.705315294993,8293.3218908205,1083.35954908717,2291.27667483029,7890.06693241138,912.243910103297,999.869020154219,2834.55036687157,822.839667528941,3232.11422372168,251.712856659803,943.544053615641,1332.87831992837,3092.18774558891,1279.9330042038,8016.33311304466,1573.72013542717,3308.14291950145,473.732216152216,1302.38988407198,7927.29775210455,7895.13850639698,3220.46228326257,3174.23600187564,1037.0699878859,2763.42014499991,707.082157728283,8102.79745196629,390.438184213692,735.083742959256,3160.22078992969,8132.93769104262,890.880855081797,7821.22504002548,3810.64420046959,874.830757298405,8188.45319315984,7826.79526161595,8060.25975134853,532.110727395573,616.963060718513,7888.79146965412,1227.22698343753,7898.80746416055,8217.57085279103,7574.17963896798,3328.39049905504,8119.33535762278,704.958915091146,3603.71650782037,1074.09593060538,801.452388170816,2960.46244394324,8164.6689417838,7933.24631758318,7791.64804740449,823.458413226531,8010.38254891495,8144.04593817294,3081.60801917345,1390.56055716858,1046.93407081395,408.816988629992,8132.82869188526,904.707947556325,1180.48531905941,1003.15571992236,1249.58095689777,766.977514716921,676.347387662868,867.073603112235,2863.59703412975,3357.93370636585,3105.08208287757,1138.59440171964,865.754567548757,1020.44058993064,802.411103517781,973.831068804387,3202.11868243848,1219.13204394511,2945.396933866,2664.96164695335,1146.69445911599,2716.54808349828,8043.44571435624,3033.120125252,1364.94175693042,874.48542832628,7572.57178773597,7693.19962853657,3944.38087877489,767.956185758481,8231.09567689053,2406.93540842758,8139.86643513043,7803.85089266598,630.960051975289,743.169172319216,430.798608772067,436.994323830902,855.243763847314,3268.11928884803,2788.13636073267,7973.22125996486,939.572291119329,887.997837840436,532.613304225207,502.387594376027,872.259302245938,1025.71009623274,3418.0454974087,833.310094254963,1125.66547424752,4216.27852088525,8741.14186447386,8554.97010630486,3969.61000420896,8392.00119887029,1654.51432743784,191.528118382756,8698.24474615543,1135.3103364554,1133.86270659191,8670.33706484157,3913.62426145214,8626.66246200277,409.000437707309,108.516103849832,1272.31641758361,960.390774586417,4479.16531621002,1124.68116239857,1666.04557831159,4390.21369444934,8746.15041565523,1123.5686625677,3751.1903319881,4409.17884556231,279.223669692444,8577.19138992701,1184.32737790363,3965.21953267974,8662.94557387227,3922.94720692846,4142.96419844596,3795.73581592363,1155.50053760649,8464.26960875554,730.786975263305,8528.3442054111,8545.8342518708,1332.96969105599,8605.72527332767,8730.68822271327,8664.08961827747,8742.52869567476,290.658415107768,4067.36136989566,3793.30277085276,1309.19968978996,3995.30822279556,8587.89111990169,8475.65473618572,8534.42637178172,8586.50010191144,3985.38767698519,1410.06411762665,3756.96368205891,879.773157007456,1060.10409088879,8455.84125840055,4477.04255480217,1086.11673064858,1298.80578692148,3671.09327531402,1587.08721703487,484.171401208231,1504.05852742562,1782.6861179345,1108.90527440171,228.727291482081,8419.45005062462,4090.8873662505,1288.98376795099,3674.29747659944,8522.12316371179,1677.70727560845,3937.92113781412,8564.30422546899,3555.90588552899,4082.76536933826,8606.4034216782,3933.07672533922,1194.17549078431,4739.62701179361,1078.60565212747,8865.70059669777,1050.66593590353,3680.07364537656,1740.17424523106,1098.58768954708,1078.81396596938,8639.33364046708,8593.45135185164,339.236369209564,3989.99676007602,755.25733601384,8857.02313795583,9040.66979060489,1443.35736930297,4189.92226830432,1776.80439706975,8418.14141600348,4155.10770294638,1274.90435595248,4202.63143697122,1606.07311642563,4288.84741854191,931.410981212633,8577.89402476799,1198.84995437049,1237.68859167254,3799.63279379418,1383.37241040515,8561.11589975054,8492.45569594672,947.162812293004,3830.13210953623,1e+08,4090.37404017899,4451.3407516323,4092.20140845403,1497.48150726515,8528.73655916099,8410.06467365274,3825.5345723485,4193.25793231296,4108.22112336166,1079.00576931153,4159.37019537988,8723.63927484514,1808.31837578788,3832.74970158129,273.944748570882,8762.63424620035,808.68883967451,1373.17086860548,359.942373849743,8602.99018021969,386.756411111744,1188.29809524966,1515.07271957715,446.708258709422,8377.44020621704,550.626708449348,1166.79149587321,1801.84375000439,8634.72175138968,1314.7366138895,1047.08717470406,4122.12073973406,3738.29881920489,1839.90830050962,8602.64708804731,1571.84536904162,1479.69918934017,4634.01601400834,1176.61949235604,494.5481144207
4116.34261619153,4326.14670080712,3055.1865157638,3065.87921628148,4956.46842632227,5095.56595558817,2898.55388804526,2910.21504092048,4999.88409105926,4578.22498197027,3003.5359931349,2854.78132822782,2799.34153043638,4348.5430295359,4567.67899475918,4997.6311977047,2715.87587872114,2890.87292746684,5192.91357749197,2909.16248600125,3023.72381439822,4371.74544547086,2879.15250402872,4548.72770643741,4315.12245240761,4883.24952115014,4335.36146307446,3012.10628337278,4978.21154775877,4384.55414634818,4237.7294413523,5100.6897557709,4601.5066441281,3856.92262687754,2812.55782656371,2954.32829861448,4902.082537909,2829.47664948404,3837.41557369332,4477.78562610631,4073.7210806197,5179.28633887379,4494.55523501585,4528.06195730176,2837.31992328848,4410.26409523349,4559.29709683188,3061.75218062509,3765.71368004275,4940.09125287321,2822.36900526566,4903.41895980561,4970.26135634065,4182.84676478858,5052.00496740104,4476.03263419046,4476.06237375614,4241.03978536842,4426.47888679528,5088.03028442844,4988.6219365174,4720.48813201081,5021.39490864814,2722.71538571922,5111.47468102578,5178.00489291559,5071.61359981044,3067.92974251955,4378.19696524026,4307.5794765713,3991.14217938171,3649.03984204438,4121.01457499704,2637.32966057839,4207.86358547542,3866.69699471175,2677.09535527998,2674.85077514857,4236.15239078915,2640.50201330066,2634.86296889062,2633.38045768436,3826.16048009861,3535.28897639981,5494.64027254461,2638.07747972757,3574.52985162905,4027.26130538887,5856.28291731732,5318.52242548769,2700.96397958289,3888.46413526178,3501.95514394621,3940.60903435973,2634.77770490426,2633.85991078479,4214.82991364238,5585.1578190029,5469.23663056674,5380.48060090817,3552.66706895404,5452.73584249125,3737.93761057555,5591.02077240377,2633.87560010362,4057.64404686458,5605.60413184301,3816.81281785158,3984.54872414105,3966.02797036291,3916.10574030851,3544.52145124006,5361.56026128695,4465.35206470161,5427.27518632507,4545.16109754759,2635.85738569223,5777.89045015684,3617.323092969,5701.43159892428,5404.1494252064,3741.06355090965,3892.91718653661,5486.18139801493,5282.72308261059,4421.41509657655,5817.65957443421,3473.83507076229,3818.8169154481,5652.45433556425,3985.88230414942,2636.10775243069,2636.32500622491,2652.25270592612,3972.61473587388,4622.74402500101,4094.2794793549,4717.32704753347,4288.1976002046,4490.87745037377,4105.90488380878,4705.44211211385,1876.96274780672,4337.41082164737,4580.81584537445,4078.8699348953,2608.4958266242,4615.02902820824,3925.69251260396,4857.85412612084,2056.42202483225,4463.35662709353,4816.77782089775,3831.04175637162,3417.11152567317,4007.65452498141,4329.71190235961,4694.95232961329,3942.5402761204,4715.84611427962,4146.01477621119,4560.55489682983,3082.4195874385,4282.01657504279,5004.30418452133,4214.08288372932,4077.55074729449,4112.19620636334,2095.56649361018,4153.77443710365,4288.43245158918,2256.24254565766,4013.71046765434,4088.43565718671,4365.68241548177,4968.80444629476,4503.52823180086,4780.70108660091,2414.65587232171,4594.50489469896,2383.06572882476,4075.38420841386,4940.12262383324,4048.61941787863,2350.03923352616,4543.07835171549,3946.89167913243,3917.4537750898,2381.2055500389,4309.78320179515,2115.31050621667,4139.42642998973,4125.33484580687,3960.35025262115,1997.4604368593,4311.65727156214,4713.04317723817,4392.08968519195,2658.02326030196,4315.80065479946,3439.09224498403,4663.85857452535,4655.75901114175,2384.03190840858,2112.1770897554,4123.01842677092,2129.98919253344,4202.26244732942,4838.87357847144,4165.05823327872,4239.8618381608,2204.16879901783,4826.414797025,3934.84188677001,4571.57236752957,3038.19561266779,3905.54943900639,4875.08958840177,4551.62444957113,4849.59373570323,4124.22990025435,4453.14667893656,4565.60040373156,3970.35912529334,4617.81453692825,4923.6201100807,4427.03812899671,2368.104440619,4787.90647669717,3793.53815060764,3586.56385761232,4803.10290016947,3641.9789179542,2011.52288389899,4832.03265985295,4634.82815460293,4485.2114968167,4118.39728891393,4714.78113748338,4784.70829982511,2101.77398045668,4263.21566179653,4308.73560947759,4163.01403854457,4789.57006133328,4113.57251405461,4243.72768737888,4308.24496835022,4486.28549721289,4148.5611714793,4437.95140892317,4441.05236847751,2178.87287220343,3078.56867123128,2436.71783158101,3837.77060388857,4010.34217008883,3951.90168780481,3933.52735123945,4278.41998442929,2322.54348481489,4372.69073104796,2062.55866041367,2155.53497618314,4060.62973005055,2080.95323305121,4691.83060518433,2022.8657997891,4331.25192469237,4391.93352464688,4359.15653721986,4422.9400850242,3538.10362203203,4379.99666487075,4904.55481561821,2319.30862403437,4843.03505163705,4532.52716839939,4068.01385041164,4115.95169139828,4164.59565123153,4194.13766582989,4269.53829322694,2208.95351352715,2167.2123664002,4973.46727412391,3821.87181190972,3892.62402818341,4078.96158804292,4024.92938563391,3977.49981676246,3832.05085647982,2119.91482040511,3958.7308890759,4247.38288771313,573.980366736782,5445.5818261002,5194.31522272088,308.279368402942,5047.76343373941,4468.44564219323,4147.73401719468,5294.36649733161,3812.78402581444,3848.07716468764,5287.60340890977,826.030021562696,5231.19471177935,4146.18749376905,4126.46762315069,3281.37462294663,3629.4552590929,927.493928598418,3595.6681001271,3290.0436034704,687.875113478532,5397.57545169459,3636.4992111314,1419.97143583658,739.161088685229,4183.90676490405,5222.0429698792,3644.8479363291,685.185948654546,5308.05257808768,612.973163290197,436.94600123625,969.160694498792,3361.55374323766,5114.04574488744,3779.45326233915,5175.83532685911,5157.06729736694,3476.52243298457,5218.80996222419,5393.22716556988,5303.62443684189,5381.86660932056,4014.89346087204,391.622954146326,1120.28156513138,3493.55791107569,290.081878524057,5184.39448400727,5111.28564724558,5182.30684159059,5207.85793965176,714.126920891289,3955.85004944481,902.278668465586,3743.01298667356,3670.5802636557,5132.15583547907,817.68664873003,3675.96265986568,3505.04859557252,1161.64769480359,3420.93685564713,4125.013342852,4252.70903833552,4499.27353280283,3285.12495320637,4146.84612382378,5080.44619474742,555.254484312792,3591.17367508611,1264.79414707983,5163.52247891661,4295.38068964702,914.782153489144,5205.14083122263,843.315688023644,137.425880356751,5219.26423339175,762.342277045028,3496.66423561159,1621.7427714104,3707.94691657724,5380.31151812657,3599.87414994969,1183.49041327743,4628.9604435411,3684.39327620222,3599.09437756263,5284.49475646753,5206.05741233679,4015.401912373,340.967505172324,3669.32827923942,5466.14186720837,5635.89634188157,3263.73792792941,261.11276804896,4650.61573751018,5100.15438117376,495.189454990908,3358.14566900716,258.859641341239,3619.13648435857,933.770933399262,3807.62022320548,5224.74207489097,3535.20996756008,3803.88792635603,1276.85942423428,3875.05434399235,5195.17992968288,5115.84747596154,3600.80956979752,943.441358848726,4090.37404017899,1e+08,980.428474875302,521.308151437784,3362.4016399043,5155.15819336954,5070.11836840118,871.55910766299,653.930174156871,337.662874697285,3620.88427975037,631.087800679019,5411.99495162746,4598.56007583882,784.33491371015,4162.0560423841,5414.68398373905,3613.62461651865,3925.57916916654,4013.53723362144,5245.42801307011,4072.79266995528,3720.99847963939,4199.60689896855,3952.82865998633,5035.65666860309,4008.99095915927,3569.01461950686,4728.28552120153,5255.16481488729,3955.69112623286,3678.51303435691,464.130867597114,1146.64128051288,4675.2143044756,5260.70013886211,3581.42124645844,4073.17500684032,1231.52787455359,3356.57349222394,4111.57763392886
4359.56851508912,4583.47189019863,3163.2309221519,3176.40350791754,4504.57665914779,4642.0757401607,2963.5678464648,2978.97017684471,4547.46546843588,4849.94459185208,3098.89188684906,2904.68975620056,2827.06598931131,4607.25011809117,4838.84367521195,5288.72351849183,2699.36257488056,2953.36200827104,4738.44856838661,2977.58434784309,3124.18628656455,4631.86142009714,2937.6905944996,4818.88556760857,4571.75933604166,4432.30868096988,4593.2578685685,3109.65439888445,4526.05260863468,4645.43817341035,4489.37774084164,4647.1454412361,4874.43803834669,4079.19336351873,2845.94659045066,3036.33403699718,4450.88932694617,2869.75158961912,4057.91765504821,4744.06125454188,4313.79934102286,4724.95124388903,4761.76510665463,4797.10761399434,2880.66113297043,4672.66938128412,4830.0180062431,3171.32488345723,3979.44321076073,4488.40522012562,2859.79799874023,4452.20804921363,4518.19932580083,4430.78217604965,4598.98790312292,4742.20999654252,4742.24140415815,4492.9072522197,4689.82987152976,4634.62021994625,4536.337443953,4271.97539337354,4568.72491327259,2710.60023536903,4657.81754015933,4723.68212066502,4618.3805904855,3178.92426844257,4638.70064886193,4563.74228932841,4224.81075682082,3850.73637492879,4364.57920264631,2483.68452248722,4457.51020319778,4089.8426283368,2467.86836692703,2626.32662652209,4487.69609133238,2478.53187897691,2521.73256798199,2508.1448283389,4045.62813163987,3723.83726955391,5037.7706373409,2536.64903069953,3767.78915169048,4263.78581422924,5397.47079491243,4862.95222869655,2473.2025278268,4113.53161494043,3686.343709703,4170.13718966697,2490.93245554045,2514.45063663883,4464.94739275939,5127.71889462168,5012.53814698807,4924.42220980222,3743.32571664172,4996.1513294819,3948.92200371256,5133.54706628825,2495.70963028954,4296.50739010127,5148.04497198964,4035.41343334167,4217.68682475885,4197.66049331495,4143.56240168925,3734.19575984196,4905.64720292125,4730.92821126058,4970.87096109721,4815.12808167123,2487.25810519334,5319.42904474923,3815.50574175273,5243.34710335728,4947.91372504194,3952.36043874849,4118.37339650586,5029.36817913869,4827.45154652558,4684.47187060873,5359.01590377669,3654.59467362118,4037.60402981089,5194.63065780121,4219.12792959809,2528.29922604721,2529.31226883199,2577.8698444477,4204.78534493669,4223.87653572488,4396.62100650722,4323.44482490971,4555.81768927121,4837.65595736443,4392.45708987659,4311.12537768762,2264.25388395788,4680.81028821563,4193.94555810795,4390.72841355461,2496.86011892352,4220.00561232978,4149.85763503585,4475.617533327,2280.75866775775,4079.49944178329,4422.01410181843,4028.46634922338,3694.01644276868,4211.42970128017,4488.40022456556,4267.66283991721,4165.34387896497,4320.79555439683,4500.0389904362,4777.26917841256,2807.99076640243,4512.38899205938,5371.28303395482,4565.67035614928,4417.237719551,4415.64142131448,2397.60964265136,4533.59905454214,4448.89785739221,2483.39994848139,4220.80136278367,4419.55960724997,4528.95763190228,5284.68200185483,4727.79174413736,4403.92132120662,2527.18179774957,4188.38734661327,2402.47847564539,4422.19691837375,4556.29567174502,4235.7653784038,2756.71637797679,4174.32525598244,4185.29018009852,4130.16084827713,2525.68199396991,4635.06661108933,2197.56255473274,4496.28093169523,4354.40932251513,4133.79238719649,2237.83582398274,4493.86564536036,4336.39285209027,4557.67734733079,2502.72754158814,4682.5854464928,3629.96952853919,4281.60200278875,4259.99786061083,2454.54807642759,2311.42193926278,4320.28296084245,2465.63519361524,4526.33675936083,4434.41420031738,4510.86882743303,4558.77534618756,2368.48055826076,4426.968939629,4178.11183376131,4187.10501029957,2693.11486277017,4183.92183501195,4494.19802399089,4169.49157669273,4447.0692826208,4464.74286641703,4818.29030740573,4174.11749961469,4150.80497608723,4220.01972031261,4522.92721006205,4035.04671926664,2379.63983323922,4422.25590388987,4179.54552377761,3277.71068366599,5160.65098520715,4016.79973488803,2287.23136687976,4436.23551536645,4257.95782385714,4105.04209345691,4418.5507168899,4325.9789358624,4406.02322249593,2383.21912412803,4422.25819451988,4587.56230675459,4513.19799811042,4409.08776176434,4366.2456952127,4472.92844808065,4605.42017115103,4745.6546778434,4458.2216437699,4789.72721454797,4765.11342104631,2443.44527310702,2874.64349981167,2534.09059314199,4031.18848872961,4269.04958782783,4158.13548039092,4225.98824798768,4572.48589135155,2421.4543513955,4617.68672911568,2317.59484948318,2503.53414451057,4241.08421662778,2389.60066178988,4321.99714260683,2291.80604831099,4501.13230695006,4718.69274017523,3972.36727477203,4040.13750433518,3177.70943905597,4719.87593871809,4521.90178662794,2706.42856009709,4439.76067961665,4137.41491219568,4406.81141104544,4438.70961992251,4509.79273381438,4565.84196041,4585.64514902233,2246.87987413161,2477.69989245955,4411.5404770198,4071.99530965086,4171.72967682162,4433.52184329282,4366.35053994476,4250.0496310739,4056.30420011401,2201.59465697442,4230.77996610546,4475.2795903318,634.269525830672,5078.11679777131,4855.98225994601,1193.53076121881,4729.88806825471,4566.84461183728,4528.02500110694,4971.06762485499,4040.95470599183,4072.01004596715,4963.93042422085,1406.34678572845,4914.27951798037,4509.29118238599,4487.23875418076,3518.89707412021,3897.74410642188,618.891066645298,3806.87979846117,3483.18123479298,525.842865304824,5057.57438561059,3841.97374988011,1886.7986316768,553.962554785827,4527.73997472456,4878.52828500459,3832.95387771586,1138.38899638234,4963.87704542864,1158.82984332054,705.52492159005,1529.89887797775,3630.57530770697,4788.40920425112,4128.14943306101,4836.29588839336,4846.04841256525,3677.23367580449,4887.90432484593,5050.019814204,4979.47325857991,5025.5406572516,4382.17452692052,691.54124342938,1661.49527550491,3697.00192651079,1037.78877283335,4878.94128579821,4784.07698799399,4856.06352014417,4882.77612005254,1144.13564437985,4112.91827203286,1546.47875420308,4015.9284829888,3919.41990635646,4795.06554620926,339.507852380324,3931.34025424852,3701.69178164553,1693.26473754742,3612.39581433671,4488.37291552677,4397.82843667953,4580.01310825659,3632.85538717643,4515.4197757624,4748.83750706333,1033.152092662,3774.33785949849,1336.06879318725,4837.7166365144,4388.75132191235,1430.69851344866,4875.1111082577,1558.65338348491,1026.64920067257,4893.32348396725,1355.35666597641,3710.87492256853,1001.58095249999,3952.31684278367,5086.78565057758,3865.35686604184,1693.78837620883,4720.75834433387,3940.71667728219,3819.68530757774,4939.79620255493,4884.32025383428,4386.9870436607,1135.34749134578,3980.41320869342,5138.80973015043,5313.96582722884,3464.07270045249,885.92755801813,4741.39720368729,4770.02005642482,1010.26004825325,3575.85929496618,780.794936177365,3795.96746943282,256.210345477954,4035.38348867649,4890.22638589148,3744.13529292591,4011.68706533872,1740.01243822289,4038.30446026187,4879.12518566782,4793.13239113537,3910.25983979949,1504.41231567124,4451.3407516323,980.428474875302,1e+08,1140.28526683165,3558.14403045211,4836.09224364836,4748.39411000305,1408.72643539668,792.739532497255,907.444724750752,3837.7686757369,1012.42583027358,5041.16102838327,4682.7161349789,1422.9578693552,4536.82372512341,5075.00906687276,3921.19103850689,4078.77297792417,4374.21898405582,4917.38194609178,4430.75852178647,3909.24718075856,4328.40170782399,4327.85794878903,4711.92175717918,4373.11847026939,3767.30372694561,4820.577692416,4932.22476491372,4140.82564609913,3889.66791336437,833.135678185944,1628.16789389671,4760.04814465688,4901.78074764425,3769.93495217911,4210.85657927007,472.282282693701,3615.82051084704,4470.59773929331
4107.70166171932,4320.24830513042,3023.64914449833,3034.71129431832,4893.40096993397,5033.0292777078,2860.88499947623,2873.05855009647,4936.98412046834,4575.2060509571,2970.13599330172,2815.08303016753,2756.77647847794,4342.91751897194,4564.54751449258,4998.62262981164,2667.9917096799,2852.86042756967,5130.73830057016,2871.96019124922,2991.06789105523,4366.39891419849,2840.60586174131,4545.39234677647,4309.08841234534,4819.8958846307,4329.57577619509,2979.02479794827,4915.22817626699,4379.3600270241,4230.7177428118,5038.1723063033,4598.73392247863,3844.34035575923,2770.71198275374,2919.01809716568,4838.80295623928,2788.51692890866,3824.50776462269,4473.66796527526,4064.47800022569,5117.06096874553,4490.62527673467,4524.50185713792,2796.75894399037,4405.37253749833,4556.07570267037,3030.44228230426,3751.56929896678,4876.96019037559,2781.04149505444,4840.14462150468,4907.24728778333,4175.11355874395,4989.3038873741,4471.89525066358,4471.92532498639,4234.07083947866,4421.77587793667,5025.46528521786,4925.67867783053,4656.48181930083,4958.57731037496,2675.33656158117,5048.99762979447,5115.77480392347,5008.98672966823,3036.83207590022,4372.92734186948,4301.4521178275,3980.68412941915,3632.73681736686,4112.43863491344,2576.26883250657,4200.46226389096,3854.27615897301,2612.15373942497,2623.44354251002,4229.12029471647,2578.80416840422,2577.17265765425,2574.63654922539,3813.06277698836,3516.68213389761,5433.53319535471,2581.44297036876,3556.74196904483,4017.34276562808,5796.35680701867,5256.80130121822,2634.93035369231,3876.39885558284,3482.63113930901,3929.37401555804,2574.49123694805,2575.61819494678,4207.52010795009,5524.3562334138,5408.04259610628,5318.97849537999,3534.42619927453,5391.48503618807,3723.29647314872,5530.23874149208,2574.04992071373,4048.16953072502,5544.87061901987,3803.55623471757,3973.99078563252,3955.18708108986,3904.48428363939,3526.10970031285,5299.99162093707,4461.09409704017,5365.93633250699,4541.78713211603,2575.19197503544,5717.71717064956,3600.39881830446,5641.01261705946,5342.73012457522,3726.47883307429,3880.92398214509,5425.04542573112,5220.87391032337,4416.65339151108,5757.61228070606,3453.88994355249,3805.59448539628,5591.87552185261,3975.34460436336,2578.89306991179,2579.18209592237,2598.19780292234,3961.8748787484,4589.59657750161,4169.21080261276,4702.91199143728,4356.77597052324,4517.85764952438,4174.39391289494,4680.28759409798,2012.9256100356,4370.25196842764,4562.46814953292,4136.89636274535,2864.92939011117,4590.88872029089,4008.05720531608,4870.69688968871,2283.38555438473,4455.23360734863,4832.18037280334,3919.96448760575,3501.77688489259,4090.22497673822,4410.12675361298,4699.82479328701,4030.1289323145,4707.5384755143,4168.32256910369,4641.3741399508,3324.13762076063,4366.5140685498,5026.75003031416,4233.84682514499,4116.43860491174,4171.74456169345,2246.89250458713,4167.50413372133,4367.99912415993,2458.29867174569,4094.92512901863,4141.14470408451,4440.84472343222,5006.00389015929,4590.07632513395,4777.38593916872,2632.51781449883,4579.89544559662,2623.1504457261,4112.31437815116,4936.01664933098,4127.96672485743,2399.41354163881,4523.24668014214,4031.20860497755,4001.28676310173,2564.74108889656,4357.30520877231,2362.75434537053,4153.60086239847,4205.44020445723,4030.01732476702,2204.70857757364,4378.43552936805,4695.46342294384,4465.60008466984,2898.98954435912,4324.49830622291,3521.18405397156,4651.45971779921,4639.30584276122,2630.43685993539,2367.28751418711,4199.53696587929,2247.49016320114,4251.42321558996,4854.12470222736,4188.51044839323,4287.49976714877,2449.40607469389,4834.48757095047,4015.40684636843,4551.98441427128,3266.87933485688,3992.48076463589,4873.17616430132,4547.34199201009,4870.49859173588,4156.02036364097,4474.47052513335,4540.17870027399,4048.91642419138,4605.34661703917,4935.15261859617,4402.97243931555,2630.98839099788,4770.90894413345,3820.31081312392,3782.57378776232,4846.13860491265,3687.16004228515,2198.10798299985,4840.51712005888,4622.27483681292,4447.13956190441,4182.36460848053,4696.80041812129,4775.49179069692,2316.16826942429,4342.51793873985,4374.76835940009,4188.69416289623,4789.53002731454,4186.86187001284,4329.27621576406,4380.65501532734,4567.52455250181,4205.22235626662,4465.52878098096,4485.08303858546,2364.96047155371,3313.26864894392,2681.03592904615,3924.66075893108,4091.97824221609,4037.396116585,4011.85733228498,4339.78080217574,2568.86415630595,4455.39420451702,2266.97096368867,2284.087575592,4143.74218142715,2221.58726521939,4685.43105812088,2200.4141039806,4411.61634351902,4436.6085642648,4323.36745180452,4383.3822114639,3729.52412156631,4417.93087770697,4898.05977923666,2385.28003831635,4849.00173117576,4514.3424320635,4118.38740617129,4160.45618234236,4190.95868506504,4200.93095177926,4328.41366759131,2449.52104122656,2302.62803309675,5064.98860000595,3906.86811105067,3980.88448406028,4117.46781599804,4062.42425086021,4064.01636939293,3922.26269068506,2402.63615553203,4039.02463515364,4323.44970525976,976.901947141288,5341.88252556957,5103.19991304093,600.860544931952,4976.62059597762,4532.6209660872,4153.22715946579,5211.47472148746,3888.92274329574,3923.95095652415,5186.25784355431,392.869155168153,5157.33749240039,4165.55863295153,4134.48412750343,3360.77942499072,3705.04113787113,1291.3346886818,3671.85923842742,3359.90117853864,1056.54363869476,5291.09535786798,3712.67480940924,1051.53805581155,1093.73517472839,4198.07853930598,5138.71274042793,3719.38835785921,355.744553749042,5212.42865290623,299.391815573531,852.267301481745,556.84756379439,3430.31471461865,5047.92711035976,3832.10881193027,5089.37841662708,5082.72499081457,3545.49091126124,5128.75491445707,5335.53066733301,5230.82799446217,5287.21263573353,4032.34797204607,611.652550170512,731.684804578417,3560.5529550667,295.923401085751,5111.45517725989,5041.84112256375,5120.07664781208,5140.51146710038,349.548992816668,4034.93339981248,574.919020802915,3815.47168424113,3732.43478329216,5067.23954623742,947.853506878989,3733.40837945754,3580.49445155193,815.240008903676,3489.95963003899,4151.07257755617,4331.01372109352,4565.71752531894,3314.21158766249,4163.12496097909,4988.21808669838,279.31504805657,3661.78243696671,1602.11504692903,5089.49635280031,4370.42130841732,458.099274316595,5136.3616026407,734.49752789933,404.932651038772,5133.54989436266,346.518529575219,3571.02754994405,1909.32190859799,3788.70371310962,5288.28569509807,3658.89594575724,804.298875809194,4685.98200432119,3747.12434389608,3675.96432522115,5184.98247409624,5138.69306124506,4035.02486074549,250.037164477012,3706.11796002831,5398.69872143465,5579.73690175071,3321.30884520405,392.732544495585,4715.49083010503,5038.16181387492,247.56736048784,3426.09816413919,576.47053695877,3682.82590392671,1113.39964047903,3882.70658447867,5150.6634887951,3611.51621778014,3886.9907575784,873.898682535379,3947.19600755091,5129.71147684658,5034.63389063461,3677.74057169209,547.465948392732,4092.20140845403,521.308151437784,1140.28526683165,1e+08,3432.00709641062,5088.1050721143,5001.52279014797,482.835513187528,1093.90389329386,391.246728539403,3696.7481269903,319.076845409869,5297.19890423097,4654.27029668851,392.474466656591,4170.6703186112,5348.99140319666,3652.82504735358,4002.28166853883,4034.93073067817,5185.84279497849,4085.61377436506,3789.84996688118,4276.81514346135,3983.58686147254,4964.3566500212,4047.49433549292,3640.92665861243,4792.36954041964,5183.56939922991,4027.93257719044,3756.2040400559,397.099870074785,773.341287329005,4732.50879557446,5154.83511478287,3646.16164796018,4151.05003073421,1459.71589519226,3431.51854105234,4136.88971608629
1243.64671216692,1395.37386695617,1476.40224165276,1462.22306929173,6837.94842786258,6999.24915822847,1723.89675613773,1702.47781493648,6888.46673268387,1610.95068856965,1549.34077581538,1809.86814672839,1934.40408738174,1413.31513765298,1601.42499676785,2011.49784822787,2176.53269532133,1738.32596439366,7111.22856398267,1704.38765968832,1519.92924615964,1432.19223289556,1760.85961497971,1584.39990963445,1386.64806404288,6752.37487392054,1402.72139207636,1536.70852107635,6863.26885267595,1442.73405779255,1327.52594218878,7005.16098839019,1632.10531052546,1115.10844878018,1902.81117661146,1626.31294210737,6774.4320986457,1864.21239681014,1109.04150524267,1521.81277115946,1217.25504515964,7095.59541414799,1536.43492864292,1565.97580185585,1846.9582764885,1464.14131194326,1593.8801218523,1467.65976931517,1091.96127242777,6818.84955773728,1880.18997545077,6775.99607577148,6854.0153922262,1288.12776184346,6948.90515851048,1520.29077934082,1520.31658954513,1329.9731471884,1477.80527870179,6990.55080032652,6875.37761720109,6560.31316725674,6913.43745774924,2152.7926145374,7017.59797193289,7094.12464767652,6971.58573030155,1459.53853682548,1437.49146324639,1380.71911014153,1171.50209831087,1083.35640004169,1246.64459600757,2907.49732346484,1305.80477533481,1118.36569079325,3222.25994482367,2347.66753437545,1326.36281353248,2953.17841595083,2689.55948621684,2754.08611532656,1105.80936872842,1100.22597148266,7454.17934861584,2627.48134582662,1091.45526231129,1190.58680784526,7858.38881288377,7254.71462651653,3334.12930029314,1126.12688273021,1110.17913944541,1147.44016151062,2854.19169416598,2722.98191032089,1310.81262846426,7555.98728786785,7425.52369683829,7325.10443640099,1095.95157653652,7406.89038437484,1087.67287277224,7562.56599081836,2823.50141263751,1207.76873571492,7578.92169473686,1103.27724648762,1168.18320042071,1159.14390051387,1136.96003537792,1097.87751365488,7303.63525422853,1511.04491075276,7378.10752946611,1581.20947497582,2879.99226729449,7771.32020828413,1085.45627123294,7686.11910239064,7351.93034370772,1088.08790483094,1127.79927573565,7444.64177763699,7213.92974909606,1473.52495716069,7815.52622488977,1120.38565243162,1103.80838200379,7631.38973322386,1168.85025511471,2661.2976840121,2657.07619694568,2484.53883228085,1162.31021055325,7023.79508071576,1358.64928200151,6982.46010420718,1491.85521892226,1824.85533171808,1420.2226604637,7123.28296400852,2514.94683796513,1624.34691980169,7025.72745972233,1445.06062443224,2564.03941188621,7005.58863438669,1077.64490813029,7335.87055070682,2608.7629427002,6926.08127997551,7202.71559076817,920.984136456269,903.668511467648,1108.65562662201,1194.74076809572,7041.74620217422,1075.88870838997,7090.88916393433,1517.34422013011,1798.27620983887,2668.3687598259,1499.25848072727,2289.7264726107,1553.51211509667,1418.10383423324,1414.80866851389,2417.67748189178,1639.56843746453,1162.99089075858,2473.5934138416,1097.60019065375,1448.86661301604,1372.29461458829,2191.19145156806,1667.87386912676,7266.27532941404,2413.09453699231,6998.76855279458,2600.89788942037,1430.11127740574,7424.86849397504,1068.8255479911,2113.95161933732,7063.76134936374,1120.52393926938,1021.09330172886,2279.97010603777,1606.98610830807,2576.73079043912,1516.1257806181,1239.63490285409,860.40186298769,2534.91356412261,1146.73257813647,7172.28481253329,1292.17841588795,2469.9961353073,1674.68114273364,579.906845243522,7069.91565281601,7053.51441715557,2581.03533257294,2587.12420395208,1138.13603569199,2366.77103448656,1498.44944474787,7193.90636190877,1495.82342425868,1506.64847897384,2571.00838115068,7223.94809559901,1094.29779717392,6985.3422727202,2831.17743543454,1192.3089298621,7324.21163844117,6976.29879177573,7111.33953484632,1479.2228665986,1812.56254361429,7047.62348492432,840.777630435802,7046.74259046964,7320.21932447051,6691.93150365684,2656.00058002702,7286.56640336582,1322.14100453048,2481.69006729045,2126.57757198079,1168.01657687265,2431.2666370667,7275.96376511386,7098.10652418819,6967.48527717165,1416.04245196933,7172.12454957612,7299.59065936793,2597.91244755369,1150.8937392631,1524.8942668928,1498.26623024208,7265.10383934273,1271.41630735984,1453.86090276979,1608.21574111606,1666.51248601406,1455.91455060687,1770.09771904496,1717.23827415771,2377.57610778188,2461.84973783749,2470.14085949477,866.116337128691,1229.75865152661,1039.09508724412,1214.04252487385,1576.16971223336,2594.06671396387,1592.24748049724,2395.5991624273,2254.95939301844,1062.16944593016,2241.62231864902,7198.14645983991,2526.47053367855,1201.90476253103,1699.85781380443,6723.97554418163,6849.90484745367,2775.21696357898,1727.19482662595,7370.59602120805,2173.60146142281,7237.64920498847,6947.9776511004,1435.00922523889,1468.42699710811,1488.7962979139,1646.70967088063,1582.82821461101,2602.77946085062,2343.97696507104,6895.70624685463,1034.41530638507,1203.44162489439,1502.63805708963,1395.69174350076,1232.44372779793,1017.86717185191,2786.51121727768,1205.38876326421,1396.28479785731,3377.45593746343,7758.22499928815,7595.49798241451,3265.8784368285,7452.94333649905,1387.37809670843,1589.67623962835,7764.0407924648,1213.03832936399,1171.86258805732,7734.23635997635,3312.13497376386,7701.2316259189,1560.39778877308,1523.32987148952,703.040691158809,976.225551299588,3580.18386658082,772.222741656103,428.02186129565,3534.16568722617,7789.28537784028,726.850392308872,3256.67559870361,3531.93860398601,1516.42886976389,7618.6652057907,685.056296006545,3315.10271328042,7701.32183596351,3256.89671369978,3330.2023230547,3223.50572662028,800.401847850027,7541.15691414253,1186.17749097186,7559.93493403507,7628.89376905537,293.791230691882,7661.52650098036,7801.01541968855,7724.17358982599,7779.28208805791,1454.2874864986,3299.24585427215,3244.57004357284,368.570534138621,3302.43725059452,7674.58669991495,7536.89561009199,7599.01077970862,7662.15040207127,3331.93403600035,1186.78857339054,3192.05668355138,1036.99393904564,1071.07042135933,7504.84163683764,3648.11579637164,1131.55969356801,481.600633226806,3116.44979339499,462.809397639866,1555.4704921568,1371.39533483475,1346.50716943346,1047.69254869434,1554.94282731869,7454.93296492853,3417.66542140749,507.155650352887,2853.0734376653,7583.74967407549,1302.2006058875,3338.81950969512,7620.84073439186,2952.58299659019,3371.55415556868,7663.01769625374,3313.39261476942,643.84333683191,3698.00466647676,1146.44305667982,7988.47561533439,1096.96429801491,3152.85162162627,1443.48071991601,1145.91881355357,802.135875183833,7680.98062476885,7671.23519335261,1494.64244989277,3318.95831112546,1121.15921660636,7945.17271718548,8148.51752831402,463.218012740563,3453.48943996529,1476.8608613119,7503.55802419472,3455.0781914627,657.978298655515,3452.41887993052,911.494876415519,3382.05620334682,1030.54828306627,7638.45348085578,626.366345691121,1181.21932806743,3266.65157003535,1117.93082777788,7655.01884838708,7547.1232524781,995.872130497595,3246.74750153861,1497.48150726515,3362.4016399043,3558.14403045211,3432.00709641062,1e+08,7612.4450890294,7474.4384926083,3230.78611476528,3371.83863057312,3399.30573732858,812.226350518729,3477.26286769406,7753.02864887901,1379.38217991429,3240.94301078421,1583.69121730831,7830.80989984184,1116.15795270609,1136.92144681734,1437.23078126427,7683.86566642715,1501.25188617779,664.542409156283,1317.5465657268,1467.95992698117,7428.98963888179,1526.99208864384,678.26188518969,1530.77980342121,7707.00577149724,1206.34020240125,917.831142960971,3387.02370160705,3181.0334915254,1456.60978298702,7635.65789889347,764.237187898949,1214.55273264777,3663.04690824465,765.233564531873,1548.83449253508
8252.01826240545,8511.15570730646,6709.36606694912,6729.19555172847,2274.94660804372,2238.06072124502,6391.12377211535,6417.09066190002,2262.18868338827,8813.65650408623,6610.68763807505,6289.02616047727,6146.13750629706,8538.38927994205,8801.16484364898,9301.12168343176,5880.70923644639,6373.75758776248,2219.17897383646,6414.76587035552,6649.85974689923,8566.52399995094,6346.83110993376,8778.68392042865,8497.72228971956,2299.00124407707,8522.36990619592,6627.41752278747,2268.41662244177,8582.02181339375,8402.87176476789,2236.92412068441,8841.18749678341,7919.25216921187,6181.89923688056,6511.45780147291,2292.5108394979,6226.02253134986,7893.54817725053,8694.13671779139,8198.38469600084,2221.47709405788,8714.17966495847,8754.11971929204,6245.9095773055,8613.05862271524,8791.22713626261,6721.56455169742,7798.1019067278,2280.05096656952,6207.69834629781,2292.05822850989,2270.7715647168,8334.99851990039,2248.36293433859,8692.03945139054,8692.07503491981,8406.94898319949,8632.58532251617,2239.76111686436,2265.38999859549,2363.73582838884,2256.285153228,5906.15203953979,2234.58350324123,2221.69898135507,2243.58401398971,6732.97666108002,8574.33294515678,8488.52006941501,8093.37823539577,7639.16626102013,8257.87524319198,5137.98189115152,8366.0022716015,7932.09143771379,4835.89138605621,5700.30754330145,8400.92872141112,5093.58295327843,5352.63232318728,5288.57192193834,7878.6679970607,7479.0920709661,2196.99138377873,5414.69121810922,7534.95066713742,8139.49107200149,2240.47790627102,2203.2876966611,4730.6058861555,7960.58996596401,7431.06430619265,8028.35333481221,5190.04314726499,5319.39594366353,8374.61603833451,2200.90203745429,2196.75858374192,2198.95653429425,7503.91725883029,2196.81210526567,7760.69368448105,2201.31984383578,5220.1428453358,8178.05708132032,2202.44513957706,7866.28145183739,8084.9283126302,8061.13825119206,7996.59783068176,7492.29868480659,2200.0342991355,8679.25262226876,2197.21217862369,8774.44821076072,5164.81057759188,2224.86475833322,7595.08610214038,2212.86136593117,2197.91053326853,7764.91635773295,7966.4043891439,2196.8715075264,2206.84478066859,8626.49114682093,2232.37319768911,7390.10805950184,7868.93924389098,2206.88604560616,8086.63819378383,5380.83192061344,5385.05172414775,5559.31346319119,8069.60830489264,2312.63231350624,8660.54813781009,2809.37578115098,8807.56835155421,9035.91371707793,8661.38372690388,2433.18069385581,6353.95203500408,8867.08937058886,2541.12386380503,8634.41307612325,6664.75792812911,2446.61570552438,8404.88590883929,2699.41163231736,6439.29209623305,2512.88919990273,2871.6487068702,8254.81287541196,8005.1807697852,8455.68971838119,8588.27541399938,3002.39924824556,8428.13976247427,2688.22135872604,8676.45105086421,9027.43663662989,6851.2222077115,8806.30375286233,9560.26876155156,8713.35674135908,8600.04811032994,8651.88599342336,6520.95679535214,8659.53449460596,8555.72182448121,6725.23272185435,8453.26551083002,8652.53744651948,8751.90890394218,9528.99935963558,9034.77013460425,2652.43282763724,6791.71185850204,2540.53492230116,6592.764355574,8610.86695026918,2581.71487904984,8448.70447230014,6867.86100998337,2240.9987927314,8438.38077570868,8372.51520104619,6811.55780084145,8864.70903122993,6428.26345177656,8631.98476823879,8614.98589217898,8118.23198608528,6447.7897157513,8614.03450510689,2491.36406390636,8524.98066236405,6729.88550768596,8751.37651836015,7844.94084444412,2328.41053928485,2477.58850345183,6675.52040189664,6524.78748514008,8535.63629890797,6579.26297341393,8745.02632870639,2999.96456515852,8660.1055566008,8779.1881931547,6568.58995363484,2807.96952550612,8422.95718908728,2445.42644534719,6625.7771654594,8466.93644813623,2661.14580623317,2459.78222960911,3024.12269876103,8659.17471315735,8998.99014570174,2392.00274658166,8242.75088924511,2540.81355640106,2894.52250624351,2794.67318920494,6548.21564358118,2415.34994417821,8392.57218854273,7152.9527022149,9427.19566231063,8254.86443419269,6474.58543905339,2796.59783130083,2505.24750341202,2050.63521385049,8653.45330232342,2450.73419412323,2420.17121590025,6596.13461080454,8546.28835286817,8837.58072113176,8669.44113596857,2578.28002419423,8612.28402699015,8756.79784919289,8892.41341040187,9019.84251466945,8695.23781110733,8996.08223676045,9010.40682817777,6680.44543436585,7072.9385685737,6741.27857951024,8230.53368491529,8546.54329402872,8401.69548187906,8493.26278201334,8843.37037488823,6650.5485089052,8922.86471144405,6543.92000621454,6658.73246213951,8450.75896975133,6615.79699081476,2353.64649899495,6470.42758040776,8620.83711216922,8973.48710841012,2331.61088805338,2150.10906720734,6853.27474284078,8964.72369173547,2617.81656285985,6843.81817897208,2874.4992804233,2544.18534000407,8624.37359160894,8642.29394562983,8661.48866676887,8628.77974009834,8843.13829522814,6431.4212429286,6579.54348288373,3440.01290975775,8337.52533629814,8464.89006527787,8631.74836920439,8552.60120165709,8530.43157007481,8336.1895177987,6409.50998130463,8501.49087664946,8724.7940367233,5070.53583312522,1498.5992940846,1054.25668614344,5213.41340104431,438.970019196903,8642.11114562929,8619.78773432417,594.431438833391,8293.17641980387,8279.67861378957,965.104706695458,5174.54042468626,308.395530116907,8662.85516100293,8563.99998242435,7754.26495881387,8116.59227580648,4871.17137846159,8018.97075889164,7431.9385679465,4952.68565706044,1309.45622956421,8013.1509738766,5328.15127214879,4849.34232936828,8625.64091636027,833.699661358034,7983.6107744607,5156.0888547011,1114.65960457976,5121.17939639241,5092.74903210114,5274.67659736767,7865.41462882891,178.571091720667,8312.30142787294,1068.47135921632,213.573800336178,7780.67837359942,814.790476023027,422.19114848067,475.996229110969,1117.58244778825,8508.03797207255,5081.88683659948,5267.18931040846,7791.96023948858,5165.47043998122,254.419812685482,361.440298131152,224.859082627905,161.270717168401,5113.04846602704,8310.09602552523,5310.45144995314,8226.3266850674,8112.87960720042,488.405259134983,4825.36338565185,8116.57189599837,7838.46214964102,5331.06413088796,7548.99834039084,8650.79695780046,8592.95622043623,8583.3870530919,7865.30072591054,8629.55912064836,1144.89950174825,5063.41449668437,7852.86820465491,5565.99428170573,411.888720538219,8509.35895197398,5126.65880636855,404.441223852123,5446.25178799762,5122.80786414638,771.909701596548,5128.71629255597,7901.38104209013,4775.97367153507,8177.63903508632,740.377045312685,8051.37820708364,5384.14880629912,8711.32550086955,8110.49238070868,8020.2162458561,1121.91874390271,158.581471181739,8537.31021625796,5186.54751363981,8135.70718351081,400.267998697127,891.379966904067,7620.37814247186,4996.87625449931,8755.51267280173,328.472646865721,4947.10369079903,7802.51068490591,5047.91260445425,7605.25013090035,4856.10916237174,8259.37563468652,405.259791673616,7916.674207134,8224.76793279064,5256.15640843489,8217.67740407277,254.39221689238,671.017948729978,8124.78924932676,5218.26793603693,8528.73655916099,5155.15819336954,4836.09224364836,5088.1050721143,7612.4450890294,1e+08,372.455154290073,5221.58851971638,5136.64278085784,5125.05348820799,8035.50419955967,4996.4545052697,1591.33030120396,8616.88493957077,5277.80734197648,8596.7965506811,335.229083158936,8080.52207991569,8289.52902892176,8513.3061481755,317.399224090902,8570.76091638048,8018.55753980445,8521.63258485017,8500.79226951441,580.413930520212,8580.09477426988,7940.08816389511,8831.72393845709,264.001696601944,8350.11966301029,8103.69212848684,4975.47970992592,5279.00866403071,8714.93652040922,1352.6089512458,7619.63206549369,8376.7788282774,4730.94609500046,7857.26405264056,8654.63565441151
8103.86952231213,8363.03930510656,6561.32145806862,6581.14439986625,2200.63268404833,2173.17431424865,6243.21424563085,6269.16779220844,2190.75901667539,8665.58743295796,6462.67865160732,6141.1736109974,5998.37779978594,8390.27675020155,8653.09364377525,9153.14501630409,5733.16935973058,6225.85723829189,2161.18046487408,6266.84417698859,6501.83599511886,8418.41555732271,6198.9453993792,8630.60892444847,8349.60400830001,2219.95449658893,8374.25508848922,6479.40212729962,2195.5401879511,8433.91565892997,8254.7408189835,2172.39482544052,8693.12316539315,7771.07618460238,6034.11476892112,6363.490113177,2214.66512444705,6078.20894176244,7745.37087882246,8546.04786165917,8050.23038448963,2162.50203457451,8566.09403354286,8606.04062768098,6098.08336317798,8464.95712762582,8643.15425274134,6573.51589416895,7649.92085203249,2204.66379001533,6059.89666258377,2214.29817778985,2197.36787874962,8186.85919482037,2180.4672313809,8543.95026007443,8543.98584928707,8258.81855937474,8484.48681049045,2174.3506758966,2193.20680414903,2274.81230120529,2186.30483606042,5758.58809759337,2170.80796648036,2162.63228447276,2177.03689050846,6584.92428416219,8426.22565224018,8340.40051264683,7945.21426552759,7490.98319313019,8109.72713648092,4991.53416446151,8217.86670075567,7783.91615564361,4690.19755324527,5552.95918364756,8252.79752760938,4947.23165143484,5205.77670806076,5141.82858369075,7730.48999537101,7330.91298346835,2161.29217874822,5267.73381523518,7386.76945506355,7991.33113339099,2231.61036522091,2154.44482101439,4585.23632139996,7812.41635143412,7282.88771299783,7880.18426652334,5043.48791303597,5172.59763782462,8226.48153259341,2172.00227337756,2159.1520154084,2154.710003529,7355.73712609279,2157.96775316828,7612.51166150231,2172.8599738436,5073.52807450722,8029.90076832252,2175.07885338758,7718.10289726448,7936.76364086671,7912.97166587689,7848.42653184325,7344.11902090085,2154.37989865415,8531.16139666771,2156.46041245904,8626.37250462976,5018.30671823613,2210.29525922105,7446.90349485596,2192.6481160494,2155.42962812755,7616.7344293379,7818.23113291472,2160.53700469905,2155.36724402334,8478.39169957046,2220.70846903741,7241.93410084509,7720.76080544371,2183.02535596437,7938.47366311847,5233.92922748377,5238.14210569378,5412.14323874515,7921.44239020894,2471.95512390479,8535.62093354088,2926.6887674742,8680.37885030898,8916.44908736175,8540.96946590381,2594.27774228887,6282.06260503595,8747.64918589901,2692.03139983731,8514.78355536449,6598.25677754703,2607.99613597193,8278.11019645576,2846.02157422703,6375.46620596416,2661.85073718394,2996.42512161657,8127.29384604184,7873.90987880918,8330.06480242926,8457.96485644869,3095.40552574234,8301.9688799178,2828.39004420959,8555.5622618332,8903.20810237213,6775.8285439892,8679.88496219144,9445.7079607127,8593.79241325254,8479.36041013738,8531.54517902564,6455.23174438496,8542.93907376191,8427.48104670796,6662.58466045912,8326.70267832777,8534.28991774706,8618.41911067876,9398.04537255717,8901.80581583767,2808.34897342408,6728.50291474658,2684.65763669602,6531.07218856526,8490.06586481213,2733.08459794743,8323.11378351614,6794.44042269218,2407.35030312707,8312.98355228367,8244.95564480131,6743.61619680697,8743.89184751957,6362.59641587784,8510.99855908991,8489.50311805312,7988.92368920388,6379.84204858819,8481.89330997373,2650.08992346463,8391.08415237221,6651.9425916604,8630.19351064899,7712.26373437863,2502.66735746581,2634.38812162988,6615.50198005483,6459.50585690503,8408.79516040765,6512.88704881591,8624.50685395855,3120.55195288921,8539.16417424184,8657.50518600549,6505.50788068264,2941.41914110082,8294.63445199913,2604.35194124453,6551.98853989434,8341.58256256127,2816.83926592584,2615.00764354206,3113.69016666718,8538.6839679523,8882.80062401831,2545.90264098557,8115.07236885283,2688.93056405783,3031.45987004006,2897.86215652988,6488.32483592051,2587.64425557872,8262.44018677231,7019.79578137009,9308.9715883446,8124.92744649125,6405.10078424649,2931.16688881599,2665.94256933527,2224.32424152076,8533.51922410292,2612.17524029873,2585.20056376918,6534.09211364337,8418.16661174961,8710.91599429252,8548.5942199902,2725.3591895535,8486.83396349575,8632.03174771743,8772.60940644653,8891.42956819286,8573.75971615361,8879.54186480698,8889.61401452502,6613.5729517171,6984.73713399838,6677.33229950825,8102.81231123855,8421.92635103629,8275.72179576081,8366.9490630826,8720.66246267171,6590.49506561383,8797.25438343372,6472.79112337976,6586.23747704554,8326.27889346146,6542.50851024673,2521.76164672155,6405.69539343696,8492.59817802501,8853.11742588004,2472.45943493607,2307.2473315357,6735.38171325364,8847.63678464984,2775.07960459048,6773.99398432854,3004.13273602745,2687.98137861074,8505.00328686273,8522.83730037303,8541.57535848423,8508.94886504855,8723.39445163185,6368.39014334013,6512.3160287837,3384.0126206435,8209.39249648193,8340.42961980438,8515.37543589843,8431.22045802675,8406.1212752114,8208.86680264089,6350.79664457169,8375.62169117463,8597.60101039358,4985.85611011526,1334.61155545491,871.454777682194,5128.20476031651,128.911337572843,8491.01801419728,8501.60988830122,554.931512880555,8171.25414380264,8156.67860165704,826.879652121022,5085.00336743265,382.040320541967,8547.57296158299,8446.8501699467,7619.92889795469,7984.86896106891,4791.48541951347,7885.33718086894,7292.37779555481,4870.32583198153,1148.34867810277,7880.02097051603,5234.628777822,4765.94325726107,8509.2163163101,629.288834990374,7850.96782086217,5064.41633547391,942.028165250647,5027.84679602596,5006.53114448074,5180.06826342319,7730.28868752367,311.429380570493,8180.66813163093,867.421819524764,335.978063376159,7643.30181347485,670.325595245252,604.791118559401,414.890602252875,983.336545409444,8390.42129039811,4993.75261607528,5175.02511951516,7653.68604020206,5078.29816281439,462.131981744623,282.859931289396,234.264539906527,364.765948924128,5020.88618014325,8175.6671318116,5221.69334295251,8095.1024426266,7990.87442519992,256.257216689568,4739.40609097484,7994.02933800208,7702.43083599642,5232.3914302892,7409.604905178,8534.49165882421,8446.27048362323,8431.17616437597,7731.27204112153,8513.56209698589,925.474013344181,4975.15612218699,7718.81834016711,5486.39133716119,240.984742037058,8359.38479610323,5034.4897025562,240.543600967749,5352.39389770786,5037.98350685254,626.152279375084,5038.56464608453,7765.96140319677,4695.76760390447,8058.23209038495,988.744135343593,7931.20084859221,5284.79691639395,8559.73456789255,7989.29561465149,7887.24583724783,946.656130938713,411.568847279026,8420.52954038275,5099.32531224157,8013.93211125331,685.812491157014,1184.47214540292,7482.99202111097,4911.30457946486,8603.38973902368,493.339773661596,4859.90251477468,7666.86705387905,4964.76339154291,7469.26354244302,4765.38502914548,8129.99353299346,285.350896154888,7781.42721169068,8103.10280628957,5159.8234187738,8080.1959616697,554.661706312867,476.041030011788,7992.43837118706,5124.98644441458,8410.06467365274,5070.11836840118,4748.39411000305,5001.52279014797,7474.4384926083,372.455154290073,1e+08,5127.9144113836,5056.21856188541,5037.66819882274,7902.46769260637,4907.32977003046,1448.92554086974,8464.81298870098,5186.6624371589,8478.86926328396,447.386020413529,7959.48562820584,8156.41827849766,8394.8245982872,542.81146228217,8454.93587842023,7885.10697413405,8377.16414234716,8384.72967868068,271.270333726187,8466.37327839488,7806.23839942987,8679.48544124817,386.16361760388,8214.16079547796,7972.80956391144,4885.98260083647,5180.55050938505,8562.18133054408,1186.97599129974,7480.6111266109,8235.83254889148,4646.05097817274,7722.82304366083,8538.4909063784
3837.11267825887,4048.98012131604,2778.02462102097,2788.37254394998,5010.02907843794,5153.61081093192,2628.92705687835,2639.82046083136,5054.87813572099,4303.70072125534,2728.29457777929,2588.46268034827,2538.46800730041,4071.60611518383,4293.04242571747,4727.58115448566,2467.82680430151,2621.77592920475,5253.91855278841,2638.8354560778,2747.67829041511,4095.04784184726,2610.90335383111,4273.88955372426,4037.84334073189,4934.31943412936,4058.28921115153,2736.51456594811,5032.49400920061,4107.98920826588,3959.67136202405,5158.89393830294,4327.23060832165,3575.52420936584,2550.22916227118,2681.3833967994,4953.80213814055,2565.43839483497,3555.88106608018,4202.19627015182,3794.09838976077,5239.88528374085,4219.14288979461,4253.00437422744,2572.54165455945,4133.96654246316,4284.57133088909,2784.37661140595,3483.72329213855,4993.10291648226,2559.02933233025,4955.18442186044,5024.28082006335,3904.25016422556,5108.67888529559,4200.42479760048,4200.45485065327,3963.01458737779,4150.35066398662,5145.84008386071,5043.24718039813,4765.66522156424,5077.08757503014,2473.27887247131,5170.01292052146,5238.56551959728,5128.90829015656,2790.35883585195,4101.56613548821,4030.22357541705,3710.79399475707,3366.48887295458,3841.82835279511,2443.94189263424,3929.51084848583,3585.36853327672,2511.98978071285,2437.61389834596,3958.07866180853,2451.11973355347,2423.09866212277,2426.91391189612,3544.54966931205,3252.47796755085,5564.00307838617,2421.34792430309,3291.7706055424,3747.22417138586,5934.2960750877,5383.14889353337,2546.13497831256,3607.29550325081,3219.13619309514,3659.84428181858,2436.77572059996,2424.82303400689,3936.54557562519,5656.81342497226,5537.93929610151,5446.8167571419,3269.87359520776,5521.00568502111,3455.79153100115,5662.82177435748,2433.24917486203,3777.87623174105,5677.76518618419,3535.13991506556,3704.14490478235,3685.46988329067,3635.14768003648,3261.71866114752,5427.37948346003,4189.63172887947,5494.87085671096,4270.28504377891,2440.08023543814,5854.13925961679,3334.6671776155,5775.90315280735,5471.12599353347,3458.93435686775,3611.78191634733,5555.3252207049,5346.3391076592,4145.23393833492,5894.81059340718,3191.03775464077,3537.15722542134,5725.75685244034,3705.48970765828,2422.06628558939,2421.94575990315,2424.63831723794,3692.11116755825,4791.63873245741,3964.14118270717,4921.67123985452,4163.66759182294,4295.15877359881,3976.86547178555,4897.21858909632,1998.9191605206,4142.35219814832,4783.67715834547,3929.15149902089,2953.03615409151,4793.93728931904,3809.7085002385,5127.14402502111,2352.91540161781,4680.32390926281,5089.39682702804,3732.12387048148,3299.08355870148,3896.03382332027,4230.11915824141,4956.46870614204,3837.8725028813,4936.87896819701,3928.55132283205,4467.1228197113,3414.19687662325,4186.09064618241,4777.84808490852,3990.34176437757,3893.81068967335,3967.39668018399,2253.08537611478,3907.87917298091,4189.73641372184,2506.22521085951,3899.24424185682,3930.71076455654,4254.52168462646,4786.83196024895,4409.58068889533,5019.90464307075,2689.7786018562,4799.42898608007,2701.03063084798,3886.9589398564,5181.82154404229,3935.76285258599,2257.32110384819,4738.356202375,3834.47721450812,3806.63367587665,2592.2215806538,4147.75306442443,2447.72506887945,3904.59187500199,4007.68775113316,3835.98728046154,2254.33306364337,4184.32086946713,4920.85277889731,4286.64152370514,2980.278101901,4048.30735897394,3327.17866387226,4857.42283313042,4844.7806572864,2718.18795489374,2450.28929027603,4003.8851330392,2223.67754696261,4037.81303517022,5107.83295456011,3951.53500096913,4073.64960519791,2529.01055639982,5086.68558303905,3813.11976948044,4758.68398825092,3367.35829748471,3795.03738762215,5113.12905333392,4761.57880381534,5120.34558912063,3928.47599790765,4238.52316843731,4760.40394032432,3858.11543985153,4829.05732830843,5189.92916871087,4618.05075974655,2728.4788241873,4996.60633216077,3576.31866762042,3825.58901911392,4630.57706461848,3457.07971911433,2223.08282345084,5095.63370644157,4847.64843249518,4634.3233522276,3979.71433577864,4916.00750764679,5007.57070072466,2377.82822810716,4163.34069244363,4179.00380451763,3953.72440744099,5034.51428055001,3986.35677036048,4148.30295448898,4188.52255942603,4384.25413183571,3996.01020891079,4235.79798731955,4272.17834167731,2389.06054343653,3383.95543230984,2757.24053001062,3736.16192663653,3892.94575814012,3845.23442838471,3807.00649354994,4140.43635738837,2648.68670718033,4273.20045591467,2302.62500385106,2251.82291857109,3957.07570012429,2199.77849283383,4913.39530229351,2236.6100765655,4230.47104581839,4224.29621034193,4515.86507141531,4573.59417161983,3801.52152568383,4200.19263750943,5139.11320234692,2282.10269771961,5101.99347296186,4737.46237175797,3905.18887510583,3948.93312012038,3957.19235244884,3922.8167465144,4125.92083631784,2536.73617696894,2289.36889991764,5311.14400406388,3708.27386003506,3785.85420948527,3898.30063762935,3837.14163373411,3869.8114812951,3730.12152315264,2517.31062830828,3836.42019148769,4132.32190653657,1289.54838872945,5469.53164356773,5233.71401905885,861.785367741472,5101.47749695541,4326.86573315067,3892.12520173604,5347.2885908563,3703.82428587576,3738.80344679257,5313.08817771121,223.946254970567,5290.20501387237,3928.44608327285,3872.44525746344,3155.80075422845,3492.1326113462,1605.15997682197,3462.62466243667,3165.64686011362,1388.51539942817,5418.71541452429,3506.8063738028,670.203210607778,1414.95614365361,3946.39533068775,5269.28705981647,3515.95834821297,363.081155613159,5343.28521924978,304.915886177684,1160.62254792318,195.660520015661,3215.56757397768,5179.2836743703,3601.1900297539,5221.81934370651,5212.67905466767,3337.41268684349,5260.7691321,5476.38597592057,5366.49270644224,5423.0081786455,3789.2760443934,881.927341846524,435.992245372839,3349.88150855958,613.707557962344,5246.24829570043,5175.53609584145,5254.28984861585,5276.81932192064,333.000852770823,3859.0441552865,368.26018451716,3600.85770815754,3536.47896104721,5198.09762787538,1247.022776028,3537.43527791637,3376.99164312764,445.715773370604,3292.34915132225,3922.17543678286,4146.93455512897,4366.2100651484,3082.85993004275,3913.68534466184,5111.25297690623,481.461211544118,3458.96164298578,1748.81623553956,5217.66849033854,4188.79155302663,209.253486504645,5269.19985403939,613.816946416205,770.560830722847,5266.70466919924,240.076584667233,3361.18331493134,2171.74197313447,3605.58253663602,5432.12240965184,3462.70736821959,359.83335593782,4470.56532009225,3554.60668263805,3467.3183894325,5312.47382237422,5276.86482654669,3793.54539020092,565.879772918373,3485.37308305275,5538.59090455874,5735.39819884367,3115.14763663258,785.792785839431,4509.71656109037,5169.7540449528,575.382690704687,3218.1710079061,937.18611884549,3489.62233718908,1350.88825902065,3675.07992362712,5280.96333335291,3404.14580044485,3711.045083339,481.478460590979,3763.47606314809,5263.07687824049,5165.26010582661,3463.75612301253,232.988034183732,3825.5345723485,871.55910766299,1408.72643539668,482.835513187528,3230.78611476528,5221.58851971638,5127.9144113836,1e+08,1390.27327997208,711.065236528183,3487.88564600059,510.081989740713,5424.57095518302,4441.29224174791,233.895880599807,3903.75651269131,5482.62213448253,3433.83116076326,3822.66089747333,3797.00091422154,5324.24025663803,3845.91194713522,3583.75536968291,4095.80746400669,3753.63945321771,5088.94515291272,3826.00898765606,3432.31617216493,4583.96389929259,5317.50751711758,3842.67963533848,3550.3978755506,654.121491469545,330.926067554512,4521.39783695317,5282.26807539821,3447.79289276147,3973.84173686826,1747.93155699711,3222.01935384174,3906.35814278552
4212.75636091085,4423.75487207373,3135.34655442824,3146.40041772337,4895.97802904104,5033.66496297999,2972.1472852411,2984.40095137206,4938.94136879913,4676.9249041876,3081.81773542955,2925.94271101918,2866.81971112894,4446.26178233681,4666.33935693922,5097.57544197719,2775.63393821323,2964.06421687713,5130.08866982173,2983.29577452015,3102.76753614657,4469.57570717625,2951.71099452615,4647.31576234392,4412.67510102275,4823.54824777035,4433.01548833818,3090.71612536385,4917.4932085287,4482.44466927061,4334.87099112737,5038.738885768,4700.29222426371,3951.35307403132,2880.98877437784,3030.5805331543,4842.17504656767,2899.05458568418,3931.66797955099,4576.08852839022,4169.85229013638,5116.58781614035,4592.9276714041,4626.56934606689,2907.40455409975,4508.27286835242,4657.92567322822,3142.13502873072,3859.26976930726,4879.77444665213,2891.47442349415,4843.49692156529,4909.62603088707,4279.67260777817,4990.53383745953,4574.32818934214,4574.35805367699,4338.19971365644,4524.56042401979,5026.20290667794,4927.79546701533,4662.66943422963,4960.23221009225,2783.26262402242,5049.41928888942,5115.31830316999,5009.94767127212,3148.51920472375,4476.05769321494,4405.09371331314,4086.68090504505,3741.3037082223,4217.45838779826,2670.15058806211,4304.8359505524,3961.21492174392,2697.60821842397,2728.72506677043,4333.28515912705,2671.53627409236,2676.11951633619,2672.16038328237,3920.30801844715,3626.06430836356,5429.23875832883,2681.69377065756,3665.84742330092,4123.06682700276,5788.26637480291,5254.57517787126,2717.15584987884,3983.17284009711,3592.24364211276,4035.7531115021,2669.67795509429,2673.83641320075,4311.84229169978,5519.0579521191,5404.03687256066,5316.00661045226,3643.68651209915,5387.66853228915,3831.20500649486,5524.87674580991,2669.96929928807,4153.66470678267,5539.35081492663,3910.87204222171,4080.03740318768,4061.37377955834,4011.04893611086,3635.42727552922,5297.24532240666,4563.60253051744,5362.41443955926,4643.73536830485,2669.75211946122,5710.4028762075,3709.19678325923,5634.47916489415,5339.47864729738,3834.36399536394,3987.66424709492,5420.84677689904,5219.08808716151,4519.47405821611,5749.90122350902,3563.69280307647,3912.89516805677,5585.85515210842,4081.38113972202,2678.4416290339,2678.81938076206,2701.19626479073,4068.01174656747,4516.70850706913,4124.37868123528,4606.13025235981,4317.81871804673,4573.6823894596,4139.85674455115,4598.72714619433,1832.97852173595,4411.06453569754,4466.17043228475,4128.08554573286,2297.28135783935,4507.85898751173,3915.50702906931,4723.93563310428,1891.26407610319,4339.89228085565,4690.27078488293,3805.78159147826,3438.75077922537,3989.98432230017,4303.98276447374,4566.49609744711,3928.00356767405,4598.41759702992,4232.58669687609,4546.66016082512,2736.69711620105,4281.83500387382,5091.84430513124,4300.37254992141,4148.10634481081,4158.10931925879,2014.86088662138,4248.7106532872,4263.16903291422,2118.35289344284,3999.0630543733,4146.42294557072,4349.33240049859,5039.87850097214,4501.76393001034,4659.16713049916,2223.28585027339,4476.83754113013,2144.51014872694,4149.35391417175,4821.31364203797,4031.74520182501,2391.7949444337,4430.30999706043,3940.22730797367,3903.09759867309,2238.47655426533,4371.21118981388,1862.70690937033,4232.09895907589,4120.39397551327,3942.64391783417,1847.88117809039,4310.00058441936,4603.8474389771,4373.22033149237,2349.98772615913,4414.22475970467,3426.76905115457,4546.03146060944,4539.51723328385,2157.55525114061,1904.60985243289,4112.22228928707,2096.43810510647,4261.23739210717,4700.5974384352,4247.00303982938,4298.61505832003,2005.94638605973,4701.02487376423,3934.08421516429,4459.4194346758,2690.53209232156,3912.73382890439,4750.05884707376,4425.12376075732,4712.21123994223,4202.38424019641,4541.40887903875,4457.91923602531,3950.67419773793,4497.55063883555,4792.10746818288,4322.37346853931,2087.67016210883,4676.96266624926,3897.67201422194,3316.20166557188,4873.30723153949,3729.63999817939,1894.51039404844,4705.91548036613,4516.96970596943,4384.26909214715,4157.89792169652,4600.79955269977,4662.0233755564,1968.88674696205,4238.30246032577,4343.69811334642,4245.13231872881,4665.10961881123,4128.68269488264,4239.94347033796,4340.29415534638,4500.77122483267,4198.67181826589,4518.35224737016,4503.83271692235,2062.76490760603,2778.32052970316,2219.96700113646,3814.08297447097,4015.68655318375,3932.75895060878,3955.47100491193,4321.05853294487,2100.31316536663,4379.63027942767,1928.24647396625,2114.4947811545,4037.56284585845,2024.36292055515,4567.41235601903,1912.95508870269,4307.7194297462,4457.78492886348,4263.91672153147,4330.37506536893,3251.22098909224,4451.62325687982,4783.49926474193,2341.61890180672,4718.89642617907,4418.18284613979,4128.79472778013,4180.04585981483,4243.96559508886,4294.56761417458,4318.1512083763,1956.61144623744,2111.54174237673,4737.1110249201,3820.45397502813,3899.49764953596,4148.32224333901,4097.03312863018,3983.64495168899,3815.50751790128,1832.6832664479,3970.44859717794,4253.7140297489,236.183210761534,5484.16489173794,5223.47159296302,766.136843271798,5040.78171457905,4454.05389507656,4250.74996087786,5306.53112515645,3819.08805999043,3853.01466151652,5328.12891811907,1370.25012262287,5228.55605592017,4236.49072912017,4221.24510692338,3296.98416901482,3641.81902599434,433.287660651313,3590.79491092135,3298.80755719615,350.631815141915,5444.87433044187,3625.70940182254,1890.64550061085,376.476607112946,4271.58694357226,5233.1665469527,3631.14484964905,1173.6671356722,5338.67581841637,1130.69875504836,293.838603054223,1501.6825714849,3400.61835477987,5090.69463964373,3846.96931538633,5199.15765963885,5153.16851866846,3483.14181257649,5242.8225901705,5351.30285551692,5299.52472354971,5407.99551200056,4105.64680301258,599.812217450265,1622.71562039888,3502.17013228211,866.928720868093,5182.46047721498,5099.86590804834,5158.63327109656,5188.88473611628,1197.13825730701,3939.99098778202,1409.1616968794,3758.11363429541,3698.33150643152,5110.0506458156,779.432683750466,3710.71344920357,3501.04624132518,1648.79950869379,3422.38790517254,4210.04793500097,4237.96737097413,4477.28574811511,3404.69160396225,4238.73579702218,5114.19907887509,1046.04052388533,3580.52925133074,861.015582300783,5159.11326311263,4267.05355432187,1446.81921432142,5193.31203524695,1280.02582745542,760.332526760079,5240.05175537282,1303.03026438906,3500.70759200369,1171.50139085009,3711.97161449764,5402.07850146253,3634.65417516668,1678.02989493581,4618.29532023317,3712.65450476345,3594.28968486252,5319.82964742799,5188.91726024341,4106.3449691694,944.308436949859,3737.38150219559,5442.05773623298,5591.43326146204,3301.23976263634,771.308763923066,4632.24476320481,5064.71726599776,998.06781704138,3384.16843718497,576.322239110261,3606.3533147671,711.7146055623,3803.12951324349,5216.36377990573,3532.42511509516,3794.849223258,1766.34890323858,3870.47840330639,5169.04605789982,5129.29378293318,3632.12632466918,1466.33418179592,4193.25793231296,653.930174156871,792.739532497255,1093.90389329386,3371.83863057312,5136.64278085784,5056.21856188541,1390.27327997208,1e+08,828.702493625862,3616.46330109401,1108.21761808659,5463.01314116503,4586.19473075879,1339.53550004333,4258.2214629955,5387.84941887986,3678.81669862888,3910.05984108675,4101.77661602889,5210.51675364671,4164.71897939121,3713.39052656288,4177.9944711203,4036.90748348801,5030.07130500403,4085.73732129926,3563.96492571049,4710.95676526531,5246.90919301555,3957.2883177797,3666.2743130721,858.980037764369,1632.45822840548,4662.4030747481,5303.42663383627,3575.89014649037,4051.83717549586,906.34702282428,3384.807670371,4198.37347527646
4108.09121048489,4319.74070285934,3031.71096758506,3042.64639847478,4914.93472164698,5054.42457225018,2871.06669155525,2883.06181461764,4958.47433878176,4573.76102366504,2978.83837923448,2825.97386240803,2768.67611615554,4342.32088096431,4563.13904271725,4995.87951931301,2681.78789593703,2863.16191010485,5152.03853087723,2881.9793957121,2999.51404454697,4365.71129487829,2851.09378070743,4544.05011175368,4308.62508295546,4841.50366807739,4329.0313947752,2987.61744283237,4936.74009096536,4378.6227210442,4230.57381511676,5059.5625584839,4597.20895149646,3846.02675180759,2782.35771863458,2928.38043594914,4860.39162636581,2799.85059710873,3826.30168329713,4472.58009684433,4065.06508899189,5138.37441193421,4489.47634590735,4523.2326625756,2807.95245430268,4404.53663383983,4554.69643950791,3038.42607057203,3753.77222639126,4898.51043543206,2792.50458799898,4861.73193715587,4928.76717894657,4175.20569273253,5010.74222009957,4470.81379943863,4470.84376483918,4233.91293325084,4420.87855625088,5046.8680033397,4947.18016191633,4678.25663559136,4980.04606432536,2688.95103478737,5070.3772823423,5137.08949119912,5030.40565176401,3044.74309524805,4372.2146487796,4301.01925262063,3981.67044986483,3635.65596623216,4112.80686675828,2594.96814437561,4200.44577594343,3855.90925758526,2632.40448582291,2638.51681755047,4228.98303662111,2597.75256585488,2594.57880802088,2592.44299610963,3814.91944537911,3520.36887209821,5454.54912718744,2598.45102383183,3560.15546048095,4018.15170092973,5817.0534460275,5277.98123627244,2655.63790468221,3877.91462290803,3486.55751248526,3930.61609267363,2592.88999759824,2593.23344329781,4207.47367886017,5545.29003582312,5429.08184248623,5340.10010553015,3537.99077741328,5412.53948843148,3725.66396781342,5551.16727521219,2592.27090251793,4048.83260218006,5565.78607445159,3805.46542094693,3975.00996690078,3956.29937760407,3905.85369703933,3529.7313071704,5321.1309700602,4460.05188512305,5387.01434298034,4540.4574419701,2593.73752248764,5738.48102442623,3603.5246268644,5661.84308980183,5363.8296331766,3728.82762930047,3882.41597419998,5446.06910794218,5242.08785259084,4415.77518745916,5778.34189850488,3458.02412987604,3807.49238103832,5612.74922205478,3976.35712713125,2596.11952423389,2596.38148585979,2614.24425342501,3962.95392159915,4620.97910122849,4128.85627154539,4733.51062817015,4319.20171198042,4521.71586631751,4137.03444108542,4710.83183378101,2009.30773674357,4370.49134022273,4592.31649413241,4108.74763991091,2707.84232943662,4621.10981279584,3957.91885413724,4888.78160985141,2192.70763715658,4481.58174062233,4843.52185810853,3871.43376255837,3445.81895863988,4039.73882402948,4370.54785288226,4710.07000497318,3978.9509313051,4735.42115253143,4172.43319251781,4595.96831120505,3173.46232453324,4312.68284848882,5028.37828725014,4241.25602547017,4111.04367070011,4145.39027585032,2220.7826022966,4179.49639292398,4329.46123724615,2382.23528848383,4047.36880609626,4124.36466344306,4391.74804603649,4992.59618233476,4531.29544710952,4804.89643539405,2524.35267000324,4604.81030440227,2481.94242971067,4109.28230850528,4960.55933382746,4081.93371628043,2430.69703437786,4550.85863517093,3980.93653634588,3952.5460508134,2476.73550359271,4344.08875500964,2235.6887787007,4163.4552445118,4155.76122557177,4001.31783905803,2125.60384953153,4344.91932285406,4727.96761042619,4436.94494477408,2744.89515792093,4331.41874896439,3473.65068187723,4676.37724719543,4663.92360418754,2500.9334912087,2255.33159443147,4155.39275018477,2244.12393795004,4235.74997768169,4868.74708411372,4194.4527413771,4272.39161739401,2334.69251760944,4851.05646407094,3966.45773906285,4581.17969491847,3119.60145609909,3941.62076958204,4899.28881867759,4570.72706872783,4881.46371668603,4152.90246961249,4483.96999392839,4571.05586427121,4011.93468041485,4631.7769209946,4949.93974561283,4438.22734899754,2485.58516779107,4804.30591441293,3820.52313363371,3639.52642114459,4840.01357887589,3673.17198433734,2138.27918434546,4857.12872147086,4652.29848895821,4478.72362603834,4152.67560642634,4724.90017812025,4803.79483593549,2241.84358981735,4302.9275485383,4340.52427673795,4193.56513559463,4815.03584950207,4141.8317636312,4275.44937003087,4345.12736307711,4521.29219396456,4179.95098621301,4468.81415318236,4473.42264578938,2301.7725349289,3156.72362407201,2562.103360983,3879.04117622765,4042.35158946863,3987.78269595515,3967.59425890713,4308.82198890184,2439.02070389014,4404.30983412128,2190.17525616783,2274.80296555762,4097.68666407054,2189.14849078222,4713.80542555317,2146.81047641837,4372.81207003399,4422.1821225022,4359.10998056674,4418.41966136921,3605.45963866692,4411.92649368528,4926.10736709634,2410.1232046931,4865.11884455316,4545.41645207319,4105.73624463941,4148.85011659243,4195.62847946022,4209.72904207042,4305.60257894354,2321.37788598027,2286.07932362691,4987.35953627891,3856.67379560996,3929.56144123003,4118.4249756212,4056.69316737458,4014.08950049052,3867.50662543832,2250.66723072796,3990.55353000216,4274.6572695981,701.124806774269,5379.71528078331,5139.76797346647,580.710130163389,5013.64690681747,4472.4284783236,4172.7706587001,5250.77100432076,3838.46001244116,3877.9604071518,5228.31906922373,698.940357966327,5194.81866016704,4177.05332523973,4148.68537098332,3310.88057150449,3657.64011940146,1049.95070657349,3624.87816243814,3333.74345097623,768.519119104254,5332.2478426249,3670.53369051231,1278.02410004096,846.437650413498,4206.56332628559,5173.51171271665,3678.58046217288,453.249174053536,5250.48277017925,438.899917257284,576.714636880488,830.9487119956,3384.68450223653,5084.50654547949,3810.22112154411,5125.26216723305,5122.01291341134,3509.86259249739,5166.88505558542,5369.41247098113,5269.45156943754,5323.49862356619,4045.92683802621,315.372744768205,1010.8119800539,3527.37475034726,251.240165669446,5151.40733514539,5078.43011852566,5154.61105199103,5177.52288253205,490.386711268349,3978.84960248082,849.128692082845,3772.7151626252,3697.10863075557,5101.29739199338,691.397986127384,3700.71110599075,3540.85121386791,1045.7877920772,3464.73526958359,4159.87590058586,4267.29326949004,4508.60972471797,3293.14246943066,4175.69162493335,5025.39577193588,321.770796690219,3626.63925609359,1434.46049258016,5125.91017329418,4310.02113215859,761.170054195701,5170.99297695836,894.379199942908,323.319744095941,5171.29774048352,649.658701594306,3526.66508003453,1715.65140469034,3741.58120479051,5337.51712539939,3628.44760891212,1030.80153290109,4632.49449847179,3713.68707714706,3629.53717482464,5223.08104064918,5176.65294167883,4046.58255919478,336.06519964594,3695.90839669696,5436.48766375168,5620.00450692928,3285.11698946208,232.562423606666,4658.49298056079,5074.55702451115,366.046896713508,3380.6910004686,291.257324623507,3666.25996415478,905.622848700497,3835.43347353035,5186.76318251332,3568.25162961185,3834.88725282244,1121.03413620803,3893.27908201458,5168.82724047714,5072.20394357979,3635.39116023827,816.445461986506,4108.22112336166,337.662874697285,907.444724750752,391.246728539403,3399.30573732858,5125.05348820799,5037.66819882274,711.065236528183,828.702493625862,1e+08,3650.95326930342,362.176294487848,5335.86519275981,4604.3766473723,678.474364169364,4186.83612877672,5382.46575585098,3638.66125211167,3946.39454436681,4044.56479260672,5221.57753881065,4101.8585760077,3753.65519683657,4215.48454379654,3990.1097502124,4999.03207837327,4044.77585800767,3598.40817331203,4736.22939635917,5220.56761171035,3974.9427771841,3707.40866359997,264.570695652429,987.147463429737,4680.6125847049,5191.87111294785,3627.69776987342,4094.96893400552,1252.73806469543,3383.78168738854,4142.50383407513
1093.96160353403,1166.29001683156,1804.04156422307,1787.28427223508,7273.52831054518,7435.06974838337,2084.39268484978,2060.80376264801,7324.12376696868,1316.20520735857,1888.77962769135,2178.19400600813,2312.05418037915,1177.18088093012,1308.88410060804,1655.29514374185,2567.59914704037,2100.23092134652,7547.20700739075,2062.91103425696,1854.88127782821,1189.02637120128,2124.88481190605,1295.92608591443,1161.13142327058,7187.8202228762,1170.70502869579,1874.2615655248,7298.88761099287,1195.80276467362,1128.90579789548,7440.99009593399,1332.63693117816,1094.83057316092,2278.28761416739,1976.06746071509,7209.91259748134,2236.86461894476,1099.44045517436,1249.83632887202,1086.6974086096,7531.55225401502,1260.37010440605,1282.09583687222,2218.28344705295,1209.89561421228,1303.12115057307,1793.72177470036,1122.00718930534,7254.39983912071,2254.03478561756,7211.47905430863,7289.61999165003,1110.60322928205,7384.65236121372,1248.74871665193,1248.76714643008,1130.13482436078,1219.10995425371,7426.35882037171,7311.0148197918,6995.43780126351,7349.13202371768,2542.75328761606,7453.44492987493,7530.07944796153,7407.36618553297,1784.09978633231,1192.41879561126,1157.68046629633,1080.66383411723,1177.48315622854,1094.92303897627,3320.20736637212,1118.45343676016,1092.76643195258,3640.07404238432,2745.69719846307,1128.32516928043,3366.73086123789,3097.64258570054,3163.65440808343,1102.39784507981,1253.36074268168,7890.59907185169,3034.0303935505,1224.80543528488,1081.96564509757,8295.25841479069,7690.88507641539,3753.42223963406,1088.75776860752,1279.55430011948,1082.43563386521,3265.8673093073,3131.84752776884,1120.7878508932,7992.52693301085,7861.90880178235,7761.36510733699,1240.40901724119,7843.25276977912,1133.1195274089,7999.11322423001,3234.5547505079,1084.677389667,8015.48771094241,1105.01967753369,1080.65532827848,1081.01455187757,1084.83247670194,1246.41953547702,7739.86867495295,1242.17850215006,7814.43449191979,1293.51650129344,3292.17571470072,8208.09862090695,1196.51166732833,8122.8053623813,7788.2247396028,1131.80310846959,1088.03748533879,7881.05002170244,7650.04674968729,1216.20587005365,8252.35130439728,1303.02084883237,1104.44490898329,8068.01521607741,1080.65129256699,3068.69580408227,3064.3701060456,2887.10240017505,1080.82183082031,7409.74706502005,812.911401535612,7393.79400880754,1051.79927218048,1361.85013094681,937.841912199962,7509.45683017014,2603.04353629941,1146.81584710237,7392.5034800275,950.679108387997,2702.73885392663,7382.61722681942,491.135284804124,7711.73683879116,2701.5496999122,7294.08448373164,7599.68702633677,439.543035042332,510.940527883285,580.40542238385,1070.95682328107,7431.08893426664,531.27436465824,7475.87282071631,1044.64551492983,1295.38166637814,2848.48692067307,1035.02479879346,1811.64388034112,1083.7584478469,961.849561201441,939.012728125405,2505.24698531425,1160.57475245548,1032.0052362937,2552.29543502049,572.709973874154,974.205471797795,987.854879866013,1709.02753513092,1206.94148195997,7634.11963596721,2504.88745491732,7374.39734435849,2712.77594577544,959.553491264455,7800.55294334077,658.404783119044,2114.58180003171,7423.42358923396,569.431142387424,477.569859399625,2364.49062814668,1136.22469647499,2691.0696357153,1054.92506061237,718.048550941102,928.318808161937,2628.69791446554,985.892252773974,7545.94362277264,1271.25031152367,2591.52499892284,1247.80022560398,387.5172396509,7459.18665897535,7425.91115339393,2693.26370058932,2673.36714217066,688.064729960498,2447.35382264547,1017.72933045696,7578.48397043615,1030.71292567446,1029.99869258224,2667.83035586306,7619.37474887291,504.924009550026,7358.51378314986,3051.95497424821,611.381172114681,7703.53986943157,7352.76519889655,7524.80163634628,1007.0976021528,1342.86307273967,7413.69880289733,778.087199110224,7417.5305059263,7703.11054798589,7095.4342420364,2771.25822788414,7652.7648874248,876.989715082949,2721.72767232167,1616.72444899128,762.768806191267,2527.49620546539,7651.29326099021,7465.17063628132,7328.02947728692,932.6424457871,7539.57922469991,7663.88316034221,2662.5505952006,996.732138020702,1073.41905598682,1038.44857728419,7640.46788395263,782.062998229878,989.145850148426,1115.32216453342,1219.91812380656,953.352898024973,1296.52419013538,1237.85723916541,2450.44448645939,2594.81234708551,2572.45828124649,502.266892538749,667.855239933354,539.258012115209,636.560668641377,1090.30256544525,2689.55707084591,1126.01368153127,2483.06840960361,2322.52342498721,708.283535862045,2329.96716648191,7562.90240469246,2623.49716201189,1025.85817800237,1227.44490679634,7110.28578716288,7230.08353589024,3099.8564918222,1246.41809417483,7746.61865559736,2202.59123453106,7625.9834018301,7325.13235074849,951.932681764641,1011.81204367115,1032.4936934349,1196.84692948383,1085.89287354056,2725.65504107615,2448.77226077631,7299.13302757757,430.796464129553,623.321300169195,1024.3262210805,913.855077289099,683.434756083986,421.260076117332,2882.69855971722,633.458836877887,949.114587471435,3640.94823123441,8216.08918264205,8040.76819952862,3528.26376406244,7885.0873953275,1161.37168147589,1152.22539189316,8199.96379925447,802.563988506211,793.18325580617,8173.50848608402,3581.13401509484,8131.44755781892,1121.17280484026,1091.10743420433,506.332128177527,337.031451923245,3856.83302263026,134.119905845351,1035.69781223449,3801.29590383585,8236.01777467927,164.782702676997,3522.26937526035,3815.70032285019,1085.32033492253,8059.9642838581,309.275717766965,3566.97699513493,8145.96551493577,3524.12124034701,3592.77613527554,3485.81779529517,540.975043709524,7964.17982788834,647.873241329326,8007.55929571129,8054.89856654301,577.807481817109,8100.51428413485,8224.57089393608,8160.88478703638,8224.94992024937,1017.33980587225,3556.72323237079,3517.47717109935,540.935163893794,3559.92284829374,8102.209603916,7968.82222410691,8027.58141820396,8088.04537029051,3590.05246807489,876.998273569442,3449.83027592938,371.297987893305,754.451265749353,7936.55967076798,3912.1942384635,816.281981357081,449.698655777332,3387.25788640584,955.159688308097,1101.75903378022,1004.30976141903,1274.37168677795,854.819066124832,1104.85816789545,7902.51157125985,3672.75048924585,525.927323086236,3059.21659440097,8017.55622065489,1084.47517552602,3609.92390426666,8054.09981546497,3211.32994591496,3633.88407969208,8101.97318108193,3585.60062462069,307.246376445898,4025.84812623041,752.217434493542,8407.24920914989,784.966019886024,3401.40785314702,1331.52506402433,831.420412607629,52.1396873186098,8125.66274995526,8098.07405938186,1038.06605060815,3575.2856064594,761.337568605833,8367.21296646658,8561.78088795855,754.957370127909,3725.64931239128,1344.19146801017,7921.50370503762,3729.04080734449,523.492777770748,3706.5473430887,1089.55517147963,3674.41764599821,343.922540324616,8071.05889903432,282.748030433011,836.591694437352,3537.77896441147,825.117097479762,8072.99018494474,7985.69888466517,454.562930812612,3515.03043174697,1079.00576931153,3620.88427975037,3837.7686757369,3696.7481269903,812.226350518729,8035.50419955967,7902.46769260637,3487.88564600059,3616.46330109401,3650.95326930342,1e+08,3740.70679218997,8205.3104919462,1386.76751379005,3498.72405328901,1149.5110240281,8257.90535562127,761.247578596437,818.221408801247,996.542315597172,8103.83554364645,1084.19735187073,466.26545237353,968.274676724373,1004.49377914024,7863.02123080192,1063.01119240042,209.989729651548,1401.97644153602,8138.54456483652,851.455988620623,167.830588122938,3656.35554673727,3444.49853565479,1438.63438148954,8082.94310229888,999.376755627671,919.369007300294,3971.28251926807,492.125172690619,1091.53626987871
4135.21883628529,4352.03179867004,3012.59882036947,3024.33205835199,4778.46643334665,4918.33960008881,2838.40637089124,2851.55718858675,4822.12409048451,4611.39827860294,2955.67316425963,2788.69054599177,2724.72996272375,4375.12189077565,4600.56874886697,5040.83861085324,2625.01081974898,2829.72402611338,5016.22927619972,2850.37164502241,2977.97418500982,4399.03289447004,2816.44303535924,4581.10355907732,4340.66245637604,4704.84026783807,4361.53318221036,2965.14902039892,4800.33071744514,4412.22842599807,4260.77741025373,4923.49196634766,4635.29983649518,3865.60709688118,2740.09843134047,2901.00318670085,4723.77789724143,2759.65535737329,3845.25175315356,4508.18631962273,4091.04951695908,5002.52626685025,4525.43031679572,4559.87091699395,2768.68097580418,4438.70569927608,4591.9602560466,3019.80537473479,3770.31832051505,4761.99805236718,2751.4545437303,4725.12174691364,4792.33621571094,4204.0502156044,4874.53567406617,4506.38346425612,4506.41405019155,4264.1969058317,4455.39826902733,4910.76191176422,4810.79914048484,4541.18196226418,4843.75487472747,2633.42211107332,4934.3370102347,5001.23769353086,4894.25367625988,3026.58024356143,4405.67963623377,4332.88197452476,4005.33745053304,3647.96746108441,4140.05772083629,2502.47135379136,4229.91606507358,3875.80176099756,2527.32493690436,2572.84157192957,4259.14827717459,2503.29699891829,2511.96986434105,2506.81895683237,3833.50136444079,3528.1059649096,5319.6165061746,2518.80492542354,3569.5252973785,4042.84953393017,5683.18255282655,5142.5339710782,2546.63229298111,3898.49371946943,3492.85869537989,3952.79353244929,2502.73133359346,2509.05422472789,4237.11633769547,5410.62343133952,5294.07467741733,5204.83320857892,3546.45841786575,5277.48394409702,3741.2399024931,5416.51791292833,2503.4830624608,4074.37669607167,5431.17960182094,3823.73903473873,3998.48579979229,3979.23316399462,3927.2880561599,3537.85802253077,5185.80889510071,4495.39795832974,5251.88422363763,4577.43960021212,2502.44027039239,5604.38070667266,3614.60826210192,5527.51836014814,5228.63186791413,3744.51387978411,3903.13409635768,5311.11165771917,5106.53684914058,4450.18577689122,5644.35806993824,3463.07701929379,3825.83229028358,5478.28052940513,3999.87170101833,2514.85220286811,2515.31561802221,2541.62393180306,3986.08134488731,4520.83138815973,4226.86814347828,4646.49768929203,4408.65960112486,4591.17984327106,4227.89112140971,4617.98679351996,2137.11112040085,4443.54695976119,4504.12503355605,4194.25202972792,2880.59703358272,4525.72920678645,4056.01519042958,4821.53506297496,2361.42530299627,4399.35357417131,4776.66585521418,3971.48045948295,3550.04533841991,4135.7473356762,4456.73203654799,4636.16511415178,4081.16543325397,4651.23320115437,4238.89662534519,4692.84803979686,3329.85585222213,4411.33400311157,5099.8254491534,4305.05155434067,4185.67142456259,4231.04153392118,2354.11534872228,4242.65217388236,4417.28706010304,2544.27240614478,4142.39203427076,4208.13879460179,4479.05975343627,5066.65961843204,4632.19972192366,4727.4978073982,2691.61478432497,4516.05260545519,2646.54213538843,4183.83048844502,4882.8905933362,4173.30848231638,2514.80057570546,4461.46850442873,4080.0803932447,4050.76464711948,2624.3241551648,4424.86259149668,2416.99659572223,4223.75053631761,4252.48380517301,4075.42892827403,2288.97444837189,4425.47500400573,4640.45414847686,4515.76878007978,2909.44858202505,4389.39774874272,3567.71506602368,4589.98922056471,4572.72607214047,2677.78710445755,2446.81757171337,4246.54076461305,2359.0704945325,4316.81321375307,4800.57466779501,4259.98029342883,4352.32029711558,2515.16820808277,4779.49566326522,4064.16750432093,4488.1652455765,3259.414222335,4047.09388000191,4821.74018251665,4489.96474637407,4814.4910697904,4223.79503691078,4551.73052642982,4478.00548968296,4097.55930984318,4544.74892223788,4881.14040019122,4345.07783765921,2667.97710096225,4718.24494278587,3894.6217651189,3764.61745364811,4924.61575022642,3758.82905344248,2290.91351161914,4785.40013469521,4568.95521888461,4375.08906761836,4240.87045839717,4635.6796729969,4722.35400976338,2414.01845924286,4390.33063518301,4429.06665562361,4261.02732529194,4739.86880216434,4234.43360980098,4374.43910153945,4440.75222111682,4619.47619013056,4264.58547198176,4539.99653081627,4553.01883348223,2457.17792199568,3316.52332568212,2739.32664673328,3976.47173381835,4142.45290790455,4086.29424540949,4067.17614518305,4396.28925080535,2616.16987940767,4503.59929389225,2353.75713635108,2400.13898513004,4191.14237590004,2319.43683886872,4634.37471572355,2292.97749946573,4461.82050857143,4502.23450048177,4257.00131430302,4314.6812037046,3718.88470964857,4489.11632681755,4847.18238162702,2504.5603370114,4792.10371533496,4457.63797905656,4188.55220008519,4225.65110233449,4262.79798345811,4266.42376231388,4393.58904454546,2491.16342458197,2407.647006037,4959.97452184302,3958.743596498,4035.99544181266,4195.68177118929,4130.78536885555,4119.01209979553,3972.17184572093,2451.93865205098,4090.29254130371,4366.21243737071,975.264577713029,5232.4144045644,4999.73562292464,785.014292551765,4882.13198652886,4544.5006548669,4228.68840425583,5115.52880536553,3927.77699912026,3965.27662377707,5084.20503489022,527.381687156013,5063.09686357545,4241.15510601344,4204.0671670361,3404.24252113233,3751.13210535503,1269.47787110025,3715.12252661376,3407.01493951139,1017.49372584012,5185.80228097044,3759.44896679785,1089.66065119215,1068.31935460342,4264.14951826704,5035.80091023525,3764.39630825947,228.877658656319,5108.12946713632,305.003382329291,863.828179014555,648.853076273674,3474.7150732021,4955.20627787495,3893.57015788156,4987.76641680812,4989.74906918881,3589.96066005125,5028.13804238669,5244.56571991351,5138.32903569329,5181.94384192544,4108.48387604703,550.103777446997,844.440495304785,3606.54558688134,416.983875357665,5022.04151378073,4948.11927169038,5028.87458154264,5047.99001658939,228.838427883851,4064.03191298146,749.52416943719,3864.87369715239,3775.80265673994,4972.06387876069,792.158638702212,3777.31489641851,3626.53407913595,896.018096923228,3537.27316318582,4228.03016024414,4353.34429203905,4578.88498336521,3368.6843255949,4237.55414299936,4883.36076344649,138.443288148907,3706.43289643153,1648.95211378145,4992.01410541214,4389.19398580928,537.695836813491,5040.80776717925,923.782660164889,559.296231844724,5034.96822025345,492.761624248456,3614.43723647457,1870.58518543553,3833.85360018718,5200.5959406526,3706.17087434012,837.355968523025,4697.95604010493,3792.66263817312,3720.21837557958,5078.64490077362,5047.97655785887,4110.97175963082,452.206498261326,3763.22106581572,5306.6443790966,5498.73252611194,3363.11417993287,451.374671247418,4729.63958191295,4947.13071635231,271.2959492486,3467.70516943481,581.619029820328,3730.98447529901,1016.60957025247,3926.71934739323,5052.77993517257,3656.66533389332,3925.78956709078,904.795700446991,3973.39318218135,5040.46785865051,4937.30152804224,3731.87955239564,647.43531311176,4159.37019537988,631.087800679019,1012.42583027358,319.076845409869,3477.26286769406,4996.4545052697,4907.32977003046,510.081989740713,1108.21761808659,362.176294487848,3740.70679218997,1e+08,5182.20907854865,4666.76768366637,557.219954825615,4244.35484717307,5252.86777552245,3706.96981232743,4030.30181117552,4108.66096817974,5095.94060875187,4161.37814616694,3834.4478413348,4299.70647079334,4062.12655997909,4866.92818129778,4120.99571841254,3683.27411119012,4807.35879512437,5089.7345828241,4057.63001912819,3798.74742587465,275.399694148758,784.433909941622,4744.96735281233,5042.9609698271,3695.28755497855,4178.33619070016,1390.81945988522,3476.92635987504,4210.09303448602
8300.9817519127,8561.64599619904,6746.57677648632,6766.59467853148,2138.51877551346,2091.7609093372,6425.13470752848,6451.37575657175,2122.63114758945,8865.80790060341,6646.94230159124,6321.93494972744,6177.4358465945,8589.03426996846,8853.2500568208,9355.70821890611,5908.78513480474,6407.58379837112,2066.29179601231,6449.02651930594,6686.49764853501,8617.32770582725,6380.36870127578,8830.64951882647,8548.13587905295,2167.92930159075,8572.92402573934,6663.83646940048,2130.41656828674,8632.91247167313,8452.73632353391,2090.27017540355,8893.48405387789,7966.09744466863,6213.60835362814,6546.71900746051,2160.05314507892,6258.23128821766,7940.22183902888,8745.64655100704,8247.01925344433,2069.49310602092,8765.79839670256,8805.95386877752,6278.34098224207,8664.12241151602,8843.25955413161,6758.89131363065,7844.12765233764,2144.81329533612,6239.7005576238,2159.50239609922,2133.34529633269,8384.46198629043,2105.10359031589,8743.53785862105,8743.57363605981,8456.83741524422,8683.75735414162,2093.98351432316,2126.6405632559,2244.79474129549,2115.1919982511,5934.55078124931,2087.18668118437,2069.80026073071,2098.94960609268,6770.4115777289,8625.1805060845,8538.88096779031,8141.35523834554,7684.07433437727,8306.87437582835,5155.03607588939,8415.64981734583,7979.02198691556,4847.35157645362,5726.0019726346,8450.78189437419,5109.86245617166,5373.22665092212,5308.1438042599,7925.24175989395,7522.82254850374,2026.09001056288,5436.25001583304,7579.09821468625,8187.75907803834,2054.18431796881,2042.40944330532,4739.92235776058,8007.70873492927,7474.43075773175,8075.91388253854,5207.98651260543,5339.46327447714,8424.31446771112,2025.4630233356,2027.20861547963,2034.38279513395,7547.83392329016,2028.15767226911,7806.46080725505,2025.60223778943,5238.59111050264,8226.56576074811,2026.04280346151,7912.77174657026,8132.85160436678,8108.90967372017,8043.95235270039,7536.12837699438,2036.57047501238,8730.68123880049,2029.96645895702,8826.39119889758,5182.32552935193,2041.27960200389,7639.67524604738,2032.25582717318,2031.97209189537,7810.71280855732,8013.56138184156,2026.41641469533,2048.17906673115,8677.62945265798,2047.37028870425,7433.1600363714,7915.44747228633,2028.36411793629,8134.57236396337,5401.86761721936,5406.15301858561,5583.02596946851,8117.43390818256,3073.68566951369,8834.33715691535,3223.74075021556,8914.76796558919,9177.69569655718,8806.67197711025,3121.22653984921,6795.20149256649,9041.10730454189,3250.94183507176,8792.79623518007,6963.55639669783,3143.11472733379,8580.9936334801,3364.40485790144,6844.26150722109,3251.66239580746,3334.16298445837,8438.27989286932,8165.76374398482,8623.28549530567,8704.4193154407,3349.95024311428,8607.25268890277,3248.77081423929,8857.68947793691,9140.43079865978,7077.5521634314,8914.26779669472,9745.33229324539,8896.56763294383,8779.06498326838,8806.10859485845,6931.96986806866,8881.9437117243,8682.87587918995,7107.57543838945,8622.59765456423,8828.09545623629,8838.74688276028,9616.75729033724,9120.93483404028,3352.73863276683,7126.68877822477,3152.8678175815,6907.73155708311,8794.5233246096,3260.8298842144,8605.10353408077,7268.29679824958,3075.20563750554,8616.06767996858,8546.46690760458,7118.29896082628,9010.59076148525,6825.24286867304,8813.71397248138,8774.88565304597,8281.32455367242,6862.12719262007,8721.97895794082,3209.96984451112,8630.82785481423,6969.88901808523,8968.08309019635,8012.17851541716,3160.52612700235,3173.75082436839,7010.4858567508,6937.88749558228,8687.78712741633,6980.34830469026,8907.60350657293,3438.62349234845,8839.65022545705,8930.1253670586,6951.38192488893,3305.59898273035,8593.49485365828,3162.39556091321,6830.30993140429,8651.77538754136,3363.33262443326,3267.24356223204,3358.58364446633,8825.40070947644,9175.62196479247,3113.74874249429,8410.00673835121,3184.51801542389,3402.02553790454,3264.5584744619,6914.38271457204,3219.30503622564,8565.27200047509,7169.21537688318,9595.79385645045,8425.81187211842,6883.22018971802,3324.03863947625,3264.88649898269,2996.35810180272,8813.10997381238,3177.73469723774,3231.1816565341,7010.68209234759,8671.41564510341,8950.13627438179,8850.57823757231,3279.88498329481,8754.47164932998,8875.57101016816,9040.50745135771,9124.33374243312,8850.66497915551,9164.1927612777,9151.93841917778,7071.99108349769,7233.21729855048,7073.09440214938,8413.73791787014,8720.3948079469,8579.29165373771,8672.11031298673,8971.32796421674,7013.37284743462,9033.13990976102,6936.27682480559,7058.92186967428,8611.29620251311,6995.30386283662,3208.65765335757,6877.10483741852,8750.62756747377,9112.37274814784,3037.21284367454,2988.08486337621,6904.69070415023,9123.77240585579,3325.93804199156,7244.32065474224,3350.80232093458,3199.92324028516,8808.69176242196,8795.87875571126,8840.20460321481,8853.52602171299,8998.06253839607,6798.74320227427,6979.93007877751,3471.78659521858,8516.38909740981,8651.54468735084,8831.2976595114,8732.38281896519,8709.20320871595,8515.86721955822,6830.0804694661,8676.67857517478,8835.26587300855,5346.92296131257,266.125722544508,687.496680640583,5509.83442853799,1382.91744073939,8680.8965758274,8827.16008500049,1099.52454494362,8417.44162384011,8406.03867757557,840.528540761519,5385.3841679598,1381.28901479834,8849.89756268753,8771.88304334355,7898.7449645823,8288.11126827095,5188.43709975734,8186.30868388681,7569.73133567766,5220.68669918272,498.106757477084,8187.64435181788,5528.64200376788,5134.35678002653,8811.86942247863,869.913289716218,8156.75900598263,5345.21637372187,587.153054024225,5329.43313175337,5363.42230726008,5470.28701472532,7996.75019016131,1562.69170923433,8486.29085324278,692.577413347663,1472.75516251823,7929.15461444731,894.780661087064,1668.96135238103,1212.7733882995,560.563139766855,8708.18202796474,5316.08741084097,5472.96490017757,7940.71195573008,5399.74136974566,1510.76467232525,1316.54882383766,1504.46155399076,1497.03805586587,5303.00524024461,8380.24903006841,5558.26467324834,8401.99314386821,8246.80901896334,1340.42421813182,5016.21904031129,8238.1260112085,7997.16893232148,5537.22807396665,7697.38394774424,8838.04246320808,8636.93861621645,8619.27266619685,7967.19514183742,8834.68188346176,720.649311447315,5274.15358686313,8020.8442215587,5966.25060090143,1272.92596970536,8546.15369085261,5323.44175427759,1292.53666997667,5723.87944954397,5378.01619383691,970.976197046404,5349.71893465951,8056.01175068429,5103.99466736714,8335.29845001472,1628.16924645161,8194.82894869523,5575.93323796321,8748.63131607863,8242.95007214709,8191.19738982765,603.328421794431,1509.5709856268,8742.42606725284,5427.51942303444,8295.6875138127,1652.42389527394,2084.26887381369,7727.39179570553,5223.61466709272,8792.64602983317,1733.44168981131,5166.11110843907,7925.95414769221,5302.21801881922,7773.32712661221,5085.61494737052,8433.69512640181,1253.26890042196,8079.22251329468,8350.0353014515,5442.63412453488,8280.28934485006,1748.85688215524,1063.1147985027,8299.26019328265,5428.81072812724,8723.63927484514,5411.99495162746,5041.16102838327,5297.19890423097,7753.02864887901,1591.33030120396,1448.92554086974,5424.57095518302,5463.01314116503,5335.86519275981,8205.3104919462,5182.20907854865,1e+08,8653.77920843615,5487.2223320686,8823.03768805274,1505.48861048635,8240.2971702035,8365.68745777533,8703.90081557536,1692.85093004762,8756.3474764239,8185.2078013582,8568.71318412609,8710.335734134,1295.3976167889,8778.80820193576,8104.66009513991,8870.18594534908,1390.49468147405,8417.7728699608,8278.54801884569,5194.06793887024,5472.19254457377,8746.54322498886,331.635875627463,7778.78610721982,8432.58864579853,4975.50639855526,7996.67907732804,8833.51983263602
1156.93197307253,1145.68579558826,2129.56768561343,2111.89012492973,7631.42179228561,7792.93414500257,2421.45201047565,2397.11354461107,7682.00840010467,1210.0461870761,2218.49022249245,2517.94056317114,2654.95939831294,1148.14669255948,1205.85668967742,1455.14549516774,2914.94042956994,2437.77587838465,7905.04989037785,2399.28909113319,2183.00604384781,1151.40746668094,2463.1588793834,1198.62890122385,1144.72543421904,7545.72810385551,1146.6159399877,2203.306443576,7656.77668880194,1153.51316025975,1142.74786605899,7798.85338230244,1219.70905813511,1258.67011970341,2620.46108840288,2309.39833478835,7567.81684061592,2578.08298831917,1270.13239906788,1175.15240672943,1167.00522445772,7889.39819990293,1180.1767423495,1191.19737203108,2559.05143463722,1158.38501274231,1202.61187364795,2118.6851211039,1316.61851637231,7612.29660035098,2595.65704645413,7569.38303751736,7647.51068622747,1146.51226301768,7742.5260905385,1174.64649129423,1174.65504350006,1142.65923914422,1161.89354437757,7784.22484516091,7668.90176935577,7353.37498491449,7707.01219271819,2889.7352404564,7811.3058709612,7887.92568104708,7765.23573769754,2108.52693145044,1152.4411056377,1144.16458634909,1194.03870811736,1406.40483997894,1155.98917274792,3674.17382035051,1144.25764148789,1253.12049103564,3995.40474567196,3095.26649243725,1142.7955943305,3720.93056726679,3450.2829854728,3516.72799566319,1276.97870016464,1510.10084286776,8248.37062106509,3386.21683390079,1472.56329244708,1181.0005367036,8652.93816937627,8048.69902339374,4109.12259990731,1241.23028770604,1543.43626245101,1215.41074154677,3619.5436050252,3484.71697877114,1143.79080776761,8350.276016845,8219.68658019485,8119.16435875413,1493.24920665022,8201.03457525136,1336.42997597709,8356.86083936901,3588.05462793021,1171.49322786404,8373.23166615563,1282.79340181602,1196.62106714338,1204.20684861692,1227.07191187616,1501.10301399649,8097.67244110238,1171.64383901645,8172.22248056824,1197.31247718687,3645.99495582074,8565.79868609269,1433.74152660933,8480.52504448017,8146.01831111994,1334.15088271352,1238.87797039709,8238.82364899167,8007.86906636768,1160.76204134825,8610.04108905599,1572.59116935843,1281.53695370218,8425.74735093589,1196.09374607459,3421.13428464578,3416.77775495016,3238.08264097639,1201.45302277621,8022.41740853754,1525.72406185977,7944.14183459066,1400.46376588604,1809.37443960861,1527.06349282985,8118.43841568063,3732.79207466769,1716.71209289021,8033.1062546385,1614.94398620164,3418.95323538975,7997.11006045679,1338.29449530352,8337.47266118976,3692.26288686442,7945.71093503271,8168.11526910346,1288.10969345682,1676.31215767486,1250.5063168747,879.877138427441,7990.22749771948,1333.04460737184,8070.93201735096,1760.18555171967,1509.24258525334,3347.79977345359,1378.93888210004,2134.47671401798,1749.75342542605,1661.17210398051,1544.59174562134,3553.93532966267,1973.92455859354,909.034793565618,3534.82088247654,1239.00973886163,1670.05419259659,1017.44718824626,1833.14574741619,1370.42055358563,8278.06826742135,3390.05258043934,7987.08243866429,3525.77451001766,1696.00180470168,8424.49791342847,1128.95702492633,3285.24283519114,8095.17167208587,1368.92767061397,1281.82183265157,3266.85535296534,1646.00324212229,3636.02681101022,1771.69376133814,1295.80935501732,1084.73436122548,3663.53218298373,843.315589574655,8180.45010558999,979.840992961209,3285.06358942054,1886.13139929991,1418.20676786334,8077.90668920405,8046.29736147588,3539.94429605415,3669.06679435348,1128.4983567631,3506.64911554644,1610.86797707654,8156.88208520599,1707.2253147161,1581.63597630512,3605.05178843189,8197.6791563705,1352.09632643255,7987.24882083459,3515.4789437678,1525.40758510795,8327.7736765989,7992.95106488187,8054.28242300872,1683.77633892213,1897.83203263725,8060.50644023116,1041.48476655961,8043.71017114258,8286.471043281,7659.24147671564,3613.87427126892,8308.96766084206,1875.33741504159,2804.20242772969,2014.84322949656,1827.65475546834,3573.67104964026,8255.37854596377,8113.36341693489,7996.26030649435,1541.86045453202,8176.78978630552,8326.07259058375,3700.85318642671,915.624103478967,1441.31288043535,1714.31494516141,8272.74121176213,1320.71010733812,1368.74847182088,1606.86057070316,1439.18605250389,1565.2380840596,1833.7531384488,1686.38676462288,3480.52873090646,3098.57936297771,3422.80872580287,1232.59711555759,1430.78357237284,1269.17600178357,1518.76224618432,1563.3302173825,3581.96923538124,1442.48235218546,3511.17573191825,3415.82696797304,1123.14895819542,3394.31224271914,8229.92796212858,3657.46303737205,923.784825423792,1696.38154909991,7718.44675127235,7861.19350693617,3221.38975363906,1786.66097915724,8374.95483600097,3336.78008292838,8203.78592516717,7948.30434876859,1689.27226767559,1625.44071216725,1696.6019668248,1942.21676562844,1639.7148135627,3608.42928768444,3475.17300577777,7684.53601059924,1432.84577564233,1546.85271242774,1808.33950000838,1678.38426932531,1484.87253626288,1396.20351924788,3832.85155863942,1467.34065316741,1269.95792271492,4578.67197834993,8661.01356163253,8544.7014324236,4533.96141270168,8443.6658979449,522.863401347036,1909.79314344505,8748.70736157827,1464.20972468091,1385.2360146332,8697.34607656421,4538.45855422305,8699.91918895108,1823.63762401375,1819.25433781617,1597.55007036481,1535.28882825963,4761.49357059438,1393.07465178914,1526.58982802068,4715.9832452216,8722.10153182316,1326.35183963337,4451.20609358877,4719.30554605151,1715.25656411838,8575.13281413224,1266.01647376302,4508.40435220031,8642.83936011586,4467.74196769938,4541.09637599792,4439.75644046352,1594.49090607495,8538.89068259032,1672.10774154215,8508.18389861371,8634.86458033513,1293.18136576989,8629.43319963437,8786.68257537509,8702.34987985288,8715.28662529767,1825.15694187791,4495.26859509446,4469.72088949291,1290.42791412714,4530.06440765106,8684.84312972061,8525.71783912671,8591.38244649175,8661.93073111495,4526.73138711246,1176.29336348603,4445.27545842485,1501.23334083758,1478.62989646655,8480.59121458862,4787.03435914176,1517.13089190561,1313.16931317074,4332.63149569646,1437.40988979216,1821.96379263147,995.332279866772,281.395705903722,1813.03205989951,1839.16573441928,8403.34839920453,4621.80368119257,1227.26009100247,4055.26916065493,8568.06476925423,727.906714753314,4549.55544611261,8602.96888359276,4230.54501028598,4610.56780754157,8633.83726988958,4544.12925227059,1397.36456149163,4799.08809443942,1527.46839975704,9019.96232235733,1576.59886801613,4355.91610947932,240.926125441472,1531.08363620959,1406.93451529621,8622.9068011914,8674.63946658681,1870.23184300731,4557.67094772187,1616.63245796516,8947.65115353542,9169.53092561804,1441.17518181049,4668.97387992823,303.924908791901,8498.77011672209,4666.03510690566,1469.55613759612,4666.5067165583,1463.96765668231,4520.77177393345,1387.36576232005,8616.38767195323,1356.9405478277,1421.85355265529,4462.99637273504,1170.32436721676,8667.44828381228,8525.42849952117,1620.343086403,4470.07397293164,1808.31837578788,4598.56007583882,4682.7161349789,4654.27029668851,1379.38217991429,8616.88493957077,8464.81298870098,4441.29224174791,4586.19473075879,4604.3766473723,1386.76751379005,4666.76768366637,8653.77920843615,1e+08,4472.84375340276,1905.99181410417,8812.81651055343,1641.21346445934,1159.37412064201,1780.10448453252,8685.36630051529,1819.57491818651,1164.98304045498,978.072411923638,1884.69490137951,8412.52237513985,1874.74108867072,1328.75151621715,307.141314933587,8700.03888288523,1218.66733365467,1403.8513842791,4586.59931191438,4381.41216942936,116.595844916884,8560.42765550378,1423.73925332742,1035.02854134187,4781.09865717981,1583.05061393386,1813.12207822392
3872.03205772862,4079.78249768013,2846.00552278353,2855.84978965204,5087.7742866686,5230.31569177062,2705.04200069146,2715.27347338049,5132.293159984,4330.16339501962,2798.79283895222,2667.16315481348,2620.71389545553,4101.99790978473,4319.67500435789,4747.9779172151,2556.26063358143,2698.33275421528,5329.92472154167,2714.34778354959,2817.17541106296,4125.01972567736,2688.14381391682,4300.82985634403,4068.84974839618,5012.63314763365,4088.92202531729,2806.58502047005,5110.07322387013,4137.73161965702,3992.14712849985,5235.56145482399,4353.32153163257,3616.32376886736,2631.59812443848,2754.42280862653,5031.96820131106,2645.71513387558,3597.16402942045,4230.31667328088,3829.91911410934,5315.98786012994,4246.98024181497,4280.28380640509,2652.3227993038,4163.25327825314,4311.33962897824,2852.04757251575,3526.83889414402,5070.97400043235,2639.76095187524,5033.34004528412,5101.92058081013,3937.80888826716,5185.70412915517,4228.57493841577,4228.60448673094,3995.42614471613,4179.35334373858,5222.6000379712,5120.74736965238,4845.29771364801,5154.34086867051,2561.14948312249,5246.60200657584,5314.67718489212,5205.7887236129,2857.74014833295,4131.42223211112,4061.37032666547,3748.4303191075,3412.78883033693,3876.65035114973,2544.39043593896,3962.57158133688,3625.92823053392,2614.33395200823,2529.80661364929,3990.58506132396,2551.96062723777,2521.09418934947,2525.73706511637,3586.11443578876,3302.15295274663,5637.98417441037,2518.46622056054,3340.24882824064,3784.05480827933,6006.09794391848,5458.2871376381,2648.72739856529,3647.3265893929,3269.85630487802,3698.63933145828,2536.71367732304,2523.25795234899,3969.46894221285,5730.22527207129,5612.08318479685,5521.54020167736,3319.01420071688,5595.25604224886,3499.64166350317,5736.19732131212,2532.86710556691,3814.04313398604,5751.05073709865,3576.94035757763,3741.93030279412,3723.67738918178,3674.51831847576,3311.10886726011,5502.22868901815,4217.9636698739,5569.28663077915,4297.28360793247,2540.27246459923,5926.39262084409,3381.87977481612,5848.60765202903,5545.69322234368,3502.70111457647,3651.70579362303,5629.36037324149,5421.72097304448,4174.32505348669,5966.83353505847,3242.66076984345,3578.90701458403,5798.75611103214,3743.24490388055,2519.67229137754,2519.49216895592,2519.43641068162,3730.16798167558,4827.53718183025,3964.03329846871,4945.60601279392,4165.63190529219,4289.58998350291,3979.17308426212,4926.01629730132,1950.07715826717,4138.03203515749,4808.99005201618,3931.42623969181,2938.46553742013,4825.63107069476,3813.84798773261,5142.50871536314,2317.53634176329,4702.95333003742,5108.15153314006,3733.65743991758,3299.55021369446,3901.30583909244,4236.54625397272,4979.83302039179,3838.82447639047,4959.84761839903,3927.95386582193,4465.34749649889,3400.41145575463,4188.65290328041,4773.36008387683,3990.4313167381,3892.95828963527,3968.58639726203,2208.8275311456,3907.3873567882,4194.07206640821,2464.54862193295,3903.89189394496,3928.19550901211,4262.37585785476,4786.31884184306,4411.93915355669,5036.90781124753,2657.66274072874,4827.13197964361,2688.84728517816,3884.6873061685,5200.92778791157,3941.79373778801,2223.17095048126,4766.23517412808,3838.12206343173,3809.50039779308,2564.77770449206,4143.95294733879,2417.5476940592,3906.13902426512,4011.64792653182,3849.55280558638,2217.36491256948,4191.25245902494,4944.04579602221,4293.02482431976,2967.79394019548,4056.98214855867,3332.44926033158,4887.38675577009,4876.38976493572,2689.28992740186,2408.35893635993,4008.85085124112,2182.22300853344,4036.64020244813,5124.84153266118,3951.01972954962,4072.28559627152,2495.49743044878,5105.55219348468,3817.3857275556,4788.9295638113,3360.98646126675,3794.56526857841,5132.32132952155,4787.33836845933,5140.52519206438,3928.19925574975,4232.15253223251,4788.09520819858,3866.10851849906,4854.3489432084,5208.07094883823,4646.19580108852,2704.73715038557,5018.42689259288,3571.33305646947,3832.70676345015,4618.35431294492,3450.09273767166,2184.77205692521,5114.36627659897,4869.18959756402,4673.98619308456,3981.050878186,4942.61157484026,5027.78548863058,2329.11985272985,4168.39661472377,4180.20587127572,3952.40332141075,5051.90682748927,3991.40109333137,4151.16357242338,4185.37366197489,4383.57672170208,3997.48434086056,4229.82366303949,4267.5242399987,2347.47133457688,3372.1755869317,2724.45144202404,3738.72919532088,3895.33960877635,3848.27103352615,3808.30145729222,4140.70925321324,2623.22522705614,4273.5906877978,2265.2385211367,2206.45296801795,3961.16809200732,2163.53466141613,4933.87163868032,2196.99665368706,4234.35228854921,4220.9034738601,4552.26820134975,4612.04385901809,3803.93504720812,4194.25968387594,5157.58448133333,2240.41043800934,5122.32083495078,4761.60658690419,3901.62580876893,3948.44404849044,3956.08074908827,3931.89746990664,4122.06207350062,2514.00205282084,2249.89313234979,5354.83410989525,3709.85516814965,3784.85135231951,3890.83471107794,3837.01788384598,3868.36011694053,3731.22337645633,2484.85862344967,3839.05505490972,4138.96133102222,1240.27173148955,5529.85535555612,5291.25299858646,746.667959521339,5159.70933881715,4355.33882727492,3893.27735327153,5401.67724060937,3713.53023658036,3748.50773998566,5370.67828278687,135.885269755528,5345.89657336935,3925.52718869946,3877.86565145745,3161.34592993382,3501.46962329193,1567.06878094575,3472.75310306231,3175.59443931875,1353.01086298712,5476.52270172661,3516.23760422414,722.714810542738,1378.67376001576,3952.32534428036,5328.49890035397,3527.43664167683,448.013688293922,5401.57087103865,342.974919191973,1109.14188256234,209.058554321724,3221.25870943453,5237.2566610496,3605.90436580455,5278.18816024567,5268.82830186111,3348.83059743866,5317.5378213925,5532.74424992084,5421.16134795145,5480.90574083549,3787.80295923105,872.453664869624,399.3921765263,3360.79375351623,547.776222313703,5299.09164372246,5231.80565590319,5310.12715870348,5332.79085174901,426.019173647888,3872.74638032519,241.537616915738,3608.87697919096,3548.15973087682,5256.91314701196,1264.49152891265,3548.60433745629,3386.45588397549,464.090010647199,3304.37108780567,3917.79074501721,4163.90348420387,4394.66812358604,3085.253980217,3913.99175217209,5170.56981979991,513.308902020156,3472.96118293667,1713.40550696667,5276.46945176157,4209.26268858969,235.157085706039,5326.38321636186,496.683962483273,673.365728234257,5322.38149950717,154.844513677381,3370.63327594731,2151.74417064257,3613.24650121116,5480.21684816478,3472.86523329891,455.551631544331,4501.44895841709,3565.08488780638,3477.63898436784,5372.02547400259,5331.15890756678,3791.94046098921,464.949675926467,3493.8419626074,5593.95340770937,5783.00053548366,3123.70144543835,724.237396172992,4537.61078347886,5228.48325684638,561.525732437875,3225.10357370224,890.293253172278,3506.47149954589,1362.77043396954,3684.94201525798,5340.14303017414,3413.56127084239,3720.50961570457,554.049296004916,3780.55305734657,5319.06853300332,5221.42434482453,3468.2924706573,219.15662174943,3832.74970158129,784.33491371015,1422.9578693552,392.474466656591,3240.94301078421,5277.80734197648,5186.6624371589,233.895880599807,1339.53550004333,678.474364169364,3498.72405328901,557.219954825615,5487.2223320686,4472.84375340276,1e+08,3907.35243979617,5541.53499433336,3443.87020183962,3837.30215825567,3796.44542100125,5380.08689464339,3843.32536759946,3597.20040198579,4112.25601691948,3748.81093009488,5148.16003598887,3821.97514791531,3445.16830759329,4611.44364629956,5373.37991170402,3857.20740934781,3561.299385054,673.830568859878,452.696517966114,4552.02660757322,5343.81916468518,3462.86219362642,3988.43550606284,1734.28817631835,3226.57535853667,3903.68668971486
1274.58440446345,1202.1381279195,2396.73913464954,2378.52534609391,7920.51311115044,8082.02505866731,2695.53013687387,2670.7302989412,7971.09988752335,1190.7754381389,2488.1246734056,2793.69081584799,2932.71629305524,1197.77525501735,1189.62182616988,1335.62100802886,3195.6110166958,2712.15405242952,8194.13899696427,2672.94778592156,2451.70205604042,1193.95102892412,2737.98925437239,1187.89561211235,1204.52770935035,7834.81848177164,1200.26323396603,2472.5461641371,7945.86812703013,1192.14322740881,1225.7758276961,8087.94423047884,1193.80570595805,1438.06378060415,2897.74871301778,2581.20079537891,7856.90754227483,2854.7622286545,1453.3795956021,1185.45924528159,1296.06967519908,8178.48762895804,1185.45535116075,1186.52589766756,2835.44533505148,1189.16514498044,1188.80317960133,2385.52843033872,1513.07853995663,7901.3877819547,2872.59300446492,7858.47375995552,7936.60208903499,1245.53671871238,8031.61742098747,1185.48057170033,1185.48017681048,1224.70758896232,1187.7326786062,8073.31584892741,7957.9932398035,7642.45998027332,7996.10366172207,3170.16478652677,8100.39657021451,8177.01513929652,8054.32691186767,2375.05823405159,1193.01350697812,1206.25458420632,1343.86483847468,1621.3238632972,1272.36422000358,3959.53416441897,1236.05134230661,1430.54100766911,4281.82663611196,3377.45616897396,1226.28971400541,4006.46864800692,3734.65528358787,3801.41926869359,1462.39840823255,1739.76270138504,8537.44755243652,3670.25830151563,1697.4723682681,1321.97530614918,8941.99043533704,8337.78417442943,4395.84327204746,1414.15489680788,1776.87973239286,1376.99272528965,3904.6846496137,3769.25751789609,1233.55212346873,8639.3476668668,8508.76487163535,8408.24695058682,1720.84750235881,8490.11372008881,1537.61616234839,8645.93212484995,3873.06324940235,1304.7439058929,8662.3020334871,1469.98929579487,1348.02309058747,1359.96840966172,1394.08437087932,1729.67659815274,8386.75585453771,1185.6963399706,8461.30289468856,1187.62088026593,3931.24379726963,8854.85705405311,1653.07381933352,8769.58898999717,8435.09982700399,1534.81585149356,1410.86548010885,8527.9010393892,8296.95551888326,1188.14306656907,8899.09640801007,1809.05179780883,1468.35418556246,8714.81466113212,1347.17803886504,3705.3590154643,3700.98001271454,3521.25998454841,1355.67553534338,7964.38574977345,857.444591861291,7987.52196964928,1228.30097981873,959.349811071402,1067.84568395031,8072.02357999362,3002.50119880329,688.264166402691,7951.96384600155,929.164522794035,3445.8214527802,7938.85522168266,1014.85867207381,8307.15602876381,3221.34598513525,7856.64629035131,8221.4742653434,1159.78920761406,1218.63509128612,1093.91890242988,1544.3500083058,8071.59749869875,1049.6086738236,8065.83057283417,509.197360904567,1484.14863122043,3709.72507045003,1352.37690786967,1040.83077085972,486.256619108806,691.333687171538,967.124926224868,2923.12517054223,207.473873993074,1506.25743042149,3048.75947368378,1075.91858326514,828.670251428289,1465.22875497327,1428.91444967756,1477.80272778881,8207.39215935204,3092.03956701848,7955.87452208206,3365.02011384687,633.86816954023,8383.88663693262,1190.17742535695,2312.52882409116,7970.04114296348,997.790430738823,1067.41391362685,2936.37260903512,962.502649915222,3292.31924616701,429.946290914606,1041.48251806984,1431.88112873823,3139.21234026833,1392.8651480304,8105.41258818298,1676.22178313334,3412.87527101239,313.618188646611,1369.53097704487,8007.6047061523,7985.84096665207,3314.5294668748,3223.43866057292,1139.76317247106,2819.48730574223,848.606587281161,8208.95402931579,550.525746408778,880.462280159282,3230.59302339589,8235.81058832507,963.054306569984,7912.49835622542,3923.54550213229,926.552302531337,8279.03319663418,7907.74377804776,8168.34366563558,702.849289263528,709.47644726514,7976.47618295587,1315.12898754084,7993.80188337604,8320.96257085338,7676.7491749246,3411.86297377865,8203.13285583776,739.226221900756,3733.69073861439,1111.88421193669,850.286518390554,3008.510288746,8266.91714895566,8019.76262500932,7863.37722963002,966.706025794836,8100.12353122918,8225.94217806854,3133.94694875038,1493.88476316758,1189.30956197866,557.649357912438,8221.94645446727,1037.08912777141,1313.28559572098,1122.56792229235,1366.80321590517,912.688078602901,781.106258066455,989.098045566285,2922.94403252671,3479.25991222255,3197.23391562262,1191.18247878364,950.53748616246,1091.74076359587,866.855018548451,1119.78757916835,3285.36207134732,1344.11906402447,2999.24369807169,2708.21791409778,1246.87655271316,2771.90460269016,8121.11348433133,3089.88611178972,1460.71575299466,1006.68919307709,7660.47314602643,7771.50475185937,4061.93152684101,892.619253953633,8320.38606577055,2440.46729630613,8244.80703188008,7895.44692855641,757.773791176644,914.413371483968,592.00437225544,262.951143498026,983.599776034968,3348.94144357457,2845.36513502542,8087.11159661437,992.128619319749,941.908461151777,644.344132797127,652.576532130281,944.053430590341,1077.2191252104,3474.51233535096,909.07433092473,1267.97773662246,4287.85457827008,8836.10890605485,8639.71567946357,4034.44108541433,8462.19718415878,1770.15752656979,231.46615397016,8774.48711964493,1309.24478571323,1305.51007143554,8750.86411064222,3988.08501159398,8698.14719713946,568.087562132742,225.257684518386,1371.66584059852,1032.38985898354,4548.36984961704,1193.87576121128,1754.54870612368,4464.65781352923,8833.6363612248,1184.11780486805,3816.15942473797,4482.39326602824,463.885244095078,8658.2922626538,1246.40938640083,4050.67043338956,8748.84273815378,4001.8269342414,4214.86214178096,3871.37269494886,1263.59584208701,8532.91996096097,787.24837050169,8613.20398374481,8615.22188338809,1414.15616075937,8685.1572937601,8800.50140137572,8739.14452125317,8830.4133718616,435.220574004328,4146.42695589767,3864.12227843818,1387.80849768617,4071.00748217268,8656.61016791466,8548.14634402689,8603.10301955072,8657.22116043683,4070.97857312693,1577.60054830887,3823.52745581691,941.383213663963,1242.72769422351,8528.46149308864,4565.1345638709,1277.21050184193,1372.78905951172,3738.43630142548,1669.2167287498,630.57506920922,1653.01395271705,1892.95881206752,1235.04106103318,342.915651647446,8505.01483708545,4172.49390651997,1357.45566924963,3728.46718989459,8596.11198627714,1814.16423328095,4015.22052315158,8637.56766663121,3613.53605040441,4154.27783898188,8684.77323543784,4007.12082952999,1278.32593791101,4807.06080263258,1238.54993758748,8936.91089248731,1234.62184648526,3753.31618162689,1838.52654350461,1283.12118789288,1148.92029465687,8724.72344870481,8664.14132882056,463.14178289901,4062.65054989711,945.319624683679,8927.27465130871,9108.16552289276,1550.26001716554,4266.92579676185,1876.41241676149,8485.65025870676,4236.99268746122,1380.57130831134,4276.71566186481,1682.92937535402,4372.10800045025,1004.80295731371,8652.4155945483,1272.84535655605,1405.71238827061,3872.57509908405,1556.42696618423,8627.3520515217,8568.90363468598,1012.47007528834,3902.20685796658,273.944748570882,4162.0560423841,4536.82372512341,4170.6703186112,1583.69121730831,8596.7965506811,8478.86926328396,3903.75651269131,4258.2214629955,4186.83612877672,1149.5110240281,4244.35484717307,8823.03768805274,1905.99181410417,3907.35243979617,1e+08,8833.42785937653,996.502380302848,1540.80983880616,527.041581612589,8671.16287816446,570.451542462966,1252.51140045955,1666.38468465556,549.368841001529,8449.99812140237,687.621594870401,1241.94348729876,1892.96170760764,8706.89764036582,1488.94095931827,1116.25037783546,4203.84552676254,3811.98786365874,1936.86993891653,8695.43651936102,1646.16725480579,1639.0593377769,4711.0707167988,1278.46084627967,659.794529803487
8461.4021335422,8721.9966006477,6907.22466870311,6927.24315926274,2236.62800506194,2180.50053798789,6585.75196243742,6611.9971578353,2217.90527057367,9026.0718175008,6807.58511837,6482.53267362681,6337.99681697444,8749.37727661029,9013.51764356463,9515.82454919566,6069.24346480453,6568.19809940052,2147.99916988569,6609.64756239202,6847.14291859999,8777.66281623778,6540.9781292443,8990.92369257891,8708.49021433256,2270.63064052089,8733.27150708633,6824.48040638013,2227.11627036391,8793.24321262574,8613.11666706293,2178.6490722222,9053.73985868649,8126.59907371237,6374.17962302457,6707.352862089,2261.59622384018,6418.81423209064,8100.72926393237,8905.94528572252,8407.45343391788,2152.20704081892,8926.09134026308,8966.23521356163,6438.92882668205,8824.44436067247,9003.53005547044,6919.53958439107,8004.65590143378,2243.97041022708,6400.27878894748,2260.96267780907,2230.56279357012,8544.86055745982,2196.86618294907,8903.83719815097,8903.87296532993,8617.21665330354,8844.07374445758,2183.251722146,2222.65804864369,2356.83942497936,2209.03100424114,6095.02113527974,2174.80278839671,2152.60848763106,2189.36121823057,6931.06015490279,8785.5134165797,8699.23785221116,8301.81569809007,7844.63458744843,8467.29323601504,5314.85429278564,8576.04010390673,8139.52069233271,5006.67623841067,5886.35969452418,8611.1627643175,5269.61905096289,5533.29881098169,5468.14729193748,8085.75250457768,7683.41117996453,2083.97190927042,5596.38346763574,7739.67742031715,8348.20812220403,2081.4065030094,2114.52780765193,4899.02807760465,8168.20088442583,7635.02705733549,8236.3900880329,5367.87278476205,5499.50051346487,8584.70244002371,2075.77019248336,2087.19008657545,2101.58484259857,7708.41843147188,2089.49563745446,7966.99690237306,2075.4145896651,5398.51475216045,8387.00510653771,2074.62256392938,8073.28523451751,8293.31413394476,8269.37799315561,8204.4360909145,7696.7148282231,2105.28559018207,8890.98426098803,2093.38541653039,8986.66661116892,5342.17936910721,2075.18315870723,7800.24372481757,2072.68821507254,2097.26767251542,7971.24802728198,8174.05218267037,2084.99887708745,2123.08480957392,8837.94758010001,2077.8805235272,7593.76254164335,8075.96037316682,2072.9692172252,8295.03447526091,5561.96824662717,5566.25781866051,5743.28403382006,8277.90017264609,2426.42167147688,8887.9121674626,2894.09445130733,9025.90037874985,9263.63637514456,8885.98040259779,2536.04650260747,6603.95025975606,9097.37536793307,2657.94466830676,8861.20106739682,6879.03513892402,2568.58995867935,8628.81789642076,2777.71258512543,6675.7007636319,2645.22273624743,2940.77996274692,8477.25387683017,8235.29409952585,8677.2072366589,8796.83916562743,3061.20014104865,8652.41012593306,2780.27375661923,8908.11679611021,9241.49482423211,7049.01608620201,9023.05040702268,9797.15188855349,8944.94827656994,8828.83934850445,8877.55473612944,6763.89624056441,8897.74000730971,8766.36141764363,6962.68330805713,8674.75113706675,8881.75798507422,8962.0315427821,9748.85207559201,9248.79822606204,2749.20666794833,7021.61667114329,2649.79038674285,6814.92260639893,8840.9987335419,2651.30104659462,8667.9594260934,7121.91460324743,2374.11712885896,8662.19812988089,8595.44009518576,7041.78491424267,9091.11406987291,6660.65254230208,8863.70089073163,8837.68517948498,8328.96219467256,6688.00058338826,8825.73949029633,2596.23962818003,8728.29104211136,6938.06768181083,8988.51438805543,8067.91624563772,2453.63606619261,2591.65156693548,6902.36110368225,6761.71619462889,8755.27754948288,6823.94702081031,8972.51607967063,3068.04772190307,8890.02230816064,9005.63593230402,6801.15325318431,2881.26418362676,8647.08251174465,2570.37687501016,6818.47788685556,8694.746913071,2744.91904085553,2590.40937835592,3071.47551319735,8888.54252385697,9232.04881405459,2509.70656404882,8458.24317694266,2649.16096878039,2960.64885611417,2897.22432393214,6772.9208579103,2519.98363305558,8627.96558096183,7316.67645187827,9659.36189616074,8489.81469572854,6716.1836514188,2868.97277909302,2623.99831770827,2205.15534486638,8879.06964861796,2556.89104846653,2521.88098171759,6837.93086470623,8757.44694937132,9056.95723355714,8899.65151198633,2666.09468983679,8834.50982171094,8974.42211316119,9117.48209243866,9236.32953512716,8921.3841828083,9228.12943544805,9237.26257472825,6920.79485057531,7269.25709251276,6967.70022859978,8451.9905065642,8772.21513742001,8624.22090322279,8720.80518995635,9066.45241317978,6879.87638140203,9141.09995491645,6782.68316471709,6903.79570252833,8669.76184567127,6858.69008906842,2470.80113804203,6711.74400394924,8832.37730939245,9200.77873944217,2473.18676991456,2299.21322141393,7014.77666728943,9195.04234722741,2698.1114041686,7095.82864801595,2943.04802117181,2660.81415885989,8853.95500271269,8868.76632467624,8891.35148843265,8866.9790625159,9069.90577107733,6658.55294262394,6821.88809039267,3413.71220554323,8563.56901885807,8692.90776783811,8863.92449522997,8781.86112560313,8757.16783823104,8561.5148788822,6642.95444212259,8727.8609159832,8941.50968162141,5321.40002382824,1397.9326006539,1020.72452932015,5476.46026476847,518.212457329388,8842.01594201525,8855.1450525536,570.176899220509,8511.92635994288,8496.70077961183,939.339458212406,5438.92270934798,386.844466793574,8895.80130891999,8798.35420447107,7980.21893057923,8341.73793016978,5117.37981111574,8241.94647498869,7647.39083640677,5201.12847927688,1235.74204685427,8234.64072053498,5595.59885443669,5097.69800777265,8857.22812053318,768.611254934796,8203.49821996348,5411.56192506658,1042.26406456816,5380.06264584887,5345.4349340775,5537.59608882208,8092.65542064083,333.080261591392,8541.42521384343,1027.37841069,398.650183238838,7999.87996255774,792.546939852486,292.350984117091,397.754082152874,1027.93431387035,8741.24269910057,5334.0709402218,5533.13395469931,8011.26125730062,5424.36689682829,456.444052942363,414.551881976722,279.806035236186,258.973036306607,5368.91585098971,8516.9798371059,5577.45696643084,8451.5538089164,8332.72077532008,443.445583186201,5068.2248185139,8335.71773588501,8058.45483508293,5596.0602588925,7762.71002160598,8882.43020344219,8796.07709202754,8779.35422248585,8097.10389047608,8863.93371565079,1136.97627429217,5320.8600277824,8070.0908731735,5808.10682201577,422.350890821072,8707.45452411809,5389.27522981302,369.613495078217,5712.69016586963,5383.80719211889,761.936699089681,5392.69353502458,8123.90285071672,5005.47867576118,8398.46596774735,849.685184979338,8272.70823614594,5646.17988198472,8909.43202492194,8329.58371964826,8242.99260868263,1063.83826978176,303.298012732625,8771.38726326812,5448.2476557769,8361.02296964202,343.505560425198,864.275715409596,7843.20437066777,5254.9279718299,8952.73224405656,452.409911439212,5203.87941050597,8027.48251220717,5303.87725273641,7812.93824153541,5095.48732148588,8482.16948339637,351.685357773086,8138.31711598694,8440.79417603902,5520.32656778307,8424.39993876059,432.53804040741,690.117885946256,8352.05718614794,5483.10250859696,8762.63424620035,5414.68398373905,5075.00906687276,5348.99140319666,7830.80989984184,335.229083158936,447.386020413529,5482.62213448253,5387.84941887986,5382.46575585098,8257.90535562127,5252.86777552245,1505.48861048635,8812.81651055343,5541.53499433336,8833.42785937653,1e+08,8305.87520688497,8498.11199559274,8744.93463550523,358.117068110363,8803.22826422593,8236.4970781232,8724.37990607757,8734.86476565125,620.350053052438,8813.17447347333,8160.99296713323,9029.25286185663,313.709401810236,8558.90517551159,8326.05320026352,5229.7422832873,5541.29786937435,8910.49676540592,1293.84365204248,7829.45224317669,8580.06187695143,4967.50992686472,8084.20642008825,8886.55044509443
1012.14223740591,1090.52313433326,1753.3562288429,1736.13967431217,7259.16455454236,7420.96423678632,2040.27296982729,2016.2018323185,7309.84211990022,1250.18058351272,1840.28896799903,2135.88661428304,2272.07425795355,1102.22618423082,1242.4448157398,1604.07078729584,2531.37940183289,2056.42878549752,7533.27425846401,2018.35263899336,1805.53729979482,1114.93293898978,2081.56742682623,1228.73963684479,1084.97267088235,7173.31473660194,1095.26982344387,1825.40931139768,7284.56515173067,1122.19219072971,1050.18183595106,7426.89383568109,1267.52402406635,1012.23681061338,2237.74679015506,1929.63640618801,7195.44396651189,2195.6122071153,1017.15599762778,1179.84549419517,1004.14931851883,7517.59569588478,1191.04148100526,1214.09261900892,2176.70305972821,1137.26745607771,1236.35168722232,1742.75464801559,1041.27100345566,7240.00474195779,2213.08055790061,7197.01302798254,7275.28247372039,1030.31313438957,7370.46746436134,1178.6887525911,1178.7083549732,1051.51281749085,1147.10890645089,7412.23966994316,7296.7120079671,6980.60153111477,7334.89054366749,2506.20155150641,7439.36808398714,7516.12064475438,7393.21718679213,1732.86691206413,1118.56796692496,1081.25688439959,997.346214492719,1100.45062916165,1013.19614978758,3291.6689838982,1038.84680544402,1010.03661149288,3613.8320274531,2711.67933925511,1049.55291298477,3338.55376368308,3067.22460014838,3133.82169683109,1020.31435005235,1180.93630518312,7877.16481426149,3003.02411881094,1150.71053629378,998.875251369942,8282.35860390105,7677.16631798879,3727.89954974308,1005.7711756458,1208.59752741872,999.098454731708,3236.89382018624,3101.73591391643,1041.38089158481,7979.23239470274,7848.43456300419,7747.74842282746,1167.23621900814,7829.7523760029,1053.14392478466,7985.82759168849,3205.32385271592,1001.91079919935,8002.22415600771,1023.11536094593,997.315223121845,997.643159802537,1001.61318463977,1173.59592928438,7726.22105494753,1171.69785698982,7800.89345058191,1226.18920703052,3263.41468564208,8195.08814872976,1120.68614519937,8109.68429931315,7774.64646870851,1051.7377614157,1005.0063050549,7867.60248940615,7636.2679855786,1144.00843815733,8239.39730922191,1233.32881494681,1022.50124867084,8054.82187866985,997.315256633942,3038.01316560764,3033.64748595477,2854.63735900317,997.456159478633,7373.7773858279,724.451824579735,7335.95912994372,859.541766386287,1011.74713350357,653.949849072787,7463.35137007491,2556.50605304672,856.513799053253,7340.80986271089,578.915742884524,2686.26826652977,7335.31295754228,754.932032830833,7661.43251090094,2595.45844757649,7250.20225248477,7533.29959435776,864.691496928427,849.85676730088,775.153780457158,1174.59614715047,7367.76537531504,809.835332703985,7418.35696681159,736.06917435754,1185.01149547458,2955.19600137153,946.125429665318,1641.19439619529,780.428125628045,581.857889740824,609.51354285893,2376.96218441798,999.841834469183,1144.26382852103,2424.44606244224,785.938179772852,611.87030567088,1098.97525299628,1508.49437066833,1181.23051875506,7580.02512214571,2384.89152003627,7324.67571630027,2599.13222206599,621.246530935647,7750.11844270806,826.391472431023,2005.7229845202,7389.5852613025,690.805719549064,795.303304417295,2209.26745998758,813.111533266645,2662.73314777675,743.953741438214,789.656667647387,989.353703641114,2571.49349107059,1074.07664585167,7494.38876609787,1301.80070265857,2633.15307286702,1179.13664496594,950.048886800613,7428.26656209418,7381.27109473783,2583.68301258488,2623.1060919366,843.523197596488,2292.39927762001,686.872737332329,7520.26223723861,697.290537329127,724.022199279958,2568.11326216236,7561.32433359582,714.218859829338,7306.9661452068,3158.54072482477,724.386819843717,7650.07282914765,7324.08713401627,7465.65363848485,626.425478759712,1031.32557637122,7372.53206724596,936.042867775731,7367.07140546829,7642.23734906964,7025.38020522229,2705.20422871813,7608.9518453309,871.881783939074,2923.91674358143,1393.5928701703,798.995070753945,2450.40617555139,7592.08004329657,7417.72995748454,7315.41161441695,616.32702171742,7491.19176137068,7633.05661776198,2557.40067001196,1117.33083574645,859.329517424456,700.314110199245,7594.46616143476,683.482320974227,895.570943072091,877.060385986155,1091.35694979791,639.869605041266,999.036535767501,965.873983357717,2334.74006654832,2675.24277798534,2464.83351188197,893.869155336196,709.253027717575,810.960068259271,673.132936577601,820.017448453934,2586.57483175937,1019.58081916084,2404.61396732072,2209.86160822823,886.122635491891,2221.40877108307,7538.01639189765,2515.25616271213,1134.14475105134,927.331704217375,7067.33448315067,7203.99177470393,3293.0106597865,929.610860240557,7696.13403853768,2065.62363241218,7561.92791883223,7278.96696524989,605.435145532002,585.856759176892,679.195331192164,1128.41855660455,793.99510617667,2657.09456470749,2299.94837410943,7319.74570491356,740.458866098262,718.493163999695,674.346950943544,545.938114616045,715.751985599012,812.910309532774,2852.61054387284,685.44742634324,853.72646840851,3702.88209676645,8262.34122110886,8090.1051893913,3514.75020927536,7942.79725162958,1428.69985359197,899.867730090119,8245.39544961213,551.643448589392,547.984456074944,8218.31328939702,3528.26721322303,8178.09765177421,723.656750456233,836.493819496022,880.660389369095,653.136537890499,3953.56560209843,828.869335431669,1255.8661129996,3866.507099704,8283.46483636443,822.086340220337,3476.89103285264,3887.46648226362,740.688580265334,8111.91475051904,866.493915748768,3520.08063629169,8194.73555467011,3489.80211360076,3636.65793820097,3427.46861711272,805.298832656589,8012.47193422207,651.480481083664,8060.32225168284,8101.96376173891,984.010196800547,8148.6528649967,8268.56077288831,8205.65359117699,8268.99565126604,664.750189869124,3570.55261107832,3462.62036126666,979.235863822399,3532.22332579708,8145.70186784959,8019.84858014058,8081.12168299786,8132.51153257863,3544.81136828827,889.092372388992,3399.02193644097,648.367972010554,358.367300660146,7993.52902909204,3951.68834082251,389.148341090599,953.60603153062,3347.37413348391,1192.48425023232,681.058440431755,1132.93013738095,1535.97590538219,811.753820051321,793.498999145123,7956.42064351736,3638.54633842282,927.805589657205,3144.37692523648,8067.2660654462,1314.10888302147,3553.56655948995,8106.15157604927,3188.47437083836,3616.74937004913,8149.71283130249,3538.22965416366,861.613330204049,4204.11486732569,425.031566178976,8430.36620009953,296.226609975628,3347.2621851615,1599.9294547981,394.632450364407,756.382289844404,8175.3569860942,8140.76042192516,686.267362910694,3543.50884924101,93.8769939203759,8404.08776537799,8585.57479760839,1061.33720662002,3713.09255181723,1606.09427786359,7964.004768254,3689.4023717611,915.428981337613,3711.73031306716,1207.25770622518,3759.60385664293,679.213896126817,8119.56885027525,872.07282129288,623.249101164392,3484.5812572656,840.939637069193,8115.07598377643,8037.41173464089,671.435590213005,3466.85654387477,808.68883967451,3613.62461651865,3921.19103850689,3652.82504735358,1116.15795270609,8080.52207991569,7959.48562820584,3433.83116076326,3678.81669862888,3638.66125211167,761.247578596437,3706.96981232743,8240.2971702035,1641.21346445934,3443.87020183962,996.502380302848,8305.87520688497,1e+08,856.747293561153,595.131468710196,8147.54148348535,675.724370103587,887.235070042983,1120.94650650341,635.651570645946,7923.58136688258,621.839752061401,823.090201991329,1672.11946988933,8183.05613910668,804.625265346522,738.020428528231,3645.5258616276,3398.41692877976,1685.09605026733,8128.03814036419,1189.1081968621,1017.88834206263,4102.42261423793,815.009172664305,668.232648152367
1069.0949128723,1128.90307619042,1842.1002168213,1825.00688171964,7329.9704361605,7491.59463222566,2126.9098713811,2103.01409471873,7380.59227162858,1268.57903324834,1928.3985331554,2221.83735050949,2357.0832005725,1138.67617147114,1261.59124459738,1599.05510453177,2614.73062837122,2142.94852174804,7603.78691575178,2105.14919635004,1893.90232176203,1149.40886203919,2167.90578410687,1249.25099160952,1124.3105276767,7244.21667007021,1132.85297920147,1913.62846485908,7355.34301166171,1155.59046487663,1096.35308191799,7497.51793321012,1284.30061066027,1089.08238914859,2322.98876485821,2017.08531880438,7266.3209404734,2281.14431531173,1095.17425761027,1205.69960471642,1064.78174414026,7588.12459537721,1215.60000728481,1236.12265262788,2262.36679679935,1168.53079256424,1256.09851446384,1831.57464251271,1123.11789567911,7310.83187955904,2298.49184266556,7267.88823753266,7346.07055343571,1081.38310633507,7441.15186969712,1204.67943309149,1204.69671677829,1097.38907307548,1177.04624207747,7482.87934867758,7367.47653076435,7051.72692542144,7405.61341036423,2589.70566519013,7509.97896252632,7586.65107553055,7463.87717591009,1821.75741381606,1152.49997505856,1121.2529054675,1064.74747954301,1186.89985679276,1069.74007312084,3371.15091127186,1087.68366667601,1086.27409444132,3692.03923876527,2793.98565669428,1095.86474005909,3417.83862688296,3147.71044419548,3213.99879821629,1098.98405859685,1270.08976952074,7947.33622289164,3083.81674435578,1239.11140649994,1063.38624679644,8352.16163593976,7747.53276280804,3805.69674402397,1080.60636207716,1298.2555853063,1070.31730533491,3316.61133369526,3182.06057937296,1089.59559339116,8049.3077504423,7918.63342480422,7818.04497692354,1256.0783585023,7899.96918931035,1136.26747456402,8055.8968189491,3285.17983787236,1063.90332649836,8072.27818750934,1102.31195755048,1065.23040861794,1066.97731560765,1074.57503654188,1262.58824980158,7796.53880082284,1198.52521835827,7871.13815001199,1246.96041636889,3343.01740244239,8264.96766937236,1208.05411161942,8179.64014858697,7844.9166961415,1134.72338777961,1079.54658706991,7937.7830147569,7706.67547237808,1174.35811802104,8309.23780712452,1323.32370770398,1101.58596954244,8124.82755076629,1065.12685922463,3118.63746322071,3114.2926372081,2936.17516948774,1066.28992649031,7560.22721271622,960.053838071008,7464.91485053562,719.858238819001,1258.94373786139,794.395316894038,7641.26580979784,2975.97736284232,1215.52849012445,7527.37874927171,908.79165325565,2678.91109259468,7515.55443900406,779.62823069974,7828.06494605135,2896.50719998132,7436.63548829953,7669.67528302951,812.53692939006,1045.75906391188,689.599626436371,740.325316481152,7478.40981417603,808.096683010617,7571.51060608092,1233.47392523139,865.85307918341,2728.27282455595,638.805868624159,1892.00238573893,1254.90589659417,1076.45124606824,864.421953862092,2761.49066235269,1533.11358461668,760.388788669562,2718.64945369535,715.398294720848,1020.99649025926,529.205465646806,1467.59586245227,818.183958047767,7761.72525361602,2568.77296177585,7488.54928842367,2720.5907032834,1122.49309872772,7926.45752305868,643.049426149139,2528.16860177794,7591.91926744479,766.454992423206,766.109297476891,2415.66540958251,1030.59102379781,2879.1846933407,1265.15193153108,743.906084939319,897.212508812191,2890.1139269268,710.796339097882,7681.80771711895,938.679694840645,2527.97297623087,1647.51460366161,953.596036254678,7619.45385390607,7558.09903184929,2733.28084969086,2891.86878168285,669.605675541266,2711.95846810574,1011.55919467455,7639.27837427495,1181.58573442461,976.523374425492,2810.92708368013,7701.21968550507,787.399360806824,7492.1596165923,2929.03890619812,919.098622758896,7827.88392584082,7512.18133425043,7560.9018942984,1086.08550523019,1405.02456743229,7558.55507583606,819.799917459421,7535.20465799277,7782.03182650603,7172.55840787913,2845.13259928823,7807.16438096573,1347.43243115349,2447.65152555016,1594.12565783284,1254.22935471759,2796.642484536,7739.13571441901,7609.09314656364,7527.88876018868,865.576921840352,7677.30876407184,7823.52855747883,2892.02817937544,716.335426168682,779.170081880742,1191.26303083256,7771.01732394304,690.990434476671,619.084053415264,948.656553311269,861.705124072605,913.860515207888,1319.47240599489,1123.92695327752,2670.38184795236,2395.53979050106,2610.62316402771,837.788951786454,830.640335225313,764.118845137524,919.099200707225,873.596154546659,2777.56945288521,770.932042244125,2722.73288726765,2626.3932719702,681.260145460944,2603.56810678966,7732.70859299467,2862.75772870942,759.879754485403,1107.69442273866,7254.28863180335,7408.03905666367,2888.84048735891,1207.32597699206,7876.16744841553,2562.2651194942,7700.52778002663,7450.64011681807,1064.3430667617,944.838850211453,1157.43392331935,1639.17502657568,994.276210998235,2835.72836725603,2695.19577894645,7291.12941464253,852.069609416816,919.401563498191,1188.36360503258,1071.35086715896,875.300707951142,829.437283971078,3069.27102612529,864.865586762988,574.309371338449,3923.19442556683,8387.42769597449,8250.6434862578,3859.56918230769,8138.36369208345,883.644226357113,1461.08476002367,8433.73770342422,473.599403089126,435.143580404382,8400.40169506983,3917.95899499458,8379.93129816578,1254.23336577048,1394.50656635087,994.703678702941,882.225542904767,4129.66491243374,863.148201799485,1288.06835769895,4068.70824849106,8437.10686816119,844.670512046889,3908.28137127017,4086.67993914083,1246.029755146,8277.75640557013,849.359927167216,3862.94224987291,8349.38848034807,3841.76501787104,3881.35507607622,3831.35137311392,988.870974113411,8213.44161656946,1095.0975336274,8214.75271730387,8311.47093717939,997.132508836503,8326.59250457963,8460.24243959706,8391.33145771113,8420.88468084389,1269.97737845942,3839.99726326328,3877.0197730986,993.619672820225,3865.78870621961,8358.83493542496,8207.24480910054,8277.05200062941,8332.47568903689,3888.57067416504,107.893902783024,3815.48131255485,883.062027846728,576.183032052865,8172.11882693326,4151.98927706242,581.949712017658,947.308388614292,3767.44107062356,1212.34027807024,1213.8757417814,509.1849768506,982.535835484972,1205.08632096283,1351.32794618652,8114.14174538567,3972.52839512596,920.814466274886,3362.32697308697,8258.48809883342,651.934048238314,3942.49558023671,8293.16854277837,3602.3563598073,3944.13123953384,8331.95935489033,3922.84692142495,898.488197923906,4274.38365638935,615.484610606294,8659.20173423089,671.897407845989,3768.28121870591,1099.94338808101,609.237081631686,830.568334589767,8333.80754558453,8343.01861997741,1296.48167935507,3895.6785725862,860.642387151004,8609.26029093343,8797.38505837714,1090.28158033993,4016.57156599195,1072.6778575119,8169.81647824053,4017.62963140599,959.621948018854,3998.12535015016,1229.20829293357,3923.55455844415,768.340685025576,8306.01005707546,896.00649595959,431.131288189848,3901.17416524326,190.935110425394,8329.53560583893,8221.39347744412,986.682600655378,3869.08942838244,1373.17086860548,3925.57916916654,4078.77297792417,4002.28166853883,1136.92144681734,8289.52902892176,8156.41827849766,3822.66089747333,3910.05984108675,3946.39454436681,818.221408801247,4030.30181117552,8365.68745777533,1159.37412064201,3837.30215825567,1540.80983880616,8498.11199559274,856.747293561153,1e+08,1197.23097276999,8349.07472561875,1233.70958535609,860.715018941813,416.305962884058,1260.05227840792,8111.17629424909,1199.99042447654,840.003180961188,1153.6004982959,8381.68232916969,209.929803840759,787.988984564793,3945.24469459156,3806.28352290707,1188.62519504738,8268.31847873772,1204.09250702442,268.587921215659,4217.99867478596,971.23804398017,1186.52543256972
1144.03301755973,1102.40868846153,2216.28872217178,2198.10691063852,7750.01902836873,7911.70898308093,2515.02782393061,2490.2064343932,7800.66218735408,1134.98053033072,2307.57334732942,2613.30520959544,2752.56367106762,1101.75003049658,1131.94842793453,1347.18248702911,3016.03561206461,2531.66811291589,8023.94311614057,2492.42570317794,2271.17984690227,1101.82650315351,2557.53164596108,1126.84248693081,1102.99884074629,7664.22754511563,1102.05019662026,2292.00561530701,7775.40237693064,1102.19700965872,1112.12188084828,7917.63456864992,1142.14805264374,1281.26192968684,2717.53134966094,2400.63149524093,7686.34173423207,2674.47060093132,1295.12745201427,1111.77349538685,1160.27336914219,8008.27513048577,1114.74612820979,1121.78547801013,2655.12243186928,1103.63878988123,1129.63544990908,2205.09718740228,1350.05049515973,7730.87223048772,2692.33142740003,7687.90972932278,7766.12600169765,1123.89645481416,7861.2464142124,1111.4842682984,1111.48914091973,1111.55250825998,1105.02265280689,7902.99032249017,7787.5409870791,7471.64529799015,7825.69361633965,2990.52825255273,7930.10037625145,8006.80107474787,7883.98072178365,2194.64638122632,1101.9840571026,1103.50411188903,1198.96532006641,1452.19512995168,1142.41019758412,3781.95323263715,1117.98351982438,1274.49130057165,4105.07155356383,3198.33726553666,1112.39876977638,3829.01026510052,3556.47996941358,3623.42135429947,1303.33971625649,1566.34066463389,8367.60351457588,3491.91156050571,1525.3697892282,1180.88568809544,8772.53201503075,8167.73841261786,4219.37023602417,1259.84255472616,1602.45703211438,1227.20374671197,3726.95971621895,3591.17420934997,1116.49962436957,8469.60359625843,8338.89233711938,8238.27328192145,1547.99021515449,8320.22256983063,1372.95867101793,8476.19444637706,3695.25495708032,1167.06573739652,8492.58021171575,1310.27725125078,1202.45666029711,1212.57537495823,1242.10521918939,1556.55080478586,8216.76030338949,1109.81075196197,8291.38285485161,1125.93137724645,3753.58869123709,8685.31806910766,1482.59977854615,8599.96986821845,8265.1533708294,1370.33590533048,1256.91932206492,8358.04753457307,8126.86752277728,1104.55134030536,8729.59849279718,1633.86459220057,1308.78096659558,8545.14337044577,1201.74578966316,3527.10573197624,3522.71507130663,3342.51746145192,1208.92425096952,7813.93523362718,601.693504736572,7796.52649759505,869.752221964023,659.00600757836,674.167941784591,7908.19472960556,2854.73036699758,407.838891204579,7782.70571734271,516.011367519628,3146.77788144968,7777.10253337,824.056815570672,8115.8768718042,2979.6514214517,7690.30867576571,8006.31473544566,994.634516785317,1069.79372131289,862.879772394908,1294.653190871,7848.34522619034,864.725956912985,7874.55376818493,221.055911886428,1166.16120266657,3409.53862541203,1012.9945830408,1135.58236621279,248.375588765508,254.486688115667,557.072877527875,2711.80535788204,499.921735724729,1262.97232447268,2787.78322793632,856.70056300245,406.48400060378,1187.36824985414,1219.54026759299,1179.4952444643,8025.3722718768,2796.42858522232,7776.99771827118,3057.56390911068,223.266286801184,8200.49537846361,941.951700617703,2212.22746243018,7823.86487914776,760.977820924505,881.835025332843,2630.18316470544,588.407301317103,3061.09468696096,214.64924622869,794.872197394423,1211.69652649095,2930.55377800602,1154.69501821383,7935.84723472363,1436.85224094503,3108.6675399565,735.590705718274,1225.11250986711,7862.59804256139,7823.22296746332,3013.81476280202,2996.54643022534,902.75401136324,2611.77443387791,454.746345592382,7993.34690281472,193.50146865961,504.247308951108,2968.80036954619,8028.92780336176,770.289516104734,7748.83489911713,3627.9193137941,730.682771484341,8096.90345402463,7756.76124446666,7946.90810595797,275.919282536567,533.944168051863,7814.35091218531,1105.53711389341,7816.60000430207,8110.1545087297,7484.04731527883,3135.12041102444,8043.8614259343,690.015314610043,3408.61318803352,961.928457051837,751.714511328825,2802.74300943439,8058.72417999759,7855.21610728161,7741.72022828045,566.575897820961,7933.62884781358,8068.1565391534,2903.71466777519,1244.46884837593,829.910070487675,196.252750563769,8041.67396452328,724.440399808431,973.958992083177,766.40761903984,1047.70029484204,519.731027947738,557.064708914657,678.828995564705,2686.20229843536,3148.28023185779,2893.18586253626,1030.18733161601,707.962649050238,893.007504129166,648.947218342078,743.156634805893,3003.03172436713,1018.66794951302,2773.73847484702,2515.84008151421,1001.30788691165,2561.01129838919,7970.49336746394,2868.77669918934,1220.90914821247,675.201660041182,7508.75098465344,7637.01216379074,3762.12142266305,578.243323275127,8141.18497336986,2298.14776855166,8032.08091666128,7724.38297224948,338.603585215684,463.19199548523,207.993105273175,713.625366279009,609.473655876336,3084.29096708819,2630.37692138647,7845.87085788852,821.671845893573,731.626563934549,239.722490691977,216.276466181879,708.289088498563,909.997748809065,3246.55501896909,686.15359296664,937.002120245767,4131.49553344159,8722.42510171978,8539.3867707769,3894.52890878644,8378.0956682528,1589.87914269341,377.370437952821,8684.69142281055,913.748753099767,912.34729582267,8660.00629968965,3882.58657336478,8613.43533120106,203.118987685008,358.638448088852,1205.44353250558,863.820631974335,4390.1759007946,1054.37540738135,1602.88385181362,4304.0609565596,8733.14632942129,1045.36143942262,3778.65206637292,4325.40888542262,287.840157606891,8560.13271273648,1103.92028531735,3915.29856791941,8646.37978872344,3878.78349157899,4061.20252478958,3773.53893033882,1098.82543961077,8447.33475276721,636.773500507049,8510.89475829487,8533.51352513494,1273.26530459692,8592.31407835644,8707.62800228401,8646.6773831627,8723.68838181052,123.263029728176,3996.06665715396,3787.13045046465,1256.94518482377,3928.01303304945,8575.97128380451,8458.92966166956,8517.34455108758,8568.6403271094,3938.12828283247,1227.5622706689,3730.54245018398,780.494672600657,838.217577769799,8435.9849395795,4400.48808908374,866.576039528051,1230.61385703217,3672.8501260467,1519.08509467435,193.255038550866,1353.20509439344,1714.93985725757,1065.07220916121,237.994464384577,8405.10697685702,4036.05189699123,1209.04092876089,3562.81299019796,8506.70195811328,1549.89211910627,3910.75848192423,8546.93628878916,3521.81001529429,4010.31985580554,8592.23156209862,3898.50178569461,1131.79203380617,4650.44686126378,840.967992293033,8854.87997799753,820.970766101681,3676.7544325603,1714.87164291189,870.935666257084,996.636560162529,8625.25161078206,8575.90158652467,149.670305339807,3926.17723295786,532.775297525357,8838.6071316457,9015.277567499,1398.32491350001,4120.962561227,1727.13370581242,8398.38265639685,4092.49376494864,1222.44679445697,4126.16291771463,1522.28708471738,4212.45876046381,824.683895467386,8561.08046698784,1131.7873870907,1018.10628035488,3808.4306981313,1213.20236117915,8544.62819673649,8478.38644418023,847.28285435909,3811.62528246908,359.942373849743,4013.53723362144,4374.21898405582,4034.93073067817,1437.23078126427,8513.3061481755,8394.8245982872,3797.00091422154,4101.77661602889,4044.56479260672,996.542315597172,4108.66096817974,8703.90081557536,1780.10448453252,3796.44542100125,527.041581612589,8744.93463550523,595.131468710196,1197.23097276999,1e+08,8582.25645401268,197.856931096757,1110.87713505927,1362.90362201133,185.74714467417,8362.25321601614,259.571922158042,1090.52476438983,1763.97122522328,8619.99506502357,1129.83605534946,953.692514883872,4061.00069916448,3737.57010934371,1807.30169000661,8585.38895541222,1497.29642376376,1313.27246087162,4553.12837462271,1111.52895176085,228.100328181468
8328.54782639214,8588.78306164492,6777.35995507917,6797.32744492219,2199.93067278589,2153.51756859452,6456.76835436736,6482.93695074163,2184.18439993251,8892.47524441302,6677.98070393972,6353.85908106797,6209.78218918035,8616.12772092916,8879.93617534955,9381.68129834014,5941.96837322946,6439.26621907752,2128.09334201835,6480.5941769537,6717.43385723172,8644.37638249086,6412.1272572003,8857.36955676771,8575.29455823857,2229.03790282302,8600.043098835,6694.83108305486,2191.90295479529,8659.93660674589,8480.04952551916,2152.03336459594,8920.11020151446,7994.25441559306,6245.84725519311,6578.0216111922,2221.24727917426,6290.33927336896,7968.42646639796,8772.49568280957,8274.67741272296,2131.29857985225,8792.6167047454,8832.71116327125,6310.39054648003,8691.09765659815,8869.960645934,6789.64344608834,7872.51191204409,2206.16428319674,6271.86269311268,2220.70240570489,2194.80529860103,8411.88786113856,2166.78658674943,8770.39022377524,8770.42594634228,8484.14390519661,8710.70201558825,2155.72974665401,2188.15999786208,2304.96666666534,2176.80418216896,5967.65064840501,2148.96212668507,2131.6059304854,2160.66975249314,6801.13476412108,8652.21680608882,8566.05449132714,8169.19712048016,7712.76738525698,8334.43046475774,5191.00333268438,8443.02400386196,8007.1552656126,4884.68638433025,5759.79696563685,8478.09829728226,5146.02090330442,5408.3127581608,5343.48565945756,7953.47411390561,7551.83947577479,2086.91582145281,5471.09393529353,7608.00060640051,8215.51971209808,2111.68269326574,2104.01315377167,4777.77325760092,8035.78969083069,7503.5474998781,8103.87187599717,5243.73360139809,5374.68132943191,8451.67435974378,2085.66411337316,2088.18267555164,2095.77967867227,7576.79974327078,2089.22156843895,7834.91664074833,2085.75776207764,5274.21283917991,8254.25912786928,2086.08235068325,7941.02725849101,8160.70847242461,8136.80889741804,8071.96771708342,7565.11807505548,2098.03823185869,8757.55335028681,2091.15893746002,8853.11764665626,5218.17879277707,2099.67743039878,7668.45616130156,2091.44215414127,2093.270764754,7839.1605291999,8041.63170724694,2087.29292388546,2109.86919888,8704.58364462566,2105.32280028723,7462.36289139761,7943.69800922528,2088.00598890215,8162.4261970932,5436.84300604242,5441.11193568465,5617.32575836711,8145.31802403588,2188.09505944485,8730.50175252754,2702.82934720887,8870.63179757713,9102.90894955223,8726.98384329336,2310.76393960878,6398.42166250914,8935.94753924304,2430.39243891314,8701.62910135163,6689.62943760053,2342.96155607315,8473.17018045638,2575.24832672862,6473.86695483498,2409.64006770748,2757.8303373136,8320.9434754542,8083.00562919125,8521.84738219412,8644.11378300076,2879.7941860999,8496.09039217239,2574.02997016731,8748.19069820943,9083.63964376542,6869.19871234569,8867.45471408935,9634.09690276651,8783.97075143318,8668.4318507769,8717.87697372627,6560.52191691649,8733.1653385985,8612.60674084392,6761.32206388674,8519.72941217868,8719.84263879936,8812.55724395254,9595.62837969373,9097.03998840683,2537.4769014269,6825.13000758791,2435.26816926094,6621.47682054349,8680.13898350399,2454.44499254603,8513.52745656021,6922.11042225261,2123.79016488449,8505.60202347478,8440.34973573105,6848.24558942735,8930.99255826884,6461.87654056995,8703.93415512191,8682.55044058672,8175.00068843309,6485.8325190091,8675.72813717016,2373.94814385236,8577.37214004463,6753.23770038713,8831.33814169816,7914.98692212999,2210.87994735149,2366.48802043321,6705.88335089163,6559.57239697748,8601.78240390413,6621.33855022673,8812.53213482562,2880.42023097578,8729.95206083597,8846.26541585457,6601.28215345728,2692.3076097447,8492.32197986772,2340.09529396937,6641.6347384145,8536.79272586552,2535.93131990927,2348.92721485968,2895.94496135871,8729.05034621423,9068.39982228344,2277.11463221547,8303.88002879964,2429.94627457927,2775.52806190939,2684.21898454483,6575.85473712273,2288.17030046055,8471.53186082503,7175.84399622676,9496.63692498662,8333.98288333611,6514.50192449591,2678.72022930925,2392.73504871983,1943.47510583957,8719.01255283667,2335.37556028221,2295.00247227577,6634.04356284773,8603.74217374003,8901.02405204663,8739.32826370187,2455.96939960966,8679.8489313713,8817.92224792734,8956.57473564862,9080.51564427401,8762.55871907154,9064.98212161236,9076.93266308764,6720.00077589372,7095.6799437462,6771.21286425821,8296.03414252346,8615.51534279071,8468.29514991404,8563.40877893708,8908.35724914838,6681.21817249554,8984.80589460088,6582.82876086892,6702.50638584224,8514.22508768955,6660.2006937327,2226.25101274979,6508.90474299743,8678.23514243084,9041.04202597372,2236.02912051379,2054.75046592604,6863.06124502546,9032.64760483545,2491.45582953426,6894.80914396313,2757.6569722781,2432.93776549553,8691.96395124039,8708.69185082971,8730.47344845265,8708.42916065323,8908.92456474633,6461.16000676135,6619.90010221163,3327.38413813983,8407.30775170426,8534.23407229646,8698.8747757626,8621.84845760659,8599.62916292991,8405.05709243897,6441.64453267004,8571.41260569985,8787.65923862044,5152.27735011253,1597.09589590915,1209.95437251408,5301.18619108861,625.007908032367,8712.88678506628,8692.11981790458,766.43797634704,8355.32972157169,8340.31841904884,1154.20624860154,5278.46077495435,549.786244123614,8731.51633220692,8637.14148080391,7831.77925740715,8186.43360727724,4944.61097774636,8088.77304716524,7501.12626775259,5034.20626682073,1445.59996434179,8080.14796529739,5444.10981123141,4928.35633237106,8696.21310683507,973.971715777629,8049.32065019928,5252.70862269584,1242.99689610673,5220.64954337578,5176.30819302432,5381.15891462685,7946.25094242424,268.644088844334,8384.78929049829,1206.03755247656,474.244402343338,7850.76741233887,994.740445726404,222.111288514539,610.353602609471,1236.76942294577,8577.47018450343,5168.6498646903,5375.23335198554,7862.67348147212,5256.64495041337,522.275221173076,505.544334131467,375.020644717814,277.944116813942,5210.79612986693,8368.33164386331,5410.99399357627,8295.68257505697,8175.82212913846,547.559957618413,4911.49163034471,8179.410635188,7907.27114782519,5442.98710495226,7613.78999703449,8718.0556877623,8658.10575680315,8650.67213786571,7952.95168834687,8700.05723428752,1302.80626924159,5159.77180960937,7916.86631983362,5614.38107836776,600.679364910473,8573.61734829324,5232.44382072147,563.758277466017,5544.01244803007,5214.4671110808,966.421385093,5230.80792161889,7973.51442176068,4837.01202084449,8238.79908836502,859.005328217412,8114.11138202742,5493.45940100892,8781.53181356133,8171.87099001784,8088.80988334417,1269.71027091181,298.539535175791,8606.8640471278,5281.1640800682,8202.78473301939,327.37810015517,713.096561728759,7701.6389522528,5089.61751706032,8824.42174135333,257.89635584173,5038.04552996521,7882.81224014637,5134.98342805878,7660.0918531175,4932.9120333593,8326.94319778082,560.026145563004,7986.43661878938,8283.67756299817,5369.6497590611,8277.92802493326,199.741362534984,868.623778083535,8195.99960740827,5325.89581411514,8602.99018021969,5245.42801307011,4917.38194609178,5185.84279497849,7683.86566642715,317.399224090902,542.81146228217,5324.24025663803,5210.51675364671,5221.57753881065,8103.83554364645,5095.94060875187,1692.85093004762,8685.36630051529,5380.08689464339,8671.16287816446,358.117068110363,8147.54148348535,8349.07472561875,8582.25645401268,1e+08,8639.60197916192,8083.61228572281,8584.39458985451,8568.981752646,737.971591227693,8647.14906276178,8007.97194125477,8901.25564426613,479.718800052379,8410.95960582025,8171.00752658707,5066.72324630072,5388.81690472245,8783.86590938102,1476.27935146141,7677.84471040242,8435.83859888214,4806.95231197291,7936.31596719477,8722.95980904888
1191.80662534699,1141.90947954173,2271.8856623696,2253.75471213473,7797.65170377105,7959.25043334084,2569.77670056611,2545.02532322597,7848.26592583924,1161.94584797667,2362.9119671434,2667.77983149904,2806.65992379751,1140.21827049624,1159.45958555536,1354.22052039496,3069.45645601182,2586.37020387098,8071.42318584272,2547.23832200386,2326.62190151105,1139.20118893142,2612.16128373702,1155.33400737165,1142.9989764594,7711.91002021543,1141.12902227317,2347.388530858,7823.02050642149,1138.95843889792,1155.44212006167,7965.17273918063,1167.90893175997,1335.2011203483,2771.72151099257,2455.70475402212,7734.01127763111,2728.77739944696,1349.35940480888,1143.90789201026,1209.37181037464,8055.76367613744,1146.02548994018,1151.34396009723,2709.4820537816,1139.15068365398,1157.58034472129,2260.72546619916,1405.18515820667,7778.51593445623,2746.58968923284,7735.57835832913,7813.74943714657,1169.35173973097,7908.81597437981,1143.70774662112,1143.71110847221,1154.73787098229,1139.73495225727,7950.53660642759,7835.15219053939,7519.44326950949,7873.28317599967,3044.01200336145,7977.6316614887,8054.29041935724,7931.53757799202,2250.30383183132,1139.05066878433,1143.84235938778,1250.2716245503,1508.29131096715,1190.03087882814,3833.72976000128,1162.48964868379,1328.27574126473,4156.28145740168,3251.32432931095,1155.78302726889,3880.7000613509,3608.69358645935,3675.501382855,1357.73106397071,1622.89445291182,8414.90488257452,3544.25720130868,1581.81102255265,1231.28402385754,8819.63913680803,8215.14206076942,4270.39501056209,1313.26250110984,1659.07363017111,1279.63419255763,3778.83952229465,3643.3181777396,1160.73419643498,8516.85444950185,8386.20812552996,8285.64032293473,1604.49955107219,8367.54778351439,1428.37519751748,8523.44207340954,3747.19526304284,1216.63096563693,8539.81983759354,1364.79580947515,1253.91919396314,1264.46128658508,1295.02155836316,1613.08201543291,8264.13844943399,1142.57562972166,8338.72270334823,1154.60724062816,3805.41822656781,8732.46563830271,1538.86541650346,8647.15774023034,8312.50660961092,1425.72247902404,1310.26125793542,8405.35369219551,8174.29264453125,1139.51423708853,8776.72543416895,1690.51283885875,1363.27264216042,8592.35751745842,1253.1769592706,3579.37902030977,3574.99733469894,3395.18090000155,1260.6621901077,7852.30210106448,698.752973363197,7820.47507214993,890.214865649525,590.091411916679,711.146729381409,7943.57516566968,2911.07226807181,378.756609725364,7817.89312195534,569.743987123379,3189.76953502776,7811.61692696575,906.656689190122,8155.25246296462,3043.28543669686,7726.11673324107,8043.46096484016,1071.14513463951,1156.43195219973,926.986277158883,1308.7399022864,7884.05865142176,942.823994645664,7905.93739724818,263.523015363644,1165.19810161592,3436.16153158906,1033.6261099285,1082.84540928678,247.519876823968,349.403323296264,602.201874991894,2763.16547908919,531.860717299737,1278.71686520239,2838.60076107285,924.556975518343,460.139917621302,1203.24309595834,1187.90071816199,1199.15576728118,8061.0758346397,2839.93225382517,7810.11518570662,3103.8542848441,328.534279051888,8240.75889738939,986.556647196928,2247.28887812593,7864.60429326265,846.9807626144,959.680608797677,2669.03815603249,576.646956605663,3123.6087054121,243.135008953491,852.070089995778,1264.52633152162,2993.64714520356,1168.40943042097,7972.12989603964,1458.36510749125,3147.30232489401,781.357912173519,1298.43376990879,7901.71678708756,7858.84738887511,3060.93483212486,3063.89520376074,947.607756619231,2658.37381302055,489.51227748673,8021.79121856393,233.976384694902,511.585017390122,3029.88949547791,8063.61458044041,862.849644275526,7783.77205869222,3651.5578889596,834.146681032503,8133.38747299745,7795.18546965719,7978.95722906489,309.824912172308,449.326202768731,7851.25383148749,1157.60506799374,7850.06332430569,8145.28959094854,7513.75466077019,3189.23182893601,8082.07118778589,762.209010422558,3454.82650408971,921.711253967866,839.10114216603,2863.48016740482,8095.66294184374,7891.88984753167,7785.72029473448,618.297875716249,7970.26823516425,8107.29647814668,2963.62336735522,1258.6283782095,849.811218968552,248.274457515267,8080.61670552613,779.052031553276,996.173463623173,781.84058450456,1066.56256220083,573.006425605794,474.256215323518,640.440411561091,2740.83894316746,3177.03953349093,2941.44970049287,1102.7573707197,793.163921626395,963.97067694921,759.674059194069,754.430650392579,3055.60009794703,1030.78028326238,2837.74095021545,2567.69172840187,1038.92703869719,2614.41996106765,8010.43358248049,2924.11975572974,1235.23654234451,644.933861196782,7545.07951892175,7678.38156527077,3796.60534152098,522.672299709624,8178.83895112969,2332.53759462259,8067.17408259752,7757.54101742708,425.10691036971,488.366117180956,224.028115430831,769.695260252299,620.31168015466,3140.36365580867,2680.91876667682,7903.10332840401,918.258728589424,835.36074860053,280.650278378687,338.214818157057,802.808993294454,992.854863281444,3311.14134556047,786.27592891095,960.683491014946,4192.15864116182,8776.83519088064,8596.50271248968,3952.55612210165,8437.78935770755,1640.889792809,392.484087684335,8741.63103745408,957.005905692088,958.175550823112,8717.09961626667,3928.47188055926,8670.52512619439,145.432205077365,401.035384640109,1283.67505117686,970.385478851974,4450.61529362819,1134.63557120109,1668.02854551877,4365.34315155372,8789.75732468794,1126.70878425402,3814.27411003847,4385.51803199159,288.12693016034,8618.0960933704,1181.19327653346,3967.32921054172,8702.7054017213,3932.81383003806,4122.00028032309,3818.84998836741,1181.02372338561,8505.53214624596,760.727161353789,8568.08152824251,8591.0361685997,1341.35499444053,8649.68504117077,8765.11920474643,8704.36526839992,8779.09694863749,212.559093788651,4055.34395550227,3824.60367323653,1326.66839844781,3985.06670963408,8632.57332074067,8516.99008270672,8576.43717751942,8625.73214556553,3988.87466889477,1266.71575531026,3773.17681736441,891.779702475558,894.726035699492,8495.36463771435,4458.34907557394,911.481315000664,1301.33004500983,3716.73427846725,1586.5250412355,208.52266666747,1401.75720967031,1761.95833915649,1146.85568656162,280.246995675502,8462.51112058273,4089.78910613282,1283.07622165392,3627.32034710184,8565.02429686268,1594.86443452623,3956.59509765451,8605.58335564954,3572.41518497328,4068.27482697852,8650.15802525682,3945.83628970655,1206.52828244912,4707.09043766439,910.904094071395,8905.83979159764,879.36715532801,3720.46861832836,1755.29968445397,921.289804736377,1085.92837245754,8681.90958584018,8632.18345227522,246.955708077651,3982.13454609616,612.200375739564,8894.10619111605,9066.20889263406,1460.31551876962,4178.16676054678,1770.43303348196,8456.04017851695,4146.3334177873,1291.49215980598,4185.62770846955,1596.40660444763,4269.29107541715,922.268755385439,8619.0475011359,1208.24877009731,1057.94240650686,3846.85416911145,1262.53861758574,8600.77172766617,8536.46623018644,958.292905413457,3856.61849647912,386.756411111744,4072.79266995528,4430.75852178647,4085.61377436506,1501.25188617779,8570.76091638048,8454.93587842023,3845.91194713522,4164.71897939121,4101.8585760077,1084.19735187073,4161.37814616694,8756.3474764239,1819.57491818651,3843.32536759946,570.451542462966,8803.22826422593,675.724370103587,1233.70958535609,197.856931096757,8639.60197916192,1e+08,1185.89640549082,1404.97837236368,298.828352620074,8422.34005479376,309.152263449323,1169.25407443561,1802.86762762651,8677.02064273293,1175.86763050918,1044.79749831206,4117.05585703597,3782.34090682378,1844.17182349957,8640.01080375183,1569.52339633129,1355.51374007053,4609.72813617629,1193.52839510498,210.165528555431
1095.13650726731,1182.00732376769,1746.61492299305,1730.07683666654,7208.69446566202,7370.2402081263,2024.25122914631,2000.83663015451,7259.29121560184,1345.09997662273,1830.36061390305,2117.43045583123,2250.56568271611,1194.26456628429,1337.32042906318,1697.39584703592,2505.10569262148,2039.97670300538,7482.38073341401,2002.92800900777,1796.83747298897,1207.48468321747,2064.46157096838,1323.51950544602,1176.16197772846,7122.98431022626,1186.98920450492,1815.99992435651,7234.05440792275,1215.00204002688,1138.85845447708,7376.16072273739,1362.51743719669,1075.64435657552,2216.96641376077,1916.7963320534,7145.07720241693,2175.7623799835,1078.75140086496,1274.04875858077,1084.60431461668,7466.725511507,1285.41466216409,1308.74161427266,2157.28468798153,1230.54381655818,1331.18771823405,1736.42914648682,1095.95712851747,7189.56551898755,2192.8398718386,7146.64369635807,7224.7865524914,1116.69842077157,7319.82142394517,1272.87295953309,1272.89288730874,1140.31361263673,1240.64574903043,7361.52903544536,7246.18192829737,6930.59787677491,7284.30013065586,2480.34060470833,7388.61591015027,7465.2526615768,7342.53587189027,1726.93495582437,1211.25190856247,1172.23577981207,1072.07537863069,1143.45455021168,1096.45127452523,3256.24791473813,1126.33172533253,1074.33886413925,3575.81855202209,2682.70565275028,1138.16982579034,3302.72065962582,3033.97279268246,3099.88977544147,1080.84925476097,1212.65930213302,7825.78395529796,2970.46021237634,1186.2746247965,1076.23700133579,8230.45811066695,7626.06327708444,3689.08682213257,1072.03121440632,1237.11838968453,1069.83001543945,3201.97107185409,3068.12756147105,1129.15540973966,7927.71540454694,7797.0926955716,7696.54560940858,1200.65163839701,7778.43602508597,1105.07709138097,7934.30193130199,3170.69699314746,1081.33346485177,7950.67700544137,1082.76183355689,1071.54306388696,1070.42967982712,1070.28428234094,1206.21623994375,7675.04846815695,1265.76049391776,7749.61676898723,1320.94851012928,3228.24832345493,8143.2950081821,1160.50643121328,8057.99856910503,7723.40613567217,1103.9822290644,1071.66063972259,7816.23457472824,7585.22364776272,1237.46664382087,8187.54936450236,1259.19912108111,1082.33875918186,8003.20641229616,1071.64499981156,3005.07028967815,3000.75135667442,2823.79799567744,1070.76080582483,7358.47424123566,957.271862488187,7336.63500414198,1135.50975043592,1463.27154578302,1059.25484162434,7459.95348164239,2659.93988097455,1246.78566001957,7359.66456035961,1092.30961159361,2701.99879255614,7346.60074509462,635.417477375327,7668.43991292214,2739.23461785747,7263.56617439908,7548.07066351011,459.641955149025,831.994817593692,664.310341230606,846.855380251417,7379.83667332217,634.232449922868,7432.0898310726,1164.29386178426,1381.59880554241,2801.65846558177,1126.54034930572,1907.73231804126,1196.25512958324,1057.31798136555,1045.64476851251,2542.56046113468,1299.62117841061,803.266940606014,2581.06832255605,644.350712693596,1089.2786585267,982.797689037894,1799.0396009036,1295.71306826419,7600.22236307483,2530.961518675,7341.02066407839,2734.45869580794,1068.10223485641,7759.41558259859,632.689887060285,2181.05736654049,7398.70548362039,714.715539153963,566.612328036907,2398.56848053691,1239.10037813881,2718.55088738923,1181.5623834539,826.830257295836,681.162588360323,2665.84064245497,800.970685682038,7508.32792094265,1075.33749726126,2598.19052735964,1355.27179760882,450.561934589481,7410.57586307385,7393.30095000425,2715.69591396974,2708.87644149651,696.941195209347,2481.75354238698,1123.63644263865,7532.2065719444,1140.2632156665,1133.52295356638,2695.66656145865,7567.45882674665,676.605448855106,7327.2413854829,2992.27699052493,806.787635943646,7658.60742475013,7311.85793731759,7466.18052164522,1126.77278099987,1453.5951959098,7381.48369219431,493.64482393031,7386.34949260304,7654.21409379445,7037.05724172296,2788.64467064162,7620.11114173013,1113.17765708535,2611.10428986446,1729.97662756074,1025.25736982646,2565.31751137404,7612.40415505076,7432.80128537403,7300.80182912259,1043.98686722139,7510.27636571721,7631.39993111001,2706.99572449927,782.675106033866,1158.96271122115,1139.20506611153,7598.92014791014,894.854344453381,1078.01833719417,1222.18788468433,1288.2097929586,1076.54462245322,1405.37269901292,1334.06866361206,2491.74791553649,2574.65409358353,2593.3946629105,373.239990485894,822.929793673422,588.983953281799,820.092009899497,1202.59510730968,2716.46800354077,1217.20344602827,2522.92642135442,2366.57282572997,636.877384532361,2370.71246222584,7528.997818757,2662.49628648907,821.67166762102,1334.24607993338,7063.68726261838,7185.14972914962,2943.10077468111,1356.89171967825,7703.66719489828,2253.83025034442,7575.64774543576,7283.9739338854,1069.67277378882,1119.46580269512,1134.4821480606,1331.94668089671,1200.38370706219,2747.11046103851,2473.08036583707,7238.11988170851,643.68194850702,816.031673378328,1137.78710919589,1036.0113238733,846.18872404604,611.980540319477,2917.27290854724,813.073460240135,1023.8681460004,3733.51057065916,8191.1484491148,8024.29759496704,3627.45562037875,7869.2695061447,1077.34846316216,1263.1436110873,8185.65154000705,932.306195810708,880.277659915437,8160.21706932347,3673.35687714863,8117.86660743749,1227.89825830844,1193.99399719872,767.113786700094,684.447801614482,3936.04167126817,480.39158864609,919.127406810732,3890.12356395995,8219.52234136193,332.079851712156,3613.93200848205,3896.32026382394,1179.29411816295,8041.77624540011,199.548727205979,3662.57963994877,8128.7203798802,3617.67054580431,3687.21922630059,3580.75493684099,819.990150408988,7945.53643861927,894.696433257688,7990.1984917471,8041.85772321202,454.427907805304,8085.64020836871,8199.02924228985,8141.77487713412,8205.10033173815,1130.95024475148,3649.99045426446,3607.45892415308,433.17671550002,3656.77138056352,8088.76880921254,7950.80622316424,8008.57560839025,8070.50262173555,3683.46296661503,920.51492515058,3545.93994018179,678.206735284664,840.973278013171,7915.78921012099,3998.51771698498,916.764751976346,380.872017790972,3480.25715056505,822.562406822821,1212.92987921936,1059.75780074371,1094.06577029043,1082.51371516294,1214.20925312063,7887.85880609525,3769.58570626175,210.552513211824,3136.53801454112,8001.26320609613,1008.56487291638,3698.35582632813,8036.58580699134,3311.1533154569,3730.78090481439,8086.9178008144,3676.78771825651,524.524222946873,4050.79922849802,865.917266030952,8399.83054645244,885.891284682332,3501.44553576325,1164.02410766019,926.278438702273,482.036860183131,8108.62949193609,8080.94702373774,1162.86183494987,3674.66520109834,870.880176565407,8348.1845677827,8540.29548609355,713.751241569288,3817.58005898083,1187.81946005049,7898.7367613644,3815.16280720962,687.916114499582,3803.64118596213,920.008483535001,3737.07263144201,586.035519099006,8052.20456024102,428.567837765022,918.432057261303,3627.56914246614,879.040253358617,8055.5313842587,7971.24078085273,780.553273229624,3608.30635740373,1188.29809524966,3720.99847963939,3909.24718075856,3789.84996688118,664.542409156283,8018.55753980445,7885.10697413405,3583.75536968291,3713.39052656288,3753.65519683657,466.26545237353,3834.4478413348,8185.2078013582,1164.98304045498,3597.20040198579,1252.51140045955,8236.4970781232,887.235070042983,860.715018941813,1110.87713505927,8083.61228572281,1185.89640549082,1e+08,999.428667235532,1134.79069366161,7848.21635202002,1195.16497385402,335.414622422177,1235.72561423462,8121.86677150476,935.495885878046,514.627780725175,3746.08980018106,3539.58036532968,1226.98714508428,8065.80747404896,855.158742419465,937.386726804533,4022.71979313232,778.959036966331,1214.19515586246
1086.19522072474,1093.33603363149,2031.52277577863,2013.78890737556,7546.06679009953,7707.73203042637,2324.49957895938,2300.0630261927,7596.70189853253,1181.22102292439,2120.75137805691,2421.38157123129,2558.96286030919,1097.8981146964,1176.08251795944,1458.11530671257,2819.98826866017,2340.88956325763,7819.95062365764,2302.24731385058,2085.14099574651,1103.34639270554,2366.37580342306,1167.13592845674,1091.34648218718,7460.289624544,1095.12917558005,2105.51301125044,7571.44606721607,1106.66260862165,1082.28813252343,7713.65676362265,1192.95860693591,1171.40617027045,2524.32313529472,2212.00115547636,7482.40003922376,2481.77098993501,1181.96743540422,1137.09770352007,1092.99439923393,7804.28473216145,1143.68842531523,1157.81199706273,2462.66123689059,1113.96670260663,1172.07956544219,2020.60534047323,1225.53848387915,7526.92311239864,2499.41725016709,7483.96776892983,7562.1711713641,1081.25166458378,7657.27686964153,1136.42761227569,1136.43895036936,1082.49583183524,1119.00861745894,7699.01463061842,7583.58275624637,7267.74286263708,7621.72945460641,2794.68410009887,7726.12078991497,7802.81087467461,7680.00780643739,2010.41520239074,1104.98956745408,1090.0837559308,1114.28349351193,1311.80685094865,1085.62311675242,3581.88515725244,1081.15768365298,1166.32588276745,3904.0551317746,3001.00424745074,1082.19493557326,3628.78517834197,3357.27545677398,3423.93956328212,1188.31527641988,1413.30732789897,8163.5706756767,3292.99337242309,1376.40648084501,1103.65627438233,8568.4633886974,7963.72778100937,4018.0811267958,1155.52420716972,1446.19111809042,1132.55818791431,3527.08458487441,3391.82360708764,1081.30108439589,8265.56065227114,8134.8624870727,8034.25443160634,1396.72308242605,8116.19469842101,1244.3812348792,8272.1508762242,3495.49594867349,1096.30015249619,8288.53509856358,1193.72776526061,1116.4433145257,1122.8716416248,1142.83507195347,1404.44873726137,8012.74391427638,1132.42309006763,8087.35809512637,1165.49419826212,3553.61882131649,8481.25621454537,1338.42057429058,8395.915114829,8061.13150026811,1242.20686703596,1153.40198921358,8154.01568325035,7922.86185352864,1117.39842018719,8525.53314041831,1475.02379379944,1192.55665530952,8341.09343778377,1116.00101292753,3328.02908338348,3323.65787370286,3144.34216211863,1120.52446448831,7837.09083502833,1048.1250936447,7742.76025555574,811.574741338539,1345.31086618627,949.854624795754,7918.75828119038,3283.78773886625,1309.37428693206,7805.07840989092,1063.44020155816,2964.61150335162,7793.1128911172,886.66653712325,8100.1305454617,3205.56964328784,7715.75245621282,7941.46369709184,931.459062763721,1208.68407091942,791.068084636981,790.657435139245,7749.55292567408,909.182065261263,7847.17104834432,1352.85129813593,875.179838347564,2968.96081654675,719.072517903995,1908.3746000011,1371.28402394374,1217.05155652461,1013.61060802874,3081.34884321333,1658.66548348627,824.65547618152,3034.68631908112,806.047334386391,1171.99485106836,470.246508729607,1408.1558108107,753.681517163104,8036.68509754322,2884.38120154492,7763.83082494492,3028.32362304636,1257.2512151058,8195.70892711714,744.143623650813,2847.6262747475,7870.55010958746,888.145680724344,868.722126854921,2742.49299424186,1139.87852519874,3176.50888969542,1390.34500255585,819.567696263867,1052.94390176165,3195.52269705515,741.572151432185,7958.02361592245,993.060528171951,2806.81140472037,1728.1727388962,1117.23979827604,7897.70768004992,7834.84859464651,3043.06827688749,3192.25325504562,733.533702184078,3036.3749962447,1128.98613784396,7912.73729945174,1302.63808311101,1091.99177239785,3118.74512119804,7973.91820997463,890.114428324885,7771.32669020572,3170.41303718214,1038.87027240704,8102.01195971776,7789.46500756543,7833.98235334372,1217.78905611302,1502.64228613267,7835.41533199573,953.230073051817,7812.31461061445,8052.54435248935,7454.12949658186,3142.8322807741,8084.03850969631,1468.59420417488,2541.83262264259,1609.55678887437,1400.60782317854,3108.79593082574,8010.097450375,7887.08662896149,7804.24615227821,1012.77840032687,7952.59822732312,8097.35785912511,3201.15929525025,785.205156114906,866.102669582894,1312.10173683981,8042.78693187072,799.50052594892,728.087834408004,1052.71896134784,874.938971580279,1038.71851678833,1417.81020448191,1204.42909810794,2986.68906278891,2636.29883325609,2921.61837700884,958.029812590589,935.397161667275,869.237599033563,1035.43702408509,979.806593235458,3086.75848284425,830.525155658614,3032.3967684568,2945.34302193948,784.613516722113,2922.84758311741,8008.43486420269,3178.47585360373,810.915350077677,1200.61686351743,7533.03520638662,7683.76429669946,3035.7434409708,1310.78341668369,8148.56211446488,2885.6548470332,7972.29058322802,7729.06964939875,1207.00671725201,1101.71308716018,1287.17216513188,1740.83908187898,1106.93423957547,3139.09817120776,3019.72249679364,7495.55717417082,977.066510006255,1046.33167142731,1343.16363163645,1216.17721127721,989.029439853543,947.349203834135,3361.86988485376,977.019027055737,670.565281444029,4186.36507285778,8587.23775439495,8458.47755112009,4139.24116532399,8357.5727955115,607.451645387052,1595.82583092086,8656.04240649082,779.537461175024,742.498082936328,8612.38301105715,4193.25156190373,8607.41649082087,1411.56099017781,1534.27841775232,1177.12273839595,1044.37285749274,4387.12556059047,1003.32520536184,1479.37779597693,4328.69095401012,8640.40292632823,990.909050974302,4174.34718049259,4347.42846053896,1392.56078996822,8488.88764770008,997.202326974844,4135.54379339038,8557.1778746437,4114.13528574537,4147.96234682881,4102.48986518447,1157.7897668162,8444.06919721284,1230.5455941378,8421.71474361975,8540.22764138199,1161.45935089982,8541.41443274807,8691.980379282,8613.77934283192,8629.85489637689,1435.24219362382,4109.72014142927,4149.86648977389,1146.62586170913,4142.52273871103,8590.8283630374,8433.03213406492,8502.64486651698,8563.614273776,4160.39279012358,415.523336693943,4094.76387322997,1023.99944787096,895.901242619367,8391.73585290533,4408.13009401201,904.527741268261,1101.56452762746,4032.87129781343,1396.63291581305,1372.62348951447,178.270264843102,759.389186317357,1381.65862159319,1496.39325563217,8318.57230732941,4244.9969768169,1090.50043830874,3642.75575690057,8479.19890371345,350.188416433085,4214.29865994664,8513.66719254519,3879.52563048662,4219.80848042164,8546.31865971987,4198.22996437738,1048.53804877743,4509.85650490635,910.210306347443,8903.55618454103,990.944349911762,4033.09647097028,873.575858466162,929.477881012879,985.754248458364,8540.38543970993,8575.88452841742,1459.97212707911,4171.6920888687,1111.81959652474,8845.92977401576,9049.34293292827,1257.14182812219,4289.05450280412,819.945752493995,8403.21099012329,4294.00032210256,1115.30977407706,4269.74494546431,1406.29585757007,4178.00463383127,901.113769827526,8527.74976395532,1043.73066404991,765.483248000007,4166.65395830262,428.498765426849,8567.40992521101,8437.26488439127,1147.80201469209,4140.53331745262,1515.07271957715,4199.60689896855,4328.40170782399,4276.81514346135,1317.5465657268,8521.63258485017,8377.16414234716,4095.80746400669,4177.9944711203,4215.48454379654,968.274676724373,4299.70647079334,8568.71318412609,978.072411923638,4112.25601691948,1666.38468465556,8724.37990607757,1120.94650650341,416.305962884058,1362.90362201133,8584.39458985451,1404.97837236368,999.428667235532,1e+08,1437.37578884155,8325.48674801501,1384.39924446194,996.437562621322,900.444793666132,8609.86244395156,432.272595943991,936.725377996912,4216.75863950013,4072.49264297606,983.010001724115,8472.70684617719,1376.15958356282,239.551509273346,4459.99961559205,1144.68300053346,1348.91155759997
1284.29061089573,1249.20134668303,2285.78568876734,2268.24041764524,7763.82820588134,7925.05961001755,2575.35396631463,2551.21257269046,7814.32569537331,1280.13541690251,2374.02220404917,2671.06334233899,2806.99141274045,1248.81380360997,1277.36124721342,1474.47947558532,3064.99124854188,2591.5456991758,8036.98632329296,2553.37050349258,2338.81531015427,1249.08126965928,2616.72340972862,1272.68222975169,1249.62670343846,7678.28788860852,1248.96473683677,2358.95755990136,7789.13830464924,1249.51821468799,1257.01623687459,7930.96874674395,1286.68405930242,1405.80545194425,2772.76531820184,2464.20596237355,7700.33679874617,2730.72399520604,1418.29219834826,1258.76418351311,1298.41056871066,8021.36073578434,1261.53135690782,1268.03520460737,2711.84445231237,1251.01039844725,1275.24297200342,2274.98475820496,1468.03533915674,7744.73697921697,2748.15809338296,7701.90017953315,7779.88864307988,1266.96916461364,7874.73812587505,1258.49395877311,1258.49851296041,1256.54136839857,1252.36976919958,7916.36519645427,7801.2420548058,7486.2904726754,7839.28582097567,3039.97209047898,7943.40003080873,8019.89067744276,7897.40864847589,2264.90220266137,1249.27574231537,1250.00731807648,1332.39715292018,1561.57513412628,1282.88587201261,3819.288525467,1261.94542755161,1399.71934121228,4138.79590525489,3244.02769212697,1257.24747687241,3865.78200486331,3596.72088773428,3662.76215925916,1425.70199274398,1667.39266037924,8379.7567339893,3533.05310786102,1629.27305472476,1316.46396792022,8783.72614794443,8180.40010790678,4251.94898874583,1386.57791884374,1701.11176390735,1357.43639308323,3764.97151811239,3630.94446329799,1260.69176080819,8481.50657531565,8351.11709987134,8250.75271002002,1650.30134612644,8332.4941196309,1488.90487345001,8488.08146323092,3733.66586391818,1304.34505648127,8504.42765179741,1431.9695771158,1335.48331345374,1344.44353672249,1370.71631724154,1658.27099552727,8229.29499060798,1256.92595584073,8303.72709244683,1271.84608103409,3791.27045556605,8696.71120685837,1589.64092422037,8611.56166545759,8277.56415827136,1486.5121116364,1383.95991821217,8370.22451122671,8139.63628051229,1251.91073662622,8740.89009398696,1730.51733878963,1430.61717918428,8556.86487940621,1334.85470900118,3567.75232155327,3563.4228741634,3385.8749807068,1341.20777522064,7788.54823114018,601.377847672573,7778.55632464191,928.044651607075,729.931997002184,708.551708466698,7883.29391559816,2754.23404049976,480.497743199335,7757.11912348124,555.048727149568,3095.54656958055,7756.81288001713,832.433714582137,8085.26322053824,2890.71576609122,7663.29803191205,7982.24656992222,996.863381292837,1048.11930417186,892.113014391105,1363.34533400543,7824.65668723433,867.374006518092,7852.8654703658,289.957402275569,1223.0164281605,3377.84578871909,1054.94423536952,1175.28098234924,354.10781785638,318.086156279693,600.329974350577,2622.96795840216,488.853371743705,1328.29138790918,2695.99155944365,886.658122654516,427.908334903853,1258.99649049535,1281.60843422623,1226.75980553482,7996.37999563266,2724.59710228299,7756.23882479093,2996.38432275554,267.971637470664,8171.94072168731,989.671839115907,2114.802209796,7794.33212589226,775.006349666155,894.690681671492,2562.94734033734,642.677736646388,2977.43953360978,326.935053376361,832.621666375282,1277.68370259149,2833.33258667154,1236.21634283493,7909.58152148505,1523.95939323183,3061.62070157056,765.534858339483,1225.26977857263,7836.97613018748,7802.22030221012,2944.18591287849,2900.80415578759,956.711873536727,2521.99033521655,510.240042933232,7968.313375765,317.982315750589,567.896057184205,2883.72409425602,8003.8992829033,783.976903860163,7727.37733847534,3601.28131527919,704.78255615077,8068.37699181072,7728.46361855359,7926.28152825301,359.514508045282,591.585264192145,7786.57959177671,1153.5020925542,7793.59304148164,8084.69206347882,7465.59787107432,3065.2959639043,8013.46203271599,659.252735964067,3415.91265918486,980.511910594427,719.729867555788,2708.47288254128,8032.31942210424,7828.16672979777,7712.81846561923,607.958682438391,7909.3655815438,8035.04883974961,2803.22956181517,1308.79695231766,886.007532511581,303.266121875537,8011.6594330129,780.684131045612,1015.89712907505,788.472141740685,1093.58907049265,566.528629785088,610.7814166215,728.503352376169,2592.4625948443,3118.55254614735,2824.67729989466,1036.34898021557,713.316922334297,906.836963947776,628.779742680492,787.293728296024,2924.09546032628,1057.10871869273,2680.26120518288,2419.8167786052,1044.88976587081,2468.61897002095,7937.83433573434,2775.89411879777,1286.1369387319,721.479116776703,7487.46718463833,7611.03180062336,3759.7767984962,617.82357723556,8112.34753020497,2200.78743377916,8007.20710742371,7699.07784259707,351.379924799472,530.734267231766,331.013475144329,729.281262150115,641.517031590327,3013.31524119683,2543.99879852293,7834.59919907935,809.293429163162,697.533102545994,220.249418967893,268.515505060749,700.99005787356,899.400709255649,3156.82317441139,682.496075090297,998.071439417176,4073.11925197401,8728.12150106654,8537.80712290492,3831.87089762982,8369.13111702035,1683.78114979959,412.298125808069,8677.41414586227,954.355740370523,964.516897304027,8656.45214770176,3837.72201164993,8603.33686817151,295.567778378023,430.109199177633,1213.57923741065,860.474606851798,4332.71954885659,1060.72672371774,1641.67852583881,4246.93250374801,8734.19306732861,1055.97365516525,3747.73265858852,4271.02059037813,426.505797792368,8556.43872597169,1116.64769802106,3868.14682231984,8645.53579302575,3832.67512232605,4003.04009744484,3731.97313457967,1114.76791325886,8435.5892995406,619.708471311188,8509.49666178036,8522.17002937498,1301.05386687238,8587.45990016333,8695.72148358449,8639.77626351784,8723.2623140902,203.728271487139,3942.67784434009,3748.97932033803,1287.00329884107,3871.9618394173,8564.18443056778,8449.82187478833,8506.6681604581,8557.09609798221,3892.78123449634,1292.52125400539,3682.00457505714,778.325893533919,884.868105458374,8427.7985861293,4352.47967074118,918.795447813928,1249.72736619359,3636.85711299907,1560.9722277373,263.044598513428,1428.98628396584,1810.93445431624,1078.02320821841,309.08186500068,8404.63868817759,3985.59668106945,1232.79995614938,3493.30871940927,8498.84289705615,1630.46162672905,3869.63269711747,8538.67841381787,3468.54001686003,3951.3676126054,8586.88354063245,3852.85706618244,1148.28723101235,4600.42547103929,866.774966643938,8840.21743702604,859.338256843033,3638.52119363006,1818.62164983131,920.994835795747,1003.22463447214,8624.42006302046,8564.23479238518,143.559382137577,3869.15820304466,579.106252857588,8825.62704415573,8997.54365918578,1428.32733445972,4067.29822095797,1826.55596031868,8385.632921924,4043.1495000744,1243.36804080409,4067.12877151869,1574.13139206362,4167.95483155941,831.00259458634,8553.40289768285,1146.7088576405,1063.38686668099,3776.03596051717,1281.5770456023,8530.39489938342,8472.19643550257,833.559278981007,3769.75589612822,446.708258709422,3952.82865998633,4327.85794878903,3983.58686147254,1467.95992698117,8500.79226951441,8384.72967868068,3753.63945321771,4036.90748348801,3990.1097502124,1004.49377914024,4062.12655997909,8710.335734134,1884.69490137951,3748.81093009488,549.368841001529,8734.86476565125,635.651570645946,1260.05227840792,185.74714467417,8568.981752646,298.828352620074,1134.79069366161,1437.37578884155,1e+08,8354.45943879445,221.556272217224,1103.95265469861,1862.86550419304,8610.55040491295,1196.93873196213,957.369402975505,4011.85339661227,3701.9186783981,1910.91151049091,8587.5934603757,1548.360960618,1388.55107857225,4506.00698508151,1122.0088651385,293.032049119113
8051.35828297854,8310.3385716386,6510.39306436611,6530.18891262593,2197.07578276128,2173.82472065807,6192.75442729376,6218.66720109449,2188.50829469674,8612.68479682126,6411.88858822048,6090.87888164699,5948.32768539399,8337.55702551804,8600.19896688443,9099.95445839314,5683.62074518663,6175.42495799905,2164.7965698465,6216.34721667869,6450.99030948864,8365.67638860883,6148.55625146322,8577.72865044398,8296.91270480124,2214.21605996293,8321.54651446029,6428.58819217614,2192.63642817105,8381.1658550105,8202.11729329595,2173.20116813112,8640.20309694607,7718.8340278105,5984.00187905103,6312.84530504242,2209.48489700664,6028.02004827704,7693.1508365588,8493.22267827313,7997.76045936244,2165.70296664645,8513.25565657012,8553.17620816245,6047.86072577861,8412.18618426097,8590.26593011589,6522.57080609549,7597.78472503757,2200.61641221092,6009.73914124388,2209.15764353047,2194.22505600225,8134.28549015073,2179.79385376341,8491.12646211092,8491.16202780991,8206.19207645548,8431.70267508094,2174.77181714989,2190.61649353967,2264.3568112942,2184.70404002871,5708.98851830223,2171.94265004348,2165.79416931318,2176.95891930091,6533.96365678358,8373.48111806429,8287.71569281939,7892.82744940607,7438.99339314609,8057.21143074835,4943.82106648795,8165.27009890166,7731.66302775903,4643.48649007027,5503.79146080533,8200.17541262697,4899.6545080602,5157.45388197701,5093.67990502475,7678.28284794499,7279.07950296535,2173.94765104562,5219.24817220967,7334.88035912937,7938.90745170349,2254.13548995176,2161.87198041829,4538.92170544641,7760.13904877663,7231.10299994629,7827.85044443505,4995.61988411687,5124.36437398,8173.87861104637,2187.25714701334,2171.06571040631,2163.99700162029,7303.87878386578,2169.39706011127,7560.4092169707,2188.28064263847,5025.57260420751,7977.44669947134,2190.91045982889,7665.90653600571,7884.38364393252,7860.61097525789,7796.11902907655,7292.27228532812,2163.10090364477,8478.34606553068,2167.13859236843,8573.49495573673,4970.51318690834,2230.80801945958,7394.95581370542,2211.12493323217,2165.42191871595,7564.62815983267,7765.94892774524,2172.94603044338,2161.71249655617,8425.61167245107,2242.25192986651,7190.19168596487,7668.56212577,2200.16252520672,7886.09228468213,5185.53171620324,5189.73351970844,5363.29913075872,7869.07480764912,2601.63054905059,8498.53382058402,3006.40120206777,8639.17023249394,8879.84961728131,8503.63554300478,2715.57772806828,6286.70885714169,8712.96665937039,2807.76149575627,8478.56582402527,6593.82452637555,2723.72540052276,8241.73068204173,2959.41021380619,6380.38339454976,2775.54441518377,3085.78647798755,8092.16784913949,7828.73720353928,8293.59562093894,8419.76631127434,3170.50200756331,8265.97275528036,2929.42132749647,8520.79752980585,8865.58973531922,6764.49542295068,8638.87744797256,9412.3997614252,8559.73788433165,8445.13162203133,8495.15635385696,6460.06872438981,8512.5700127879,8390.72938633936,6665.29777297051,8290.22660291647,8499.92221738743,8574.59205829374,9353.67277456773,8855.92997816637,2923.95010809487,6726.85818985771,2787.5068107611,6528.39988588981,8455.86082379572,2849.89759083483,8286.10485024035,6793.35374331023,2540.04010636383,8276.59062116038,8208.40045273089,6738.19228197122,8706.978145142,6366.60128516921,8476.28856067142,8451.71912983598,7954.83085900816,6384.58855899146,8440.77967228587,2770.02458011699,8353.08021461933,6640.49152774134,8598.49727861942,7671.12971947616,2635.65399268128,2748.18271815969,6614.71159127853,6464.79508877813,8371.05280700782,6516.80022448811,8588.61268957698,3201.56365155132,8504.85950004457,8620.53211011155,6508.90465224928,3035.79162070508,8256.9468875065,2719.71824168461,6540.81053514709,8305.42229771851,2935.01432899045,2738.10331540437,3182.71027742484,8502.78726945112,8849.05711862751,2665.44775692809,8080.28172668067,2796.70454467904,3129.14961583822,2984.86348847877,6491.15503529146,2719.84212089696,8220.1170418653,6973.50635548692,9273.77669146041,8081.81385724528,6408.83048519417,3028.73150634019,2787.99606478938,2374.6323517688,8497.80544129927,2731.01281581017,2715.48893966863,6539.46649878132,8380.77605955862,8670.25193698762,8514.37790820004,2842.02741055007,8447.68293282473,8592.72751342765,8736.23172675413,8849.82750694408,8536.92060677735,8844.87941525601,8852.48495582753,6615.60175126926,6963.16655598016,6675.61669929463,8068.07352494974,8385.16651893046,8240.05450484158,8330.01309482213,8681.87365118524,6592.43652662264,8756.84038165793,6474.35393184828,6587.9862123271,8290.07734982232,6541.60826432772,2658.82066930082,6410.56945798803,8455.85984657613,8815.39834233,2587.81597881583,2444.3873465271,6701.39071784845,8812.20930504946,2895.51713128324,6774.76471165019,3096.63719948507,2798.37186658818,8471.15356820016,8486.83503516065,8507.38507539031,8478.36669701683,8687.42776116307,6370.90236957995,6516.23826095067,3387.27430375146,8172.18424506291,8304.78751119675,8484.26497705318,8396.74167812025,8369.75853842265,8172.04400544466,6357.91994404302,8338.53981208907,8556.92437709295,4953.46427679928,1172.18373948578,698.162552110082,5097.09348531493,178.609721572914,8437.45273067423,8470.36961512336,529.220743009529,8132.73857971711,8118.7743649103,705.36115928849,5047.53184983415,487.173357834185,8515.22144035408,8416.34828266418,7572.74430373722,7945.1530936732,4763.98339163503,7844.17107670779,7247.23593894752,4837.57667182483,984.983672271976,7841.57462431568,5194.42397961405,4734.43920324365,8477.09895614241,483.142328586019,7813.8427329234,5025.26435806977,783.756112356166,4989.25798267977,4973.48719555823,5140.07445102456,7681.52530196373,527.423447681219,8141.1099252433,682.261058061258,474.990128003172,7598.92928399358,556.921744260978,794.725388146582,454.377841512082,848.003003165265,8358.9590126226,4958.91557870264,5136.05851657155,7609.27042725325,5043.2262026812,601.91658958958,382.531028108498,445.900336126778,542.644822448532,4981.48094110476,8130.22865461784,5187.69706953683,8056.77647912452,7953.31730641832,322.73715732256,4700.8247752108,7955.20403799075,7659.6758793773,5191.80593500172,7366.94579451619,8502.42039202776,8392.85833857187,8378.38297322666,7680.57881464645,8482.93766175267,716.309940593456,4937.6174777713,7681.63837409933,5476.14185513858,269.55092780076,8305.95705791568,4995.81284007651,303.625887058247,5319.32649516034,5004.26582480199,516.278518745639,5001.54305135223,7721.61570796891,4672.51274643154,8023.46491151743,1087.41983669177,7894.87139128707,5242.76242854162,8506.79668686895,7952.12680059945,7847.550412219,784.23318082781,582.019312365878,8389.51095190891,5064.30001903614,7977.96236933343,853.476495901095,1372.82369565891,7433.51210409943,4874.98128654664,8550.47247237602,711.090024664365,4824.16990828952,7618.40052744305,4931.73768499768,7436.06945656009,4731.83029474184,8093.29742842111,361.611138761726,7738.83070139601,8065.5047303504,5117.6494211624,8031.8957987513,755.431004184019,351.561050704341,7951.03966492227,5086.26585914771,8377.44020621704,5035.65666860309,4711.92175717918,4964.3566500212,7428.98963888179,580.413930520212,271.270333726187,5088.94515291272,5030.07130500403,4999.03207837327,7863.02123080192,4866.92818129778,1295.3976167889,8412.52237513985,5148.16003598887,8449.99812140237,620.350053052438,7923.58136688258,8111.17629424909,8362.25321601614,737.971591227693,8422.34005479376,7848.21635202002,8325.48674801501,8354.45943879445,1e+08,8435.41870955551,7766.38685327146,8626.60133852653,515.677766771751,8166.90699873805,7935.47184866064,4849.16090778737,5138.55698886116,8509.20181514817,1016.80612507738,7443.22207542181,8186.43302126481,4613.42349713567,7675.18832424826,8505.14201737681
1317.27425490282,1273.46744613951,2336.34588098709,2318.76879213198,7812.63030389403,7973.81284362263,2626.23001101006,2602.07412386794,7863.11232851101,1292.79544238219,2424.71664747061,2721.98159928129,2857.93534856888,1272.0730347693,1290.50631426137,1469.91228301053,3115.90773326954,2642.43054071424,8085.70649747443,2604.23341943169,2389.46102579572,1271.28740250363,2667.62053246648,1286.70171506389,1274.38447348703,7727.11652442202,1272.81781584571,2409.63189038667,7837.93263292056,1271.13924883445,1285.13624470415,7979.72021756235,1298.27802758213,1446.9855193492,2823.70601618399,2515.00007205379,7749.15855275151,2781.65788361461,1459.95943320259,1276.07564672193,1332.95777480548,8070.08548370171,1278.06339870647,1283.01147769867,2762.77418812507,1271.45037380922,1288.77437312711,2325.52558243201,1511.34459126284,7793.54496264924,2799.09520233777,7750.72144668058,7828.68580650308,1297.35826494855,7923.50645091443,1275.88689069336,1275.89006279392,1284.52118997219,1272.06118013056,7965.12102730374,7850.03268061105,7535.18027753767,7888.06486453983,3090.89448785442,7992.14779957358,8068.6158563465,7946.1701568976,2315.4243118059,1271.18747621899,1275.09987222561,1369.73571737903,1607.0893549817,1315.69326076052,3869.86937410663,1291.31353055073,1440.64863507434,4189.19787880933,3294.88744384121,1285.43414382972,3916.33723107787,3647.42027756418,3713.42726380384,1467.64231548895,1714.56693263894,8428.37984377937,3583.78460316073,1675.92422629382,1352.62116964181,8832.2424014503,8229.07892028534,4302.2869651905,1426.93259174648,1748.69261089103,1396.32270337047,3815.58199877233,3681.62619918853,1289.77149687079,8530.10203020885,8399.74808687232,8299.41163101884,1697.25006684375,8381.1302510323,1532.78958879411,8536.67514868363,3784.29324861965,1339.46073440176,8553.01694729469,1474.13230237547,1373.0307977356,1382.56668303032,1410.30884965598,1705.32662723725,8277.95995113598,1274.8151408471,8352.3712050786,1286.03047896823,3841.86663377633,8745.24982471574,1635.66314183009,8660.12250844111,8326.21556638829,1530.33369967049,1424.19427245255,8418.85023822914,8188.32673752284,1271.83617854634,8789.41731364786,1778.41572697285,1472.73255728499,8605.44017980232,1372.36010601705,3618.46644543961,3614.13918252614,3436.67605567176,1379.12808394633,7838.41387237752,555.366939641171,7813.48341090131,815.719088719614,624.141095668641,577.286595295163,7928.15076239971,2823.02220309104,412.431042966058,7798.6755169366,419.516748445897,3063.57480337722,7798.7518876395,840.621974907648,8124.55517469919,2907.09584524356,7706.55323797131,8013.79530507668,1029.71048795687,1093.71772704711,869.8732048712,1321.41098952479,7853.83633112215,873.629106277689,7889.292282891,312.462052165997,1110.37337049271,3342.91433170176,941.374036093476,1132.68222284653,364.567364370098,259.060909408316,480.071584667504,2658.12422558287,613.671300642203,1290.1687689828,2699.71817152634,873.973526047669,301.119200696863,1191.60471073955,1185.30557893886,1118.65673916219,8035.94723369518,2701.72086091627,7794.50052008889,2965.31537468265,251.699872011062,8213.1818145223,955.309261297093,2190.82522311516,7846.78073298894,755.167306947168,908.57896603923,2540.5242856916,520.458427299581,2991.04575565393,382.698083867766,779.146121780822,1284.09777420553,2867.30248656348,1197.16250550169,7952.83572944987,1495.2218634865,3034.03758798439,872.475847975278,1284.11888723685,7885.74539608739,7843.3060068118,2917.90257628483,2920.54343404067,921.532033828653,2561.59269702321,395.074501164273,7999.0665060949,320.780463115517,456.790301023117,2883.59266032959,8038.2920942828,794.630000129297,7769.07943308295,3571.42448614378,710.831590072852,8107.94153399946,7775.88383305218,7955.33932374739,277.975199794273,528.416933380278,7833.63380923637,1156.88815949403,7833.01796952541,8118.01112188198,7501.50984451723,3048.21342995536,8062.21317759173,771.468433980646,3386.44403182214,893.166045351252,813.219603120876,2745.5837736043,8066.75877286202,7872.0971380981,7772.73673782053,485.822890609851,7951.30098015037,8085.80857473331,2824.86030795815,1267.86285885708,772.591927790503,300.903292864643,8054.90164748358,697.967813698715,903.788067092818,649.199017924917,977.746445878463,447.981866273874,525.617014226938,613.136504247679,2611.13351073816,3070.7285669429,2799.9805934328,1071.47180344903,677.257475551416,907.377310045046,634.409368314854,654.662109540576,2906.5249431415,935.371818317289,2708.3355063219,2469.2499765209,1009.10429425505,2506.18958571576,7990.47128316989,2805.66012577968,1244.61919403532,593.877853690337,7535.8104059749,7666.74081546181,3742.57205946586,491.899397305152,8154.04782101516,2261.61728829322,8039.64447688138,7742.03359069163,263.826888041518,409.414377398886,302.946316357812,857.545908126508,507.81958530414,3009.08607709959,2578.07051293731,7858.54858860144,841.922443625882,698.706119939821,188.443359044331,251.423390236781,674.680643170161,922.91265487997,3165.68604573345,670.226003986513,896.044826081718,4122.14446278285,8800.01448298556,8614.13640711215,3895.83112053339,8450.53264279442,1660.0794344203,538.118829788792,8755.29315605015,863.958626228809,882.520001729553,8734.60206183466,3911.80497447362,8681.99894314398,269.292823061396,541.564401358039,1264.94263724132,914.886758139408,4381.01328527162,1118.30645931479,1701.98077788638,4292.94249718874,8810.66954724161,1120.48156352168,3836.13436428038,4320.32281532898,436.049043962954,8633.46574973981,1179.07694337901,3928.51962268376,8721.44453039217,3898.69177401352,4054.07742518232,3809.20599316653,1163.95261006294,8515.20029540669,707.944332446026,8586.03298380362,8602.22335967362,1361.37841438578,8665.07015064358,8773.11697567954,8717.71324447387,8797.03751180316,327.627464495338,3994.84404873744,3831.74876524191,1353.19931968895,3931.43891105346,8643.58811913053,8528.79315833983,8586.62990652866,8635.33141465511,3955.15344267326,1229.9632196478,3762.24270816893,838.020260407929,825.309019422302,8507.2649083262,4396.81904059724,855.754464501184,1310.51911286739,3723.14366603563,1621.66986194047,217.766683133481,1372.73437379424,1791.60348543786,1134.18290491015,394.836348032306,8481.96375055745,4045.41357621134,1295.79455352182,3541.99491465665,8577.5925630579,1595.24122073882,3944.89945098193,8617.40008709796,3551.87292578063,4011.14855475255,8664.90874838318,3926.66264691142,1204.69767598098,4647.55103347583,792.086628196953,8916.44000785462,806.335212834871,3720.78566992793,1802.98182244943,857.03495024894,1062.81537944142,8700.87115745348,8642.03144080958,283.550378969211,3932.59413440212,568.920822603133,8902.62685101213,9071.1372181258,1482.84764852557,4124.02676191433,1804.45710137153,8464.49815414444,4103.60480307269,1292.65283136238,4120.01075076057,1635.09278734504,4217.15252109769,870.632563629378,8631.53821056768,1206.77651405544,981.218100073724,3859.92748451716,1233.47708117304,8609.52672080172,8551.07999212223,892.597825862936,3848.40263326677,550.626708449348,4008.99095915927,4373.11847026939,4047.49433549292,1526.99208864384,8580.09477426988,8466.37327839488,3826.00898765606,4085.73732129926,4044.77585800767,1063.01119240042,4120.99571841254,8778.80820193576,1874.74108867072,3821.97514791531,687.621594870401,8813.17447347333,621.839752061401,1199.99042447654,259.571922158042,8647.14906276178,309.152263449323,1195.16497385402,1384.39924446194,221.556272217224,8435.41870955551,1e+08,1164.26801367163,1841.45550989088,8688.44799114338,1132.5576541724,1010.00773968416,4069.23381135211,3782.85390946541,1894.73557424366,8660.44256025964,1612.50643688408,1338.03476830737,4553.55499802728,1171.57239659793,204.117839321844
1107.03539339057,1202.45145058469,1715.02220358887,1698.69507751042,7167.51748177652,7329.03542405908,1989.94172239466,1966.70871453166,7218.1053407124,1372.69728882244,1797.79907361107,2082.46220202496,2214.80456069862,1215.47620586748,1364.67829028722,1731.57252326856,2468.18307491241,2005.54906956262,7441.15761833982,1968.78358818062,1764.64503511156,1229.46245519536,2029.85585260572,1350.43529782534,1196.21809147745,7081.82278738152,1207.75247326392,1783.59363324956,7192.87294624562,1237.39028126438,1155.99842730371,7334.95495163575,1390.62725833504,1074.32935948121,2181.39104369373,1883.38214783865,7103.91164520338,2140.42749207636,1076.39717799003,1299.1681405741,1094.48492437774,7425.50491001255,1310.97960290223,1335.15763551682,2122.06247835899,1253.72966209927,1358.35194317502,1704.96552101997,1089.81697424825,7148.39194159619,2157.40355041533,7105.47785439693,7183.6067222006,1131.56688423639,7278.62513479403,1297.94499192809,1297.96572422252,1157.58522762146,1264.31689210287,7320.32570763678,7204.99834055771,6889.47300144097,7243.10992400164,2443.51482151732,7347.40806970694,7424.03229730843,7301.33573572886,1695.59408101738,1233.43752650609,1192.02249886479,1077.83165763844,1131.43617045997,1108.5661553017,3217.37348919848,1142.25628863253,1073.54491796255,3536.46218370838,2645.16778713534,1155.2468676255,3263.76744041708,2995.52656784299,3061.30690232826,1077.89638898758,1195.47330719955,7784.50914375446,2932.15439937986,1170.79705828469,1083.82801133456,8189.12983895591,7584.81775262569,3649.58858578695,1072.39699077735,1218.5467258893,1072.95742913812,3163.19303218942,3029.60942888615,1145.36792000912,7886.42642113398,7755.82196492956,7655.28951085981,1184.2120974386,7737.16797025902,1097.49735898972,7893.01204927551,3131.97674701983,1090.43165548357,7909.38489816204,1079.31262622041,1076.960012249,1074.88713715633,1072.11822666746,1189.42478581938,7633.79556644008,1290.54083053539,7708.35288232636,1347.77938410198,3189.4230148191,8101.97763939739,1146.98282536269,8016.69218304464,7682.14607701405,1096.56348209931,1072.26338946712,7774.96111687884,7543.98437416119,1260.98768569085,8146.22642046799,1239.50644879805,1078.99588957045,7961.90725065812,1077.13068073802,2966.68685044722,2962.37745672256,2785.85378023108,1075.56051707639,7309.49873386631,934.793503220262,7291.89423450453,1141.69412054132,1461.45613937775,1037.18413345019,7409.37873045751,2566.15088740817,1246.68458144199,7298.78804222861,1061.19710813794,2649.10124019388,7287.17734561246,599.593824015205,7614.28965508746,2664.99670405689,7201.11123854229,7500.13377075139,469.167069471798,596.243375790873,662.395476004625,1034.85054723823,7330.80660395722,620.139318272989,7376.62153421953,1144.69736049141,1396.0713708434,2771.59597349618,1124.77866541953,1920.63676510375,1181.82245962714,1053.58654480251,1036.20910704613,2468.97206537889,1264.50574919419,993.926140191946,2515.28147278435,650.734503714136,1073.87855230073,1029.35942217414,1810.27730406078,1300.59810643434,7539.31974672803,2466.53951911494,7279.04084567979,2667.9784013527,1055.00607203449,7703.2466158067,683.284853146675,2090.130156983,7334.27904812335,682.334975160466,555.733074275712,2326.93523075512,1236.41049847891,2648.21647965974,1156.30336945849,821.476918773703,870.154800239064,2589.18864401589,963.294835590404,7450.31550563186,1249.68104556916,2536.14002070154,1344.32568123327,260.614394860387,7359.64390677951,7331.93723644838,2651.89039157379,2638.33841629346,738.783978971785,2410.68493218964,1118.11901704812,7478.50514302538,1128.7023234369,1129.11114787667,2630.25358891424,7517.96843410988,633.666328480247,7265.67718665967,2963.03068561114,748.099943034358,7604.94536434327,7255.37193622947,7423.49758831246,1104.76074525171,1446.81031945268,7319.93680298582,713.392920240283,7324.02646276853,7602.91865569997,6994.16410493659,2727.95874174716,7559.87111751719,977.022278824423,2623.67840335523,1731.93733315218,868.08744778759,2489.14273194247,7554.05133618462,7372.3450998424,7236.83114868942,1035.22580779975,7446.93214078185,7570.44967481909,2631.05532791814,959.122146323357,1166.54657184159,1132.97115143715,7543.16308379026,885.361771648324,1079.54916165985,1218.88080555271,1312.69312324856,1058.84021799295,1398.65499438388,1336.82804475977,2417.37472782722,2531.81694591431,2532.52908368417,474.493232487562,789.464930257974,601.832689351983,769.731055586738,1190.23767660959,2650.45573535946,1219.94239969214,2446.56577176588,2289.6609077926,712.282861463239,2291.13427346479,7468.92798012617,2585.93470113853,1002.27238259735,1328.30670207309,7011.04051427805,7131.18378733989,2976.95387759756,1346.92527211152,7648.91771531751,2174.46425863646,7525.08339863912,7227.53015870105,1052.27732073622,1105.62655952343,1126.51742287127,1297.45744326476,1190.41133685726,2680.14543883453,2409.83551850553,7200.40032709072,564.344803933014,756.996281849608,1122.77280212442,1014.48918424094,810.418646957542,534.523175846134,2844.25538269019,766.570020302146,1033.41165150952,3584.21323244867,8114.23851936085,7942.6529740709,3476.79143505836,7788.58728239533,1147.47418488828,1246.45593564613,8103.47896009512,875.608680493551,854.206511494537,8076.82788398158,3524.97644395465,8035.71181795437,1214.8233487305,1182.96812581891,514.796158600704,499.235269875248,3793.75937308855,186.982213118916,926.742664398515,3742.60655961457,8137.75774367105,123.723696958622,3466.98707730482,3753.17947935924,1176.5973830004,7961.68341727139,170.95077492609,3510.89461124715,8047.50352308273,3467.30047226533,3537.3898116211,3430.4667156789,591.005518177708,7868.19433748706,777.036191404925,7909.06468596396,7959.66976104299,434.183896265595,8003.35516441001,8127.40094220593,8064.0684591877,8125.74990496091,1110.4700796844,3500.07549348458,3460.93626449854,387.580597272319,3506.17874898256,8007.23920590225,7872.01610642299,7931.20359745117,7991.94868681463,3532.44977870436,904.91839480947,3396.04549340484,539.632575646218,797.984582819308,7839.05062116493,3850.31695421274,863.776703496122,280.286726399314,3331.41118284782,850.891790071886,1200.11713992885,1051.88181290712,1227.43752416837,902.392664859441,1203.00313548257,7804.30651644577,3617.05171266485,372.19450768225,3005.86851446995,7920.78812772602,1064.49345773618,3551.95534509086,7957.28045058894,3159.86067221044,3580.79513089613,8005.19126499915,3528.63050785613,250.974021117637,3936.71647746499,820.223623180452,8313.89268398882,829.23276236563,3347.94049231727,1294.94426838204,881.638232481637,223.614401370527,8027.05647760439,8002.01931207802,1134.63620557006,3522.64928402757,822.753583231,8271.32725227545,8466.78161211422,629.973871684799,3669.52944183816,1315.45857056372,7825.56073827059,3670.13580574754,474.861008174412,3652.80474886968,1018.9161620492,3601.0624926156,492.551988090192,7973.80553152002,171.451850611585,889.215565990278,3480.40766276353,846.976079545441,7977.81765986475,7888.92350189879,591.681695733528,3459.04951200993,1166.79149587321,3569.01461950686,3767.30372694561,3640.92665861243,678.26188518969,7940.08816389511,7806.23839942987,3432.31617216493,3563.96492571049,3598.40817331203,209.989729651548,3683.27411119012,8104.66009513991,1328.75151621715,3445.16830759329,1241.94348729876,8160.99296713323,823.090201991329,840.003180961188,1090.52476438983,8007.97194125477,1169.25407443561,335.414622422177,996.437562621322,1103.95265469861,7766.38685327146,1164.26801367163,1e+08,1371.70608860564,8042.23695514355,901.439338577193,333.43273155214,3597.19475631737,3388.51705296106,1388.51970009596,7983.34599217445,921.139092893065,940.518894031085,3891.78544564796,539.161000110558,1189.86859202011
1233.35517074566,1172.60203093373,2332.58662256647,2314.42943307235,7856.15364236255,8017.70060287781,2630.71131728826,2605.95158506458,7906.75147636664,1177.51438683404,2423.72013592142,2728.73353070384,2867.60955470976,1169.62219197257,1175.66847262486,1347.11353291557,3130.33081135274,2647.30957020288,8129.8383508842,2608.16539476561,2387.39192597072,1167.25118339162,2673.10674793722,1172.69625199488,1174.31857975605,7770.44008944843,1171.29369378938,2408.18108114564,7881.5142109916,1166.25365541586,1191.00669940836,8023.6210418138,1182.06887040898,1386.28955944293,2832.67507029216,2516.58675947446,7792.53405093822,2789.73324480161,1400.98870490251,1165.59617419327,1252.79794487615,8114.18368307094,1166.69224322836,1169.96641443756,2770.43793932845,1164.91719687072,1174.29898213166,2321.41048492337,1458.61207314377,7837.02411077051,2807.54494335021,7794.10061550962,7872.24614617507,1207.73340576726,7967.28212859475,1165.50269100747,1165.50424355754,1190.12707272532,1164.52924493035,8008.989526696,7893.64197172919,7578.03822225725,7931.76068522295,3104.89647137878,8036.0760435593,8112.71088256111,7989.99651170283,2310.97335604622,1166.72110738099,1175.58806648683,1296.98581760906,1564.06470635171,1231.36626027615,3894.17340943782,1199.60890371799,1379.08448048774,4216.51879076276,3312.11425308317,1191.43094690675,3941.11373825263,3669.27860156147,3736.0449714282,1409.66208116168,1680.37505327843,8473.21736090416,3604.88153004473,1638.75986591075,1276.61709943748,8877.83871122647,8273.51345241029,4330.55985333942,1363.4271102182,1716.96316411143,1328.13313061971,3839.31805879189,3703.8817969206,1197.49534649994,8575.13769407085,8444.52893260876,8343.99067186428,1661.7516155661,8425.87403032144,1482.42234333115,8581.72344785153,3807.69382065657,1260.73357434874,8598.09657244989,1416.97175117184,1300.87596637702,1312.08380253194,1344.3250754488,1670.44254997219,8322.49518689716,1165.01980320846,8397.05739026175,1172.18683815009,3865.87989242544,8790.68883118202,1595.16717639499,8705.40441051483,8370.84901220073,1479.70184551092,1360.2904336681,8463.66893767148,8232.67635732458,1164.61274751827,8834.93658893745,1748.71888192172,1415.39650217925,8650.61946301881,1300.0849047065,3639.98200850469,3635.60299722488,3455.89280705568,1308.050577664,8229.76775719537,1452.73171984531,8152.25566560891,1316.06562214909,1724.2884001988,1461.74106808256,8323.8087037797,3837.49334592059,1649.30968169325,8232.29088593653,1559.46223738761,3517.52416763787,8200.73294919472,1297.83158081593,8532.82354347011,3790.04017675936,8144.01849885622,8367.17241501396,1279.91404467839,1678.94152955415,1204.92222504483,900.255837220179,8187.56713649082,1290.58671941258,8271.71605553153,1717.35225535317,1381.3931884495,3443.68863816095,1280.09461788387,2016.24378332764,1707.16906452426,1624.26560325957,1487.32473562051,3656.36880841839,1941.8458355553,930.496212201932,3623.19895412878,1194.27149952683,1618.14032449348,916.747108219444,1674.73865727332,1227.02892890221,8473.52733618504,3479.33341215399,8187.28706990895,3622.9801486509,1655.35090745511,8621.93400357438,1096.54366820266,3376.82102809531,8295.40215112001,1326.87011740611,1249.06476368064,3357.79326804218,1567.9305390163,3736.16167979838,1740.84717544993,1226.00626512239,1214.24989429042,3762.24194323125,845.573984030674,8380.99164297835,1062.42178046345,3377.68725472058,1856.28221554486,1469.96855245301,8284.867350885,8248.31728305422,3632.32898431235,3761.14786038969,1075.99360525745,3609.80137830129,1546.54117163523,8352.45412557466,1669.03696370854,1513.45333636127,3699.22867621739,8397.00149089517,1311.30007325963,8189.28699657959,3625.38431321497,1476.53492124641,8526.37311699635,8194.71720862511,8257.29541412476,1636.64235477129,1826.10472610239,8260.29489712066,1116.30096992892,8242.71478869003,8482.74166725499,7867.87752895876,3710.89073444187,8508.65500524373,1849.16429981723,2905.81454818671,1879.48649952825,1816.15272991745,3675.48116197733,8449.71665654767,8312.37297767538,8199.33655631723,1484.29132945595,8376.35339668746,8523.41488413612,3787.91133952223,927.624796323613,1353.50219668158,1674.75712976736,8470.30433313733,1260.23578975827,1281.0376327728,1510.22475682196,1319.86269009154,1497.77267385252,1756.12960637934,1590.43047410572,3571.86109164486,3179.04988205198,3513.23905689116,1242.99525320237,1370.32178996103,1236.73310730639,1468.30301618838,1472.91385494485,3673.22589891707,1330.37115342779,3607.93156124393,3513.91780001534,1096.86700212291,3494.72080664946,8428.76510561294,3758.62231773534,923.962510696842,1604.84962432712,7926.39056116401,8068.12054328305,3351.34688959471,1701.88044450466,8573.34534998022,3430.4884569404,8401.27413028612,8149.86434564193,1640.83278313572,1577.01250492722,1659.48733726793,1919.36924658951,1555.68072940772,3711.22920237305,3581.94896230519,7880.52669645298,1402.91782362773,1497.03372702298,1767.59464285832,1643.42323587838,1428.44938155961,1363.40314313757,3926.24655844531,1415.18320258997,1190.71247959318,4707.59525563524,8878.96953615529,8759.45242903036,4664.81532557375,8658.31330975701,395.845094979452,1891.76928931482,8963.74299702696,1451.77473299921,1384.1072664141,8911.85764468152,4681.82922848912,8914.37554273957,1792.87159275572,1808.00217930594,1640.34108249214,1535.04565920891,4893.49509296245,1408.90027687816,1700.79231397588,4846.15531594531,8937.4160958149,1358.35997758932,4601.87301642996,4855.36726777976,1696.37273767576,8790.48814296435,1315.44904572538,4647.41098466151,8858.35604085581,4610.00992416036,4671.57693411052,4582.70148311373,1625.34982088401,8754.41211935377,1655.54064090941,8723.19268656136,8849.10192055084,1404.05706308865,8844.08430977825,9003.78894992726,8919.00400559049,8931.33798426398,1813.25198117821,4630.35426224217,4617.23601180353,1389.99357776433,4664.54310722904,8899.32359560094,8741.33700889275,8806.84330261157,8877.25866168484,4667.83067448236,1168.58742222612,4585.93240772315,1488.07050257027,1507.49816124508,8696.60263713866,4922.94140320337,1544.29341109721,1388.68519947678,4479.80590745589,1606.71501886311,1787.04794174797,898.975147975521,295.504997922532,1847.56074207647,1815.41335015874,8617.64780253602,4759.63100817182,1334.88477753704,4177.42901672369,8783.19619041419,665.103866615576,4695.85807792354,8818.09308679786,4367.06736541999,4743.32691715828,8848.23872207173,4688.40348132409,1436.69339391118,4939.65418588364,1535.01821329946,9232.92596223297,1609.91130076814,4498.23333500225,157.006075627959,1559.89580712561,1424.17930176209,8838.15391650579,8890.02003355273,1849.1280014939,4690.96154679473,1643.34927960467,9163.61332723729,9385.32696130177,1547.35365196189,4806.40427783826,124.166992299347,8714.92048281567,4809.39766080414,1517.0156425416,4798.27937437391,1628.78616939898,4664.36418660736,1366.39896854057,8832.31530043691,1400.54880357047,1428.78570497765,4613.11858502868,1179.24568059236,8882.80544763809,8739.83153383381,1619.50094485814,4614.84435369148,1801.84375000439,4728.28552120153,4820.577692416,4792.36954041964,1530.77980342121,8831.72393845709,8679.48544124817,4583.96389929259,4710.95676526531,4736.22939635917,1401.97644153602,4807.35879512437,8870.18594534908,307.141314933587,4611.44364629956,1892.96170760764,9029.25286185663,1672.11946988933,1153.6004982959,1763.97122522328,8901.25564426613,1802.86762762651,1235.72561423462,900.444793666132,1862.86550419304,8626.60133852653,1841.45550989088,1371.70608860564,1e+08,8915.659647669,1199.36237074166,1403.98553127946,4727.90031955769,4528.6533831379,243.264258146365,8775.35174558184,1587.36549168925,1013.52404986983,4921.55377315967,1613.61739762172,1775.04094614619
8336.80710459138,8596.36603069172,6790.75286564398,6810.639045206,2275.58953022684,2231.75004724331,6471.53728147795,6497.58833516897,2260.67923720493,8899.31989788737,6691.78570161597,6369.0998723082,6225.71054723897,8623.64204059309,8886.81029581731,9387.4388221618,5959.26573723678,6454.11430745362,2207.92770039767,6495.25604490305,6731.07376464951,8651.82024759921,6427.09896915204,8864.29692302239,8582.91155466591,2303.22746837859,8607.59774547245,6708.56532733842,2267.98395552037,8667.34186320844,8487.90993381321,2230.35451986318,8926.8902100641,8003.4483420192,6261.60045164248,6592.25395936495,2295.82146278483,6305.87921637028,7977.69593245154,8779.62580487185,8283.08210619528,2210.91957003091,8799.69839925853,8839.69702743225,6325.83538970709,8698.42601815517,8876.85826959557,6802.98627872965,7882.06632579059,2281.50073615781,6287.49081916506,2295.3037125278,2270.73274054336,8419.92591280308,2244.24674894175,8777.52542635651,8777.5610627035,8491.99373524537,8717.98228723785,2233.83096474212,2264.44066515205,2375.66939207972,2253.7026616882,5984.81126296197,2227.46840400456,2211.20666863717,2238.48158997012,6814.43091593453,8659.64119955562,8573.69486060367,8177.89220273157,7722.81242522175,8342.67397961793,5212.91595266381,8450.98054586272,8016.31164666553,4908.90252771363,5778.10029600462,8485.96375043351,5168.25407041831,5428.75416482323,5364.35305229719,7962.78754009221,7562.40019773659,2170.44860469685,5491.13270402624,7618.37883502591,8224.08633183888,2196.81091654191,2185.63412027587,4802.86533284727,8044.86317615504,7514.26737450586,8112.75066317106,5265.27768111816,5395.34241095756,8459.60836500986,2169.89227865976,2171.48470377851,2178.15528478135,7587.27901697889,2172.36543724231,7844.58468551828,2170.02409767089,5295.54735850927,8262.7194429408,2170.43999659792,7950.37740735513,8169.42725666021,8145.59468471626,8080.93732540284,7575.63539911854,2180.19262453811,8764.71958232273,2174.04607707291,8860.05507619326,5239.90052011385,2184.72425114625,7678.64099020189,2176.27119534138,2175.9114844344,7848.8156912361,8050.6883540389,2170.75059128876,2191.01512890425,8711.87890109791,2190.42855295534,7473.2201568575,7953.04026853125,2172.62193167022,8171.14018104712,5457.10025144417,5461.34179636854,5636.46257874559,8154.07990984386,2457.74193252084,8764.56954228419,2897.70180412912,8903.95144715362,9136.98200187886,8762.83557012221,2560.91192108755,6496.44181938158,8971.86926182522,2672.52601899986,8737.41464604868,6785.16877044453,2570.6212292533,8509.33709770166,2814.8894219863,6575.02032703953,2648.5060279397,2960.73890996583,8359.81310700376,8104.1542672569,8558.96934966351,8685.24654916164,3086.84284965449,8532.75403761458,2793.71135824241,8781.85070056973,9125.80746760799,6960.75068671869,8903.3270025615,9666.02029105347,8818.78026096023,8705.16494231145,8754.50474736673,6658.249289599,8769.8146588707,8654.05444716515,6858.50583324732,8556.52080019376,8757.68431364097,8845.55034126502,9623.91645601248,9129.19922115896,2773.76527496159,6918.21579397414,2654.09689872125,6716.3315884525,8716.54100348134,2695.05208820188,8550.14766931107,7003.84201454342,2393.59980075818,8542.68301927471,8476.25608982349,6934.77254191267,8966.26865032785,6563.42713850528,8737.04330598901,8717.18913101902,8219.89862053934,6586.73338195297,8709.00931469985,2618.3937905382,8619.66941480448,6844.39488016866,8859.13491554913,7945.88961084792,2470.86402565551,2600.97862074043,6801.04634751574,6661.99057875598,8636.42806255791,6715.97312314862,8848.45168650126,3090.01556833758,8765.1222440397,8881.15249458891,6701.36338061337,2902.35710232618,8526.43754924851,2573.86080764386,6731.87352518601,8572.55134313435,2781.95415317553,2603.36857460251,3097.9999547556,8762.82151751692,9104.23473885694,2528.48698453717,8345.08371545937,2658.9569351639,2989.60973558935,2901.60204579753,6677.64510282944,2553.15769180634,8494.70913435448,7235.7584856084,9531.99636433398,8355.89337784413,6612.41591714494,2894.72519639468,2639.06892468419,2225.52393408089,8756.73405678903,2575.9984892456,2558.98265772519,6733.72818556664,8644.24310983191,8934.81919101585,8774.68518637419,2700.26152147465,8712.25245193388,8855.15560038413,8994.63619281846,9116.55726733561,8797.72262949039,9100.50950534518,9111.77872884176,6815.25890175019,7175.18036456579,6866.06724328298,8335.47586967364,8650.62039659126,8506.02622442986,8598.23399402857,8942.87054286623,6780.71779824123,9020.11138301952,6679.31352844511,6795.36850305234,8552.70050102657,6749.7996214306,2505.17531863305,6608.11252660289,8719.59857250912,9074.34567777271,2469.04250686329,2308.21483211844,6940.24314744187,9068.26674132309,2738.49222155786,6979.98567498789,2967.76931189705,2670.49873939664,8730.38533478193,8744.58908990055,8766.4511489806,8737.58320396698,8945.98551253544,6562.03185560044,6715.37914541604,3483.5645101215,8442.20892289813,8570.98017868707,8740.26165457435,8657.9088814863,8634.81700420931,8441.00191920197,6546.97461405667,8605.75731085623,8821.63392628786,5172.94129193303,1294.2257105482,860.477652239304,5317.84682309485,398.193138330647,8726.76956024353,8728.40093208494,370.146788042286,8391.73014610376,8378.27182597636,762.296320108992,5269.63552272589,116.212377349617,8769.32075159566,8671.76049687029,7849.62954601329,8220.13725472982,4977.37818526018,8120.84226803137,7524.93711287534,5053.39171498589,1103.04476396448,8116.72279748129,5419.84067851546,4951.46672423324,8730.88150974736,646.392900306398,8087.56696022149,5251.96671252531,914.492049167633,5217.14948283632,5194.95790494483,5368.36393381077,7958.9670559969,335.559389395796,8416.25146071197,881.328342813189,191.473219967891,7877.80923524434,612.468293430967,518.674494314559,270.876431064975,911.893176374701,8615.95719865254,5182.43909313733,5360.84240806395,7888.84059242337,5265.05648810172,209.623609241821,275.127605415001,258.985447172802,223.882785939559,5208.54364147951,8401.32004263859,5410.95545264559,8330.95438650831,8212.37233221113,452.303049828026,4919.36760848368,8214.51674382554,7937.60589319191,5424.40194475739,7644.87852883917,8757.55409443837,8680.60979100684,8667.23936024286,7955.16724047424,8737.72922670814,971.11484800387,5160.58447533879,7955.67756165286,5693.74235982605,273.049166007742,8595.37213539494,5220.35908252356,268.4390602377,5549.70589391186,5222.82971188789,572.577547348999,5225.20492010209,7999.80957107453,4881.87058027098,8280.28331920621,700.19572612884,8152.1382503124,5478.2196148428,8794.88973522368,8209.79206901435,8123.19700168168,923.202549071205,210.25647078262,8646.16010782846,5286.00599077906,8238.27194140817,451.679600196024,985.768418697623,7709.75491893392,5093.2428991223,8839.36000191662,540.419828150587,5044.97929927338,7895.01632679596,5149.44024948456,7706.85257896838,4956.3373534696,8364.39799924177,253.830092669386,8016.70311087705,8323.36791393986,5347.30089143123,8307.90657967812,469.623763223698,495.199548127769,8227.38508016361,5312.93749828274,8634.72175138968,5255.16481488729,4932.22476491372,5183.56939922991,7707.00577149724,264.001696601944,386.16361760388,5317.50751711758,5246.90919301555,5220.56761171035,8138.54456483652,5089.7345828241,1390.49468147405,8700.03888288523,5373.37991170402,8706.89764036582,313.709401810236,8183.05613910668,8381.68232916969,8619.99506502357,479.718800052379,8677.02064273293,8121.86677150476,8609.86244395156,8610.55040491295,515.677766771751,8688.44799114338,8042.23695514355,8915.659647669,1e+08,8441.245052433,8208.44198284031,5073.66668737325,5372.14834535389,8797.65636606931,1161.09784100535,7718.99313494988,8466.08839619903,4828.24936627991,7952.12031138457,8760.33118797506
1001.2217184131,1045.17739802962,1871.47149598382,1853.77428766391,7397.7070183667,7559.5526903155,2164.49445692233,2140.02006069924,7448.39934004822,1174.27714394373,1960.59957487407,2261.56489519701,2399.4927900111,1053.66043475193,1167.5788721468,1499.64688804138,2661.31868481832,2180.91221086912,7671.89278956727,2142.20754993287,1925.01384818288,1063.13580600869,2206.44516532626,1155.78754634573,1041.24790824003,7311.83143537524,1048.58732338957,1945.36945076391,7423.11505286242,1068.6571250303,1018.47760010167,7565.48391384145,1189.39829087383,1048.34626345088,2364.75895616758,2051.86279477797,7333.96740098805,2322.09704394068,1056.63244419632,1114.64389653003,1000.92159034953,7656.2101146655,1123.92218816414,1143.30142988256,2302.94034694273,1080.3428782284,1162.32431532786,1860.57589802474,1092.62414786597,7378.54154033704,2339.78798544473,7335.53693753313,7413.82966653054,1007.75427746927,7509.04191191265,1113.69074424112,1113.70688776786,1019.27248086694,1088.11445199459,7550.82572546459,7435.26543640342,7119.05664858086,7473.45493701732,2635.93210717156,7577.96156636056,7654.73467522473,7531.79798231031,1850.40826524881,1065.8913741302,1038.65473466838,1009.27047179687,1169.09892541599,1001.44176853524,3425.74262954999,1012.06110059135,1044.44018442186,3748.89700190367,2842.93790687702,1018.10472886002,3472.79055139287,3200.40544483771,3267.28852662718,1061.70914792479,1263.74388258792,8015.86703799965,3135.91014209092,1228.93779030203,1004.15426373391,8421.14545869621,7815.82133899234,3863.25302205623,1036.33499584736,1295.0509397837,1020.27712680372,3370.76738922125,3235.06736959846,1013.43506690303,8117.95725240161,7987.13024360534,7886.42055138513,1248.05434279352,7968.4437602212,1108.85759158488,8124.55387986484,3339.07719604235,1001.61662104806,8140.95398405694,1066.08904178844,1010.45170935515,1014.17895838147,1027.23023574307,1255.3542302116,7864.88801906272,1107.95314525057,7939.57813269708,1153.60450335803,3397.38644360546,8333.85791276884,1193.5542633199,8248.43675773474,7913.32498550918,1106.96793874553,1034.77819233302,8006.30254394128,7774.91285976608,1085.65477347391,8378.17582391277,1322.68807131109,1065.13754947336,8193.56290541426,1010.20662556628,3171.06229672583,3166.67658859126,2986.76003926184,1012.78422100547,7641.36107281182,893.357721401631,7547.54572450449,625.756786041627,1170.73156398107,722.698317123858,7722.83667451699,3020.14827568767,1146.40055288774,7607.4218282076,824.924362283199,2779.76811884611,7597.81829913524,796.712578338091,7907.87195207492,2952.00975425346,7517.32853191444,7748.65875622911,882.393844935875,1033.90064310153,727.307116543024,833.3182543259,7557.54688381237,836.098906110801,7654.32936264142,1161.59284048177,816.651506305495,2867.18111774869,575.136087359886,1821.98169812693,1188.27755666601,1005.36092398422,791.286430642862,2814.9690576401,1476.70658621659,859.245930313263,2779.88198118437,753.803354704802,951.530535609782,567.710596908629,1361.87068432648,736.825897026428,7841.97906990078,2643.42574761919,7570.08141897589,2796.78622452091,1053.54625442678,8005.01631198585,718.983793276778,2567.95997968648,7667.15995972453,763.575548190229,805.27077218377,2485.13056877569,946.530691980071,2951.18381325907,1193.26979440075,735.583112314969,974.893867064071,2946.68224990305,775.617812045917,7761.54444935505,994.464548040729,2635.22557824483,1591.14381639401,1031.02360271405,7702.49182727876,7639.04024262684,2809.0406580727,2951.97154269276,721.159032220338,2761.80584123657,934.213469015282,7722.26173712984,1113.02755898947,897.744587588321,2873.98308338067,7782.55944474303,773.277346038318,7571.90477865651,3071.03428016844,882.476578188811,7908.80405054978,7595.41810188003,7641.44965563942,1008.94334431229,1330.76901641428,7637.78662410059,911.022485574506,7615.83375906879,7863.51947829699,7253.53838285444,2925.20754213474,7885.63966740143,1276.52491861315,2574.80072166636,1513.22419772598,1189.38104468119,2850.92862346042,7818.6596284127,7689.24258568307,7605.72361314122,794.03427756372,7756.52813937392,7903.36284468082,2944.38933928746,820.122415768734,682.753831088568,1120.91874064183,7850.90399065223,639.663737218283,567.694372264165,875.73260662692,774.242973280755,832.984215640902,1248.71424283805,1044.44491157295,2726.59508017135,2519.35278762977,2686.52087052322,918.428841101028,800.793198736173,813.226581931659,866.058938979758,783.44470486623,2848.4422793787,703.006321446986,2777.60066997581,2674.8784687565,773.194700392337,2655.26103455164,7812.74238609738,2916.99765785773,847.0120537083,1022.86550040166,7335.52828200928,7488.35926297608,3030.62622165321,1134.17742720618,7956.74226721529,2606.99809139256,7781.35983689498,7533.3355201888,995.646905327677,865.793025229046,1089.8344504904,1584.86362209217,917.908504677055,2911.44637719007,2748.24468430159,7367.02579419711,846.920020442423,885.082540408823,1128.83859480975,998.509714545668,838.262121658532,853.830088417448,3137.83182590342,821.87404991444,517.462810039795,3971.5104541713,8440.77964028131,8303.85120590429,3888.14756947226,8195.32302951331,921.207636292861,1397.63973293621,8490.24388432547,435.651763290125,413.846923744071,8453.09949276989,3940.2863863162,8438.50985871488,1188.26659257972,1339.88111198032,1019.2891491629,845.384070381616,4190.50831508129,906.496982350346,1350.98007949493,4119.12431685825,8488.16895244956,899.79593402776,3926.55128279044,4140.60562664323,1187.183082174,8332.81010187369,926.414610458453,3886.95483178719,8402.49505194277,3866.84747581132,3924.32550520319,3849.87663821297,976.352576135089,8273.82155607545,1013.91575645581,8268.1279294744,8369.83325646017,1063.14867867996,8381.32531947047,8523.30750360083,8448.95032545356,8475.69348280873,1208.20241762171,3877.9345662731,3897.68903588421,1058.23500834892,3893.08966612245,8418.12566196594,8266.06735709738,8337.06528043492,8392.65797016783,3913.66399252366,182.293927401855,3837.04883717038,841.486002898487,550.051285179619,8230.57424383731,4199.50535258733,537.769874245238,1020.1375058899,3786.26291627945,1274.25483931624,1141.99838170942,468.286548637197,1044.25538092745,1146.87821264112,1289.15917279912,8165.82334432113,3999.0228539934,1000.97246871039,3425.36816005072,8315.79318200083,711.693364628738,3964.4609760211,8351.1837376051,3625.00339634675,3973.29758092559,8386.66835344337,3946.35470651886,947.183271778855,4367.35729267351,596.521990965837,8718.34691307037,643.278169483332,3782.91856280299,1148.34220258452,570.431973924417,858.730390935696,8386.77930136703,8403.62514528129,1233.01973319478,3920.74611083962,807.930231731668,8671.11781118419,8863.38154751669,1153.2907080059,4048.33270394992,1118.23743951491,8232.01769627501,4046.51418862628,1003.42468988322,4032.64464020372,1285.51679945771,3987.69579515617,768.79656540662,8364.28269967106,951.895143992321,435.341371149164,3919.69556654654,191.068259762008,8391.42654261593,8276.61855605769,933.474432566668,3889.9310617458,1314.7366138895,3955.69112623286,4140.82564609913,4027.93257719044,1206.34020240125,8350.11966301029,8214.16079547796,3842.67963533848,3957.2883177797,3974.9427771841,851.455988620623,4057.63001912819,8417.7728699608,1218.66733365467,3857.20740934781,1488.94095931827,8558.90517551159,804.625265346522,209.929803840759,1129.83605534946,8410.95960582025,1175.86763050918,935.495885878046,432.272595943991,1196.93873196213,8166.90699873805,1132.5576541724,901.439338577193,1199.36237074166,8441.245052433,1e+08,815.870969576096,3978.43233416836,3824.13852836459,1241.40341718109,8320.71271932047,1257.12659994818,312.542855369488,4294.54252483824,971.846673291202,1113.65577206657
1118.31867490827,1177.03545997798,1865.75899887769,1848.95451163968,7331.10985783617,7492.57482923209,2146.46111985643,2122.8658832503,7381.68106669189,1313.06769068079,1950.6801139331,2240.26030892583,2374.05963877672,1186.55887657942,1306.25690295361,1636.47158748037,2629.37469345259,2162.30191859945,7604.6605986684,2124.97384561399,1916.71879619811,1197.01250691783,2186.95729799908,1294.23174837815,1172.55817933888,7245.44348188082,1180.88508858763,1936.13662204218,7356.45697052875,1203.03184319289,1145.2488889475,7498.49242633493,1328.39498757743,1135.56204537926,2340.3135759822,2038.07853776654,7267.52502722161,2298.91128996844,1141.2610478042,1251.81471334615,1113.88746284156,7589.01295721823,1261.45464765751,1281.44196244473,2280.33764695382,1215.63034051472,1300.90403569007,1855.41062521778,1167.5767988941,7311.99062578001,2316.07350476273,7269.09071825935,7347.19379717086,1130.54205021876,7442.18101190227,1250.82144840574,1250.83827614613,1146.26345240167,1223.92003318765,7483.8679546775,7368.57837547029,7053.15770789346,7406.6774396591,2604.55547174195,7510.94148583794,7587.54082151775,7464.88418492085,1845.76059211102,1200.02258913411,1169.5763774599,1113.24977577198,1228.22013867337,1118.96899803572,3381.04159540545,1136.74477906736,1132.94183941086,3700.5107251993,2807.26591333037,1144.77054245374,3427.50598719439,3158.76327325075,3224.68970134933,1144.83390398997,1307.99639300465,7947.9025940526,3095.23341792531,1278.21959479141,1112.2139994918,8352.39857241127,7748.27451945006,3813.72379957742,1127.67117737187,1335.1303919491,1118.20482421273,3326.77099659293,3192.92394568236,1138.62275504869,8049.78799381431,7919.22444230968,7818.72380689797,1294.51929175125,7900.57633015995,1180.02702064413,8056.37157260284,3295.49864051881,1112.93068282861,8072.73933207499,1147.95949196271,1113.66297325116,1115.1970855763,1122.09912175211,1300.77911643095,7797.2367017861,1244.82977588084,7871.77034840932,1292.00000257034,3353.04572137757,8265.27281407899,1248.44679821813,8180.0134601086,7845.57184525049,1178.56334410727,1126.68884075914,7938.35756906339,7707.45422214405,1221.30320718042,8309.50814088598,1359.32388135432,1147.27729351719,8125.24541232465,1113.57378365188,3129.85396764032,3125.53386934771,2948.49431536149,1114.58822553692,7456.66918134437,747.801879304009,7443.29157188789,1000.07315426844,1312.0252907189,880.348498517334,7556.39833598772,2622.50802218911,1098.34932044701,7437.23282495846,889.862259257583,2701.29871540225,7429.04163077973,397.859603027246,7757.18696439184,2705.05014046652,7339.01561083298,7646.7131039383,395.249723557905,562.939868802853,497.250823062624,1057.46443437249,7477.44934054376,453.141150356906,7523.64527720765,997.411912754491,1212.02241074867,2853.34668466006,970.579479212055,1759.64775366811,1040.15650842177,914.56264402156,884.70372464838,2510.95205103519,1120.27737786659,1019.60897723004,2552.30994068964,494.927814707825,921.798393784444,939.659547402586,1654.5038299019,1144.83225364932,7679.48876144705,2501.79546887132,7421.15564296291,2712.88428288298,913.402036882483,7846.82824203022,613.770178779409,2125.04978395699,7466.83860325244,484.892453186965,402.80379078562,2363.27490682007,1084.98645565792,2692.57057599433,1012.0269326344,638.41947781539,934.567340480863,2635.77914701143,978.121325488143,7591.8710993894,1260.99408364695,2592.81526499035,1217.69937558408,499.532040183945,7507.13914755243,7471.76720114715,2692.47950840215,2674.95202624536,631.987537371011,2453.42607177826,965.64814096985,7626.03786046505,984.716500721501,980.434480388296,2668.05625615495,7667.57477501388,414.083055090026,7403.7026131121,3064.50051246482,530.999461086978,7749.80379123271,7399.98705416512,7573.47157154085,960.579742209142,1294.0879489965,7458.84297699969,777.85788618437,7462.66242494402,7749.70465253092,7142.60558492864,2768.78024319519,7697.68539828692,901.175997710848,2738.63188624578,1556.05788065268,793.222936828772,2535.47898483419,7697.88575209533,7509.70240246538,7374.01046485036,873.149819330633,7584.82028506048,7708.50118442229,2663.97333537295,986.317551332804,1019.70076566944,993.928587155014,7686.42204617884,716.229045174719,921.350311821924,1053.55408345687,1159.71087471938,896.134570121342,1247.47576937801,1184.76325562082,2452.04509800343,2594.34830060188,2572.19870379617,483.211143346564,584.517926956598,468.10280901389,566.18901890199,1032.9243228722,2688.07759965247,1062.4593016772,2489.13088140029,2329.93413570205,675.425399782887,2339.74627101754,7608.28424271884,2628.6986279041,1006.5718362326,1175.76128388855,7158.21822675261,7278.02409848318,3129.93832984106,1194.02060880307,7792.45482834183,2209.06684019812,7673.19903008714,7371.44298182733,900.799131178708,962.638366873882,989.459860693473,1167.34112770428,1028.31967499644,2726.78508854266,2455.12149224004,7341.81380862808,353.116304693805,540.890314041258,971.237323207315,863.615172670566,600.630318462715,344.520426773524,2881.65887508226,549.802556861795,889.128909511517,3693.3875522374,8289.87667930252,8113.26337066024,3589.07058817857,7956.8883117382,1156.58184542398,1115.78558955343,8270.99676593275,748.850299342204,745.002045689042,8245.54128701248,3644.11883356466,8201.99819564766,1076.83364579151,1051.62539231521,593.43457644167,322.195516209777,3908.32249501036,272.804631181792,1128.38115792887,3852.7440586507,8309.0179071419,269.351507339656,3589.29040526115,3869.61748575412,1043.10770436156,8131.8378211999,379.38949783741,3625.15737502165,8218.76899412943,3585.82719112936,3646.55868560959,3549.94592780288,606.755142111622,8032.60284465645,649.68685851761,8080.68001840463,8125.00437720019,697.205747516074,8172.2687014776,8290.87746454622,8231.18886996677,8296.68915321499,976.532634747852,3610.58093781644,3582.90232079586,668.424052901448,3618.59470958645,8171.91034717589,8038.98235721191,8097.16338828405,8156.75624376168,3649.03538526284,845.718243388807,3513.52592108243,321.173590445241,725.368654312526,8007.09757620665,3962.51527326466,790.28609306625,580.91827888916,3454.81180756815,1045.2831558465,1051.588276216,968.898362673364,1283.2054874258,903.886768435632,1060.638042383,7976.68897133418,3730.68139028997,601.523212868642,3100.25223341189,8088.62544622211,1075.74362129605,3672.82478337323,8124.7844631888,3276.79066275195,3692.46947648,8173.38502421255,3649.09007621804,444.352963399668,4082.01024523467,697.246513357936,8475.01097447694,759.715040621959,3466.26316161325,1338.8488091983,801.625590988174,177.809168333153,8198.45042853995,8166.97275858105,993.863869242191,3635.06651290689,737.577150510046,8434.03860155882,8625.39441166546,856.689031715888,3783.81532091826,1344.8681484415,7987.6516961759,3788.39545323097,617.598382772845,3761.24797484795,1125.26043311123,3727.69353378368,212.651279405264,8141.21235124102,427.701882533049,788.73489454938,3603.99789737015,805.49804861496,8140.54156623986,8057.84296528674,490.164804116779,3579.65504608867,1047.08717470406,3678.51303435691,3889.66791336437,3756.2040400559,917.831142960971,8103.69212848684,7972.80956391144,3550.3978755506,3666.2743130721,3707.40866359997,167.830588122938,3798.74742587465,8278.54801884569,1403.8513842791,3561.299385054,1116.25037783546,8326.05320026352,738.020428528231,787.988984564793,953.692514883872,8171.00752658707,1044.79749831206,514.627780725175,936.725377996912,957.369402975505,7935.47184866064,1010.00773968416,333.43273155214,1403.98553127946,8208.44198284031,815.870969576096,1e+08,3714.49001521844,3510.39014658836,1450.36514363466,8156.15310955128,1062.57040026308,891.943120825705,4026.55696090463,564.397502160258,1044.01623129891
4092.59305674642,4312.20544460284,2948.05847160458,2960.12214882986,4725.2566518119,4866.30619409172,2768.52622121488,2782.11196057061,4769.28851309723,4574.55039770582,2889.48106933015,2717.11074820685,2650.8176758601,4335.57606584521,4563.60368204432,5008.20799122844,2547.02984765514,2759.55349067295,4964.98162184877,2780.88744763494,2912.43902750508,4359.77423765612,2745.82316735833,4543.92637375832,4300.69679270071,4650.98434527656,4321.82265030477,2899.23765760235,4747.3091577788,4373.12681488191,4219.81030344826,4871.50066699808,4598.70852759699,3819.02126721636,2666.76320637776,2833.14312586946,4670.09001305721,2687.03876340927,3798.34214730915,4470.19712668286,4047.81395703568,4951.17040114838,4487.63567878689,4522.46014764437,2696.39040568596,4399.91618414087,4554.90161635051,2955.46837249743,3722.18344768206,4708.6454066571,2678.5386779775,4671.44573805232,4739.24602518254,4162.34700277546,4822.14083546919,4468.37383867774,4468.40477140433,4223.27349531144,4416.80347054252,4858.66642438428,4757.86711892064,4485.81811307403,4791.1023041371,2555.81070564769,4882.43406351731,4949.87162272528,4842.02230304801,2962.43327381161,4366.50021139055,4292.82052239498,3960.87674300058,3597.711271668,4097.49788582713,2417.02023451352,4188.5511409897,3829.37668048802,2441.29305213319,2492.40627543319,4218.16032572623,2417.66106807069,2427.87810267025,2422.24283497773,3786.40312573493,3475.61077939352,5270.62676850143,2435.24300077096,3517.82304326508,3998.93198757813,5636.59085480545,5092.25755379086,2460.7685238465,3852.42312168849,3439.67187474578,3907.55303406282,2417.53983731056,2424.70306662258,4195.84478856176,5362.26325067811,5244.90448761823,5155.01909777975,3494.31716396384,5228.1956367182,3692.61487590437,5368.1978022309,2418.46252841888,4030.9072189108,5382.95879419508,3776.48310347783,3953.924679877,3934.38786740091,3881.66078668711,3485.55142712272,5135.85474704307,4457.26344963063,5202.4122442929,4540.22227220179,2417.11719645874,5557.29485500492,3563.74574317727,5479.93735310883,5178.99155245692,3695.94446327863,3857.1354297152,5262.06201997474,5055.98834660036,4411.53034350244,5597.52458353241,3409.29326553787,3778.6102466738,5430.37525043207,3955.33092212288,2430.99395748924,2431.49336111137,2459.51302582664,3941.33747441138,4460.241938742,4159.03906711353,4574.46801763039,4339.47223551347,4544.821404026,4160.81620204516,4555.97799116027,2002.30031820207,4393.10146603767,4440.10616886558,4133.02691726548,2686.63284660543,4464.71352440032,3975.60836561441,4746.46100704896,2192.71387649653,4330.99330327334,4698.86159535292,3881.52751832921,3476.43207936877,4053.04462034193,4363.47196250813,4557.76852890974,3998.24577864515,4581.04426937102,4194.70464868281,4611.94641450518,3133.42795240064,4333.97740689371,5063.89976815057,4260.30516486054,4130.94597563109,4167.01019399567,2212.49729179452,4203.6650221849,4323.71250176994,2391.66617623936,4060.0503433503,4148.88713196538,4397.70160939434,5021.35352868102,4557.11468103563,4660.27721505682,2526.75051605472,4449.79275909644,2468.70672140112,4130.96335737544,4816.47501639243,4089.05679951738,2431.62518236989,4400.58875578491,3999.82115152539,3967.51704211989,2473.58918778222,4367.8418615919,2231.58574889379,4181.79845825408,4175.43644083375,3980.26483618937,2126.79750165988,4342.7781530643,4577.77669030467,4419.6494063875,2716.26398112515,4354.18576725375,3477.44486590585,4523.40697249268,4509.00783582726,2501.20218602264,2267.83444026697,4165.42027771571,2234.80289510615,4258.71099276992,4719.32826522943,4212.02401452789,4294.36811004183,2339.97490551996,4704.33202111078,3986.26175571441,4425.28699706803,3064.06463895621,3970.88769386722,4752.33723251132,4419.48184509033,4727.2099459014,4174.21182699175,4509.16630136183,4417.85257405024,4005.30574455181,4478.02436289596,4804.78444021493,4272.99055938695,2477.79226694576,4656.58804800959,3852.48643379443,3589.7923772463,4877.42629917667,3707.75727230558,2136.16852391664,4711.95180234326,4503.30626701456,4320.24595883636,4174.50417568497,4573.88412924754,4657.86236745121,2258.99866298794,4297.51429412895,4361.96566870164,4212.6759909629,4669.71093771966,4162.08845536917,4295.30879646202,4373.48064707257,4545.75632157136,4203.45642396279,4494.35619537147,4499.17177967089,2308.78889326499,3132.65046261347,2560.92610936224,3885.84241349315,4067.77369508098,4001.70428450945,3995.82191073637,4333.75934961454,2441.21463680291,4429.36062324432,2193.37542019271,2272.28803666015,4103.54187133424,2187.32110595981,4566.53972546241,2144.00221793622,4369.77820840597,4449.57169926222,4195.80568906497,4258.68674951517,3535.072470467,4439.46749795842,4780.24559565924,2412.0150005761,4718.08326013555,4390.68316908533,4129.73609168611,4167.91762604898,4212.95480184139,4231.45924448237,4332.0180337754,2305.90357671168,2274.51919649918,4837.64417650628,3879.0410332243,3959.61186094985,4140.89078698369,4077.09016068013,4042.84214409393,3888.25052274497,2260.55786646943,4017.10123778861,4290.64747245477,734.214752625728,5236.63844939527,4999.675168292,641.976522416203,4863.56957449771,4467.19337796098,4190.55356073342,5109.46079222909,3849.42279998319,3883.67809498234,5091.73528797805,663.628557430644,5050.20746450073,4196.02943725464,4163.210183496,3325.07202266373,3673.52277888111,1031.55836268901,3631.48494421408,3310.51472867969,788.408577271692,5195.3320532141,3671.31352000415,1235.15509112302,828.878790731068,4219.51723516363,5027.89631036168,3674.55982271488,374.537063877949,5108.9146199021,376.299775360837,620.94268421394,795.974708704638,3406.06167163522,4930.58275570045,3833.47365672495,4983.37819500573,4975.91436213104,3502.57293100743,5026.95926578822,5212.92528038815,5121.82243694863,5182.07446511462,4062.31970298291,308.719931908815,973.43849148933,3519.96943181203,315.26424185561,5008.76278646052,4928.00109257292,5003.52646815896,5026.77593468511,388.852834625886,3977.45903332398,829.948160308676,3789.04841329918,3700.93959419476,4945.75768956179,637.425625957396,3704.65198604191,3536.46703511437,1012.41224942556,3439.0911941961,4179.28415876411,4273.1946892369,4494.98556460832,3328.16516185596,4193.66840732797,4883.83329587946,245.535141871254,3613.1774742122,1403.6734437226,4976.73109265332,4303.23437128219,699.848921814888,5021.59891334989,907.546124026269,423.546182802643,5031.9411825059,605.517051623742,3531.40804308212,1651.96481556204,3751.04992420267,5204.14254798716,3632.27631792442,987.995597039683,4620.95328748451,3716.17682418828,3635.68127200689,5082.82790860159,5027.42179782137,4065.89139990327,409.363521430473,3703.07528101675,5286.46208758277,5469.6152331591,3288.89131314717,296.579984832083,4649.16369263249,4916.4896410251,241.014101762629,3394.17863407951,370.252642784197,3626.78657452248,803.105043393785,3847.30238963086,5036.06311045082,3569.8929438118,3838.95269080954,1064.35693707223,3890.57029806008,5016.13266875548,4929.39157032107,3656.94249485363,779.835711627946,4122.12073973406,464.130867597114,833.135678185944,397.099870074785,3387.02370160705,4975.47970992592,4885.98260083647,654.121491469545,858.980037764369,264.570695652429,3656.35554673727,275.399694148758,5194.06793887024,4586.59931191438,673.830568859878,4203.84552676254,5229.7422832873,3645.5258616276,3945.24469459156,4061.00069916448,5066.72324630072,4117.05585703597,3746.08980018106,4216.75863950013,4011.85339661227,4849.16090778737,4069.23381135211,3597.19475631737,4727.90031955769,5073.66668737325,3978.43233416836,3714.49001521844,1e+08,929.822250129611,4665.7633520146,5050.76703899404,3593.40006392252,4091.18340255105,1194.26709750844,3403.53030335041,4163.46947441325
3745.99377093243,3955.59829727726,2714.09433640356,2723.87452938348,5095.01030603391,5239.54352714595,2575.12074812051,2585.11568502324,5140.16529792966,4208.15125887409,2667.29808333425,2538.31369683007,2493.76525833378,3978.00979547196,4197.57374642078,4629.35870840289,2434.17961343893,2568.57769921497,5340.47034835509,2584.21059280077,2685.49539252419,4001.23421246423,2558.65934370986,4178.56802146194,3944.5688498609,5018.76506206001,3964.81856267928,2675.00784376322,5117.6295052411,4014.05770051796,3867.18453181666,5244.8601590165,4231.5055360459,3488.00603793353,2504.12824614426,2623.52230250854,5038.38796076548,2517.64443575836,3468.67909394582,4107.44908096311,3703.50268851288,5326.35258723118,4124.25648430441,4157.84625802219,2523.99634054896,4039.80278736882,4189.16741676367,2720.0962212262,3397.74901760921,5077.96652676049,2511.93415176519,5039.78012789608,5109.36015629924,3812.36054151199,5194.32245201326,4105.69228827029,4105.72209207675,3870.4927952751,4056.04335961553,5231.72333282884,5128.45578841599,4848.82352085232,5162.52323817657,2438.52387899985,5256.04932171985,5325.02484235856,5214.68297685034,2725.75338559377,4007.6929497292,3937.02320128822,3621.28334661019,3282.75992267721,3750.65352528724,2445.08937437142,3837.34483202938,3497.69463398733,2527.15968225638,2412.06577277617,3865.60852885546,2454.37270780732,2413.97244903214,2420.8615731051,3457.53348691927,3171.29145723435,5652.26395105602,2409.24772460394,3209.66280967298,3657.22684256604,6024.26489640828,5470.44830627115,2565.96833306616,3519.28112867244,3138.77247460366,3571.04824779134,2435.44211439571,2417.29159367476,3844.30385021622,5745.53306216584,5626.06727414782,5534.46536606531,3188.27298327811,5609.04633459657,3370.32238484189,5751.57035661945,2430.47647483375,3687.48418723012,5766.5853711571,3448.27994082535,3614.72521927501,3596.30931930003,3546.71313679231,3180.31091882792,5514.92276500844,4094.98918637687,5582.77517352758,4174.99149248185,2439.95057602574,5943.76479342339,3251.6088264331,5865.18025349819,5558.90478325091,3373.40749392183,3523.69894361217,5643.54204926794,5433.43101010022,4050.97122443911,5984.61199528594,3111.39882649541,3450.26361380265,5814.80332445413,3616.05157030412,2411.5878049103,2411.26503295008,2405.66034348479,3602.85783297211,4921.59756059463,3926.47623329405,5062.98276122608,4138.41447099122,4245.1335126127,3951.92231677051,5035.19816552689,2123.07456218746,4085.95921244571,4926.82837795935,3897.00995360415,3117.84034364803,4923.50080150518,3771.75925797193,5296.71370574081,2532.49254937665,4824.55619958061,5265.60094672719,3697.4185789592,3256.76266923277,3861.26176376069,4202.21396767625,5139.05785384691,3802.18837445618,5088.50905278485,3865.06738472268,4449.17358214473,3560.483314767,4168.81324035188,4696.42598883646,3922.35852434919,3847.1940377649,3937.13930604309,2385.05600497761,3823.0703283684,4161.097596763,2669.24358262225,3862.53591374973,3895.08454995196,4225.46268060636,4741.295201554,4388.58808669097,5177.14230875984,2848.94670580794,4942.0940454527,2881.01089321442,3837.34057855356,5341.11418641293,3901.51820552546,2280.26887910857,4871.88522570107,3799.61289275743,3768.99197701391,2739.05451956313,4110.4800950932,2621.0468227098,3832.16088378554,3970.95427608895,3799.2052972411,2420.75648775034,4144.7693773801,5064.77091825858,4254.45571421242,3139.44054543728,3947.58478773257,3287.46407848986,4985.17261995839,4975.95675937659,2897.35264063545,2627.5707509857,3965.70366877353,2342.15335262491,3998.16306001092,5282.60256819035,3889.59301610326,4032.4503372884,2708.5462339789,5256.6545326631,3772.31369064171,4891.64384116323,3519.64260005662,3759.98605800099,5270.01286116778,4895.7127780432,5295.54664109673,3878.0511157947,4174.33514194973,4901.46569424836,3822.66007414979,4974.20403275299,5363.09410909359,4766.19185332818,2907.55324138249,5138.05438040436,3505.91231405546,3936.05316172808,4581.89184764344,3394.96904867069,2372.64302792497,5269.82347807624,4989.79787074183,4750.18680917222,3949.98837530701,5055.45530221534,5152.26292420993,2549.64681303015,4134.84254986213,4152.53370152655,3893.76101483585,5193.19100436893,3951.13303794467,4130.19642407903,4165.53302091093,4363.77123348524,3961.39010227207,4177.80193407821,4230.44232434658,2535.96258367801,3527.52581602767,2926.61034165274,3701.03120389882,3857.79950985762,3810.16749997285,3769.4766061176,4113.50942000016,2829.71624590129,4254.15663997154,2459.75604881391,2359.90162287462,3925.55029649784,2323.23100808828,5054.55770926855,2396.52427415353,4200.50294972969,4185.19101637637,4640.54514128712,4694.06893952106,3925.3698120941,4154.93955825787,5294.25993496353,2333.88350299162,5276.36823764061,4880.95204129826,3866.3994911143,3913.2563956901,3898.11027169983,3821.85055868533,4094.69462605581,2714.03548795763,2411.23426864828,5492.15759021142,3670.25233871537,3754.09463883971,3851.89540504245,3788.72374393398,3836.27319509792,3694.95170352187,2707.84992239029,3798.99324535416,4106.59080108168,1528.23219644703,5515.29211182317,5280.91349272297,1111.54624996972,5151.16463254844,4280.1424143461,3808.2088597598,5398.37698116648,3690.4162982704,3723.36018383098,5355.59756159429,418.722536764254,5343.16162344993,3868.03088986727,3788.51918681244,3110.04291130443,3449.16817197807,1833.54493804614,3417.23913960421,3116.68880833825,1633.58874011709,5460.70680515561,3462.49100096041,370.903080707561,1647.69526562968,3873.12319657768,5320.24439661896,3474.08613084268,659.749550557918,5391.31531079053,588.170711577003,1404.30646808666,273.76251174351,3162.55822396834,5237.76873945164,3548.24833064554,5270.45346332671,5264.80483724356,3286.80565938338,5308.90676533761,5542.77334927971,5420.9736647962,5474.32072099772,3723.2691508398,1141.43347325083,315.623510531413,3296.25171359071,908.632749764372,5298.75748379832,5231.76115322056,5311.2149689513,5336.51585582442,625.063515165184,3844.98633203598,447.733684307485,3555.8556283177,3517.60869490879,5255.54474411942,1491.38477594914,3518.31259287995,3330.89322624937,231.687744446204,3244.08455412182,3869.96037371051,4121.85155139729,4320.54827495599,3020.9026629043,3841.44045995263,5154.56106362373,779.663951234202,3416.62120138075,1939.32148075053,5269.95209426616,4161.17586014167,369.703438941404,5324.20392651635,689.3140467977,1050.3130791425,5315.31864839469,464.231901529589,3312.26064552446,2359.70523249511,3593.92241445324,5486.82510831677,3445.20007841357,146.335262443005,4410.5901799619,3537.98346356441,3423.80690878246,5357.52580318199,5336.26329678,3732.06506081074,856.909341535907,3447.30020048999,5601.35006427262,5809.49501414799,3060.45271548613,1061.45639546839,4458.04608968584,5231.84933040066,871.00092745467,3166.60288603971,1214.2136958461,3448.19527513626,1559.61417421292,3634.58247554919,5335.64154249103,3357.13660160207,3701.93062102452,202.615812519569,3744.53694738222,5322.91599600713,5213.86533811187,3419.7698438966,277.467452047313,3738.29881920489,1146.64128051288,1628.16789389671,773.341287329005,3181.0334915254,5279.00866403071,5180.55050938505,330.926067554512,1632.45822840548,987.147463429737,3444.49853565479,784.433909941622,5472.19254457377,4381.41216942936,452.696517966114,3811.98786365874,5541.29786937435,3398.41692877976,3806.28352290707,3737.57010934371,5388.81690472245,3782.34090682378,3539.58036532968,4072.49264297606,3701.9186783981,5138.55698886116,3782.85390946541,3388.51705296106,4528.6533831379,5372.14834535389,3824.13852836459,3510.39014658836,929.822250129611,1e+08,4463.26253442162,5329.51827503503,3401.02989687824,3953.89763762809,1949.92110386956,3172.95752939471,3854.21683882343
1209.23540336329,1178.38316325935,2223.97242146337,2206.20537609198,7724.77421690823,7886.21660890538,2516.84699650239,2492.45355938201,7775.33869488839,1218.43024877061,2313.28512427797,2613.51775039118,2750.71456257386,1178.65088369741,1215.21417522918,1431.23153999442,3010.85091184449,2533.20557158411,7998.28496193306,2494.63418151756,2277.65651206185,1179.63454376421,2558.63926665675,1209.75060584634,1178.4994053351,7639.11847749059,1178.41177597948,2298.04125705483,7750.11799649801,1180.48254686902,1183.98090055425,7892.13332036677,1225.96662756082,1330.23267800603,2716.17909312747,2404.50472150199,7661.19737645536,2673.74861847261,1342.85690519052,1193.02459324635,1222.93101546844,7982.63983096021,1196.43510604412,1204.26332592754,2654.69095208152,1182.83204015537,1212.74733685926,2213.03527896752,1393.26912491181,7705.65744395785,2691.34533652245,7662.76287729083,7740.85605077431,1192.87093230721,7835.83017281517,1192.68791975999,1192.69359995812,1183.57797238062,1184.75327161174,7877.5110303188,7762.2377785954,7446.85270124625,7800.33162301654,2985.63858962046,7904.5805040302,7981.16793016459,7858.53005647219,2202.82466533084,1180.03469242585,1178.67372989853,1256.49736341602,1488.34863937415,1207.88607772969,3769.88638811224,1188.30117811447,1324.08549112297,4090.91874483853,3191.19180555092,1184.17817869152,3816.61627629899,3546.10934435147,3612.52355774794,1350.35515836871,1596.04871116457,8341.46628093581,3482.06996183434,1557.24697136854,1240.68468816755,8745.87992870394,8141.87473501692,4204.56063816244,1310.82757143485,1630.36896318565,1281.52357127291,3715.28637302507,3580.52773634322,1187.18305343294,8443.33188764022,8312.7935681348,8212.31149823793,1578.65162938226,8294.14895993951,1414.45975818966,8449.91416334398,3683.81416282072,1228.74289650062,8466.27867099368,1356.70111906484,1259.57175326014,1268.51530420952,1294.85863163775,1586.76390538292,8190.82825751867,1190.71845655661,8265.34833879618,1208.76826087242,3741.72326954888,8658.77269068649,1516.90842068531,8573.53107567178,8239.15465486388,1412.02929455392,1308.18915001736,8331.92307289628,8101.0614968964,1184.11706944525,8702.99866179357,1660.29483966144,1355.3315485847,8518.77420561554,1258.94527979534,3516.97320389556,3512.61849801305,3333.98420061635,1265.28272892772,8116.323205538,1534.51487819755,8034.85859784866,1395.50045812652,1805.45636787993,1533.49805596889,8211.37039461855,3803.05465608267,1722.98566550407,8125.3391927458,1625.64300184438,3477.62832362423,8090.63081037788,1364.59744323771,8426.86209615318,3757.00129162795,8038.15117213906,8255.57675717765,1327.27652207189,1718.00658507899,1274.15826102999,897.952323875378,8076.49609014964,1357.50610470243,8161.9107173897,1776.52968927833,1493.87892642239,3402.41425002955,1370.50202927481,2117.13813396151,1767.58402085836,1679.10001675828,1554.38612283703,3622.09467648507,1999.17286552567,931.923257409267,3594.07657290425,1263.64304927078,1681.93602306254,1011.24383513973,1794.88933820044,1341.32023030501,8368.63488824831,3447.89768267824,8079.06128304099,3585.22173236644,1714.03498488152,8514.86421575856,1155.25919587572,3354.10694933857,8189.2498285743,1392.90431352082,1311.4533445665,3325.58772660274,1645.5728227455,3700.14996264342,1793.68511591479,1306.51372378674,1147.12167700629,3728.55993235585,859.230284271012,8272.81431921455,1011.5570081156,3342.69257666948,1908.45153563887,1478.90780605146,8172.6845731731,8140.58807478993,3598.00167610961,3731.77623786529,1148.46484998921,3574.34791984164,1617.83955273302,8244.18099523943,1726.13384233245,1586.48877879462,3666.7330975479,8285.99155972444,1377.32658450053,8080.7934084732,3573.66758606871,1545.60907301042,8418.28825205225,8087.05928267352,8141.28320228947,1698.10660680154,1900.89672082343,8153.2334205707,1090.38231784722,8135.68440747566,8374.40845119868,7750.12637171787,3674.70003085462,8401.92855821143,1903.02487058414,2848.44527313515,1991.90643995022,1860.68854774027,3640.21755621386,8343.71149332059,8206.09874908145,8092.27338588046,1551.87261419426,8269.50410732129,8418.51429770001,3762.32383768613,938.639224218123,1435.31119254445,1732.06032865877,8363.38899977368,1331.33028959408,1365.0924285655,1600.0754847607,1418.37405324937,1573.22442349715,1834.0629085106,1678.40852641462,3542.99225399429,3146.65944879097,3481.85835637575,1274.98349058292,1445.65497566687,1297.12535726151,1537.27428012191,1558.66783584157,3640.63980888005,1427.10499473737,3575.95759354201,3482.87314408485,1149.67779585143,3460.25695641912,8323.41065684873,3722.85373043105,939.967091236269,1688.89299192746,7813.2851623391,7956.44967617843,3274.05932839338,1783.83570723341,8465.72134253959,3403.62313298365,8291.44819580306,8040.75181511434,1704.33014695519,1638.55173903637,1715.30297509055,1971.19591511311,1639.19946198413,3672.19171325562,3542.52412442464,7764.72621023204,1461.88315043075,1566.46632431406,1826.35926909034,1698.95654789278,1501.27237349235,1425.19761558963,3895.00285835924,1485.30764699881,1268.95727326704,4655.42539274136,8754.46115625756,8639.52786753868,4612.29108351739,8540.92966447866,515.047131915616,1936.53362843426,8845.43964318572,1491.45595924098,1416.88093610104,8792.63531828034,4618.98796178724,8797.30471392069,1843.72007023786,1849.82516877065,1656.2413203253,1577.56007910016,4839.45567256863,1445.01614089506,1610.63451459898,4792.33529656997,8816.3329298095,1382.99017670343,4534.71797117042,4798.08721590153,1741.13217072579,8670.61842148983,1326.44035773536,4586.08856357608,8737.5516473463,4547.73939724342,4618.25870036819,4519.95772966652,1646.94212473018,8637.00563868785,1704.28509019689,8603.0717084395,8732.61006293874,1363.74994814763,8725.11536731062,8884.8389557217,8799.6131290067,8809.86778958124,1854.24837851414,4572.97219023551,4551.92648879254,1362.4647269407,4607.81187909019,8782.79529213363,8623.22975419269,8689.22346545337,8759.76918955297,4605.12461869257,1204.01649895314,4526.11645987636,1538.86529405639,1519.38637105106,8577.79998747678,4863.35731016759,1557.35037213887,1380.45361682298,4415.25148382004,1520.55347468149,1841.29544781477,990.3605479562,293.327750063929,1860.34731814015,1864.50031850811,8497.94523427132,4699.58863763313,1298.62618353774,4133.00929527063,8665.02260275306,732.815662911983,4630.55964482261,8699.98997533649,4311.70142414957,4688.26042309369,8729.62706664011,4625.06899830682,1456.86053080524,4878.33963272667,1563.75498530294,9117.6513893801,1620.21417553173,4435.99983295395,226.037083130771,1572.69300134768,1459.040963021,8717.46934004762,8772.63553098357,1896.21226640473,4635.28890707682,1658.29916214388,9045.820592823,9268.46967133571,1511.95364135118,4747.44000884092,263.873811630717,8597.21271543154,4745.9045873071,1529.04105540497,4743.28287584542,1548.97722948455,4600.72132919252,1423.79299289709,8713.36607606252,1417.78002400955,1455.52326719104,4545.42262997767,1204.67269558558,8766.14212724174,8621.62342307884,1661.43673203932,4551.3255528922,1839.90830050962,4675.2143044756,4760.04814465688,4732.50879557446,1456.60978298702,8714.93652040922,8562.18133054408,4521.39783695317,4662.4030747481,4680.6125847049,1438.63438148954,4744.96735281233,8746.54322498886,116.595844916884,4552.02660757322,1936.86993891653,8910.49676540592,1685.09605026733,1188.62519504738,1807.30169000661,8783.86590938102,1844.17182349957,1226.98714508428,983.010001724115,1910.91151049091,8509.20181514817,1894.73557424366,1388.51970009596,243.264258146365,8797.65636606931,1241.40341718109,1450.36514363466,4665.7633520146,4463.26253442162,1e+08,8653.91113305948,1508.15326758204,1058.26717861809,4859.97920038096,1636.31864360181,1830.65764324148
8202.77441286576,8462.80744458228,6653.3914729376,6673.32660562952,2156.21686134247,2118.75158965394,6333.3661615429,6359.48499890348,2143.2128479313,8766.28821415993,6554.17810229464,6230.65925932238,6086.88478102244,8490.13203638147,8753.75739673763,9255.2006193304,5819.69990686278,6315.89768378693,2099.83849932153,6357.14665252756,6593.56442082644,8518.36019028673,6288.81151973021,8731.20572776277,8449.32891921731,2180.81410574518,8474.05919240692,6570.99977555112,2149.55641756262,8533.90921406511,8354.15586715613,2117.60548397749,8793.90512286985,7868.77395416795,6122.87195482446,6454.39438041485,2174.16923489536,6167.26992752342,7842.97036882475,8646.38924287554,8148.94854607641,2102.12186999579,8666.49649105731,8706.56381667359,6187.27953907351,8565.0480357445,8743.78845999873,6665.65502107203,7747.14864618544,2161.42889928763,6148.83213176161,2173.7060487976,2151.95739411282,8286.04740381195,2129.16918248874,8644.28523126359,8644.320929263,8358.24709665681,8584.63854690203,2120.46752862718,2146.47244208033,2247.28222373822,2137.20898593543,5845.31774302178,2115.24768217181,2102.34269340018,2124.33070493978,6677.12779105098,8526.19496178101,8440.09571804538,8043.55834849327,7587.5673995919,8208.65224504136,5071.12406131912,8317.15906569275,7881.66273294813,4766.15949487306,5638.01362752097,8352.20614197111,5026.32332286999,5287.62613375292,5223.02834076721,7828.03224222683,7426.8158155554,2079.59690767337,5350.19389275119,7482.91399432555,8089.84089705809,2129.19074055665,2084.38126153193,4659.78944261889,7910.27059632208,7378.57923488599,7978.29088236727,5123.64800492399,5254.11250268628,8325.80267382187,2084.68054385881,2079.08213077512,2080.46286283165,7451.74791227228,2078.96384672206,7709.59080347125,2085.18315994079,5154.01114276713,8128.54740083165,2086.52394849695,7815.59729734416,8035.07712100571,8011.19857783744,7946.41551265824,7440.07938963576,2081.40071161136,8631.45720794489,2079.11653413853,8726.95664874921,5098.19230891976,2111.95213815863,7543.30349595124,2098.51204395389,2079.60896691726,7713.83043677906,7916.10723239313,2079.3807984751,2087.75964712975,8578.52448650175,2120.26688557219,7337.44281832393,7818.26548714733,2091.70016185206,8036.79334199618,5316.05836761099,5320.31278014691,5495.95927090745,8019.70019266204,2968.71737330073,8715.57635492646,3176.79191110887,8812.96180295393,9070.98602803699,8698.03550870109,3032.27207860459,6634.61356329734,8926.58066678387,3156.65706788987,8681.46025480446,6848.96062122426,3056.0574916093,8460.65131803197,3278.23517374928,6700.84335564973,3143.892155602,3285.03937621581,8316.51549988341,8040.90283592383,8507.02680508877,8603.4302188273,3316.0552032575,8486.41681680477,3184.60964141248,8739.086189074,9041.73529265589,6977.05331855602,8812.25274087518,9628.99934731647,8779.15275862167,8663.06813338373,8695.80180913952,6786.62361973595,8753.95770244974,8580.59606103595,6969.86904861462,8505.64140062211,8713.4941845923,8739.53129925639,9516.46580363292,9020.24604874051,3263.44113777402,7002.84789975088,3076.46813338801,6789.89732483439,8676.54766274597,3176.61756979508,8493.00663574473,7116.13058588236,2948.15372954445,8497.24620480351,8426.51251058391,6998.32763851756,8902.10672442997,6683.42696822741,8695.29745459417,8660.46216362112,8172.22490225378,6712.31374407192,8620.44923706896,3115.73752294509,8534.77576704112,6862.07961252532,8839.6679103873,7889.38654887819,3045.29051907491,3086.23317412937,6887.72879915701,6790.79188137356,8575.81348871479,6835.76924463115,8795.40941217014,3389.01839206704,8723.11803278349,8819.95327378129,6814.83888178263,3249.1931999524,8473.47647681335,3070.62028343198,6735.21632974231,8528.85383939201,3277.10278950479,3148.40186389634,3328.35322375098,8711.33392963479,9061.42742531055,3009.23475729325,8296.77687631121,3102.80286543465,3347.49906572155,3207.90353339163,6785.95323088079,3108.64377537275,8438.86496880458,7091.16964710452,9482.34342851789,8299.81565020248,6734.63557338024,3263.50399278709,3162.15308169515,2850.05606623779,8702.19559032989,3085.54901756282,3110.77209356915,6863.40288958168,8569.08630395266,8847.0906776105,8733.64049880293,3183.48495392919,8644.43435121924,8772.26126393293,8932.02749234769,9023.00201802061,8739.36978542837,9051.4309146783,9043.9437140523,6930.02544437402,7139.407836278,6950.78879287511,8292.37523317458,8601.7411740434,8460.03475171931,8550.26508295612,8865.78653923874,6883.69922564838,8930.94711255553,6791.26508720192,6910.90437729035,8499.41089625212,6851.21187787844,3080.34128989461,6731.15410269245,8647.31429853345,9004.7169822889,2932.37652454051,2857.87357689273,6827.75396577491,9012.85180166659,3237.08221664966,7095.26886906694,3299.37762075304,3108.7908378775,8691.72083416232,8686.53815667053,8724.66960612741,8723.27772455995,8887.88581189225,6667.80666641017,6836.80790252402,3452.9680384406,8393.29364711491,8528.46250878018,8711.89606329345,8614.99398137131,8589.15062149738,8393.13807951143,6684.00266071765,8556.34317773208,8732.88670772807,5193.62149317786,286.943131501238,397.076259579937,5352.13232109269,1114.32164907564,8584.48236421676,8703.35772265677,861.034193767434,8313.63943617949,8302.87084147796,586.545520202869,5242.46467193424,1139.96789305281,8733.62207827056,8649.22312749578,7777.17854751907,8165.1245197666,5029.47008001672,8063.23068219973,7454.54859266637,5068.69060709604,294.111515652457,8065.00728871499,5385.14942777565,4979.79966325142,8696.24075276111,603.738243088548,8035.25856255549,5206.82024374232,322.94050620057,5186.62629613296,5210.74041306117,5328.7612920603,7876.90510867218,1324.91374726934,8362.33047708511,405.103499208465,1221.51493172883,7810.05204217211,627.976715097491,1470.33814872873,987.762502602243,354.577923303889,8587.50223879392,5170.65842760224,5329.95802354583,7821.2200715955,5253.95725375906,1270.05753462883,1073.21351238309,1264.02351026808,1266.65902593588,5164.07498779021,8284.6261360603,5408.94888710107,8278.83228034849,8141.22290856942,1098.85695825715,4878.08581825028,8134.88735433035,7876.26185606633,5392.20065962055,7581.84329910014,8721.81353997367,8540.1482756757,8525.44082381452,7851.1612255795,8713.67906569692,419.996368763079,5131.29032877893,7901.58842351923,5807.0077751057,1020.12035293389,8451.23424451354,5182.22280367092,1046.50895450487,5568.1023843585,5227.40354589157,704.945288201641,5204.56132217731,7934.50840330326,4947.25536516099,8226.40676414702,1438.26950845636,8087.93965553467,5433.22419956268,8654.03898903888,8138.91174998922,8068.39622801667,323.753292748883,1282.01425120266,8620.42613835921,5279.25556076609,8183.14001140277,1454.2896155493,1924.05007207738,7612.24559065312,5078.22661840022,8698.27669806615,1506.77094908284,5023.93347563598,7807.69522371845,5152.84308043596,7660.60903923789,4943.44095679121,8312.24957247765,1015.42937275867,7957.09535623118,8247.94046989558,5301.32943888445,8183.6835321108,1520.68949262786,786.333549105257,8174.86361687567,5284.2478604336,8602.64708804731,5260.70013886211,4901.78074764425,5154.83511478287,7635.65789889347,1352.6089512458,1186.97599129974,5282.26807539821,5303.42663383627,5191.87111294785,8082.94310229888,5042.9609698271,331.635875627463,8560.42765550378,5343.81916468518,8695.43651936102,1293.84365204248,8128.03814036419,8268.31847873772,8585.38895541222,1476.27935146141,8640.01080375183,8065.80747404896,8472.70684617719,8587.5934603757,1016.80612507738,8660.44256025964,7983.34599217445,8775.35174558184,1161.09784100535,8320.71271932047,8156.15310955128,5050.76703899404,5329.51827503503,8653.91113305948,1e+08,7664.90448366003,8337.28183532876,4829.20353855951,7875.84157512737,8718.48448500907
1210.83717165781,1379.62735405091,1370.30804011484,1356.08076035564,6757.73866581709,6919.29043177571,1619.71038039546,1598.08146081657,6808.33676950394,1610.70245256953,1443.64094240319,1706.55640213039,1832.39724595869,1399.15306285436,1600.622655127,2028.36119794928,2077.00297186322,1634.28323993853,7031.43786826902,1600.00985396791,1414.04460900463,1419.62580557028,1657.04418176315,1582.58306635373,1370.10542093118,6672.02740964909,1387.6320977459,1430.92562295343,6783.0992233902,1431.02887471696,1305.0851331991,6925.21125807979,1633.05453390831,1056.175115879,1800.47245023296,1521.21364549257,6694.12043722914,1761.46820299066,1048.01800740244,1515.97422325924,1180.48511809319,7015.78155715704,1531.58000051419,1563.02455917009,1744.03325612776,1454.12356914781,1592.63207972552,1361.53458667002,1023.28403564576,6738.60934080553,1777.61352644673,6695.68694475329,6773.83112821209,1261.16877845046,6868.8692452347,1514.34819517337,1514.37577228841,1307.79587988547,1468.82398237722,6910.57881165269,6795.22708309003,6479.64452729696,6833.34653769618,2053.02797242104,6937.66712110725,7014.30860677317,6891.58471909762,1353.38840103029,1425.36055753914,1363.62551095791,1126.62969536534,1002.82104627171,1214.25932849567,2814.07834881698,1280.94017231983,1060.47810961559,3130.86118279493,2249.76529798146,1303.79609513876,2860.07262357624,2594.54281895344,2659.56097790795,1043.57932432776,1009.7218521748,7374.87387334275,2531.97643073453,1004.15562162642,1149.32362654502,7779.60413588425,7175.13215665554,3243.37670057429,1070.56126935622,1017.17484967816,1097.37225058783,2760.39804214062,2628.22184044654,1286.52082572599,7476.81790857385,7346.17928470503,7245.62132707903,1006.83302542018,7327.52050225912,1016.07779617806,7483.40528770392,2729.48742607465,1169.46403729999,7499.78250077351,1040.04556768252,1122.64195365016,1111.70872741853,1084.3226383178,1008.10270001924,7224.12202932117,1504.46342944555,7298.69806727558,1579.19896669175,2786.38122135091,7692.42765004894,1001.94285283946,7607.11875495504,7272.48463280587,1016.81906385185,1072.70715595232,7365.32337402495,7134.28887949953,1464.22226192703,7736.68872194185,1025.44068027942,1040.79138850129,7552.31895536605,1123.44452318194,2566.06063134044,2561.80595437489,2387.8502092002,1115.55108756467,7008.05727893363,1496.65630733127,6959.6851866386,1558.72177000242,1870.96083829711,1519.88636357773,7107.33427563444,2634.54278696704,1689.1738160475,7009.6662874196,1530.37104053076,2619.74756542892,6988.12989127186,1228.44744304039,7327.59163167049,2698.5097703655,6916.54555072203,7186.87389218884,1072.52312511417,1273.35229760456,1235.46977749647,1211.28497673411,7023.74663264006,1227.86684428104,7071.78750503825,1616.35435349717,1762.34938172058,2714.24601742723,1587.08111595788,2362.94259610683,1625.29266101024,1495.28275801876,1496.35407310886,2497.01121687287,1740.42397076786,1179.35452275474,2603.6320513543,1211.28247769262,1548.60311368766,1433.5412180723,2251.69709481226,1749.40956985518,7256.15117317466,2502.07651561477,6982.67510768124,2690.13852347369,1520.92613394892,7411.61854020522,1182.77630853388,2258.17831974229,7045.33149102041,1266.5322789185,1165.24220394735,2365.33043699663,1672.12341888706,2666.9123139524,1590.82725401563,1367.85349437851,728.752309609743,2658.49556763714,1205.42298599774,7156.39535595324,1054.27493016104,2520.83869276549,1781.13187939967,960.699506565351,7058.76200734869,7034.01436981695,2659.7213377675,2693.99860075188,1239.14051005742,2463.53195513791,1575.91337654393,7178.53473544426,1554.00997808963,1578.98778513192,2660.2516494319,7213.83738704498,1232.56634778301,6967.12284723799,2887.85825420869,1355.69022530831,7313.14855415961,6968.45959017203,7085.48364160709,1570.79606064698,1875.18002484177,7034.35003685672,929.931391440476,7029.61445422022,7305.19249122853,6665.56869296463,2725.39437466185,7269.20482647532,1551.53967229056,2496.80136019746,2204.99262244868,1428.83447810986,2527.08952022871,7261.57893639218,7081.80061589172,6952.59480879047,1487.4098936789,7154.80817643932,7290.19967908154,2723.3109602404,1189.97225846221,1589.46192482579,1566.6079921693,7252.3000358825,1375.12309676772,1529.26238608799,1694.78455353404,1713.22089173554,1545.08892584824,1845.31453482033,1795.36626281386,2493.60501062749,2525.43821234457,2534.53442079566,1039.01407728471,1389.35353028238,1197.80920939394,1375.55298081871,1660.40049877085,2704.46354235727,1682.11207703459,2499.85260232987,2344.78091945936,1184.01731304238,2370.52391628253,7183.98291581721,2633.77618609461,1227.73547508487,1791.5162563383,6704.15918038026,6837.71118735874,2806.25025311292,1817.63356406222,7357.8609281317,2313.99264234969,7224.40768716094,6932.33820057812,1528.37626934883,1524.78898283353,1546.79314015672,1745.60617683824,1662.4807714861,2656.56253164848,2395.26397349075,6834.3088697841,1205.76339758847,1373.84234107751,1575.29305719805,1478.76910017417,1377.00233028999,1210.04663367486,2900.4766672012,1361.93087070295,1459.24263861766,3591.21011667538,7778.25772170688,7621.50572482414,3476.14751191034,7464.81915681308,1458.12661641889,1655.06560762189,7785.44705568451,1291.10635616721,1202.82320350632,7763.21449285662,3526.278642187,7719.36298632552,1626.56648875735,1581.24060867466,1083.16424835669,1127.62726793361,3779.32602413198,1036.28216518654,573.144420969929,3746.56911027261,7815.64361873082,926.080068394652,3475.13720286822,3729.75127490374,1554.40743114258,7636.36155474893,889.555080334619,3533.95404455057,7721.99250737659,3469.13833512389,3541.36526798627,3442.7967602057,1155.85991421365,7541.87213760449,1315.72241927738,7582.56911487542,7645.63524809115,805.801567104696,7686.50544757132,7788.04075591676,7728.25950508293,7798.39993900201,1515.42565477194,3509.74006664462,3457.7492012442,802.203844241886,3516.27972967983,7692.35004636003,7545.06125665488,7600.97410903292,7668.29624881786,3548.35390445645,1218.00130626551,3407.361147984,1158.88836729343,1129.973085623,7502.60125020059,3857.48949429517,1178.29911948832,861.452546729726,3333.52837593388,408.600815183894,1602.8309411504,1427.99026830116,1396.0262626929,1360.20981965414,1610.54420476878,7484.66425531575,3636.08008860716,721.370576686444,2993.01697933854,7596.95392675962,1355.04769157077,3546.45815762664,7629.32299045809,3168.68388686931,3584.63076957316,7686.54048092601,3522.85536090301,984.540510163875,3896.46850514852,1202.23009350483,8021.07305826732,1151.60080086547,3380.01580011911,1500.68100072076,1158.22614003315,996.495140788168,7706.70327800576,7679.17595418691,1578.01442794599,3537.39472340294,1205.81441546984,7947.9718492749,8140.41804454121,992.090019381248,3660.85054214658,1522.48102556791,7492.88833668336,3649.84333974014,1086.77172239757,3664.52724336676,262.407102322,3575.87415139209,1156.47896358836,7646.00210857972,935.560461276122,1204.03081265525,3483.7869728328,1161.64529862916,7656.07236485177,7568.81445930657,1174.25507834323,3462.89810559581,1571.84536904162,3581.42124645844,3769.93495217911,3646.16164796018,764.237187898949,7619.63206549369,7480.6111266109,3447.79289276147,3575.89014649037,3627.69776987342,999.376755627671,3695.28755497855,7778.78610721982,1423.73925332742,3462.86219362642,1646.16725480579,7829.45224317669,1189.1081968621,1204.09250702442,1497.29642376376,7677.84471040242,1569.52339633129,855.158742419465,1376.15958356282,1548.360960618,7443.22207542181,1612.50643688408,921.139092893065,1587.36549168925,7718.99313494988,1257.12659994818,1062.57040026308,3593.40006392252,3401.02989687824,1508.15326758204,7664.90448366003,1e+08,1229.40291403934,3869.24586375901,1127.28590820779,1624.39131445885
1049.06736025793,1094.29910471817,1886.37924810906,1868.96949814755,7391.36666535681,7553.06647944289,2175.37453390092,2151.19137387092,7442.01260810146,1221.5443794162,1974.14487001024,2271.35591598408,2407.89688360722,1102.73728193679,1214.96837345619,1541.19382138314,2667.50603667095,2191.60083027202,7665.30901856744,2153.3525435149,1939.08675765107,1112.13557444964,2216.84206188426,1203.39003064118,1090.38048188244,7305.57114562291,1097.6942054504,1959.13800447141,7416.75137314382,1117.60173375488,1067.45930404975,7558.99247833144,1236.38702124537,1090.00775617391,2373.49616605967,2064.14487235571,7327.68629081146,2331.2578666154,1097.66200976327,1162.95203699298,1048.08928477374,7649.6397880551,1172.07818268579,1191.12538248637,2312.29680554029,1129.15138549512,1209.80911984041,1875.65992581359,1131.20577389295,7372.21889109911,2348.77115787458,7329.25435595674,7407.47449269728,1056.36570221579,7502.6005349781,1162.01420548926,1162.03009004418,1068.2692569793,1136.82072961222,7544.34721710674,7428.89065899262,7112.98325518756,7467.0455180179,2642.31411323334,7571.45916684017,7648.16561635965,7525.33633105259,1865.6588273289,1114.86444726315,1087.79033159902,1054.71912725634,1203.44131643564,1049.35282176681,3427.47262582759,1060.86987117368,1086.41176847619,3749.30860937532,2847.83889403112,1067.07896885405,3474.31276166806,3203.21885124148,3269.76413406255,1102.36670337682,1293.89639610913,8009.00184181697,3139.06351306044,1260.52750298967,1050.41874761021,8413.97866110448,7809.11674512925,3863.2527261855,1078.98016285411,1323.9964316062,1064.42936533258,3372.74781984291,3237.70389769882,1062.29019604662,8111.01319709496,7980.2876148443,7879.65833205306,1278.84149575687,7961.61589505984,1146.45016678735,8117.6047983364,3341.20588383241,1048.49087485602,8133.99244255597,1106.4338010254,1055.74117134973,1059.00495117269,1070.69414467861,1285.8435043183,7858.14326376078,1156.36746428214,7932.77321229594,1201.2460446056,3399.24456217604,8326.75355382528,1226.72362868918,8241.39480303045,7906.54108111802,1144.67269070069,1077.55812153546,7999.44484060098,7768.24214409013,1134.39428087462,8371.03959817086,1350.62795497144,1105.54965346775,8186.56173656533,1055.5285349896,3174.02858888586,3169.6659850814,2990.75835088551,1057.77776140067,7673.20703467619,1054.57480797024,7572.79697426167,801.605513747703,1340.75165533893,928.2028938178,7753.88677231889,3146.16398589267,1302.72351361975,7640.54880527879,1036.13158275005,2821.59751133369,7627.61974391084,877.296804278171,7937.82304693889,3062.17910758666,7550.97261975957,7776.57063551113,898.831031011818,1173.54744906439,781.224422500358,739.521415648675,7584.99338001993,901.580666464111,7681.46985939583,1336.26833439091,880.367717461918,2838.38905103172,724.152353502932,1949.88161438622,1351.5150069952,1184.67882249193,986.110536227296,2932.90686627097,1639.35164647686,772.202508748784,2895.11954032441,796.736713425859,1144.58564736257,510.870510840588,1477.73446914872,822.724156902587,7873.9051146109,2739.1210606785,7599.05663925355,2883.14535718914,1230.67193784489,8034.37153791491,726.582026538889,2715.28680818929,7705.72613430414,869.672682706393,854.228121764371,2592.77309193889,1128.76359324248,3037.93785029355,1363.67309292824,828.927623664462,932.121028073861,3058.91704492746,715.105867563121,7793.70307914919,888.140431839494,2664.38187120169,1731.62350767658,1058.41225226488,7733.01389953097,7669.21755517387,2897.87643641548,3054.6481354691,733.073827918199,2889.06660958118,1114.29753886738,7748.39048279975,1275.98779715801,1078.06600456961,2975.81750873003,7810.03087756625,878.250112097606,7604.783535021,3038.98608680774,1027.85185102408,7938.97449743631,7625.79954368485,7664.77440877837,1195.70515265068,1496.12952782117,7671.96285468404,878.992800761837,7646.59466317438,7889.8485551532,7283.07265159375,2999.88126766155,7919.75504603273,1455.7920888736,2445.26950371351,1651.91780286101,1370.87383229006,2966.85805616272,7847.74898089959,7721.9033433606,7642.87544946682,983.859513034058,7788.36635272906,7935.39546075151,3064.86543294841,736.123125302068,860.474953169043,1287.52872660766,7880.5399740323,789.527752319693,719.127660528731,1054.46509739297,897.056651509308,1024.85795644957,1415.51722821869,1212.54080509618,2845.74408087406,2506.40723069229,2771.63189676257,921.475768809355,935.767400602875,855.324046442,1027.17010757831,979.505428565412,2946.40477189575,849.621811972998,2891.43486705287,2801.0781164795,762.050617636788,2781.62727400113,7845.45932452905,3036.10764513837,771.436600556377,1206.94778995845,7367.55502153667,7522.44235588732,2920.98768785039,1311.55675696831,7986.19546088983,2748.98184934243,7809.31089086775,7563.7724465212,1179.17450872964,1062.83203249589,1256.59393516149,1733.4610986847,1100.62726963892,2993.31429448945,2868.55628394793,7347.59628378874,957.023686899367,1034.59740955488,1306.41831628904,1183.17943851295,978.772907158823,933.454034622394,3229.0660225633,970.564188763202,663.339461424234,4061.9302202606,8450.70850588902,8321.54173927921,4008.09946280484,8216.9675368948,745.026726347603,1564.01384148028,8514.44344713229,678.798218108317,619.34615246554,8476.20222597963,4068.03809618414,8465.07068905417,1371.30639619827,1499.42878581428,1109.46450440798,995.422065346541,4261.88891657708,965.496282739837,1347.18524633904,4205.93961573923,8504.89712893554,936.411050972047,4056.04865690117,4220.23425092515,1353.19316339249,8350.53782404164,938.672227657299,4014.32435427231,8419.78725086407,3989.91696685807,4022.11957626595,3980.92118937432,1101.62270798275,8298.46736110285,1198.85577209943,8283.94310842607,8397.41218519271,1080.48493242977,8403.21661617982,8543.72239583183,8469.72698596514,8491.90494637306,1385.53848995794,3985.20536403427,4025.05869200964,1070.88325356181,4015.68894508984,8446.9149304031,8288.70245020146,8358.56726796389,8418.01519645387,4038.71221942817,242.615704798811,3968.3186970044,985.801862439135,768.423578675791,8248.39784701005,4289.24627952623,772.130528351975,1034.23303276159,3912.87292949942,1263.911260421,1328.7913665344,348.141186978849,838.29891925212,1326.88655133919,1459.47759790351,8182.90846585549,4123.06759124999,1000.40436693704,3504.87245860538,8338.0267210381,470.210449162057,4090.30761270687,8371.7816875238,3751.89566937817,4091.95592930512,8408.1432021164,4071.87880957108,998.091115997232,4390.75471507939,796.151174945855,8757.68710668844,860.372423938414,3917.39299401462,969.177370829503,789.744635272376,933.834745530207,8404.6001096607,8429.74638388225,1418.26309809172,4046.11713722494,1014.72205640413,8698.27655642936,8894.82203021675,1183.41476700068,4161.2053039203,927.15162429472,8255.85488271052,4164.00436989435,1064.60319234635,4144.69733974193,1249.56635486297,4053.98048760369,870.949355101715,8385.59093795366,989.863962769364,625.988631646096,4047.62429229417,260.561137378669,8419.80187098255,8298.29100814081,1098.7322184074,4017.72580307859,1479.69918934017,4073.17500684032,4210.85657927007,4151.05003073421,1214.55273264777,8376.7788282774,8235.83254889148,3973.84173686826,4051.83717549586,4094.96893400552,919.369007300294,4178.33619070016,8432.58864579853,1035.02854134187,3988.43550606284,1639.0593377769,8580.06187695143,1017.88834206263,268.587921215659,1313.27246087162,8435.83859888214,1355.51374007053,937.386726804533,239.551509273346,1388.55107857225,8186.43302126481,1338.03476830737,940.518894031085,1013.52404986983,8466.08839619903,312.542855369488,891.943120825705,4091.18340255105,3953.89763762809,1058.26717861809,8337.28183532876,1229.40291403934,1e+08,4341.24410922924,1085.69013288642,1310.47872747557
4534.50757131534,4758.94750889982,3325.68455711321,3339.19264746073,4422.56439448188,4556.97066905959,3119.59992281901,3135.60570163889,4464.46068661847,5025.78454529464,3259.56994822196,3058.1970884882,2976.60614716049,4782.76898830545,5014.67320518069,5464.73159151985,2840.04048653284,3108.98193477262,4651.32174532459,3134.16646642665,3285.59079056541,4807.42261753716,3092.6576540542,4994.69542498455,4747.21277479922,4352.02961603352,4768.75157300926,3270.64627249652,4443.54009218627,4821.02168821413,4664.65793042995,4561.9311434131,5050.29971092895,4253.03281407197,2996.52933970009,3195.03753288323,4370.15713443989,3021.57436125745,4231.64865338134,4919.78617168404,4488.59565960013,4638.10078785629,4937.51177175127,4972.89460522858,3033.02641628271,4848.2955109811,5005.83898590236,3333.9857279922,4152.7372749931,4406.77404541384,3011.1119303898,4371.44389770498,4435.86897446246,4605.91939857456,4514.82457172694,4917.93257840243,4917.96402573479,4668.19551008916,4865.48142226243,4549.67637527921,4453.58768268678,4195.83904484678,4485.23770569122,2852.21769253221,4572.3743790697,4636.85776182362,4533.79041162024,3341.77660086388,4814.27317900937,4739.18020647769,4399.29148494827,4023.17146320556,4539.53313141829,2587.69278589898,4632.71478534326,4263.73485093086,2552.10847752254,2759.75940107628,4662.97241561858,2579.78837713217,2638.19252833448,2621.04142724663,4219.29460689418,3895.21687325645,4945.02376901411,2656.43305337699,3939.56068887828,4438.41124617297,5299.05009642337,4773.37397358226,2550.05520565339,4287.53771211999,3857.36467049444,4344.39664453486,2598.09276754268,2629.07843055511,4640.1700704554,5033.45372033084,4920.23032652388,4833.69522120799,3914.88277199179,4904.13183000153,4122.02931898219,5039.18595724029,2604.65459467147,4471.24644128396,5053.44647343791,4209.02520827816,4392.13995870164,4372.0340973023,4317.70611418523,3905.67042439455,4815.26695470689,4906.63630791631,4879.30127504022,4990.93409918514,2592.90092823315,5222.15346182606,3987.67051873379,5147.2313548825,4856.75787902691,4125.48929033367,4292.40218345157,4936.76685903765,4738.55480424372,4860.11560109422,5261.15397232257,3825.29322097835,4211.22761826301,5099.28126376985,4393.58667477691,2646.28536887205,2647.52454164637,2704.9040678836,4379.18757814367,4100.71706106468,4555.37019689003,4191.45129902341,4715.65069261409,5015.41385086732,4558.89444525062,4181.11570406092,2396.81808930728,4849.87194838131,4067.27641397055,4565.6745016708,2512.74866535273,4090.00782337664,4284.39187382947,4328.7020042201,2381.42926393609,3943.88352975873,4285.54447525695,4140.04357384174,3848.25297869671,4340.7947873487,4587.05864917528,4146.01322820809,4292.63624023284,4182.94129891615,4679.27493123607,4919.95636130419,2741.28907283672,4663.38383537265,5545.20440383571,4741.13291700556,4589.46925896633,4582.87993651518,2516.39266368644,4711.26827779066,4545.88764999289,2585.70051563296,4347.56265735453,4590.11330688965,4654.53314298935,5461.63799224673,4878.09483399766,4264.86603990051,2612.07313135169,4057.22497537977,2483.72088213552,4594.41752380323,4417.20868015019,4354.97232976049,2915.93129426939,4053.77736634684,4325.3338932038,4255.0643764903,2640.43909471428,4805.40913007775,2265.10922933789,4677.05011875359,4494.92274815077,4238.98740239788,2346.39376776988,4605.98391821181,4204.45362941991,4654.62050232771,2520.75539190306,4859.30540131922,3742.03894642036,4137.02353672971,4129.85536718029,2523.22907307846,2387.57634716134,4443.05967718764,2602.2804998063,4695.93621284757,4292.04666489093,4684.81134811374,4727.39935928981,2452.05746790367,4285.53245710052,4320.15917054206,4062.21558578138,2607.36461300375,4333.96450968768,4352.80008004365,4021.00832363532,4308.5817686674,4642.31860790329,4995.41885022066,4050.24658987459,4252.92719616274,4088.89729311537,4380.91896557278,3919.51256477857,2425.60862787091,4289.30949116246,4361.44156479429,3230.66698276278,5331.1648957832,4192.75023326133,2403.59366224641,4299.54243917123,4122.58152732143,3988.47581556732,4583.86197334692,4197.29725986528,4263.63952199343,2489.03625327392,4521.49175300771,4749.73833515196,4687.24645144276,4264.65762738442,4519.47644764484,4622.08525135005,4767.6843709279,4898.47596229455,4627.97018625505,4964.39135782841,4934.89615633329,2558.65038386554,2866.66791115399,2595.75549032799,4137.43735396613,4418.00397105059,4280.61620132778,4382.78233927488,4741.76035970284,2502.73618225391,4770.81432031483,2429.3398330245,2634.09491069269,4352.49635387217,2529.01585799372,4176.06425689395,2414.4480457565,4601.06013703967,4893.36336227543,3851.26031090235,3918.20071099686,3075.05267744971,4894.12351854949,4380.48897144307,2857.66820803991,4304.88166605183,4002.26918962396,4575.99470832324,4611.7493696323,4682.45411346232,4745.06849105898,4752.31988044428,2314.48821943563,2602.33056658155,4255.51203565027,4212.21930700968,4322.06621143706,4603.53550452917,4541.12566665319,4397.98825527457,4186.54599159505,2257.67289585956,4384.21782620955,4626.27370540249,786.142130594801,4997.50523612413,4769.5790757439,1395.33312151555,4628.86647369929,4683.91598392451,4709.35346970903,4874.68750789093,4204.10797173852,4226.3953856005,4884.24892254892,1716.94516981687,4813.37385485087,4688.12589198316,4665.16925962316,3657.67750597786,4056.25312603099,550.98030299453,3936.54041244315,3580.70710287313,673.637971112852,4981.01420222035,3963.40344369927,2174.64769914089,618.249382146077,4704.88143442096,4786.27794489569,3947.19465144014,1519.96388688472,4880.32512699723,1498.12909356252,904.943960744772,1849.19511706613,3785.74567786042,4683.5624607982,4303.59525573833,4745.68384481805,4746.54839261735,3790.11851777809,4799.07929156525,4935.0435689079,4875.7248214344,4938.9572457795,4560.14427181362,1031.20136451187,1946.33347220429,3808.45849299359,1347.98776816752,4775.49967605561,4679.49323717795,4745.26542931457,4777.5481784993,1519.75432958977,4252.23222512355,1825.82152188551,4172.52785028332,4085.96753599089,4689.18045859831,758.553553841123,4102.67387850695,3811.53907374289,1980.47563799953,3711.79140270144,4666.32913075561,4536.78795003887,4681.22543459939,3824.43849201135,4692.82060071262,4666.64972487178,1403.78772694901,3883.68272815081,1367.73968547248,4739.22265801232,4501.92717099417,1751.47581494291,4771.06732197821,1789.73759735085,1285.93372645105,4801.19152490587,1659.92380704995,3836.80209856844,578.925815933483,4111.08211395555,4996.90127226134,4036.01384893347,2021.57488105522,4826.27698977853,4108.19862931071,3954.65644024961,4859.02752778684,4777.3539618543,4568.01629836884,1430.86470190262,4158.93746411909,5032.38738877788,5196.17359689428,3583.97753587525,1177.65274430569,4845.14136400275,4662.94650160987,1340.78271272395,3707.73791301432,1077.89901333606,3893.57120274164,489.149288929322,4179.91254642933,4790.37472091233,3864.45112928568,4162.86462454891,2047.12890984284,4184.39437416193,4773.13810024644,4698.4368398662,4071.76005893272,1809.17073996054,4634.01601400834,1231.52787455359,472.282282693701,1459.71589519226,3663.04690824465,4730.94609500046,4646.05097817274,1747.93155699711,906.34702282428,1252.73806469543,3971.28251926807,1390.81945988522,4975.50639855526,4781.09865717981,1734.28817631835,4711.0707167988,4967.50992686472,4102.42261423793,4217.99867478596,4553.12837462271,4806.95231197291,4609.72813617629,4022.71979313232,4459.99961559205,4506.00698508151,4613.42349713567,4553.55499802728,3891.78544564796,4921.55377315967,4828.24936627991,4294.54252483824,4026.55696090463,1194.26709750844,1949.92110386956,4859.97920038096,4829.20353855951,3869.24586375901,4341.24410922924,1e+08,3763.91996929519,4652.09844501338
1143.2096822022,1241.84896564071,1712.63413553798,1696.62713573228,7144.66226369547,7306.06537653912,1983.16406971726,1960.24197054783,7195.21356955784,1413.48783781441,1793.90540435805,2074.53171602296,2205.42918853363,1255.08786515795,1405.44696751814,1771.96836856957,2456.55569394686,1998.5676201442,7418.11097240581,1962.28870231119,1761.33206225758,1269.27389650532,2022.56479530335,1391.15839419602,1235.50216221702,7059.0307588687,1247.24070372201,1779.94531218985,7169.99933875991,1277.30283801055,1194.32423609358,7311.9807978221,1431.45774474796,1102.9053432417,2172.36026203793,1878.11094338078,7081.10317347423,2131.83716651725,1104.24768600372,1339.64080755448,1129.69483206398,7402.46880992459,1351.52372363889,1375.82132321748,2113.67640838533,1293.82649364803,1399.10147588397,1702.77366307778,1114.86184632736,7125.55068648109,2148.62820627929,7082.66822089646,7160.73981915176,1169.02483132846,7255.69034404935,1338.4097185008,1338.43058626173,1195.95816557131,1304.51771787271,7297.36171476422,7182.11598764597,6866.8289165095,7220.20028598921,2432.08225861097,7324.42530030278,7400.99719180932,7278.38499718815,1693.58787591555,1273.300693352,1231.22579852856,1110.84838778286,1151.59247535074,1144.83931068506,3201.44856031833,1180.13042302839,1102.47753117739,3519.32855727679,2632.2676272266,1193.55002137384,3247.65007444198,2980.61664412852,3046.07842472115,1105.32035617308,1210.74027438962,7761.24247206897,2917.56696287729,1187.74674944455,1117.85680259009,8165.62890418155,7561.67647448777,3632.08335260126,1102.10643266576,1232.39735194906,1104.42341528775,3147.50099592305,3014.53246969212,1183.35173403545,7863.098343641,7732.57288598901,7632.10318858128,1200.22270920065,7713.93040530394,1121.40662855549,7869.68006166289,3116.4230750164,1125.2482519284,7886.04321929134,1106.37812494132,1109.78322355859,1107.15248249041,1102.77779958574,1205.08646085565,7610.62288915027,1330.95519511485,7685.13321932614,1388.49296767225,3173.61710331957,8078.52507215632,1165.77564422457,7993.28802475013,7658.94281919602,1120.60167309759,1102.12870208408,7751.7002853547,7520.8696047125,1301.15701673268,8122.74915938888,1252.17573843275,1106.13855664847,7938.53476801997,1109.99324934671,2951.92171864024,2947.63423940195,2772.07599024226,1108.02666313924,7290.12936369607,973.927711661601,7265.82602885687,1203.09840495309,1490.20294322119,1078.15062509163,7386.31744309441,2532.10222029354,1299.44286687224,7266.53600500013,1075.4674267218,2672.56864793536,7252.72922555266,762.511762033626,7587.62445081557,2637.47823426562,7164.1317323406,7470.40318306506,760.096084083652,294.711855551393,853.30245136949,1335.3224462768,7309.36898633632,799.124037130328,7348.85882026065,1163.55830688902,1507.91869808466,2856.63442973625,1206.42542328804,1951.67424509019,1216.44732288225,1099.94701726268,1087.77335237102,2444.59971925694,1275.64464560118,1301.40971643443,2500.48187332301,852.256668289875,1109.00732003942,1218.85314475511,1856.73503988192,1374.7272191533,7506.79733527949,2455.89202042192,7243.27600362705,2656.42115500507,1093.78002415579,7675.47595147385,926.864214311465,2054.59669557338,7292.09292807379,796.946383827085,763.986468672866,2305.21659298,1278.04711359613,2637.57794369072,1165.21539259895,938.048787331815,1159.14849984915,2572.15867364047,1219.62546008221,7419.46099380999,1501.78076877877,2570.61976251735,1360.42013923338,509.615222612917,7334.39745294886,7296.12996468466,2636.33031846116,2620.0941428713,951.822304606579,2387.99652164381,1165.85961163827,7453.10748061039,1168.30887863169,1178.73899866817,2612.94274128259,7491.89691667461,740.954073085668,7225.31968775374,3048.92942252636,793.21336672573,7580.95461254129,7229.08846614742,7398.34159767833,1127.61588682302,1471.19224323522,7286.94891494858,1037.48149184866,7286.31075605079,7580.06505420147,6974.05087482523,2725.78893235994,7526.9966938796,863.424407821009,2758.86170220498,1764.45478307205,672.841164160685,2467.71836264763,7523.97199804577,7337.81501609548,7202.09027678548,1089.0539331534,7409.69782677544,7538.58990802042,2599.37012511349,1264.68515795002,1225.81135046499,1174.2974341591,7516.8099464298,955.165660170017,1169.93840169208,1274.92113343946,1393.49755177622,1098.39348812633,1430.98741887475,1387.17816439153,2393.21275546562,2590.47514378836,2524.20557354759,815.70534591809,864.471938386257,824.675662312002,810.851307243518,1232.41658705121,2639.70329089109,1292.14222335879,2425.11389883228,2268.02679685449,978.101937179285,2266.05569163457,7440.13293435723,2559.45297449959,1301.3649904505,1358.48313434169,6985.01659354409,7106.76959821733,3141.52315200236,1380.10902676307,7624.2492735145,2144.83402624615,7501.33922406891,7200.97537309397,1092.91758416563,1138.35978960176,1171.33665638994,1298.62828753959,1238.8407863039,2671.33183610972,2391.11704251561,7197.41085836529,667.049863425206,805.699575499228,1170.20591558326,1045.65753903046,856.103785895775,691.294374026495,2824.06754943224,813.357818388871,1131.21047007846,3396.84025493654,8012.01099581485,7835.7461666896,3266.37421583854,7699.91620907718,1355.26648564146,1267.58015567917,8003.33531504492,906.936208617322,929.562708414636,7968.17640763798,3311.30739757652,7941.39582202311,1236.66309737711,1210.28649119592,149.11910738285,505.607972740259,3633.14050740414,461.282536582283,967.263009154315,3560.30693305971,8027.74753861968,565.423646513166,3249.09905659306,3579.82438334819,1213.11448624813,7864.87991836042,667.740617682964,3307.60333671817,7944.20946051319,3259.19693833977,3344.17180676265,3214.24237988815,87.8373093399536,7790.69944373696,749.571381959672,7803.94178308818,7868.25648954498,624.01715428095,7900.12919248335,8061.18875108116,7973.43337626313,8024.7872873428,1133.2809457023,3308.28942927036,3245.17573214818,598.440596661382,3299.57222794396,7913.0484280529,7785.12232906706,7850.38835314859,7909.31392210692,3330.62102673311,1023.12664620468,3184.98077229685,599.701535110243,838.356575058912,7760.6855225606,3672.70992395047,877.894736575868,581.724960525174,3112.6483074022,973.298470319892,1225.20368624676,1163.53778134363,1474.79398577629,530.999458147276,1229.79633497388,7694.32732348699,3412.6239992339,777.128007851151,2905.49284828646,7829.59395081058,1280.11855805065,3343.80224874272,7869.02611474343,2944.27270533133,3370.94949039723,7901.4249006048,3318.85516146497,375.512756443083,3848.83678066262,872.922372246977,8210.81021378262,849.177003943712,3130.72847621234,1532.55200286896,908.153708040774,463.770578860952,7922.11563543585,7917.54757999117,1153.89937815886,3310.40478765666,833.779743956896,8192.52457480546,8398.72484582928,578.411778370689,3463.36855721993,1551.00204284908,7758.2427188617,3474.580414924,288.641006683495,3454.42185607347,1242.09011693741,3460.12064693974,659.205673622188,7887.57297185484,467.596078804662,960.303806181458,3264.99499665651,944.171804367819,7902.23760208555,7787.91488976001,509.510718586563,3243.60254697282,1176.61949235604,3356.57349222394,3615.82051084704,3431.51854105234,765.233564531873,7857.26405264056,7722.82304366083,3222.01935384174,3384.807670371,3383.78168738854,492.125172690619,3476.92635987504,7996.67907732804,1583.05061393386,3226.57535853667,1278.46084627967,8084.20642008825,815.009172664305,971.23804398017,1111.52895176085,7936.31596719477,1193.52839510498,778.959036966331,1144.68300053346,1122.0088651385,7675.18832424826,1171.57239659793,539.161000110558,1613.61739762172,7952.12031138457,971.846673291202,564.397502160258,3403.53030335041,3172.95752939471,1636.31864360181,7875.84157512737,1127.28590820779,1085.69013288642,3763.91996929519,1e+08,1201.31329841203
1225.41514683921,1160.2273797623,2340.43423068253,2322.18117389721,7871.20524104534,8032.80327832847,2639.89978265392,2615.04310124233,7921.81931414858,1160.51224454504,2432.02161414564,2738.2847479955,2877.62348620108,1156.79177593755,1158.8329552381,1325.69835799398,3141.08691957807,2656.56178071788,8144.97520007376,2617.26567168288,2395.5177241648,1153.95551567986,2682.4561065485,1156.1669345248,1162.17043015428,7785.4636591833,1158.73078096305,2416.4082308207,7896.57397704693,1152.7044800348,1180.47933408264,8038.72554717041,1164.70859003711,1383.58584873915,2842.57777087886,2525.30863147798,7807.56490905675,2799.49458822969,1398.64635414735,1150.28692359349,1245.7595697611,8129.31582244084,1151.08448279565,1153.78071949288,2780.13403198748,1150.86701200963,1157.5978269931,2329.19931067946,1457.54985092665,7852.06951114998,2817.36555577919,7809.13198871965,7887.30293401358,1198.37491593661,7982.3691020992,1150.22498900682,1150.22600579808,1179.52954367159,1150.16886200939,8024.08950441684,7908.70562357943,7592.99638429834,7946.83646730785,3115.58725099977,8051.18438908574,8127.8425778239,8005.09058556407,2318.70663165543,1153.29744221923,1163.59564326658,1291.6584157801,1564.91875299405,1223.32690345377,3906.43609564408,1189.71660418255,1376.19766418093,4229.23154776991,3323.3029690769,1180.93702630601,3953.44721343909,3681.1730446338,3748.05407787314,1407.52572163814,1682.9007149569,8488.45283191833,3616.66071063232,1640.73014728386,1270.54847772666,8893.17994207082,8288.6926346919,4343.41367828264,1360.12773963275,1719.943639723,1323.819807515,3851.49549741496,3715.83626308535,1187.45463730861,8590.40081134964,8459.75649286059,8359.19004868871,1664.03402568459,8441.0964155682,1481.83518048212,8596.98832737259,3819.82082896319,1254.03258421131,8613.36582064061,1415.0050616547,1295.68247984497,1307.26398263054,1340.49258339805,1672.83950976446,8337.68844326608,1149.93569611578,8412.27173314129,1155.71610786791,3878.09895629273,8806.00816174003,1596.50642580491,8720.70185567689,8386.05598911964,1479.06180721332,1356.90586472578,8478.90178210833,8247.84366840867,1150.34873608811,8850.26709638963,1752.0712835068,1413.39354459145,8665.9026059781,1294.86436944357,3651.82460004981,3647.43775527398,3467.38609100344,1303.09829731073,7929.7963254634,593.220623119992,7892.74576668388,763.068398425018,475.3456597651,569.380029362298,8019.01933464249,2957.14657780859,283.893057265209,7891.77574500647,421.132780218808,3186.46675053827,7887.18090089163,876.780699511289,8220.80239768339,3054.96365396844,7800.42580167638,8102.16551429537,1068.23617233299,1143.77325296456,891.599607640281,1287.00566222335,7940.9162713653,912.309102260939,7975.55226612323,247.495512154592,1058.10611411455,3435.2329206648,915.106240657895,1032.68462898069,256.488269555522,255.346283972008,458.559512914553,2799.10028722143,597.572482194103,1260.25935801062,2846.63927283473,894.465707553746,308.353387097001,1140.6517107885,1066.16501557004,1077.54474283239,8131.14145653807,2838.97516580795,7881.90581794668,3096.73979602878,243.909685212724,8309.85168303423,959.690339656382,2317.53323058114,7941.10257786711,802.051553124624,939.745869223108,2671.33902685883,423.622340410373,3136.97961264627,298.220766219233,787.410945019665,1293.92928945582,3013.88768691455,1147.03155447899,8046.50825122306,1453.85235359465,3140.33810940726,830.224406432612,1321.22068978613,7980.21719703097,7932.7186229462,3054.55634355502,3071.32016763856,914.095082014911,2698.72106137065,336.769355322562,8084.10245634743,224.71695862238,369.319435936884,3031.91099589987,8125.9692183063,825.838776216264,7858.55400644381,3657.62213514088,773.527349336949,8203.44193698614,7871.79144909355,8037.91946791445,182.224609562398,390.758577755185,7926.00322667441,1172.81993467181,7921.89289985387,8206.50391919977,7585.02206181048,3189.51100877728,8158.27735129699,764.274728125853,3443.86157869466,801.970979979081,834.560047034429,2889.94249267388,8156.36451540625,7967.18278207448,7865.80494671872,477.816492177217,8044.24270142753,8182.83311195846,2974.90891978998,1237.95448630258,715.310785873619,217.975416090503,8151.1104006958,689.526017526678,883.418342957616,620.515248030336,933.017191751199,420.281194664492,383.982685969165,500.884624048519,2758.30379679615,3159.80520160797,2934.58524855313,1108.33476164207,721.856572710838,942.042381600624,687.972206578827,600.12057687187,3051.16042620072,900.991851184394,2854.00211891812,2607.85928447083,1015.1988425862,2646.11720166688,8086.62708266914,2949.20464837994,1211.14336744704,491.008041985914,7623.57294260798,7758.10575466848,3803.35596840621,379.531088681152,8250.41422577129,2394.22767270726,8127.7909827068,7832.11014948849,295.034565921007,346.145933480703,190.554143122236,830.708669932184,457.536236738536,3148.55764524841,2718.01099666228,7946.21865758726,888.182704891596,769.281076433543,213.410288187689,261.766698962758,731.550403346673,966.710029305519,3317.82148931637,719.638297895678,858.64946084175,4228.62109210588,8855.87479073003,8677.07622647033,3996.88601071132,8521.44675640563,1602.91930675808,491.435583638349,8824.36451687683,880.920555058097,893.687949382633,8799.24564611346,3991.92664117149,8753.75039956547,130.822655043598,496.358058207735,1299.10460678105,954.475131162515,4488.38298110395,1144.73524243506,1724.03994849728,4399.59092662697,8870.32914320876,1146.10109458929,3899.56757530799,4424.97990315594,338.693684270506,8699.30468828275,1205.55512477877,4016.67329432194,8782.96187059647,3985.95458469539,4159.77159938926,3884.6940737283,1188.83161025954,8589.19046046678,730.028824613349,8648.45801378589,8675.08686960193,1379.4168080039,8731.44799050815,8848.42766649476,8787.35584106486,8858.9585204691,304.412107933093,4095.80344060441,3902.55661555108,1366.77865598735,4028.55515535903,8716.78189444725,8599.85010640917,8659.8690654932,8709.05675704714,4041.16889918089,1215.02932188871,3842.56013434401,871.42730584684,851.309402894908,8577.92631901438,4495.1000823619,868.412774922184,1331.98786227896,3792.91174986453,1640.63607791212,106.833206730646,1335.06618786123,1737.99605664656,1152.41323399278,340.668860287486,8542.89335345204,4137.24613021717,1320.89469827673,3662.93167946252,8647.89113152033,1555.28675351048,4021.92890914452,8688.1648212501,3637.99546591099,4110.78959599317,8732.03404633777,4008.63455933005,1226.37193738431,4750.19080439256,851.677221384176,8990.54182582348,844.089251860767,3791.5980745363,1736.41431736109,876.92176767072,1093.34017560232,8762.62319231114,8715.75360323608,288.15883793897,4027.89360056212,609.048091190658,8977.87560116256,9150.40597912496,1499.87983819757,4221.49170840568,1740.93979357071,8540.23628878198,4195.48889112696,1312.51482985035,4223.97794692998,1652.56314523331,4313.90779502043,905.000378274653,8701.84641101888,1230.05391220541,998.80043769257,3926.17525187685,1219.9575454883,8685.37558195953,8618.81589434778,936.038723249389,3925.06336439927,494.5481144207,4111.57763392886,4470.59773929331,4136.88971608629,1548.83449253508,8654.63565441151,8538.4909063784,3906.35814278552,4198.37347527646,4142.50383407513,1091.53626987871,4210.09303448602,8833.51983263602,1813.12207822392,3903.68668971486,659.794529803487,8886.55044509443,668.232648152367,1186.52543256972,228.100328181468,8722.95980904888,210.165528555431,1214.19515586246,1348.91155759997,293.032049119113,8505.14201737681,204.117839321844,1189.86859202011,1775.04094614619,8760.33118797506,1113.65577206657,1044.01623129891,4163.46947441325,3854.21683882343,1830.65764324148,8718.48448500907,1624.39131445885,1310.47872747557,4652.09844501338,1201.31329841203,1e+08
